-100.89225006103516
-112.83840942382812
-105.92434692382812
-109.66126251220703
-111.59363555908203
-110.2248764038086
-103.81078338623047
-96.31065368652344
-110.2491683959961
-101.61518859863281
-109.65827941894531
-108.52893829345703
-110.30089569091797
-107.63311004638672
-104.21868896484375
-100.39955139160156
-101.22722625732422
-112.37500762939453
-106.75883483886719
-101.82949829101562
-106.52513885498047
-106.44400787353516
-105.1859359741211
-107.89295196533203
-108.48814392089844
-114.26241302490234
-101.9206314086914
-108.02937316894531
-99.01043701171875
-102.5647964477539
-108.08988952636719
-115.2309799194336
-109.23021697998047
-111.15338897705078
-110.17466735839844
-102.30078125
-103.01782989501953
-104.84562683105469
-106.9315414428711
-105.13291931152344
-98.65459442138672
-99.56033325195312
-107.31614685058594
-102.80335235595703
-103.4058609008789
-109.9696273803711
-107.92074584960938
-107.04875946044922
-103.87998962402344
-103.72994995117188
-103.70539855957031
-102.0006332397461
-104.16260528564453
-115.61906433105469
-109.94327545166016
-107.08294677734375
-107.40373992919922
-101.54588317871094
-96.10623931884766
-112.97488403320312
-103.8936538696289
-107.1025619506836
-99.5387191772461
-105.08307647705078
-105.31060791015625
-98.9334945678711
-106.76825714111328
-106.06124877929688
-105.42787170410156
-99.78599548339844
-107.34473419189453
-99.91294860839844
-100.62284088134766
-110.67754364013672
-105.19342041015625
-106.58232879638672
-103.03361511230469
-104.2548599243164
-102.64657592773438
-107.21720886230469
-102.77560424804688
-104.95868682861328
-96.11514282226562
-103.97050476074219
-109.35563659667969
-104.3705825805664
-106.90886688232422
-100.76472473144531
-108.15238952636719
-100.98194122314453
-102.4132308959961
-105.32941436767578
-105.83787536621094
-107.92012023925781
-108.1713638305664
-102.56670379638672
-105.8492202758789
-105.14947509765625
-104.56643676757812
-107.25457000732422
-105.22698211669922
-95.11929321289062
-109.05146789550781
-106.58973693847656
-103.6024169921875
-109.03976440429688
-107.58061981201172
-99.40593719482422
-103.20726776123047
-99.9594497680664
-108.24502563476562
-94.43425750732422
-105.0900650024414
-98.75004577636719
-103.23247528076172
-102.71807098388672
-107.3741226196289
-102.51356506347656
-103.32623291015625
-98.32302856445312
-112.07589721679688
-104.26819610595703
-104.42782592773438
-101.76918029785156
-96.8166732788086
-107.0373764038086
-105.27967071533203
-99.25135803222656
-106.39093017578125
-104.82667541503906
-99.57820129394531
-106.89802551269531
-99.86712646484375
-103.01776885986328
-100.48772430419922
-103.2020492553711
-101.99551391601562
-108.59210205078125
-104.73717498779297
-103.08964538574219
-107.87844848632812
-106.54586791992188
-103.62693786621094
-104.46101379394531
-105.64453125
-100.93380737304688
-106.70332336425781
-102.706298828125
-108.72831726074219
-107.49099731445312
-112.0197525024414
-100.58817291259766
-107.1114501953125
-106.93972778320312
-108.70121765136719
-112.11964416503906
-113.8379135131836
-107.7135009765625
-110.22917175292969
-100.7308349609375
-104.6935043334961
-105.37265014648438
-107.46591186523438
-101.60334777832031
-101.99561309814453
-101.7105941772461
-107.53974914550781
-110.48475646972656
-111.48941040039062
-106.0294189453125
-105.12763214111328
-95.42414855957031
-108.72657775878906
-105.45081329345703
-98.93995666503906
-105.065185546875
-103.62919616699219
-103.27332305908203
-107.85359954833984
-100.24173736572266
-105.10157012939453
-111.49821472167969
-103.69470977783203
-105.82642364501953
-100.11458587646484
-106.35597229003906
-101.21082305908203
-108.8288803100586
-106.18878173828125
-106.4080581665039
-108.59564971923828
-101.00946807861328
-101.59414672851562
-107.42259979248047
-104.01927185058594
-104.11994934082031
-105.3426513671875
-108.89021301269531
-100.86199951171875
-104.67723083496094
-103.00423431396484
-103.59658813476562
-106.97884368896484
-97.8526840209961
-105.13422393798828
-108.42436218261719
-110.41090393066406
-100.49445343017578
-97.80221557617188
-107.90970611572266
-102.45858764648438
-104.96309661865234
-102.895263671875
-110.9306640625
-105.92964935302734
-107.08056640625
-104.91184997558594
-101.26453399658203
-106.14623260498047
-102.53350067138672
-102.14933776855469
-110.81246185302734
-103.65478515625
-108.98773956298828
-106.52204895019531
-108.73814392089844
-108.07244873046875
-105.20377349853516
-107.04131317138672
-108.7591323852539
-111.31102752685547
-113.79299926757812
-107.559814453125
-106.09712982177734
-108.01978302001953
-98.99378204345703
-107.07672882080078
-107.33837127685547
-108.39533996582031
-104.06615447998047
-108.64315795898438
-104.19033813476562
-104.08187103271484
-106.78215026855469
-105.07664489746094
-107.4500503540039
-106.37080383300781
-109.5313949584961
-105.22491455078125
-102.09364318847656
-108.28565979003906
-106.6406021118164
-101.3337631225586
-98.32695007324219
-103.05703735351562
-104.3667984008789
-106.49624633789062
-115.17523956298828
-103.41114044189453
-109.3840560913086
-110.66905975341797
-105.22248840332031
-105.82547760009766
-100.02662658691406
-100.04444885253906
-106.79069519042969
-108.4370346069336
-99.50141143798828
-99.24067687988281
-105.71044158935547
-104.06727600097656
-105.69759368896484
-103.19083404541016
-106.73550415039062
-99.82122802734375
-103.26248931884766
-107.01741027832031
-98.73172760009766
-103.0140609741211
-106.8785400390625
-100.09565734863281
-102.49258422851562
-107.68558502197266
-101.98584747314453
-99.06649017333984
-106.7421875
-104.56658935546875
-108.86011505126953
-109.27781677246094
-105.7735824584961
-105.86388397216797
-99.22724151611328
-101.21422576904297
-107.21852111816406
-108.9987564086914
-105.96697235107422
-104.11231994628906
-108.70308685302734
-106.32784271240234
-101.87117767333984
-103.48495483398438
-103.7022933959961
-109.39144134521484
-105.29528045654297
-108.8760986328125
-103.64775848388672
-101.29584503173828
-109.31776428222656
-107.84452056884766
-107.96776580810547
-108.6162109375
-107.06620025634766
-103.1592025756836
-106.72219848632812
-100.12483978271484
-104.14778137207031
-101.28977966308594
-106.99937438964844
-103.44135284423828
-105.67057800292969
-104.76228332519531
-110.96864318847656
-102.35639953613281
-99.55774688720703
-102.66944885253906
-108.16643524169922
-110.27836608886719
-100.97280883789062
-108.69200897216797
-108.01678466796875
-107.30371856689453
-102.9735336303711
-104.02405548095703
-105.98965454101562
-111.79773712158203
-107.7723617553711
-102.76630401611328
-107.41077423095703
-102.62193298339844
-111.23443603515625
-110.09654998779297
-105.81378936767578
-109.53244018554688
-105.21907806396484
-110.89911651611328
-100.29756164550781
-99.93567657470703
-102.12531280517578
-106.27264404296875
-111.52762603759766
-102.72493743896484
-107.40046691894531
-108.78871154785156
-108.61723327636719
-102.78083801269531
-108.75228118896484
-108.09131622314453
-111.01094818115234
-111.98593139648438
-107.12969970703125
-108.62735748291016
-108.32901763916016
-106.16456604003906
-111.79761505126953
-106.826416015625
-105.01822662353516
-106.68619537353516
-104.41181182861328
-108.2577896118164
-107.10175323486328
-106.06365203857422
-105.49689483642578
-99.595947265625
-112.4359130859375
-107.04509735107422
-111.51516723632812
-101.8032455444336
-103.1347427368164
-100.4701156616211
-103.08905029296875
-104.31948852539062
-101.62383270263672
-102.74400329589844
-102.83598327636719
-106.20513153076172
-104.76908111572266
-104.09935760498047
-105.183837890625
-109.41149139404297
-104.83349609375
-101.31455993652344
-103.79802703857422
-105.38728332519531
-104.62384033203125
-103.7159194946289
-103.17671203613281
-98.39888000488281
-110.90617370605469
-101.15922546386719
-102.51493072509766
-107.09247589111328
-103.6263427734375
-105.39922332763672
-102.62895965576172
-101.96056365966797
-114.38695526123047
-98.99565124511719
-104.56700134277344
-105.07798767089844
-105.61817932128906
-114.81243133544922
-108.1485824584961
-107.6460189819336
-102.14682006835938
-101.30711364746094
-97.94056701660156
-112.26105499267578
-102.43843841552734
-102.15674591064453
-108.46410369873047
-108.22164154052734
-99.2493667602539
-105.33895874023438
-111.9398193359375
-99.17044067382812
-101.8028793334961
-106.1341323852539
-101.89427947998047
-100.2718734741211
-109.75345611572266
-101.93584442138672
-110.83016967773438
-101.99396514892578
-101.85816955566406
-100.86197662353516
-107.77487182617188
-104.08789825439453
-105.48527526855469
-106.53916931152344
-101.30152893066406
-104.65387725830078
-102.86463165283203
-110.51110076904297
-95.75596618652344
-105.35049438476562
-102.11603546142578
-106.53002166748047
-102.46888732910156
-101.81517791748047
-108.423095703125
-99.51789093017578
-108.28020477294922
-103.98390197753906
-102.05364990234375
-112.09273529052734
-104.00402069091797
-108.97737884521484
-106.810791015625
-109.19649505615234
-99.90066528320312
-105.19435119628906
-100.56661224365234
-111.91473388671875
-96.13485717773438
-104.7180404663086
-109.21333312988281
-111.91143035888672
-106.98526000976562
-100.05001068115234
-99.62018585205078
-107.43256378173828
-101.60881805419922
-104.64612579345703
-106.63162231445312
-103.62053680419922
-105.04647064208984
-102.58343505859375
-111.30049133300781
-100.33767700195312
-101.55692291259766
-94.54198455810547
-104.80695343017578
-106.12409973144531
-97.7499771118164
-106.63427734375
-100.60308837890625
-102.81494140625
-97.54045104980469
-108.35014343261719
-107.59744262695312
-102.2686538696289
-101.67892456054688
-102.00498962402344
-106.20792388916016
-103.4324951171875
-107.25059509277344
-99.49919891357422
-104.2730484008789
-98.24467468261719
-105.0673828125
-103.6751708984375
-105.94490051269531
-100.8773193359375
-101.0219497680664
-105.96398162841797
-106.37187194824219
-108.61451721191406
-101.92134857177734
-106.18167114257812
-106.76195526123047
-104.26820373535156
-106.57404327392578
-112.00067138671875
-102.96807861328125
-99.8620834350586
-101.55351257324219
-102.6612777709961
-100.21054077148438
-109.90187072753906
-102.2081527709961
-106.00232696533203
-101.99736785888672
-105.47924041748047
-106.37470245361328
-99.69507598876953
-106.3085708618164
-104.49404907226562
-111.18103790283203
-102.52113342285156
-102.32368469238281
-104.05216979980469
-105.7757568359375
-104.9481201171875
-109.80809020996094
-110.79121398925781
-101.58734893798828
-104.43386840820312
-107.2595443725586
-102.17655181884766
-105.44506072998047
-110.05711364746094
-104.19532012939453
-99.42732238769531
-107.34629821777344
-109.9111557006836
-98.82886505126953
-106.0404052734375
-98.97821807861328
-111.4696044921875
-108.18449401855469
-109.69818878173828
-103.47242736816406
-104.1822738647461
-103.79924774169922
-106.1015853881836
-108.21553802490234
-107.38139343261719
-108.71402740478516
-107.98564910888672
-103.91958618164062
-108.19977569580078
-106.2654800415039
-101.19415283203125
-105.40210723876953
-111.17173767089844
-109.8373794555664
-108.63272857666016
-101.68704986572266
-104.46324157714844
-111.8167495727539
-101.77166748046875
-101.1073226928711
-101.38159942626953
-109.42586517333984
-96.47453308105469
-108.42711639404297
-98.18185424804688
-115.58251953125
-110.067138671875
-103.57894897460938
-105.89869689941406
-107.94943237304688
-106.06263732910156
-103.98246002197266
-106.58809661865234
-107.96951293945312
-102.42644500732422
-99.61719512939453
-103.69148254394531
-100.27281951904297
-105.03416442871094
-103.0325927734375
-103.60700988769531
-105.3468017578125
-102.87996673583984
-106.24683380126953
-99.20439910888672
-100.78630828857422
-108.59660339355469
-110.63309478759766
-103.28865051269531
-105.08257293701172
-105.87732696533203
-106.2123031616211
-102.60233306884766
-102.85647583007812
-105.6788101196289
-101.20356750488281
-108.092041015625
-105.52752685546875
-101.4955825805664
-106.85240936279297
-102.94026184082031
-112.2352523803711
-106.9914779663086
-103.602294921875
-101.04505157470703
-105.11487579345703
-101.85649871826172
-101.33342742919922
-105.01619720458984
-100.22496795654297
-100.62767028808594
-102.0112075805664
-101.8067398071289
-106.01580047607422
-110.95516967773438
-103.57355499267578
-103.94499206542969
-109.58238220214844
-105.62242126464844
-104.42093658447266
-109.36006927490234
-103.47734832763672
-100.75045013427734
-105.33131408691406
-108.59708404541016
-105.072265625
-99.29167938232422
-109.8391342163086
-107.14073181152344
-113.46566772460938
-112.03697204589844
-104.20780944824219
-101.00165557861328
-97.47782135009766
-100.65682220458984
-103.1927261352539
-100.44595336914062
-102.28905487060547
-105.63285064697266
-115.81598663330078
-106.72325897216797
-110.27987670898438
-109.05696105957031
-109.76973724365234
-102.49945831298828
-106.8673095703125
-103.06678009033203
-103.92880249023438
-112.18071746826172
-101.12283325195312
-108.53987121582031
-101.96876525878906
-99.6758041381836
-106.49027252197266
-110.08164978027344
-104.30387878417969
-103.19805145263672
-107.61331939697266
-107.8745346069336
-109.2175064086914
-104.15790557861328
-100.36070251464844
-109.32906341552734
-100.69522094726562
-101.96412658691406
-109.12696838378906
-108.8498306274414
-108.62540435791016
-108.50871276855469
-106.21414947509766
-103.4051742553711
-107.34681701660156
-107.18651580810547
-102.81993865966797
-103.04586029052734
-103.8909912109375
-105.9354248046875
-104.70783233642578
-100.12843322753906
-106.1277847290039
-97.02647399902344
-102.00315856933594
-105.97760772705078
-104.83087921142578
-104.48072052001953
-100.1623764038086
-103.29696655273438
-104.57613372802734
-101.56305694580078
-103.25162506103516
-110.9115982055664
-109.4715805053711
-105.11241149902344
-104.71705627441406
-105.52376556396484
-102.16835021972656
-108.51097869873047
-106.47692108154297
-101.26756286621094
-105.63140869140625
-104.78729248046875
-102.42073822021484
-106.74075317382812
-104.02651977539062
-102.73048400878906
-101.82989501953125
-101.76707458496094
-109.6220932006836
-113.55958557128906
-103.67041778564453
-105.27629852294922
-106.76229095458984
-105.5076675415039
-107.9190902709961
-102.13066101074219
-102.39562225341797
-108.321044921875
-97.47771453857422
-104.5745849609375
-109.5516128540039
-102.46065521240234
-103.61540985107422
-106.9920654296875
-106.54943084716797
-99.17777252197266
-105.53065490722656
-103.67425537109375
-97.79869079589844
-101.80339050292969
-105.68815612792969
-101.83941650390625
-100.02751922607422
-108.96710205078125
-107.65245056152344
-102.91802978515625
-102.19104766845703
-104.47355651855469
-109.57555389404297
-105.95381164550781
-102.83399200439453
-100.40768432617188
-104.41299438476562
-102.47639465332031
-102.90853881835938
-107.68870544433594
-107.15339660644531
-101.64453125
-112.23125457763672
-101.00851440429688
-102.8192367553711
-98.38745880126953
-103.3178939819336
-99.05482482910156
-102.52427673339844
-104.50398254394531
-96.87462615966797
-105.68418884277344
-108.09647369384766
-105.27915954589844
-101.3083267211914
-110.79781341552734
-113.46044158935547
-99.28030395507812
-100.46810913085938
-112.04923248291016
-108.95574951171875
-99.08324432373047
-106.82111358642578
-103.4987564086914
-104.08641815185547
-100.50872802734375
-104.7905044555664
-105.1591796875
-105.47750091552734
-100.43779754638672
-102.8007583618164
-106.90567779541016
-99.79521179199219
-94.61432647705078
-102.83973693847656
-103.2437515258789
-103.1114273071289
-100.22039031982422
-108.24517059326172
-110.1850357055664
-103.87776947021484
-102.7330322265625
-105.0418930053711
-105.55528259277344
-107.81610107421875
-103.18643951416016
-111.86457824707031
-100.61262512207031
-103.87362670898438
-103.81732177734375
-110.11310577392578
-103.75019836425781
-105.27605438232422
-103.34668731689453
-103.95213317871094
-111.43819427490234
-101.16027069091797
-103.31055450439453
-104.28557586669922
-103.91346740722656
-107.82632446289062
-105.01325225830078
-109.10028839111328
-105.61449432373047
-106.41630554199219
-106.38665771484375
-104.77444458007812
-108.53669738769531
-104.67300415039062
-108.20380401611328
-102.76163482666016
-99.65931701660156
-101.72618865966797
-110.7065658569336
-112.969970703125
-106.31482696533203
-99.96092987060547
-105.4281005859375
-108.9214096069336
-108.37216186523438
-106.14249420166016
-104.22309112548828
-103.42967224121094
-107.42813110351562
-105.60591125488281
-103.67669677734375
-106.84867095947266
-105.36384582519531
-102.74457550048828
-103.69257354736328
-98.62003326416016
-105.97258758544922
-107.92361450195312
-105.6277084350586
-106.5287094116211
-108.34072875976562
-100.15447998046875
-100.87667846679688
-110.40982818603516
-103.0732421875
-109.21684265136719
-103.23829650878906
-104.76921844482422
-97.28604888916016
-101.91120910644531
-108.2768783569336
-103.6861801147461
-103.65939331054688
-105.67276000976562
-102.90713500976562
-107.84809875488281
-102.11791229248047
-103.19741821289062
-104.55723571777344
-105.3409652709961
-109.4867172241211
-110.00813293457031
-104.45571899414062
-104.1084213256836
-100.12899780273438
-109.18118286132812
-98.79496765136719
-113.2834243774414
-104.88551330566406
-109.76189422607422
-100.7568130493164
-100.60719299316406
-102.81568908691406
-103.09024047851562
-104.54029846191406
-108.8514175415039
-108.75323486328125
-107.79158782958984
-100.98482513427734
-110.1653060913086
-106.6228256225586
-107.56134033203125
-111.59095001220703
-107.8721694946289
-105.65380859375
-110.62395477294922
-104.43775177001953
-108.90704345703125
-101.3796615600586
-104.63505554199219
-105.42826843261719
-107.39990234375
-108.20307159423828
-107.92325592041016
-106.38628387451172
-102.62543487548828
-108.14864349365234
-105.96514129638672
-101.70111083984375
-109.70576477050781
-101.72822570800781
-107.48748779296875
-104.83982849121094
-99.82263946533203
-106.93370056152344
-107.47526550292969
-104.09175109863281
-104.5598373413086
-108.13928985595703
-106.6761474609375
-106.1747055053711
-111.05723571777344
-97.688720703125
-103.57937622070312
-97.2730941772461
-109.18663024902344
-100.66777038574219
-102.15408325195312
-104.19017791748047
-106.13594818115234
-107.96513366699219
-106.24884033203125
-104.12300109863281
-106.35099029541016
-105.15498352050781
-106.7763900756836
