-102.28561401367188
-113.7660140991211
-107.68614196777344
-111.88449096679688
-112.20927429199219
-110.02413177490234
-106.4037094116211
-96.83683776855469
-110.62821197509766
-103.50572967529297
-110.60163879394531
-109.70966339111328
-110.86031341552734
-110.30821990966797
-106.20548248291016
-103.50956726074219
-100.79412841796875
-112.65286254882812
-109.36164855957031
-103.54464721679688
-107.02745819091797
-106.7188491821289
-108.19694519042969
-110.81851196289062
-112.7945556640625
-116.15525817871094
-105.1128921508789
-111.16047668457031
-103.27963256835938
-104.26493072509766
-109.9190902709961
-119.01994323730469
-111.94667053222656
-113.5211410522461
-111.72274780273438
-104.69574737548828
-104.32876586914062
-106.68170166015625
-108.64579772949219
-107.43571472167969
-100.96524810791016
-101.61666107177734
-111.40261840820312
-106.27339172363281
-106.1256103515625
-112.37706756591797
-109.98173522949219
-108.31880187988281
-105.92584991455078
-107.98540496826172
-106.60234832763672
-105.73584747314453
-106.82145690917969
-117.51522827148438
-113.75387573242188
-109.74467468261719
-110.35405731201172
-102.6346435546875
-99.18704223632812
-115.16942596435547
-107.02949523925781
-108.82820129394531
-103.59457397460938
-106.99223327636719
-108.83281707763672
-102.3605728149414
-109.37399291992188
-108.26848602294922
-109.35507202148438
-103.19478607177734
-109.83442687988281
-101.66952514648438
-103.32596588134766
-111.90533447265625
-106.69181060791016
-109.7330093383789
-105.6454849243164
-108.00566864013672
-106.1942138671875
-110.32009887695312
-103.33380889892578
-107.41148376464844
-99.68919372558594
-106.14876556396484
-110.24749755859375
-105.97041320800781
-110.08997344970703
-101.9498519897461
-110.60148620605469
-103.11804962158203
-104.65850830078125
-106.87080383300781
-106.92596435546875
-111.29100799560547
-109.71355438232422
-105.49476623535156
-107.14213562011719
-105.97320556640625
-106.81136322021484
-109.18437194824219
-107.87608337402344
-97.818359375
-112.17628479003906
-110.23912048339844
-107.26272583007812
-113.39440155029297
-111.48200988769531
-103.97964477539062
-105.5536880493164
-102.82794189453125
-110.54931640625
-96.39798736572266
-108.13992309570312
-101.23219299316406
-104.29440307617188
-104.0581283569336
-110.54849243164062
-106.01628112792969
-104.10128021240234
-101.60946655273438
-115.7856216430664
-107.3120346069336
-106.24494934082031
-103.9527587890625
-96.999755859375
-110.26576232910156
-106.78553771972656
-100.03469848632812
-108.58210754394531
-107.80213165283203
-102.61077880859375
-108.93604278564453
-101.80236053466797
-107.00106811523438
-103.72010040283203
-105.3093032836914
-105.25640106201172
-110.67195892333984
-106.87244415283203
-105.26354217529297
-110.21559143066406
-109.28063201904297
-104.01469421386719
-107.40752410888672
-109.33845520019531
-102.85804748535156
-109.19140625
-105.39453887939453
-112.6269760131836
-110.03079986572266
-115.19822692871094
-103.28260040283203
-110.59233856201172
-108.56864166259766
-111.20771789550781
-114.4152603149414
-115.22801971435547
-109.85862731933594
-111.20687103271484
-102.0388412475586
-106.01300811767578
-106.31550598144531
-109.30269622802734
-103.57318115234375
-103.93840789794922
-103.93046569824219
-109.2852554321289
-113.27496337890625
-114.30879974365234
-108.23719024658203
-107.22126770019531
-98.38666534423828
-111.04450988769531
-105.78865814208984
-102.1730728149414
-107.56121826171875
-105.24824523925781
-105.13835144042969
-109.5665054321289
-102.21188354492188
-109.0666275024414
-114.0304946899414
-107.2809829711914
-108.24443817138672
-101.40755462646484
-108.21617889404297
-102.02962493896484
-109.57858276367188
-108.87670135498047
-108.22844696044922
-110.57292938232422
-102.15764617919922
-103.9882583618164
-107.97051239013672
-104.77033996582031
-106.83287048339844
-106.88912200927734
-111.74742889404297
-101.52471160888672
-106.97167205810547
-106.36569213867188
-106.60684204101562
-110.57192993164062
-99.4475326538086
-107.34514617919922
-109.96492767333984
-112.94239044189453
-102.68743133544922
-99.46968841552734
-110.35348510742188
-105.24134826660156
-108.14204406738281
-104.02852630615234
-114.71939849853516
-107.90327453613281
-108.55282592773438
-108.469482421875
-103.31306457519531
-108.58319854736328
-103.71681213378906
-103.18852233886719
-112.6717529296875
-103.74972534179688
-111.58009338378906
-108.3221206665039
-110.57481384277344
-110.53338623046875
-109.84036254882812
-109.4945297241211
-111.94564056396484
-113.21638488769531
-116.94149017333984
-110.71377563476562
-107.77828216552734
-110.4229965209961
-102.97734069824219
-109.93505859375
-109.24269104003906
-111.11634826660156
-105.57064056396484
-110.34636688232422
-107.2867660522461
-106.45694732666016
-108.79999542236328
-107.50901794433594
-109.24514770507812
-108.78360748291016
-112.271484375
-106.8529052734375
-104.42695617675781
-110.34976196289062
-109.37042999267578
-104.29139709472656
-99.83021545410156
-105.72129821777344
-107.02410888671875
-109.57090759277344
-117.32923126220703
-105.37555694580078
-111.75527954101562
-112.7916259765625
-106.44420623779297
-108.69049072265625
-101.97412109375
-102.14157104492188
-108.505126953125
-111.68702697753906
-101.24079895019531
-103.02893829345703
-108.06437683105469
-105.43475341796875
-109.01283264160156
-105.59465789794922
-109.49786376953125
-102.71932220458984
-106.15242004394531
-109.33316040039062
-100.69837188720703
-106.93500518798828
-109.41325378417969
-101.28695678710938
-105.38357543945312
-109.03553009033203
-104.71593475341797
-101.54566192626953
-108.97380065917969
-104.63850402832031
-110.29264068603516
-111.98407745361328
-107.49720001220703
-107.7628402709961
-102.73554992675781
-105.12860107421875
-109.4615249633789
-109.02271270751953
-107.1281967163086
-106.16142272949219
-110.55784606933594
-106.80607604980469
-104.07958984375
-105.54940795898438
-105.98573303222656
-111.56700897216797
-107.08602142333984
-110.53413391113281
-105.51931762695312
-103.50484466552734
-110.84613037109375
-109.4288330078125
-109.0871353149414
-108.11795806884766
-107.4664306640625
-106.1842269897461
-109.49754333496094
-101.20426940917969
-106.56160736083984
-102.47750091552734
-110.5082778930664
-106.71757507324219
-107.52650451660156
-105.97999572753906
-111.69864654541016
-103.0854721069336
-101.79351043701172
-104.49485778808594
-110.78591918945312
-112.90519714355469
-101.94579315185547
-110.40994262695312
-109.63085174560547
-109.09635162353516
-105.2874526977539
-106.42807006835938
-107.10661315917969
-111.6087875366211
-111.13622283935547
-106.73430633544922
-109.39884948730469
-103.92413330078125
-113.54303741455078
-113.80580139160156
-107.8161392211914
-111.51911926269531
-108.99295806884766
-113.1491470336914
-102.65087127685547
-103.49858856201172
-105.34416198730469
-109.1663818359375
-114.1590347290039
-106.47117614746094
-110.76958465576172
-110.98509979248047
-111.3860855102539
-104.30162048339844
-111.2518539428711
-110.34381866455078
-113.61883544921875
-113.50735473632812
-109.82089233398438
-110.37541198730469
-110.51840209960938
-108.00865173339844
-112.7395248413086
-108.11418914794922
-106.50926971435547
-109.09747314453125
-106.0184555053711
-110.26013946533203
-107.95114135742188
-107.05339813232422
-107.20410919189453
-100.76445770263672
-115.16780853271484
-108.77571105957031
-114.16388702392578
-104.06106567382812
-104.87895202636719
-101.4407730102539
-105.41149139404297
-106.36863708496094
-102.7719497680664
-104.14887237548828
-105.22700500488281
-109.10408782958984
-106.40512084960938
-105.73075866699219
-107.66199493408203
-110.3229751586914
-105.38600158691406
-102.90409851074219
-106.00028991699219
-107.244384765625
-106.34867858886719
-106.06880950927734
-105.09971618652344
-99.2523422241211
-113.34738159179688
-103.77763366699219
-104.68768310546875
-107.46499633789062
-105.7378921508789
-105.99539947509766
-104.56097412109375
-102.9343032836914
-114.02932739257812
-101.02362060546875
-107.21949768066406
-105.6734848022461
-107.21831512451172
-117.35706329345703
-109.798095703125
-109.41907501220703
-102.87944030761719
-103.13288116455078
-101.2564926147461
-113.73478698730469
-102.6417236328125
-103.73388671875
-110.16810607910156
-110.62045288085938
-101.30182647705078
-106.46858215332031
-114.04631805419922
-102.23479461669922
-104.30262756347656
-106.44561767578125
-103.65206146240234
-102.25494384765625
-111.93115234375
-104.39270782470703
-112.13323974609375
-102.85474395751953
-106.75172424316406
-103.46621704101562
-111.5519790649414
-106.60530090332031
-106.77099609375
-109.86046600341797
-102.89102172851562
-105.59783935546875
-103.58566284179688
-112.2393798828125
-96.90565490722656
-107.37846374511719
-103.0611343383789
-107.78895568847656
-104.51097869873047
-102.97587585449219
-109.17118072509766
-102.51538848876953
-110.99075317382812
-106.4196548461914
-105.256591796875
-114.25515747070312
-105.6727523803711
-112.41394805908203
-110.72550964355469
-111.8843994140625
-102.1433334350586
-107.99615478515625
-103.0203857421875
-115.55182647705078
-98.35106658935547
-106.2767562866211
-111.8560791015625
-114.08283233642578
-110.62169647216797
-101.83155059814453
-101.17610931396484
-108.75686645507812
-104.40875244140625
-106.1349868774414
-108.48222351074219
-105.62051391601562
-106.08856201171875
-105.96829986572266
-113.96285247802734
-103.45741271972656
-104.26476287841797
-96.4332275390625
-106.20413970947266
-109.30223083496094
-99.87939453125
-109.85185241699219
-103.43441009521484
-105.558837890625
-99.74929809570312
-109.45732116699219
-109.37201690673828
-104.05496978759766
-103.07566833496094
-104.5120849609375
-109.37272644042969
-105.24227905273438
-109.92865753173828
-103.05819702148438
-106.71012115478516
-100.80487823486328
-106.15904235839844
-105.72293090820312
-107.84134674072266
-104.01639556884766
-102.61210632324219
-108.32749938964844
-107.88914489746094
-111.8263931274414
-104.44300079345703
-109.21182250976562
-110.17058563232422
-107.56051635742188
-110.08483123779297
-115.639404296875
-105.18974304199219
-102.2707290649414
-103.34264373779297
-103.46920776367188
-103.48419189453125
-111.4609375
-104.83502197265625
-106.62288665771484
-105.26078033447266
-109.07544708251953
-107.3085708618164
-103.6886215209961
-107.83557891845703
-106.90489196777344
-113.80210876464844
-104.08837890625
-103.56718444824219
-105.11599731445312
-107.77386474609375
-107.37422943115234
-112.49180603027344
-113.94258117675781
-104.43281555175781
-108.74700164794922
-108.55933380126953
-104.95258331298828
-106.81828308105469
-112.37354278564453
-104.40217590332031
-100.32743072509766
-110.92312622070312
-112.42524719238281
-100.98008728027344
-106.7192153930664
-101.2124252319336
-112.1269302368164
-110.2453842163086
-110.47542572021484
-103.91578674316406
-105.00203704833984
-106.40233612060547
-108.47427368164062
-110.13451385498047
-109.29269409179688
-110.98377990722656
-109.477783203125
-105.12870025634766
-109.64928436279297
-109.15919494628906
-102.2313461303711
-106.08252716064453
-113.42507934570312
-112.28750610351562
-109.9800033569336
-101.87202453613281
-106.2657241821289
-112.5987319946289
-102.5277099609375
-103.0440444946289
-103.7535400390625
-111.69696807861328
-98.76029968261719
-109.55033111572266
-99.36768341064453
-117.79688262939453
-110.8602294921875
-106.10567474365234
-108.74800109863281
-110.75935363769531
-108.41434478759766
-104.12981414794922
-106.562744140625
-109.86683654785156
-104.9015121459961
-100.24333953857422
-106.18474578857422
-102.15617370605469
-106.11040496826172
-105.62928771972656
-104.67195892333984
-106.97696685791016
-103.9109878540039
-107.87483215332031
-102.10360717773438
-102.10462188720703
-110.55424499511719
-112.72517395019531
-104.41911315917969
-106.19265747070312
-108.40583038330078
-107.979248046875
-103.49360656738281
-104.86943054199219
-107.09051513671875
-102.38920593261719
-108.92176055908203
-108.13670349121094
-101.62831115722656
-107.10438537597656
-105.24459075927734
-114.71654510498047
-109.58535766601562
-106.71099853515625
-103.52595520019531
-107.732421875
-104.2546615600586
-102.12250518798828
-105.88086700439453
-101.98001861572266
-103.0362319946289
-103.46449279785156
-102.35887908935547
-107.72799682617188
-113.76620483398438
-105.67060852050781
-106.45660400390625
-111.68321228027344
-107.24980926513672
-106.31780242919922
-110.83228302001953
-104.28418731689453
-101.34223175048828
-107.11458587646484
-109.26737976074219
-105.52391815185547
-102.13084411621094
-112.83413696289062
-110.10037994384766
-114.10474395751953
-113.38285064697266
-105.9642562866211
-103.28349304199219
-98.75297546386719
-104.40764617919922
-105.40045928955078
-103.13117980957031
-104.52519226074219
-107.74327087402344
-117.55256652832031
-108.64229583740234
-111.70425415039062
-110.4751205444336
-108.55374145507812
-104.40726470947266
-108.67596435546875
-103.81190490722656
-104.24137878417969
-114.65470123291016
-104.81757354736328
-110.90084075927734
-104.41254425048828
-101.74987030029297
-107.43540954589844
-113.57494354248047
-106.61691284179688
-105.10338592529297
-110.0772705078125
-109.06766510009766
-112.07958221435547
-106.54163360595703
-103.57819366455078
-110.085205078125
-104.24356079101562
-102.9197998046875
-111.76202392578125
-110.46133422851562
-111.91040802001953
-111.74836730957031
-108.19961547851562
-107.54169464111328
-110.29039764404297
-109.30670928955078
-105.67892456054688
-104.95904541015625
-105.13651275634766
-107.43879699707031
-107.38522338867188
-104.2947769165039
-108.23312377929688
-97.54627990722656
-105.86318969726562
-108.16477966308594
-107.95865631103516
-106.36363220214844
-102.4199447631836
-106.04132843017578
-106.67945098876953
-101.99219512939453
-105.50019836425781
-112.48504638671875
-111.8880386352539
-108.17938232421875
-107.12265014648438
-108.36798858642578
-105.12425231933594
-108.4017333984375
-108.19376373291016
-102.63385772705078
-107.45054626464844
-105.44684600830078
-103.74104309082031
-107.61107635498047
-105.77130126953125
-105.56401062011719
-103.79785919189453
-104.09809112548828
-110.6509780883789
-115.96160888671875
-104.57613372802734
-105.919921875
-108.63715362548828
-107.50015258789062
-108.44990539550781
-102.76420593261719
-105.34754943847656
-109.61417388916016
-99.00086975097656
-106.56871795654297
-112.93846893310547
-104.80838012695312
-106.4729232788086
-109.60846710205078
-110.7461929321289
-101.33214569091797
-107.50969696044922
-106.30496215820312
-100.0206298828125
-104.35332489013672
-108.54888916015625
-104.85049438476562
-101.85014343261719
-110.8974609375
-107.82920837402344
-106.1410903930664
-103.57939910888672
-106.37863159179688
-111.70201873779297
-107.57469177246094
-104.763671875
-101.08583068847656
-105.54544830322266
-103.36703491210938
-105.60579681396484
-108.19282531738281
-110.22450256347656
-102.90389251708984
-114.01585388183594
-103.9358901977539
-104.94758605957031
-102.33821105957031
-104.03244018554688
-100.12471771240234
-104.7081298828125
-107.04975891113281
-97.968505859375
-108.93373107910156
-109.85964965820312
-106.72213745117188
-104.0279312133789
-113.26339721679688
-114.6130142211914
-101.57318878173828
-103.1981201171875
-114.69879150390625
-111.92070007324219
-99.8228759765625
-108.50298309326172
-105.03836822509766
-104.96788024902344
-103.02957916259766
-107.01988983154297
-107.11993408203125
-107.23760223388672
-101.76351928710938
-103.29315948486328
-108.82337951660156
-101.96517181396484
-95.49231719970703
-103.90509033203125
-105.22457122802734
-106.84552001953125
-103.08345031738281
-109.3097915649414
-110.619873046875
-106.69200134277344
-103.30958557128906
-107.83594512939453
-107.19184112548828
-107.9726791381836
-106.03760528564453
-113.57646179199219
-102.80103302001953
-104.87297821044922
-106.05866241455078
-110.99956512451172
-104.52120208740234
-106.98564910888672
-105.46714782714844
-104.2016372680664
-112.24068450927734
-102.3895034790039
-103.70520782470703
-105.44152069091797
-103.17817687988281
-108.52303314208984
-105.87483978271484
-110.55347442626953
-107.40621948242188
-108.06829071044922
-108.51599884033203
-104.79156494140625
-110.06976318359375
-107.4517593383789
-108.57034301757812
-104.01872253417969
-102.45976257324219
-103.87787628173828
-111.52606201171875
-114.08403015136719
-106.9815902709961
-100.08594512939453
-106.61376190185547
-110.1156234741211
-110.82591247558594
-108.41907501220703
-106.01902770996094
-104.32797241210938
-108.90985107421875
-108.74087524414062
-106.07291412353516
-107.84204864501953
-106.9881362915039
-102.95415496826172
-103.69699096679688
-99.82292938232422
-106.61270141601562
-111.02477264404297
-107.32865142822266
-107.01448059082031
-108.87081909179688
-101.8254165649414
-103.01173400878906
-110.85093688964844
-104.60585021972656
-110.11335754394531
-105.48746490478516
-108.14523315429688
-99.42333984375
-104.82994079589844
-109.0882339477539
-105.33197021484375
-106.0811538696289
-107.68844604492188
-104.67317199707031
-109.63595581054688
-104.07410430908203
-105.31595611572266
-106.41215515136719
-107.49441528320312
-111.15013885498047
-111.56314086914062
-106.00775146484375
-104.77210235595703
-101.90322875976562
-111.91485595703125
-99.54269409179688
-114.52593994140625
-107.41797637939453
-111.20114135742188
-103.52973175048828
-101.55883026123047
-104.05176544189453
-103.68138122558594
-104.45366668701172
-111.86068725585938
-110.54366302490234
-109.47187805175781
-102.44507598876953
-113.47216033935547
-106.76495361328125
-109.97521209716797
-112.2038345336914
-109.64564514160156
-107.5466537475586
-113.63880157470703
-106.48902130126953
-109.04747009277344
-103.53121948242188
-106.8403549194336
-108.05152130126953
-109.46824645996094
-109.2577896118164
-110.91239929199219
-109.3056869506836
-105.25135803222656
-109.11489868164062
-107.83975982666016
-103.68446350097656
-110.33685302734375
-101.14912414550781
-109.16651916503906
-106.42805480957031
-104.06898498535156
-108.80292510986328
-108.70841979980469
-105.37308502197266
-105.70401763916016
-110.53164672851562
-108.32966613769531
-108.90396118164062
-113.08946990966797
-99.52867889404297
-104.68010711669922
-98.87859344482422
-109.94151306152344
-102.06881713867188
-102.5448989868164
-106.62825012207031
-108.59090423583984
-110.51705169677734
-108.91401672363281
-105.06306457519531
-107.15151977539062
-107.64910888671875
-109.91455078125
