-98.02130889892578
-109.81172180175781
-103.2989501953125
-107.8299789428711
-107.51342010498047
-105.9461441040039
-101.0696792602539
-93.82764434814453
-106.84652709960938
-100.38480377197266
-105.06181335449219
-105.17310333251953
-106.55939483642578
-104.45282745361328
-101.3184585571289
-99.20791625976562
-97.720947265625
-108.81670379638672
-104.29585266113281
-101.11856079101562
-103.8907470703125
-102.80084991455078
-102.692138671875
-107.36192321777344
-106.60504150390625
-112.45216369628906
-99.91343688964844
-105.60738372802734
-97.77469635009766
-100.36305236816406
-105.30390930175781
-112.66844177246094
-107.28166961669922
-109.74834442138672
-108.32494354248047
-99.95787811279297
-100.0446548461914
-102.68621826171875
-103.7894058227539
-104.24435424804688
-95.96207427978516
-98.53234100341797
-103.8987808227539
-100.80941009521484
-100.76910400390625
-107.58340454101562
-105.34535217285156
-105.66119384765625
-101.56777954101562
-103.4448013305664
-103.40575408935547
-101.23689270019531
-102.2635726928711
-111.55245971679688
-107.03878021240234
-105.41703033447266
-107.53976440429688
-99.70294189453125
-94.41148376464844
-110.19461822509766
-103.27119445800781
-106.00117492675781
-99.89134979248047
-102.74589538574219
-102.82675170898438
-97.5108871459961
-106.33794403076172
-103.73428344726562
-103.77320098876953
-99.77867889404297
-104.2186050415039
-98.92340850830078
-100.06817626953125
-108.17855072021484
-104.18670654296875
-104.75502014160156
-100.77456665039062
-104.09832000732422
-101.15524291992188
-107.08425903320312
-101.51264190673828
-101.76559448242188
-94.97276306152344
-102.72277069091797
-107.20162963867188
-102.99365234375
-105.61286163330078
-98.32466888427734
-106.75227355957031
-99.08311462402344
-101.08038330078125
-104.16763305664062
-104.25667572021484
-106.17430877685547
-106.47624969482422
-101.56166076660156
-102.75088500976562
-103.27835083007812
-101.56761932373047
-105.56338500976562
-103.34589385986328
-94.21925354003906
-111.0570068359375
-105.26566314697266
-102.03467559814453
-106.10387420654297
-105.49139404296875
-99.4433364868164
-101.19571685791016
-98.49921417236328
-106.04827117919922
-93.45779418945312
-104.11607360839844
-96.2536849975586
-101.01876831054688
-101.05504608154297
-105.91471862792969
-101.78485870361328
-101.26023864746094
-97.8098373413086
-111.35540008544922
-103.02458190917969
-102.60648345947266
-99.71221160888672
-94.97088623046875
-105.43517303466797
-101.98529052734375
-97.47547149658203
-105.7132797241211
-103.713623046875
-96.78262329101562
-104.33170318603516
-98.78086853027344
-100.5692367553711
-98.8840560913086
-100.42401123046875
-100.07781219482422
-107.02824401855469
-101.95946502685547
-102.5736312866211
-106.7405776977539
-105.62406921386719
-100.2714614868164
-103.23637390136719
-104.83568572998047
-99.60474395751953
-105.00547790527344
-100.67172241210938
-106.69642639160156
-105.77638244628906
-110.59245300292969
-97.9327163696289
-105.20796966552734
-106.03092956542969
-109.06328582763672
-110.28399658203125
-110.66104125976562
-104.16077423095703
-109.33252716064453
-98.56993865966797
-102.468017578125
-102.49874877929688
-105.3302001953125
-99.63360595703125
-99.71417999267578
-98.9999771118164
-104.78650665283203
-108.82234954833984
-109.24740600585938
-104.80487060546875
-103.6953353881836
-93.60006713867188
-105.16034698486328
-102.6579360961914
-98.69807434082031
-104.34834289550781
-102.61825561523438
-101.46372985839844
-106.52860260009766
-99.90448760986328
-103.92925262451172
-109.56552124023438
-101.85166931152344
-104.25873565673828
-98.61190032958984
-106.27371215820312
-99.36798858642578
-106.83406829833984
-105.1821060180664
-105.31512451171875
-108.52720642089844
-99.89098358154297
-99.93709564208984
-104.2821044921875
-102.31470489501953
-102.30279541015625
-100.951416015625
-108.61748504638672
-98.32583618164062
-103.86595916748047
-101.0149917602539
-102.78607177734375
-105.8707275390625
-96.46602630615234
-102.4316177368164
-104.7142333984375
-110.18075561523438
-98.22724914550781
-96.25422668457031
-106.6075668334961
-102.20476531982422
-103.10859680175781
-99.98937225341797
-110.2914047241211
-103.88739776611328
-105.3793716430664
-105.06558990478516
-100.23619079589844
-104.24394989013672
-101.9411849975586
-100.54225158691406
-108.20594787597656
-100.91151428222656
-106.68173217773438
-105.34439086914062
-107.25157165527344
-106.13412475585938
-103.32946014404297
-105.89128112792969
-106.5425796508789
-109.54176330566406
-112.3299560546875
-106.36788940429688
-103.39286041259766
-106.21626281738281
-97.69469451904297
-104.54457092285156
-105.08839416503906
-106.34518432617188
-102.45976257324219
-108.18866729736328
-102.8314437866211
-104.7900390625
-105.08557891845703
-103.24959564208984
-105.21742248535156
-104.94975280761719
-106.55278778076172
-102.80223846435547
-100.68504333496094
-107.48416137695312
-106.93268585205078
-100.24504852294922
-95.12164306640625
-100.32017517089844
-101.5653305053711
-104.63250732421875
-113.36393737792969
-102.19476318359375
-105.6396484375
-108.39051818847656
-103.279296875
-104.03839111328125
-97.91045379638672
-98.458251953125
-104.9149169921875
-105.40049743652344
-96.25707244873047
-97.44404602050781
-103.52999114990234
-100.96820831298828
-103.31710052490234
-100.63870239257812
-104.9944076538086
-98.43408966064453
-101.79447174072266
-106.68291473388672
-96.44413757324219
-101.57000732421875
-105.51417541503906
-98.1403579711914
-101.55001068115234
-105.70277404785156
-98.49417877197266
-97.07066345214844
-103.59432983398438
-101.66681671142578
-104.89913940429688
-106.33296966552734
-103.88394165039062
-103.19239044189453
-97.85562133789062
-101.57299041748047
-104.37445068359375
-106.3153305053711
-104.2759017944336
-102.97789001464844
-107.43045806884766
-103.22135925292969
-99.02188110351562
-102.00972747802734
-101.53376770019531
-106.00963592529297
-102.92548370361328
-106.31028747558594
-102.49777221679688
-100.00878143310547
-107.50239562988281
-104.82733154296875
-107.50238800048828
-105.21439361572266
-103.44170379638672
-100.7974853515625
-106.1257095336914
-98.59331512451172
-103.15885162353516
-100.57299041748047
-105.680419921875
-102.38069152832031
-105.24241638183594
-103.49656677246094
-106.78074645996094
-99.85902404785156
-98.68775939941406
-99.5068130493164
-106.1089096069336
-108.30357360839844
-100.3124771118164
-107.10699462890625
-103.19892120361328
-106.63153839111328
-100.150146484375
-101.77957916259766
-104.05435943603516
-109.51951599121094
-107.44599151611328
-101.0850830078125
-104.81788635253906
-99.26178741455078
-108.93467712402344
-107.81967163085938
-103.60325622558594
-107.01654052734375
-103.90679931640625
-108.68526458740234
-99.59883880615234
-98.45335388183594
-99.16265869140625
-104.57652282714844
-108.99663543701172
-102.19104766845703
-105.19368743896484
-107.0701675415039
-106.1669921875
-100.29610443115234
-106.1325454711914
-105.48319244384766
-106.87613677978516
-109.70858001708984
-104.58837890625
-107.10476684570312
-105.87138366699219
-103.84735107421875
-108.00169372558594
-104.44629669189453
-102.40497589111328
-104.33706665039062
-102.52983856201172
-105.55378723144531
-104.04190826416016
-103.29461669921875
-103.16959381103516
-97.9894027709961
-109.92230987548828
-103.23503875732422
-108.69419860839844
-98.75572967529297
-100.9097900390625
-97.21488952636719
-100.93940734863281
-102.22756958007812
-96.94441223144531
-101.99701690673828
-101.8656997680664
-104.47413635253906
-103.37189483642578
-101.49298858642578
-103.50814056396484
-107.20571899414062
-101.4556884765625
-98.42816162109375
-100.90840911865234
-103.48283386230469
-102.64730072021484
-101.53925323486328
-101.90927124023438
-95.92884826660156
-109.37098693847656
-100.63959503173828
-100.88721466064453
-103.43514251708984
-99.2860336303711
-102.91079711914062
-101.2817611694336
-101.30464172363281
-110.28939056396484
-96.832275390625
-102.63195037841797
-102.76181030273438
-102.92268371582031
-112.2059555053711
-105.7423324584961
-105.55463409423828
-100.33686065673828
-100.13533782958984
-97.32955932617188
-107.89112091064453
-101.02696228027344
-100.35111999511719
-107.1947021484375
-104.35812377929688
-97.76890563964844
-102.325927734375
-109.2481689453125
-98.83779907226562
-100.43281555175781
-102.17427062988281
-98.11200714111328
-98.15853118896484
-107.80778503417969
-99.73186492919922
-110.15794372558594
-99.01653289794922
-100.6116943359375
-98.07246398925781
-106.15889739990234
-102.52243041992188
-103.54119110107422
-103.96791076660156
-97.97933197021484
-103.85700225830078
-100.95171356201172
-107.94264221191406
-94.68788146972656
-103.84777069091797
-99.48434448242188
-103.58736419677734
-101.06291198730469
-99.10011291503906
-106.00436401367188
-99.65187072753906
-107.17710876464844
-104.24630737304688
-99.91155242919922
-109.66452026367188
-101.57298278808594
-107.7717056274414
-106.29003143310547
-109.01553344726562
-98.71878051757812
-103.16592407226562
-99.35330963134766
-110.15505981445312
-94.80743408203125
-102.68124389648438
-107.0706558227539
-109.9439697265625
-106.35247802734375
-98.72134399414062
-96.971435546875
-106.77227020263672
-100.9211654663086
-101.86200714111328
-104.5634994506836
-100.98963165283203
-102.15015411376953
-101.328369140625
-108.93376159667969
-98.68144989013672
-100.21835327148438
-94.787109375
-102.41983795166016
-103.38050842285156
-96.84760284423828
-105.84085083007812
-99.51243591308594
-101.0230941772461
-97.0193099975586
-104.94366455078125
-106.15580749511719
-100.76544952392578
-99.76667785644531
-98.77347564697266
-105.49847412109375
-101.55865478515625
-103.015869140625
-98.03829956054688
-102.34314727783203
-96.3603744506836
-103.08609008789062
-100.87076568603516
-102.64509582519531
-98.52747344970703
-100.45964050292969
-103.76040649414062
-103.0748519897461
-107.37769317626953
-100.59052276611328
-102.45159149169922
-104.67623138427734
-103.0125503540039
-105.14936065673828
-110.08942413330078
-101.31071472167969
-99.73072052001953
-98.35730743408203
-100.70372009277344
-99.49949645996094
-107.42327117919922
-100.2430419921875
-103.57173156738281
-100.79203796386719
-104.10166931152344
-104.44562530517578
-99.40790557861328
-104.36128997802734
-103.30900573730469
-109.6162109375
-101.14474487304688
-99.99674224853516
-100.92721557617188
-102.20531463623047
-102.81340789794922
-107.24931335449219
-108.21240234375
-100.51593780517578
-102.40228271484375
-105.04171752929688
-100.38214874267578
-104.53276824951172
-107.35904693603516
-101.44496154785156
-99.25284576416016
-107.00582122802734
-108.34170532226562
-97.68500518798828
-103.69107055664062
-97.08494567871094
-109.00161743164062
-107.88367462158203
-108.04641723632812
-100.65696716308594
-101.51973724365234
-102.1094970703125
-103.85476684570312
-106.69611358642578
-105.14142608642578
-106.0770492553711
-105.88919830322266
-100.91799926757812
-105.98729705810547
-105.51858520507812
-98.80134582519531
-104.0674057006836
-108.68912506103516
-108.53328704833984
-106.69776916503906
-98.40432739257812
-102.43952178955078
-109.46417236328125
-98.49004364013672
-99.8785629272461
-100.40985870361328
-108.21306610107422
-94.97679901123047
-106.4707260131836
-96.83370208740234
-114.47154998779297
-107.14856719970703
-102.20304107666016
-103.65528106689453
-106.93152618408203
-104.30458068847656
-101.2101058959961
-105.67124938964844
-105.17265319824219
-100.6322021484375
-97.84989929199219
-103.48883056640625
-99.69251251220703
-103.04268646240234
-101.48748779296875
-101.47044372558594
-103.298583984375
-100.68862915039062
-103.70946502685547
-98.87518310546875
-99.28196716308594
-107.54722595214844
-107.23468017578125
-102.75279235839844
-101.97280883789062
-104.7090835571289
-105.0417251586914
-99.19158935546875
-101.56026458740234
-103.12250518798828
-98.81686401367188
-105.08333587646484
-104.51197052001953
-99.16279602050781
-105.36322784423828
-101.45230102539062
-110.40324401855469
-104.75798797607422
-103.2174072265625
-100.24968719482422
-104.82362365722656
-102.30004119873047
-98.33199310302734
-102.45552825927734
-97.50691223144531
-98.90685272216797
-101.20076751708984
-100.12898254394531
-103.38174438476562
-107.95211029052734
-103.02952575683594
-103.25008392333984
-107.42237854003906
-103.5277099609375
-103.11181640625
-106.65748596191406
-101.21347045898438
-98.24601745605469
-104.04004669189453
-106.96001434326172
-103.11432647705078
-97.16703796386719
-107.32048797607422
-104.53010559082031
-110.59687805175781
-108.30633544921875
-102.37464904785156
-98.90534210205078
-95.76265716552734
-99.38385772705078
-101.98625183105469
-98.33551025390625
-100.35433197021484
-103.39505004882812
-115.0337905883789
-105.31103515625
-107.15821838378906
-106.87752532958984
-104.0257339477539
-99.58567810058594
-105.17638397216797
-102.31307983398438
-103.65754699707031
-109.98456573486328
-99.81314086914062
-105.85846710205078
-101.08256530761719
-97.62281036376953
-103.45856475830078
-108.78113555908203
-104.0215072631836
-101.88087463378906
-105.4152603149414
-104.44059753417969
-108.0619888305664
-104.00340270996094
-100.69055938720703
-107.3094711303711
-98.60340881347656
-100.59273529052734
-105.94194793701172
-105.86904907226562
-107.8258056640625
-107.3624038696289
-105.02426147460938
-101.87916564941406
-106.21211242675781
-106.46546173095703
-102.97586059570312
-101.2720947265625
-102.43155670166016
-104.22848510742188
-103.14901733398438
-100.48580169677734
-105.29439544677734
-94.35735321044922
-100.7744140625
-104.98323822021484
-103.2940673828125
-102.3761978149414
-98.2951889038086
-102.07568359375
-102.48904418945312
-99.03240966796875
-102.2868881225586
-109.02407836914062
-106.85668182373047
-105.35791778564453
-103.3232421875
-104.56494140625
-101.36446380615234
-106.733642578125
-104.83495330810547
-99.8661880493164
-103.96122741699219
-103.7083969116211
-100.46339416503906
-104.3006362915039
-102.0853271484375
-101.39923095703125
-99.6192398071289
-100.22516632080078
-107.2958755493164
-109.7557601928711
-100.9945297241211
-102.57234191894531
-105.45153045654297
-104.2552261352539
-104.67034912109375
-98.86104583740234
-101.51041412353516
-105.51509094238281
-96.4283676147461
-103.50675201416016
-107.58500671386719
-101.7602310180664
-102.6941146850586
-103.66014099121094
-105.64482879638672
-98.64905548095703
-105.189453125
-103.16065216064453
-97.33515930175781
-101.14714050292969
-103.28561401367188
-100.86558532714844
-99.91445922851562
-107.4550552368164
-104.90213775634766
-101.65035247802734
-100.49232482910156
-103.46265411376953
-108.15264892578125
-105.39225006103516
-100.91629028320312
-100.06706237792969
-104.01449584960938
-98.63835144042969
-100.7979965209961
-103.87198638916016
-105.80902862548828
-98.41050720214844
-108.45945739746094
-99.75316619873047
-101.21284484863281
-97.60013580322266
-100.05204772949219
-96.316650390625
-100.31320190429688
-103.25928497314453
-94.48897552490234
-105.3130111694336
-107.35585021972656
-103.14459991455078
-100.16191101074219
-109.02567291259766
-111.43931579589844
-98.43402862548828
-99.02191162109375
-111.1363525390625
-106.31079864501953
-97.74101257324219
-104.69029235839844
-100.16096496582031
-103.02870178222656
-99.84102630615234
-102.67182159423828
-103.67560577392578
-103.33443450927734
-98.4438705444336
-101.14555358886719
-105.70487213134766
-98.87483978271484
-91.8550033569336
-101.19631958007812
-102.20494842529297
-102.78424072265625
-99.02411651611328
-104.93401336669922
-107.21671295166016
-102.11184692382812
-101.27391052246094
-104.18608093261719
-104.6031265258789
-104.14845275878906
-101.34336853027344
-109.80094909667969
-99.54033660888672
-101.53240966796875
-100.70269012451172
-107.990478515625
-103.10542297363281
-104.09638977050781
-102.62454986572266
-100.96605682373047
-110.32676696777344
-97.06925201416016
-101.30979919433594
-103.01453399658203
-101.80658721923828
-104.47343444824219
-102.1177978515625
-106.60743713378906
-103.6878890991211
-104.25931549072266
-105.16043853759766
-101.86670684814453
-105.56217956542969
-103.52084350585938
-106.43685150146484
-102.328125
-97.86497497558594
-99.6968765258789
-108.64806365966797
-111.4456787109375
-104.7325439453125
-96.3349609375
-105.41703796386719
-105.68897247314453
-106.06097412109375
-104.36796569824219
-102.49517059326172
-100.82443237304688
-105.505615234375
-104.5418930053711
-102.19538116455078
-103.7604751586914
-103.43216705322266
-99.63298034667969
-100.97650146484375
-96.8131103515625
-103.05553436279297
-104.914306640625
-104.93759155273438
-104.79301452636719
-105.66140747070312
-99.5218505859375
-99.82392120361328
-108.47528839111328
-102.5123519897461
-106.98867797851562
-102.60199737548828
-105.03179931640625
-96.24525451660156
-100.8156509399414
-105.0509033203125
-102.78208923339844
-101.96778106689453
-103.69205474853516
-100.9061508178711
-107.66559600830078
-101.46372985839844
-101.67626953125
-104.01997375488281
-103.25289154052734
-108.16390228271484
-108.5366439819336
-102.30998992919922
-103.65108489990234
-97.89271545410156
-107.35124969482422
-96.14707946777344
-110.64704132080078
-103.1192626953125
-107.28277587890625
-100.4941177368164
-98.59784698486328
-100.39127349853516
-102.12674713134766
-100.48766326904297
-106.10916137695312
-108.14814758300781
-106.17713165283203
-100.45182800292969
-109.12713623046875
-104.14723205566406
-106.87798309326172
-108.26056671142578
-107.06017303466797
-103.9103012084961
-108.6784439086914
-102.81714630126953
-106.0890884399414
-99.8459701538086
-103.71926879882812
-103.9725570678711
-104.95530700683594
-105.4255142211914
-105.40754699707031
-105.08300018310547
-100.36209869384766
-105.19041442871094
-102.74944305419922
-99.30662536621094
-108.02423095703125
-97.98796844482422
-105.49729919433594
-103.42105865478516
-99.53304290771484
-104.53132629394531
-106.83000183105469
-101.36631774902344
-102.23593139648438
-105.59175109863281
-103.99628448486328
-105.63385772705078
-107.53279876708984
-96.93994140625
-101.6484375
-95.4825439453125
-106.41465759277344
-97.38182830810547
-101.15426635742188
-103.81124114990234
-104.95558166503906
-107.32331085205078
-106.27241516113281
-102.59357452392578
-105.32890319824219
-104.51408386230469
-107.47494506835938
