-99.90440368652344
-112.04595947265625
-105.50330352783203
-109.7139663696289
-109.13246154785156
-107.72298431396484
-104.58952331542969
-95.10946655273438
-109.45425415039062
-100.37890625
-106.7863998413086
-106.33850860595703
-108.04576873779297
-107.1795654296875
-102.43206787109375
-100.97488403320312
-99.33349609375
-110.25518798828125
-105.53883361816406
-101.16783142089844
-104.53929138183594
-104.18377685546875
-104.85851287841797
-107.62994384765625
-107.7219009399414
-113.22123718261719
-100.50199890136719
-106.54620361328125
-99.12397766113281
-100.84297180175781
-105.81503295898438
-113.78215026855469
-108.27886962890625
-110.47724151611328
-108.64360809326172
-101.46614074707031
-100.47901916503906
-104.61233520507812
-105.93476104736328
-104.23664093017578
-96.909912109375
-100.1112060546875
-105.7288589477539
-102.93168640136719
-101.02278900146484
-108.68421936035156
-106.68317413330078
-106.86100769042969
-102.5426254272461
-102.17133331298828
-103.01143646240234
-100.72559356689453
-103.92874145507812
-113.2486343383789
-109.46395111083984
-105.3839111328125
-107.10860443115234
-100.15998840332031
-95.34664154052734
-111.60398864746094
-104.12670135498047
-105.52955627441406
-100.01083374023438
-102.61274719238281
-103.07506561279297
-99.47330474853516
-105.69910430908203
-104.05809783935547
-105.80364990234375
-98.95712280273438
-104.05744171142578
-98.14740753173828
-99.70173645019531
-109.88877868652344
-103.500732421875
-106.04029846191406
-100.80022430419922
-105.15967559814453
-102.24819946289062
-105.4388656616211
-102.68072509765625
-102.11283874511719
-96.0972900390625
-102.79077911376953
-107.22213745117188
-102.40876770019531
-107.20072937011719
-99.1526107788086
-107.02569580078125
-99.91969299316406
-101.14959716796875
-103.44381713867188
-104.08655548095703
-108.61542510986328
-107.22083282470703
-101.61351013183594
-103.24784088134766
-103.59282684326172
-102.6888198852539
-106.66039276123047
-103.40624237060547
-94.6208724975586
-108.13750457763672
-104.78330993652344
-103.17552185058594
-108.53142547607422
-105.9093017578125
-99.14665985107422
-102.38040161132812
-98.94979858398438
-107.6794662475586
-93.34117889404297
-105.189697265625
-98.03082275390625
-103.85095977783203
-101.63118743896484
-105.87196350097656
-102.24579620361328
-101.10083770751953
-97.16080474853516
-111.95349884033203
-103.49927520751953
-103.46232604980469
-99.860595703125
-95.35147857666016
-107.56370544433594
-103.98956298828125
-96.77913665771484
-105.48355865478516
-103.62480926513672
-98.39576721191406
-106.82088470458984
-98.46115112304688
-102.7282943725586
-99.5260009765625
-101.64456176757812
-101.72953796386719
-107.73677825927734
-103.019775390625
-102.33853149414062
-107.00922393798828
-104.64542388916016
-101.6143569946289
-104.17849731445312
-105.14710998535156
-99.50596618652344
-104.95376586914062
-101.32058715820312
-107.9617919921875
-106.30376434326172
-111.26741027832031
-98.69654846191406
-106.2245864868164
-105.8738784790039
-108.33619689941406
-108.54940032958984
-111.47606658935547
-106.0579833984375
-108.9839096069336
-100.07678985595703
-103.13780212402344
-102.8111801147461
-105.01295471191406
-101.54693603515625
-99.83382415771484
-99.76659393310547
-104.51362609863281
-110.63642883300781
-109.77386474609375
-105.91744995117188
-104.47481536865234
-95.22494506835938
-105.94949340820312
-103.79750061035156
-99.32255554199219
-105.15943908691406
-103.14850616455078
-102.61643981933594
-106.48434448242188
-99.99891662597656
-104.8268814086914
-109.7590560913086
-104.14376831054688
-104.6002426147461
-99.02449035644531
-104.57225036621094
-100.00006866455078
-105.9530258178711
-105.21674346923828
-105.99999237060547
-109.25889587402344
-99.93920135498047
-101.17668914794922
-105.3587875366211
-101.10420227050781
-102.85538482666016
-103.62940979003906
-109.41506958007812
-99.65447235107422
-104.08479309082031
-102.29755401611328
-103.69669342041016
-107.43433380126953
-96.67428588867188
-103.88595581054688
-106.6653060913086
-110.61471557617188
-100.38350677490234
-96.33059692382812
-108.69772338867188
-101.0652847290039
-104.55708312988281
-99.8440933227539
-112.62803649902344
-105.43858337402344
-105.29427337646484
-105.1642837524414
-102.33195495605469
-105.58879852294922
-101.63528442382812
-100.04875183105469
-110.02418518066406
-101.889892578125
-107.76209259033203
-104.95606231689453
-107.25275421142578
-107.22270965576172
-104.08976745605469
-108.30035400390625
-108.18761444091797
-109.27117156982422
-112.07799530029297
-106.39128875732422
-104.93412780761719
-106.95869445800781
-98.40571594238281
-105.4940414428711
-106.61347961425781
-107.65245819091797
-102.08204650878906
-107.6708755493164
-104.21138000488281
-104.11839294433594
-106.28904724121094
-103.65730285644531
-106.30059051513672
-104.36653900146484
-107.63043975830078
-104.60989379882812
-102.192138671875
-107.67668151855469
-105.87759399414062
-100.26785278320312
-97.74564361572266
-101.30665588378906
-103.28244018554688
-106.0780029296875
-113.04582977294922
-101.68235778808594
-108.00594329833984
-109.03582763671875
-103.30601501464844
-104.74458312988281
-97.71939086914062
-99.09467315673828
-106.35757446289062
-107.8519058227539
-98.43610382080078
-98.4173583984375
-105.82917022705078
-101.56768798828125
-104.84234619140625
-104.50431823730469
-106.92462158203125
-100.25469970703125
-103.76689147949219
-107.67706298828125
-97.85162353515625
-103.83132934570312
-107.444580078125
-100.32484436035156
-102.75951385498047
-106.68505096435547
-101.22083282470703
-98.74195861816406
-105.64739990234375
-102.93211364746094
-106.9715576171875
-107.98139953613281
-104.76419067382812
-104.9552993774414
-99.12963104248047
-101.46331024169922
-106.17101287841797
-106.61874389648438
-103.08963012695312
-104.30219268798828
-106.8948745727539
-104.84721374511719
-99.47745513916016
-103.37788391113281
-102.91656494140625
-107.71345520019531
-104.60348510742188
-106.75689697265625
-102.07943725585938
-99.40393829345703
-108.64230346679688
-105.86676025390625
-108.56598663330078
-106.0362319946289
-105.02535247802734
-102.85903930664062
-107.60979461669922
-100.76128387451172
-103.35887908935547
-101.14794158935547
-107.01678466796875
-103.41362762451172
-105.13651275634766
-106.26541137695312
-108.7083740234375
-101.30116271972656
-99.2042236328125
-99.57776641845703
-107.07835388183594
-110.12527465820312
-100.87578582763672
-107.98855590820312
-105.03468322753906
-107.23822021484375
-101.61073303222656
-104.40455627441406
-104.43309783935547
-109.69221496582031
-107.89507293701172
-102.68023681640625
-107.49754333496094
-101.92381286621094
-108.93904876708984
-109.87235260009766
-103.51476287841797
-108.38687133789062
-103.8799819946289
-110.16047668457031
-100.4568099975586
-99.56065368652344
-101.17214965820312
-104.55714416503906
-110.33061981201172
-101.74613952636719
-106.50851440429688
-106.16028594970703
-106.3956527709961
-101.07801055908203
-105.50270080566406
-106.87193298339844
-109.75540161132812
-109.80014038085938
-107.1089859008789
-106.89656829833984
-107.45511627197266
-105.76637268066406
-108.67356872558594
-105.60984802246094
-103.47516632080078
-106.93042755126953
-103.0279541015625
-107.36019134521484
-104.19719696044922
-103.11763000488281
-105.66207885742188
-98.47481536865234
-109.53369903564453
-104.70543670654297
-109.0066909790039
-98.8764419555664
-102.21528625488281
-98.29771423339844
-102.34367370605469
-103.3118667602539
-99.40657806396484
-102.66378784179688
-99.91677856445312
-105.95702362060547
-105.17255401611328
-102.34622955322266
-104.30517578125
-108.6502914428711
-101.93682861328125
-101.06796264648438
-102.25016021728516
-103.05815124511719
-102.59233856201172
-103.42539978027344
-102.52557373046875
-97.47632598876953
-109.66600799560547
-99.60810089111328
-100.82601165771484
-104.5387191772461
-101.5601577758789
-102.50698852539062
-100.60070037841797
-101.8302001953125
-111.52078247070312
-97.08515930175781
-103.31189727783203
-102.14604187011719
-105.41679382324219
-113.02056121826172
-105.81330871582031
-105.04236602783203
-100.39131164550781
-101.39035034179688
-96.99781036376953
-113.79749298095703
-99.92577362060547
-100.79243469238281
-108.82218933105469
-106.27427673339844
-98.34185791015625
-103.19448852539062
-110.44332885742188
-99.18417358398438
-101.87452697753906
-104.30211639404297
-100.2077407836914
-99.45022583007812
-107.69453430175781
-101.89138793945312
-108.59550476074219
-99.9141616821289
-103.49887084960938
-98.94560241699219
-107.51435089111328
-103.85271453857422
-106.3738784790039
-104.4187240600586
-100.18186950683594
-103.51062774658203
-101.67821502685547
-108.93396759033203
-95.06297302246094
-105.14789581298828
-100.02617645263672
-104.50032043457031
-100.82948303222656
-100.22321319580078
-106.86555480957031
-100.62625885009766
-108.01678466796875
-103.52325439453125
-101.56420135498047
-110.72065734863281
-104.19971466064453
-109.24236297607422
-106.5015869140625
-108.5459213256836
-99.12440490722656
-106.47505950927734
-99.7016830444336
-111.5859603881836
-96.59132385253906
-104.43617248535156
-108.77983856201172
-109.7978286743164
-106.95115661621094
-99.24394989013672
-98.7489242553711
-106.083251953125
-102.76585388183594
-104.33614349365234
-103.92684173583984
-102.6290512084961
-102.39451599121094
-101.29142761230469
-111.44454193115234
-99.40251159667969
-101.87014770507812
-93.48957824707031
-103.33624267578125
-104.91976928710938
-97.54081726074219
-107.47441101074219
-100.65022277832031
-103.51294708251953
-97.22345733642578
-107.84870147705078
-108.41120910644531
-101.5917739868164
-100.02291870117188
-100.72392272949219
-106.34237670898438
-101.52788543701172
-105.37696838378906
-98.7010498046875
-103.25874328613281
-98.37136840820312
-103.40802001953125
-102.2431640625
-104.79150390625
-100.03019714355469
-100.55835723876953
-104.55561828613281
-103.97051239013672
-108.3602294921875
-101.58844757080078
-105.07972717285156
-106.41205596923828
-103.29022979736328
-105.86671447753906
-111.6611099243164
-102.21400451660156
-101.14911651611328
-100.18391418457031
-101.84762573242188
-99.54692840576172
-109.77033233642578
-101.92239379882812
-103.36833953857422
-100.8026123046875
-104.6562271118164
-106.23184204101562
-101.1197280883789
-105.56786346435547
-102.61101531982422
-110.72423553466797
-101.1198501586914
-101.68829345703125
-102.15380096435547
-102.94336700439453
-103.80352783203125
-109.38585662841797
-109.1542739868164
-99.64175415039062
-103.04412078857422
-105.5212631225586
-101.1877670288086
-103.95550537109375
-109.20056915283203
-103.41680908203125
-98.24478149414062
-106.2862548828125
-109.41590881347656
-98.68133544921875
-104.49269104003906
-97.48519897460938
-109.16500091552734
-107.24734497070312
-107.98308563232422
-101.18819427490234
-103.44988250732422
-102.33979034423828
-105.03775024414062
-107.50308990478516
-105.06820678710938
-108.66386413574219
-106.63495635986328
-103.18622589111328
-106.72486114501953
-105.2264175415039
-100.09392547607422
-104.72682189941406
-110.33390045166016
-108.89960479736328
-106.52094268798828
-100.75712585449219
-104.19300842285156
-110.05036163330078
-101.18224334716797
-100.94956970214844
-101.29877471923828
-109.84847259521484
-96.22147369384766
-107.53079986572266
-97.90594482421875
-116.3337173461914
-108.8383560180664
-102.93826293945312
-105.11006927490234
-108.2184066772461
-104.85272216796875
-102.34099578857422
-105.76990509033203
-106.93733215332031
-103.34883117675781
-97.38768768310547
-104.17837524414062
-99.14360046386719
-104.02638244628906
-102.7282485961914
-103.28485870361328
-103.59061431884766
-102.09371185302734
-104.86750793457031
-100.21468353271484
-99.98847961425781
-108.33099365234375
-107.6495361328125
-103.25794219970703
-103.57974243164062
-106.44415283203125
-104.75970458984375
-100.96983337402344
-101.35041046142578
-104.8574447631836
-100.57775115966797
-107.77069854736328
-104.54369354248047
-101.066162109375
-106.65277862548828
-101.63960266113281
-111.5331039428711
-106.54430389404297
-102.68473815917969
-100.85835266113281
-104.95436096191406
-101.86689758300781
-100.935546875
-103.28530883789062
-99.41240692138672
-100.01710510253906
-100.71369934082031
-100.99162292480469
-103.94344329833984
-108.59671020507812
-102.89128875732422
-102.89937591552734
-108.36294555664062
-104.93673706054688
-104.82460021972656
-108.1148452758789
-102.843994140625
-99.79724884033203
-104.17501831054688
-107.07563781738281
-102.81442260742188
-97.79366302490234
-108.24651336669922
-107.02305603027344
-110.74442291259766
-110.52902221679688
-103.18499755859375
-99.24703979492188
-95.71061706542969
-100.55905151367188
-102.8351821899414
-99.38838958740234
-102.04318237304688
-103.87969970703125
-113.84237670898438
-106.35106658935547
-109.99842834472656
-109.15644073486328
-104.56846618652344
-101.26122283935547
-106.68785858154297
-101.71757507324219
-102.42111206054688
-112.14635467529297
-100.55042266845703
-106.19283294677734
-101.5455551147461
-98.45685577392578
-103.66496276855469
-110.0685043334961
-102.85250091552734
-101.8782730102539
-107.74712371826172
-106.4883804321289
-108.67240905761719
-104.3928451538086
-99.9338607788086
-108.17921447753906
-101.16797637939453
-101.69392395019531
-109.4618911743164
-108.23812103271484
-107.942626953125
-108.0350112915039
-104.8017807006836
-101.89334106445312
-107.57830810546875
-106.90406799316406
-104.0904769897461
-102.66615295410156
-102.4717788696289
-104.65907287597656
-104.98219299316406
-100.46995544433594
-104.74769592285156
-95.64186096191406
-101.89116668701172
-106.06514739990234
-104.42276763916016
-103.31594848632812
-98.84144592285156
-102.4410400390625
-102.73054504394531
-100.5215072631836
-102.63803100585938
-109.4681625366211
-108.57434844970703
-105.58431243896484
-103.626953125
-106.55593872070312
-103.24101257324219
-106.74735260009766
-105.82148742675781
-101.54370880126953
-103.8557357788086
-103.2807388305664
-100.88286590576172
-103.92313385009766
-103.18267059326172
-102.87287139892578
-100.50653076171875
-101.77731323242188
-107.4491958618164
-111.1732406616211
-102.69217681884766
-103.4825668334961
-106.23859405517578
-104.17701721191406
-105.8271484375
-99.5062255859375
-102.84185791015625
-106.42340087890625
-97.17098999023438
-103.2416000366211
-107.67559814453125
-102.1466064453125
-104.53751373291016
-104.43867492675781
-107.09761047363281
-99.3089828491211
-105.51264953613281
-103.63067626953125
-96.85350799560547
-101.04698181152344
-105.28960418701172
-102.26409912109375
-100.71500396728516
-108.3255386352539
-104.76322174072266
-102.4122085571289
-102.12097930908203
-104.0652847290039
-109.1399917602539
-104.33745574951172
-102.49906921386719
-99.96719360351562
-103.3260498046875
-100.32459259033203
-101.96869659423828
-103.51548767089844
-105.94364929199219
-101.1869888305664
-109.66566467285156
-100.25296783447266
-101.238525390625
-97.06745910644531
-102.15644073486328
-98.31621551513672
-100.4151382446289
-103.25750732421875
-94.5090560913086
-106.10710144042969
-107.49797058105469
-103.0223159790039
-100.95777893066406
-109.73652648925781
-111.7461166381836
-98.60697174072266
-99.04100036621094
-110.10508728027344
-107.7149429321289
-97.01445007324219
-105.85604095458984
-102.77836608886719
-103.64402770996094
-99.58226013183594
-103.30911254882812
-104.58702850341797
-104.09883880615234
-99.09300231933594
-102.47764587402344
-105.49453735351562
-97.4890365600586
-93.60733795166016
-100.65718078613281
-102.93219757080078
-102.31966400146484
-99.22048950195312
-105.27906036376953
-107.51199340820312
-102.77689361572266
-101.55120849609375
-104.09012603759766
-104.65933990478516
-105.92718505859375
-102.9082260131836
-110.64407348632812
-100.22386932373047
-102.40573120117188
-102.18826293945312
-107.87873840332031
-101.94386291503906
-103.97016143798828
-103.6655044555664
-101.13886260986328
-109.7579116821289
-98.72427368164062
-101.158203125
-102.00789642333984
-102.57722473144531
-105.4724349975586
-104.338134765625
-108.44328308105469
-103.69603729248047
-105.19023895263672
-105.70085906982422
-104.01415252685547
-106.38334655761719
-103.88861846923828
-106.6223373413086
-102.79306030273438
-98.45623016357422
-101.4561767578125
-108.94180297851562
-111.31922149658203
-104.90343475341797
-98.29618835449219
-103.52144622802734
-107.08511352539062
-105.4716567993164
-104.31320190429688
-102.09011840820312
-101.24762725830078
-105.52879333496094
-104.334228515625
-103.610595703125
-104.53398895263672
-103.06195831298828
-100.81246185302734
-101.52998352050781
-96.36653137207031
-104.06787109375
-106.97429656982422
-105.21407318115234
-104.45245361328125
-106.4698715209961
-100.13977813720703
-100.90143585205078
-109.22773742675781
-101.34988403320312
-107.79220581054688
-102.88211822509766
-104.95661163330078
-95.83067321777344
-100.98674774169922
-106.40928649902344
-103.41728210449219
-101.82794952392578
-104.3489761352539
-101.28134155273438
-107.02991485595703
-100.89300537109375
-101.85752868652344
-104.38717651367188
-104.53038787841797
-108.34793853759766
-108.29631805419922
-103.47506713867188
-102.8582534790039
-99.49674224853516
-109.23751068115234
-98.37371063232422
-111.21345520019531
-104.53829193115234
-107.4500961303711
-101.10905456542969
-99.078857421875
-101.01560974121094
-102.18971252441406
-102.25740051269531
-106.71210479736328
-108.29393768310547
-106.00448608398438
-99.71826171875
-109.0486831665039
-104.3795166015625
-108.29501342773438
-109.86141204833984
-108.02112579345703
-104.17359924316406
-109.41057586669922
-104.02569580078125
-107.47850799560547
-99.86614227294922
-103.59400939941406
-104.72714233398438
-105.6824722290039
-107.1406021118164
-106.36161804199219
-106.4068603515625
-102.07482147216797
-107.8363037109375
-104.21847534179688
-100.75929260253906
-107.4706802368164
-98.82069396972656
-107.92169952392578
-103.61372375488281
-99.36332702636719
-105.45851135253906
-107.16525268554688
-102.23870086669922
-103.99358367919922
-106.31238555908203
-106.61698150634766
-107.07257080078125
-110.06033325195312
-98.17839050292969
-103.28118896484375
-97.18620300292969
-107.71588134765625
-100.62409210205078
-103.27342224121094
-102.39674377441406
-106.34244537353516
-106.19974517822266
-106.75872802734375
-102.97715759277344
-104.78282165527344
-105.8638687133789
-105.4342041015625
