-98.0667953491211
-110.58927154541016
-103.43653106689453
-108.23687744140625
-108.2192153930664
-107.83331298828125
-101.611328125
-94.1541748046875
-107.15135192871094
-100.27070617675781
-105.63947296142578
-105.90302276611328
-106.80406188964844
-104.28050231933594
-102.7856674194336
-99.2764892578125
-98.13236236572266
-109.89741516113281
-105.32914733886719
-100.66255187988281
-103.65618133544922
-103.35224914550781
-104.15885925292969
-105.42018127441406
-106.02777099609375
-111.73928833007812
-99.2361831665039
-106.55121612548828
-98.75697326660156
-101.1928482055664
-104.8048095703125
-111.87771606445312
-107.7710189819336
-109.87509155273438
-107.17117309570312
-99.61572265625
-100.23928833007812
-102.3648452758789
-104.15642547607422
-102.83866119384766
-96.17259216308594
-99.2022476196289
-105.75753784179688
-101.80104064941406
-101.92861938476562
-108.02299499511719
-107.34977722167969
-106.11538696289062
-101.65263366699219
-102.87366485595703
-103.3014907836914
-100.87554931640625
-102.3925552368164
-112.00236511230469
-108.12531280517578
-106.60540771484375
-105.8914794921875
-99.17897033691406
-93.88507080078125
-111.63497161865234
-102.1587905883789
-104.71761322021484
-99.26445770263672
-103.01481628417969
-102.88780212402344
-98.28804779052734
-106.39218139648438
-104.3261947631836
-104.0936508178711
-98.38721466064453
-104.34517669677734
-98.17249298095703
-99.62104034423828
-107.8390884399414
-104.1207504272461
-103.90701293945312
-100.4325180053711
-103.24689483642578
-101.32564544677734
-105.25151824951172
-101.0531997680664
-103.14864349365234
-95.23784637451172
-101.20833587646484
-106.9830322265625
-103.31838989257812
-105.1592025756836
-98.4815673828125
-106.89965057373047
-100.29437255859375
-99.39238739013672
-103.60725402832031
-102.86551666259766
-106.9754409790039
-106.5358657836914
-101.6445541381836
-104.00809478759766
-101.5606689453125
-101.2590103149414
-105.01763153076172
-103.5942153930664
-94.51176452636719
-107.1789321899414
-105.60828399658203
-102.64196014404297
-107.14702606201172
-105.48673248291016
-98.19383239746094
-101.10455322265625
-98.25060272216797
-106.43629455566406
-92.62705993652344
-104.21350860595703
-97.89625549316406
-100.36017608642578
-100.47360229492188
-106.9459457397461
-99.55384063720703
-100.30766296386719
-97.85660552978516
-112.56397247314453
-102.31864929199219
-102.4800033569336
-98.73831176757812
-93.94436645507812
-105.4813003540039
-102.68377685546875
-97.15098571777344
-104.29118347167969
-102.9051284790039
-98.00374603271484
-104.37854766845703
-99.22265625
-102.39863586425781
-99.10601043701172
-100.98495483398438
-100.21463012695312
-106.47189331054688
-103.06101989746094
-101.30953979492188
-107.04949951171875
-103.31214904785156
-101.05742645263672
-103.19734954833984
-104.48800659179688
-99.3642349243164
-104.90229034423828
-101.03347778320312
-107.37754821777344
-106.11433410644531
-109.8006820678711
-97.03722381591797
-107.2208251953125
-105.82585144042969
-106.49568939208984
-110.37105560302734
-110.46723937988281
-104.8946304321289
-107.06527709960938
-99.03733825683594
-101.49874114990234
-102.17700958251953
-105.02324676513672
-100.18529510498047
-100.5067138671875
-99.9110336303711
-104.72858428955078
-108.82506561279297
-109.88262939453125
-104.74803161621094
-103.20256042480469
-94.86087036132812
-105.17493438720703
-102.03699493408203
-98.42810821533203
-105.17281341552734
-101.81482696533203
-101.93042755126953
-105.34983825683594
-99.14704895019531
-104.82975006103516
-109.6790542602539
-102.20608520507812
-103.04138946533203
-98.0263442993164
-105.2906265258789
-98.15805053710938
-105.67060089111328
-105.39861297607422
-104.18510437011719
-107.7579116821289
-98.97494506835938
-100.46944427490234
-105.90892028808594
-100.98611450195312
-102.1186294555664
-101.38801574707031
-107.62396240234375
-98.55541229248047
-103.51045989990234
-100.54048919677734
-102.55774688720703
-105.30782318115234
-96.13148498535156
-103.32532501220703
-106.58782958984375
-111.91254425048828
-97.93576049804688
-95.03345489501953
-107.69392395019531
-100.60284423828125
-104.10765838623047
-99.5390853881836
-109.75285339355469
-104.55154418945312
-105.64263916015625
-104.72296142578125
-99.87995910644531
-105.18357849121094
-100.85261535644531
-99.8927001953125
-108.22419738769531
-101.69755554199219
-106.68318176269531
-104.35747528076172
-106.69393920898438
-107.08695983886719
-103.30842590332031
-108.05072021484375
-106.57789611816406
-108.78890228271484
-110.96051788330078
-105.71153259277344
-103.85496520996094
-106.77230072021484
-98.51831817626953
-103.72575378417969
-104.82708740234375
-106.56219482421875
-102.2100830078125
-105.90914916992188
-102.41777038574219
-103.60114288330078
-107.38494873046875
-102.74137115478516
-105.97313690185547
-104.36859130859375
-108.09967041015625
-102.91064453125
-100.7661361694336
-106.43047332763672
-105.38801574707031
-100.65750122070312
-96.41217041015625
-101.00056457519531
-102.28026580810547
-104.59489440917969
-114.20386505126953
-100.87808990478516
-106.20309448242188
-109.0575942993164
-103.86009216308594
-103.05968475341797
-99.03211212158203
-97.8998031616211
-105.61697387695312
-107.38959503173828
-97.86400604248047
-96.091064453125
-103.39654541015625
-99.79515075683594
-103.25785827636719
-101.09573364257812
-106.12205505371094
-99.47962951660156
-101.44800567626953
-104.98748016357422
-96.85275268554688
-102.01961517333984
-105.78060913085938
-97.42315673828125
-101.90762329101562
-104.80591583251953
-98.70948791503906
-97.40249633789062
-104.29576110839844
-100.85154724121094
-105.41796112060547
-107.04350280761719
-103.24544525146484
-104.86408996582031
-98.53614044189453
-100.89189910888672
-104.89704895019531
-106.8045425415039
-103.06875610351562
-102.09553527832031
-106.6650390625
-103.47087097167969
-100.13721466064453
-103.0068130493164
-102.32908630371094
-106.07059478759766
-103.53865814208984
-105.86412811279297
-100.85013580322266
-98.4426040649414
-107.7853012084961
-104.21745300292969
-105.90081787109375
-105.3083267211914
-104.858642578125
-100.6470718383789
-105.11822509765625
-98.63079071044922
-103.30766296386719
-98.86052703857422
-105.26610565185547
-103.96345520019531
-104.35800170898438
-103.68624114990234
-107.58338165283203
-100.01893615722656
-98.77886199951172
-98.81217956542969
-105.31344604492188
-109.07926177978516
-98.79734802246094
-106.74717712402344
-106.02731323242188
-106.30366516113281
-100.21894836425781
-102.04315948486328
-104.8695068359375
-110.01490020751953
-108.67263793945312
-101.85176849365234
-107.12650299072266
-101.15074920654297
-107.94085693359375
-107.88297271728516
-103.19963836669922
-107.66893768310547
-103.50733184814453
-109.20589447021484
-100.15869140625
-98.93247985839844
-100.71273040771484
-104.168701171875
-111.46065521240234
-102.20761108398438
-105.17668914794922
-107.03260040283203
-107.22926330566406
-100.98208618164062
-106.8338851928711
-105.70989990234375
-109.96247863769531
-108.9254379272461
-105.775634765625
-107.38549041748047
-107.14263153076172
-103.62783813476562
-111.502197265625
-104.59185028076172
-103.5434799194336
-105.81554412841797
-102.2746353149414
-107.85321044921875
-105.19475555419922
-104.40572357177734
-104.69271087646484
-98.3333740234375
-109.79735565185547
-104.24053955078125
-109.02392578125
-98.81739044189453
-101.43428802490234
-96.87847137451172
-101.92660522460938
-103.38655853271484
-98.4475326538086
-102.20579528808594
-99.95742797851562
-105.59630584716797
-104.7624282836914
-102.3147964477539
-104.02398681640625
-107.3590087890625
-101.68458557128906
-99.75314331054688
-101.08619689941406
-102.72637176513672
-102.79257202148438
-103.49353790283203
-101.62019348144531
-95.5606460571289
-108.99949645996094
-101.14694213867188
-100.52587127685547
-103.45748138427734
-101.49047088623047
-103.2239990234375
-100.6405258178711
-100.42406463623047
-112.3975601196289
-96.02385711669922
-103.48422241210938
-101.75160217285156
-104.26458740234375
-112.66139221191406
-106.41500091552734
-106.22789001464844
-99.16715240478516
-100.58995056152344
-97.301025390625
-109.56936645507812
-100.30950927734375
-101.41006469726562
-105.64643859863281
-104.7951431274414
-97.43143463134766
-103.27130126953125
-111.1102523803711
-99.26223754882812
-100.90008544921875
-101.6416015625
-99.63133239746094
-97.90056610107422
-106.71094512939453
-100.08311462402344
-108.88352966308594
-98.44224548339844
-102.9449691772461
-97.72937774658203
-105.88668823242188
-102.62591552734375
-103.98907470703125
-104.10220336914062
-99.72874450683594
-103.65503692626953
-101.05563354492188
-108.17625427246094
-95.14610290527344
-104.70154571533203
-99.03154754638672
-103.65254211425781
-101.5282211303711
-101.17362213134766
-105.92073059082031
-99.48295593261719
-108.15005493164062
-103.0081558227539
-102.13335418701172
-111.30913543701172
-102.19187927246094
-109.8025894165039
-105.31434631347656
-107.41923522949219
-98.9997329711914
-105.97197723388672
-99.83271026611328
-111.1044692993164
-95.54034423828125
-103.24961853027344
-108.56135559082031
-109.72229766845703
-106.9389877319336
-98.01728820800781
-97.09025573730469
-106.9250259399414
-100.20882415771484
-102.55835723876953
-104.33064270019531
-101.31288146972656
-100.9227294921875
-99.48975372314453
-109.48501586914062
-99.40796661376953
-100.4524154663086
-92.50393676757812
-103.16806030273438
-104.63185119628906
-96.2601547241211
-105.85777282714844
-99.07332611083984
-101.59606170654297
-95.2840347290039
-106.0234375
-106.35153198242188
-99.76099395751953
-99.50032806396484
-98.48199462890625
-105.05023193359375
-100.56837463378906
-105.37749481201172
-97.56231689453125
-102.38163757324219
-97.66118621826172
-102.84396362304688
-102.67375183105469
-104.70350646972656
-98.66552734375
-100.82749938964844
-106.3338851928711
-103.76954650878906
-107.29082489013672
-100.27886962890625
-103.5875015258789
-106.14132690429688
-102.68827056884766
-104.39698028564453
-109.20918273925781
-102.13591003417969
-98.97921752929688
-101.0606918334961
-100.73775482177734
-101.47232818603516
-108.00936126708984
-101.39393615722656
-102.64227294921875
-100.48123168945312
-104.48600769042969
-104.65470123291016
-99.8113021850586
-104.32292938232422
-103.7503890991211
-109.36007690429688
-99.8960952758789
-100.61402893066406
-101.91910552978516
-102.63042449951172
-103.513427734375
-107.06554412841797
-108.3044204711914
-100.51350402832031
-102.93535614013672
-104.7335433959961
-99.57221984863281
-102.84622192382812
-107.66574096679688
-102.5641860961914
-98.2896957397461
-106.0351333618164
-109.47210693359375
-98.2457046508789
-103.08428192138672
-97.28997039794922
-108.77652740478516
-104.46854400634766
-106.49481201171875
-100.58424377441406
-102.38658142089844
-103.50447845458984
-104.60921478271484
-106.71597290039062
-105.62642669677734
-106.64141845703125
-107.05408477783203
-102.56649017333984
-104.46082305908203
-103.59591674804688
-98.13556671142578
-104.55644226074219
-110.49490356445312
-109.0341567993164
-107.27179718017578
-99.473388671875
-103.30314636230469
-109.79190826416016
-98.8616714477539
-98.38512420654297
-98.93702697753906
-108.0155258178711
-95.63661193847656
-106.14910888671875
-97.59584045410156
-113.38516235351562
-106.77336120605469
-102.24906921386719
-105.63783264160156
-106.64349365234375
-104.28233337402344
-100.36759948730469
-105.65386962890625
-106.56767272949219
-101.09685516357422
-97.34185028076172
-102.76862335205078
-98.79725646972656
-103.48612213134766
-101.49034881591797
-101.61432647705078
-102.12744903564453
-101.514404296875
-105.11817169189453
-98.55305480957031
-99.95527648925781
-107.62708282470703
-107.93734741210938
-102.43462371826172
-102.66605377197266
-104.39151763916016
-105.74030303955078
-101.15806579589844
-101.78298950195312
-103.24028015136719
-98.35478973388672
-106.08643341064453
-104.01774597167969
-99.12419891357422
-104.74820709228516
-101.03781127929688
-110.25448608398438
-105.91034698486328
-102.9611587524414
-99.60928344726562
-103.81246948242188
-101.09342193603516
-99.85928344726562
-103.09613800048828
-99.33737182617188
-99.32080078125
-100.83138275146484
-100.49091339111328
-102.61439514160156
-107.46675109863281
-102.6056137084961
-104.17598724365234
-108.78929138183594
-103.4825668334961
-102.86839294433594
-107.38272094726562
-100.88996887207031
-98.18739318847656
-103.35778045654297
-106.6890869140625
-103.22752380371094
-98.1502914428711
-108.39887237548828
-106.20978546142578
-109.9170913696289
-109.98482513427734
-102.5845947265625
-98.78998565673828
-95.67098999023438
-100.78352355957031
-102.46439361572266
-98.9218521118164
-99.88658905029297
-103.02803802490234
-113.20307159423828
-105.59994506835938
-108.6560287475586
-108.05694580078125
-104.11631774902344
-101.06159210205078
-105.68488311767578
-103.3958740234375
-101.83963012695312
-110.53904724121094
-100.23773193359375
-105.08444213867188
-101.12713623046875
-98.65557861328125
-102.743408203125
-109.36963653564453
-101.05586242675781
-102.83390045166016
-105.69304656982422
-105.58733367919922
-109.0064926147461
-101.7662353515625
-101.53236389160156
-107.79695892333984
-99.83836364746094
-100.36185455322266
-107.05984497070312
-106.91799926757812
-106.54114532470703
-107.14076232910156
-104.8919677734375
-102.44817352294922
-106.54300689697266
-106.05548095703125
-101.71943664550781
-101.8436508178711
-102.17133331298828
-103.84122467041016
-104.3304672241211
-97.98983764648438
-104.56595611572266
-95.06329345703125
-100.44627380371094
-104.26165008544922
-103.26862335205078
-102.68795013427734
-98.11343383789062
-102.11555480957031
-101.91665649414062
-99.38551330566406
-103.26274108886719
-110.5401840209961
-106.22779846191406
-104.90618133544922
-103.92631530761719
-105.25387573242188
-102.33818054199219
-107.41096496582031
-104.34733581542969
-99.69886779785156
-103.57183837890625
-105.74947357177734
-101.56338500976562
-104.61463165283203
-102.0965576171875
-102.03938293457031
-98.65025329589844
-100.7772445678711
-107.3059310913086
-110.51817321777344
-101.5740737915039
-103.43531036376953
-106.9795150756836
-103.54985046386719
-104.12975311279297
-100.07571411132812
-102.30301666259766
-106.05070495605469
-95.76177215576172
-102.8364028930664
-108.10679626464844
-100.99272918701172
-102.44693756103516
-104.32289123535156
-105.95799255371094
-98.81464385986328
-103.71000671386719
-102.0515365600586
-97.78636932373047
-100.5596923828125
-103.65182495117188
-101.62782287597656
-101.36165618896484
-108.58201599121094
-104.76588439941406
-101.20657348632812
-101.04058837890625
-102.9862060546875
-108.01049041748047
-102.6881332397461
-102.31480407714844
-99.45437622070312
-103.24870300292969
-99.27764129638672
-102.45655059814453
-105.67853546142578
-106.6104507446289
-99.2139663696289
-109.79218292236328
-99.94242095947266
-100.84491729736328
-97.89112091064453
-101.61841583251953
-97.70872497558594
-100.263916015625
-102.99702453613281
-94.40847778320312
-105.15113067626953
-106.55766296386719
-102.1798095703125
-98.84629821777344
-107.89877319335938
-111.44854736328125
-98.41360473632812
-99.2486801147461
-110.05370330810547
-107.10464477539062
-97.58830261230469
-104.50662231445312
-101.34550476074219
-102.40717315673828
-98.81629180908203
-101.39057159423828
-103.55609130859375
-102.73222351074219
-98.50946807861328
-100.8296127319336
-104.69577026367188
-97.55502319335938
-92.45071411132812
-101.7229232788086
-101.5652847290039
-101.70173645019531
-97.7739028930664
-105.1428451538086
-107.25727081298828
-101.8134765625
-100.02706146240234
-102.50227355957031
-104.74435424804688
-104.73654174804688
-101.971923828125
-109.05779266357422
-98.76151275634766
-101.54521942138672
-101.69452667236328
-107.2427749633789
-102.19337463378906
-104.02371978759766
-102.41059875488281
-100.29393768310547
-109.8827896118164
-98.52506256103516
-99.5761947631836
-102.1695556640625
-101.41490173339844
-104.64926147460938
-102.63147735595703
-107.99856567382812
-104.97523498535156
-103.26939392089844
-105.4732666015625
-102.5708236694336
-104.95757293701172
-103.58211517333984
-106.25271606445312
-102.0233383178711
-97.3167495727539
-100.00936889648438
-107.18922424316406
-111.57052612304688
-104.84814453125
-98.62516021728516
-104.71411895751953
-106.92729187011719
-106.85089111328125
-105.71450805664062
-101.32923889160156
-101.75630187988281
-106.42086791992188
-104.55261993408203
-103.88490295410156
-103.27587127685547
-103.07709503173828
-99.95563507080078
-100.25794982910156
-97.0239028930664
-104.33078002929688
-106.4578857421875
-105.41743469238281
-104.1683349609375
-105.7836685180664
-97.94684600830078
-99.69989776611328
-107.4394302368164
-102.30363464355469
-107.15023040771484
-102.01119232177734
-104.34207153320312
-95.48738098144531
-100.0295639038086
-105.22393035888672
-102.52723693847656
-102.95577239990234
-103.39158630371094
-99.55789947509766
-107.12274169921875
-101.21162414550781
-101.54369354248047
-104.17584228515625
-103.92922973632812
-107.58650207519531
-107.43019104003906
-101.92747497558594
-102.28195190429688
-98.25531768798828
-107.94001007080078
-97.15194702148438
-109.54788208007812
-103.16764831542969
-107.85425567626953
-100.39605712890625
-99.20989990234375
-100.6915283203125
-101.52507781982422
-101.33892822265625
-106.2012939453125
-107.32894134521484
-104.95439147949219
-99.14608764648438
-108.51795196533203
-103.47257995605469
-105.09022521972656
-109.28022766113281
-106.95877075195312
-104.41724395751953
-108.59258270263672
-103.48884582519531
-105.78596496582031
-101.87264251708984
-102.74947357177734
-104.3940658569336
-106.32888793945312
-105.2325210571289
-105.73480224609375
-106.70109558105469
-100.6332778930664
-105.41168975830078
-104.98286437988281
-99.66665649414062
-107.47791290283203
-98.88658905029297
-107.44281005859375
-105.03627014160156
-98.4427490234375
-104.36897277832031
-106.08721923828125
-100.36335754394531
-103.01980590820312
-106.52103424072266
-104.65560913085938
-106.59834289550781
-108.30558013916016
-97.58951568603516
-102.3938980102539
-95.90921020507812
-106.6137466430664
-99.41038513183594
-102.06378173828125
-103.4653549194336
-104.5909652709961
-106.74661254882812
-106.07425689697266
-101.4737548828125
-104.05401611328125
-104.68673706054688
-105.64998626708984
