-102.76421356201172
-113.8924560546875
-106.94373321533203
-111.08448028564453
-111.00769805908203
-110.25212860107422
-105.09477996826172
-95.49787139892578
-111.0108642578125
-101.95115661621094
-109.87615203857422
-109.23038482666016
-109.33132934570312
-107.4013442993164
-105.43778228759766
-102.51364135742188
-101.23099517822266
-111.90888214111328
-107.69943237304688
-103.11676025390625
-107.53136444091797
-105.06986999511719
-106.02433776855469
-110.28085327148438
-110.96311950683594
-115.02134704589844
-102.75755310058594
-110.16783905029297
-101.36225128173828
-104.04027557373047
-109.3060531616211
-116.72740936279297
-111.0048828125
-113.66267395019531
-110.24003601074219
-103.61845397949219
-103.00312042236328
-106.05985260009766
-106.18622589111328
-106.92304229736328
-98.55638885498047
-101.68182373046875
-109.64556884765625
-104.3070297241211
-104.69599151611328
-112.7178955078125
-109.83366394042969
-108.54206085205078
-105.55471801757812
-105.57209014892578
-106.00222778320312
-105.31787872314453
-106.10662841796875
-116.98705291748047
-111.61457061767578
-108.66779327392578
-109.70050048828125
-102.09233093261719
-98.209228515625
-115.05940246582031
-106.1037368774414
-108.8844985961914
-102.70387268066406
-106.31010437011719
-106.9832763671875
-101.05618286132812
-109.31390380859375
-106.79680633544922
-108.15186309814453
-102.2004165649414
-109.3519287109375
-100.26602172851562
-101.28876495361328
-112.90660095214844
-105.94493865966797
-109.02992248535156
-104.62857818603516
-107.70162963867188
-104.0968017578125
-108.69493865966797
-103.3561782836914
-105.68379211425781
-97.97813415527344
-106.70955657958984
-110.17384338378906
-106.67784118652344
-108.49144744873047
-102.3346176147461
-109.66399383544922
-102.39070892333984
-103.33708190917969
-106.64292907714844
-107.26304626464844
-109.95780944824219
-109.9295654296875
-104.42832946777344
-105.89471435546875
-105.46226501464844
-105.90544128417969
-109.2895736694336
-106.66287231445312
-96.4218978881836
-111.78141784667969
-108.67770385742188
-104.87226867675781
-112.60188293457031
-110.24571228027344
-101.88355255126953
-104.40460205078125
-102.43016052246094
-109.94732666015625
-95.76309204101562
-107.55551147460938
-101.7541275024414
-105.80748748779297
-103.90005493164062
-108.90338134765625
-105.97541046142578
-104.05851745605469
-100.541259765625
-114.4400634765625
-106.39636993408203
-105.52064514160156
-102.20587921142578
-96.20439147949219
-108.3299331665039
-107.66682434082031
-100.20135498046875
-107.51160430908203
-107.25953674316406
-100.6136703491211
-108.84224700927734
-101.57891845703125
-105.70008087158203
-101.32415771484375
-104.5214614868164
-104.80986785888672
-109.16798400878906
-105.66726684570312
-104.54656219482422
-108.7578353881836
-107.61125946044922
-103.3397445678711
-106.04524993896484
-108.30670166015625
-102.60967254638672
-108.61009216308594
-104.44864654541016
-110.69212341308594
-108.15438842773438
-113.26044464111328
-102.75083923339844
-108.26982116699219
-108.43944549560547
-110.89482116699219
-112.42489624023438
-113.6979751586914
-107.71117401123047
-112.03665161132812
-101.99058532714844
-105.446044921875
-106.21699523925781
-108.44865417480469
-103.27904510498047
-102.0420150756836
-102.76271057128906
-107.89685821533203
-111.42290496826172
-112.74996948242188
-107.12081909179688
-106.2039566040039
-97.42520904541016
-109.57979583740234
-106.4822006225586
-100.77871704101562
-107.43002319335938
-104.44115447998047
-104.98506164550781
-109.3803939819336
-101.47024536132812
-105.44682312011719
-111.58951568603516
-105.6968994140625
-105.00277709960938
-102.04825592041016
-106.19377136230469
-102.17290496826172
-108.72718811035156
-107.8660659790039
-106.23925018310547
-110.34950256347656
-102.2524185180664
-102.63522338867188
-108.72501373291016
-104.04222869873047
-104.86842346191406
-104.55962371826172
-110.74449157714844
-101.28765106201172
-105.81632232666016
-104.12921905517578
-105.4793930053711
-109.7315673828125
-98.43112182617188
-106.07978057861328
-109.86515808105469
-111.96317291259766
-101.42639923095703
-98.4585952758789
-111.49747467041016
-104.13381958007812
-107.03350067138672
-104.3455810546875
-113.18461608886719
-107.91116333007812
-108.37091827392578
-107.79035186767578
-103.57225799560547
-107.74393463134766
-103.8143081665039
-103.83566284179688
-111.22500610351562
-104.8127670288086
-110.82807159423828
-108.60404968261719
-110.37371063232422
-110.2340087890625
-107.55595397949219
-108.94510650634766
-110.3369140625
-112.07907104492188
-117.51229095458984
-109.77743530273438
-107.05121612548828
-108.85426330566406
-101.66223907470703
-108.46927642822266
-109.34059143066406
-109.26753997802734
-105.51786041259766
-110.31104278564453
-105.7539291381836
-106.75
-109.39037322998047
-106.23585510253906
-109.74095153808594
-108.38680267333984
-110.31079864501953
-105.45614624023438
-104.40797424316406
-110.57514190673828
-108.46410369873047
-104.57408142089844
-99.1585922241211
-103.60975646972656
-105.94776916503906
-108.2852554321289
-116.45899963378906
-104.10208129882812
-110.9090347290039
-111.99098205566406
-105.8855972290039
-106.0501937866211
-102.13016510009766
-102.29135131835938
-108.90250396728516
-109.72308349609375
-100.47516632080078
-100.79219055175781
-108.38294982910156
-103.9368896484375
-106.59156799316406
-105.97545623779297
-109.30630493164062
-100.59451293945312
-105.86727142333984
-108.50743103027344
-100.85350799560547
-106.340576171875
-109.36392974853516
-101.23043823242188
-104.99717712402344
-109.04402160644531
-103.28677368164062
-101.53314208984375
-109.05198669433594
-105.51374816894531
-110.19332885742188
-110.1459732055664
-106.48535919189453
-106.2115707397461
-101.32149505615234
-104.315673828125
-108.80158233642578
-109.0406723022461
-106.50322723388672
-106.31515502929688
-109.78382873535156
-108.02381134033203
-103.60130310058594
-105.4122543334961
-106.26704406738281
-110.74067687988281
-107.00769805908203
-109.33165740966797
-104.33902740478516
-102.65534210205078
-112.0970687866211
-107.40702819824219
-108.76443481445312
-107.6327133178711
-106.7657470703125
-105.25102233886719
-107.83168029785156
-101.53009796142578
-105.74393463134766
-102.3742904663086
-109.4430160522461
-105.85773468017578
-107.48387145996094
-106.42158508300781
-112.10585021972656
-102.860595703125
-100.93770599365234
-103.83563995361328
-110.93354797363281
-112.1817855834961
-103.2422866821289
-110.20085144042969
-108.88526916503906
-108.13814544677734
-103.411865234375
-106.36935424804688
-106.88934326171875
-112.51473236083984
-110.53253936767578
-105.19094848632812
-108.65704345703125
-101.73958587646484
-113.12764739990234
-112.18633270263672
-106.33924102783203
-112.46807098388672
-106.554443359375
-110.82823944091797
-102.87405395507812
-102.3994369506836
-104.7261962890625
-108.4832534790039
-115.45537567138672
-105.7756576538086
-110.73699188232422
-110.66617584228516
-110.70403289794922
-103.27806091308594
-111.6420669555664
-109.8275375366211
-112.45225524902344
-113.70648193359375
-109.28143310546875
-109.17304229736328
-110.00053405761719
-108.0521469116211
-113.64215850830078
-109.25355529785156
-107.67887115478516
-109.49130249023438
-106.27293395996094
-109.47389221191406
-107.54237365722656
-106.25187683105469
-109.39185333251953
-101.00299835205078
-115.15908813476562
-108.6231918334961
-112.73932647705078
-104.05410766601562
-104.2667007446289
-100.61322784423828
-104.88787078857422
-106.20149993896484
-101.31639862060547
-103.93413543701172
-104.8516616821289
-109.24796295166016
-106.576904296875
-106.2768783569336
-107.41654205322266
-110.14273834228516
-105.13481140136719
-102.24248504638672
-104.88848876953125
-106.91547393798828
-106.6283950805664
-104.49671936035156
-104.49180603027344
-99.87069702148438
-113.59407806396484
-103.47955322265625
-103.79944610595703
-107.16847229003906
-104.36178588867188
-105.42901611328125
-103.32874298095703
-102.70696258544922
-114.33890533447266
-99.89962005615234
-106.37289428710938
-107.0020523071289
-106.55995178222656
-116.2455062866211
-110.7236328125
-108.830810546875
-102.70592498779297
-102.11743927001953
-100.64776611328125
-114.13236999511719
-102.7374267578125
-103.3816909790039
-109.33738708496094
-108.65988159179688
-101.28001403808594
-103.8765640258789
-112.48274230957031
-100.9226303100586
-102.77547454833984
-105.6900405883789
-101.86547088623047
-102.64979553222656
-110.04722595214844
-103.95169830322266
-110.96887969970703
-102.78958129882812
-103.80487823486328
-101.08366394042969
-109.29080200195312
-105.03921508789062
-105.95589447021484
-108.56562042236328
-102.8434066772461
-105.63249969482422
-102.86763763427734
-111.9286117553711
-95.95257568359375
-106.08776092529297
-102.23384094238281
-107.14844512939453
-102.54725646972656
-103.00384521484375
-109.38292694091797
-101.91773223876953
-110.59553527832031
-106.62889099121094
-104.18144226074219
-114.22369384765625
-105.64453887939453
-111.59099578857422
-108.9094467163086
-112.12325286865234
-101.12026977539062
-106.95569610595703
-102.78816223144531
-112.80522155761719
-96.98243713378906
-106.47938537597656
-110.5366439819336
-113.22319793701172
-109.13705444335938
-101.64018249511719
-99.89574432373047
-109.46044158935547
-102.74363708496094
-105.82583618164062
-107.15432739257812
-104.47865295410156
-105.3963623046875
-105.42273712158203
-114.59225463867188
-101.28228759765625
-103.31246948242188
-95.93372344970703
-106.48637390136719
-108.27377319335938
-99.27471160888672
-108.409423828125
-102.52386474609375
-104.15499114990234
-99.8384780883789
-109.78050994873047
-109.7245101928711
-103.65398406982422
-102.47955322265625
-102.97492218017578
-107.46080017089844
-105.03153228759766
-109.22267150878906
-101.98805236816406
-106.82215118408203
-100.27076721191406
-105.5904312133789
-105.24794006347656
-107.6494369506836
-102.4358901977539
-102.91864013671875
-106.81632995605469
-105.74800872802734
-110.128662109375
-102.74637603759766
-107.36032104492188
-109.03207397460938
-107.73118591308594
-107.4527816772461
-112.84490203857422
-104.62674713134766
-103.3826904296875
-102.12379455566406
-103.44729614257812
-102.56592559814453
-111.0839614868164
-104.2509994506836
-106.16481018066406
-102.4163589477539
-106.42731475830078
-106.23809814453125
-102.1150131225586
-107.38815307617188
-105.68367004394531
-111.48007202148438
-101.15983581542969
-103.08914947509766
-105.15684509277344
-106.85466003417969
-106.35462951660156
-111.84282684326172
-109.97537231445312
-102.1138916015625
-105.89549255371094
-107.67562866210938
-103.13707733154297
-106.83937072753906
-112.03901672363281
-104.03730773925781
-100.16526794433594
-108.49954223632812
-111.25501251220703
-100.97749328613281
-106.6383285522461
-100.02481079101562
-112.64584350585938
-109.6668472290039
-109.90777587890625
-104.3710708618164
-104.94652557373047
-104.89642333984375
-108.64240264892578
-108.07988739013672
-108.16883850097656
-108.68901062011719
-109.77459716796875
-105.3656234741211
-108.74320983886719
-107.64747619628906
-101.91690063476562
-106.20976257324219
-112.49200439453125
-112.5919189453125
-109.8647689819336
-101.79122161865234
-104.99349212646484
-112.86620330810547
-101.70183563232422
-101.07914733886719
-102.25759887695312
-110.43284606933594
-97.57617950439453
-108.84226989746094
-98.43094635009766
-115.93659210205078
-110.67208862304688
-104.50428771972656
-107.46196746826172
-109.82967376708984
-107.81053161621094
-105.01980590820312
-107.6943359375
-108.3783950805664
-104.52653503417969
-99.74287414550781
-105.39398956298828
-101.45641326904297
-105.17745208740234
-104.84477233886719
-105.12960052490234
-105.49720764160156
-104.96168518066406
-107.58428192138672
-100.66212463378906
-101.44257354736328
-109.9660415649414
-110.69648742675781
-104.18489837646484
-106.08356475830078
-108.25799560546875
-107.55130004882812
-102.76496887207031
-104.34661102294922
-105.77749633789062
-102.31733703613281
-108.83148956298828
-106.57353210449219
-102.37480926513672
-107.07282257080078
-105.22427368164062
-113.65824127197266
-109.73405456542969
-105.23719024658203
-102.67923736572266
-107.1338119506836
-104.15074157714844
-101.79930877685547
-105.4330825805664
-102.64551544189453
-102.77566528320312
-102.3290786743164
-102.9662857055664
-106.4614028930664
-111.31366729736328
-104.94413757324219
-106.66565704345703
-112.21697235107422
-107.37734985351562
-105.9254150390625
-111.9992904663086
-103.92696380615234
-101.30774688720703
-106.95816040039062
-108.77933502197266
-104.9649658203125
-99.65821838378906
-111.70397186279297
-109.01810455322266
-113.35408782958984
-112.43531799316406
-104.51274108886719
-101.47245788574219
-98.5965347290039
-103.28170013427734
-104.99980926513672
-101.36913299560547
-103.92662811279297
-108.00152587890625
-116.93791198730469
-107.64596557617188
-113.01959991455078
-111.5083999633789
-107.5249252319336
-103.18868255615234
-108.8995361328125
-104.16139221191406
-104.67499542236328
-112.71489715576172
-102.25531768798828
-109.73299407958984
-105.48370361328125
-100.9657974243164
-105.1252212524414
-111.77259063720703
-105.8372573852539
-104.21404266357422
-108.74978637695312
-107.7817153930664
-112.01708984375
-106.0244140625
-102.34779357910156
-110.40966033935547
-102.31670379638672
-102.50157928466797
-109.71843719482422
-109.61326599121094
-110.65451049804688
-110.72124481201172
-107.26016998291016
-104.64884185791016
-109.76530456542969
-108.75892639160156
-104.9227523803711
-104.17864990234375
-103.1672592163086
-106.50733184814453
-107.30799102783203
-101.71142578125
-106.88322448730469
-96.28133392333984
-102.68392181396484
-106.70121002197266
-105.65333557128906
-106.25563049316406
-102.22888946533203
-104.1037368774414
-105.63827514648438
-103.19280242919922
-105.26744842529297
-113.43620300292969
-111.78669738769531
-106.99327087402344
-106.82102966308594
-107.04720306396484
-105.46815490722656
-109.23023223876953
-107.8409423828125
-102.6705322265625
-106.4082260131836
-106.16815185546875
-103.79279327392578
-106.99537658691406
-106.0413589477539
-105.02039337158203
-104.25215148925781
-103.90816497802734
-110.57787322998047
-115.04854583740234
-103.89967346191406
-106.82938385009766
-108.80615997314453
-107.17486572265625
-107.78803253173828
-102.955322265625
-104.01016235351562
-108.27245330810547
-99.18690490722656
-105.33736419677734
-112.07181549072266
-103.63626098632812
-106.05054473876953
-108.3648910522461
-108.29644775390625
-101.16118621826172
-106.92654418945312
-106.33294677734375
-100.70116424560547
-104.11143493652344
-107.95320892333984
-104.83084869384766
-101.89181518554688
-111.19889831542969
-107.87162780761719
-105.18447875976562
-104.693359375
-105.21665954589844
-110.36055755615234
-106.51422119140625
-104.74240112304688
-102.11955261230469
-106.0860824584961
-101.99788665771484
-104.93412780761719
-108.89557647705078
-109.583984375
-103.15706634521484
-112.92601013183594
-102.37063598632812
-103.32645416259766
-102.42217254638672
-104.43730163574219
-100.34324645996094
-102.9519271850586
-105.1650619506836
-97.72073364257812
-108.08995056152344
-109.3698501586914
-106.99335479736328
-102.54307556152344
-111.90878295898438
-113.55934143066406
-101.3048095703125
-102.58171081542969
-112.63964080810547
-110.36732482910156
-100.41697692871094
-107.17890167236328
-105.02104187011719
-105.49862670898438
-102.70547485351562
-105.41810607910156
-107.44432830810547
-106.58716583251953
-102.0111083984375
-104.19483184814453
-107.44495391845703
-100.52255249023438
-95.49313354492188
-102.28497314453125
-103.64942169189453
-106.21272277832031
-101.84574127197266
-108.49201965332031
-111.12527465820312
-105.50959777832031
-102.72705841064453
-106.5167236328125
-106.45260620117188
-107.02546691894531
-103.24754333496094
-113.1138916015625
-102.11920166015625
-104.38180541992188
-104.7994384765625
-111.08454895019531
-104.28559112548828
-105.21674346923828
-105.5833740234375
-104.00588989257812
-113.9865493774414
-101.5727310180664
-102.96223449707031
-105.24476623535156
-103.51316833496094
-108.58811950683594
-105.15045928955078
-111.42430114746094
-106.95842742919922
-107.00294494628906
-107.78704833984375
-105.0391845703125
-108.42220306396484
-107.16776275634766
-108.66738891601562
-103.74940490722656
-101.99201202392578
-103.23292541503906
-110.80099487304688
-113.46765899658203
-107.45298767089844
-99.78949737548828
-107.10883331298828
-109.50711059570312
-109.73824310302734
-106.93294525146484
-105.18351745605469
-102.4046630859375
-108.12647247314453
-107.2309799194336
-104.89605712890625
-106.68083953857422
-105.44210815429688
-102.8786849975586
-103.94031524658203
-99.22838592529297
-105.9745101928711
-109.76371002197266
-107.67527770996094
-106.57015228271484
-109.92044067382812
-101.37959289550781
-101.66940307617188
-111.26670837402344
-102.96316528320312
-108.538818359375
-105.67823791503906
-107.43648529052734
-98.75816345214844
-103.1922836303711
-108.5486068725586
-104.48721313476562
-104.12271118164062
-106.37887573242188
-104.51304626464844
-108.30448913574219
-104.14783477783203
-103.41849517822266
-105.98025512695312
-106.8641128540039
-109.46492004394531
-111.06160736083984
-105.49504089355469
-104.75093078613281
-101.84049987792969
-109.97822570800781
-98.88294982910156
-113.56809997558594
-105.68495178222656
-111.25894927978516
-103.31863403320312
-100.2544174194336
-103.31732177734375
-103.6672134399414
-104.01728057861328
-109.97178649902344
-109.71778106689453
-108.11351776123047
-101.74185180664062
-111.56259155273438
-107.01033782958984
-109.1975326538086
-111.89241027832031
-110.88961029052734
-107.27107238769531
-111.5468521118164
-106.27268981933594
-109.47090911865234
-103.84544372558594
-105.76949310302734
-107.92033386230469
-108.58063507080078
-109.83203125
-109.74945831298828
-107.26174926757812
-105.8111572265625
-108.63427734375
-107.9436264038086
-103.35992431640625
-110.93912506103516
-101.64080047607422
-109.21046447753906
-106.23831939697266
-101.95904541015625
-109.1282730102539
-110.34400939941406
-104.86518859863281
-105.8395004272461
-109.39789581298828
-108.33135223388672
-108.80992126464844
-113.55084991455078
-100.3480453491211
-106.04629516601562
-97.95610046386719
-110.07640838623047
-101.62025451660156
-104.26956939697266
-105.38374328613281
-108.62545776367188
-109.35974884033203
-108.64021301269531
-105.3499755859375
-106.24897003173828
-106.54361724853516
-108.64784240722656
