-98.7656021118164
-112.26262664794922
-104.36071014404297
-109.73365020751953
-109.42076873779297
-107.741455078125
-102.94403076171875
-94.55487823486328
-109.85118865966797
-100.95374298095703
-107.22700500488281
-105.53886413574219
-108.20292663574219
-106.38154602050781
-103.55377197265625
-100.5485610961914
-98.56407165527344
-109.26166534423828
-105.16500854492188
-99.79100799560547
-106.08167266845703
-105.00234985351562
-104.05329895019531
-106.85270690917969
-108.77935791015625
-113.04447937011719
-100.19398498535156
-106.82093048095703
-99.9854736328125
-102.39983367919922
-107.33341217041016
-114.31538391113281
-109.35122680664062
-109.8326416015625
-108.78063201904297
-100.09806060791016
-101.54468536376953
-103.66645050048828
-105.42118835449219
-104.8881607055664
-97.58563232421875
-99.9266357421875
-105.37094116210938
-102.15123748779297
-102.1458969116211
-109.59483337402344
-107.34019470214844
-106.92599487304688
-104.53504180908203
-103.32020568847656
-104.31884765625
-101.97949981689453
-103.35188293457031
-113.29803466796875
-108.93858337402344
-106.21284484863281
-107.01864624023438
-100.72062683105469
-95.51374816894531
-111.04716491699219
-104.32923889160156
-105.39740753173828
-100.2081527709961
-102.30868530273438
-104.39708709716797
-99.3666763305664
-105.9524917602539
-105.08338165283203
-105.3739242553711
-98.80374908447266
-105.31599426269531
-98.56179809570312
-99.65802764892578
-110.46585083007812
-104.21305084228516
-107.37155151367188
-102.20281982421875
-104.57316589355469
-102.65382385253906
-106.96062469482422
-102.24849700927734
-104.32182312011719
-95.90986633300781
-103.24319458007812
-108.1480941772461
-104.99188995361328
-107.83149719238281
-98.64356994628906
-106.31514739990234
-99.74998474121094
-102.97135925292969
-106.03340911865234
-104.94737243652344
-107.645751953125
-106.7635269165039
-101.4644546508789
-104.3404312133789
-103.94214630126953
-104.07582092285156
-104.949951171875
-103.83718872070312
-95.02947235107422
-109.2690658569336
-105.93102264404297
-103.1783447265625
-108.89852905273438
-106.06797790527344
-100.27889251708984
-102.06342315673828
-100.02950286865234
-107.7491226196289
-93.08092498779297
-105.68812561035156
-97.85774230957031
-102.54385375976562
-101.52369689941406
-105.89356231689453
-102.38699340820312
-101.40206909179688
-98.73638153076172
-113.39141082763672
-104.58818817138672
-102.12898254394531
-98.80130004882812
-94.49320983886719
-106.88995361328125
-104.22814178466797
-97.92794799804688
-105.87852478027344
-104.13793182373047
-99.11193084716797
-105.22025299072266
-99.46730041503906
-103.32180786132812
-99.43941497802734
-101.89043426513672
-101.01834869384766
-106.82858276367188
-103.35659790039062
-102.85858917236328
-107.58702087402344
-105.6703872680664
-101.5853271484375
-104.30110168457031
-104.92044067382812
-99.18522644042969
-106.60040283203125
-103.12963104248047
-107.45319366455078
-106.76557922363281
-112.03933715820312
-99.30789184570312
-105.74771118164062
-106.58871459960938
-108.74644470214844
-110.70921325683594
-111.32487487792969
-107.22534942626953
-109.57723236083984
-100.39308166503906
-103.83404541015625
-104.10517883300781
-105.96704864501953
-101.05045318603516
-100.7420883178711
-100.76529693603516
-107.21025848388672
-109.80180358886719
-110.12309265136719
-106.09473419189453
-104.21019744873047
-95.50411224365234
-107.03822326660156
-103.59125518798828
-99.02373504638672
-106.1550521850586
-103.75894927978516
-102.73980712890625
-106.66275787353516
-98.70995330810547
-104.33226776123047
-110.43081665039062
-103.51886749267578
-105.21649932861328
-99.42158508300781
-105.66297149658203
-99.94200134277344
-107.58419036865234
-105.73455047607422
-106.93098449707031
-108.83615112304688
-100.1641845703125
-101.4922866821289
-106.34027862548828
-102.50213623046875
-101.82484436035156
-102.45980834960938
-109.61253356933594
-100.44465637207031
-104.06787872314453
-101.48622131347656
-102.75603485107422
-106.57427215576172
-97.43012237548828
-102.61511993408203
-105.2528305053711
-110.19308471679688
-99.13133239746094
-96.54386901855469
-108.08316040039062
-102.27214813232422
-104.54515838623047
-101.7276382446289
-111.55065155029297
-105.98973083496094
-107.2436294555664
-104.62855529785156
-100.25466918945312
-105.18720245361328
-101.78016662597656
-101.96068572998047
-109.02767181396484
-102.22116088867188
-108.18309020996094
-104.85038757324219
-108.4187240600586
-107.32085418701172
-104.19140625
-106.98664855957031
-107.17021179199219
-109.47332763671875
-112.59113311767578
-106.89057922363281
-104.04947662353516
-108.22293853759766
-99.47511291503906
-106.14814758300781
-105.1572036743164
-107.53490447998047
-102.86894989013672
-107.43029022216797
-103.55029296875
-104.22358703613281
-107.75895690917969
-103.53695678710938
-106.33000183105469
-104.77249145507812
-108.53008270263672
-104.35030364990234
-101.93222045898438
-107.7027816772461
-106.68800354003906
-100.65078735351562
-97.74530029296875
-102.78620910644531
-104.31840515136719
-105.61371612548828
-113.91471862792969
-102.84049987792969
-107.3737564086914
-109.67214965820312
-103.17837524414062
-104.328125
-99.2390365600586
-99.40510559082031
-105.96204376220703
-107.3261489868164
-98.54928588867188
-98.31231689453125
-104.60568237304688
-102.28932189941406
-104.31559753417969
-102.0625228881836
-105.75821685791016
-99.3045654296875
-102.33718872070312
-106.88645935058594
-97.85309600830078
-103.85125732421875
-106.2515869140625
-98.97178649902344
-102.2572250366211
-106.67374420166016
-100.32671356201172
-97.45333099365234
-105.11137390136719
-102.22489166259766
-106.43522644042969
-107.92674255371094
-104.99385070800781
-104.31666564941406
-98.95621490478516
-101.25308990478516
-105.55941009521484
-105.74083709716797
-104.60863494873047
-103.85226440429688
-108.71340942382812
-104.29251098632812
-100.68875122070312
-103.43677520751953
-104.09584045410156
-106.93092346191406
-103.6610336303711
-106.43869018554688
-102.09717559814453
-100.32514953613281
-107.80750274658203
-104.77615356445312
-106.9153823852539
-105.38103485107422
-105.4269790649414
-100.84292602539062
-104.69414520263672
-100.62599182128906
-104.43389892578125
-100.87554168701172
-107.16087341308594
-103.51509094238281
-105.026611328125
-104.77249908447266
-109.14234161376953
-100.49253845214844
-99.01531219482422
-101.5367660522461
-106.86319732666016
-109.91536712646484
-100.32530975341797
-108.55472564697266
-105.51963806152344
-105.82057189941406
-100.35418701171875
-104.0743637084961
-105.58342742919922
-110.88624572753906
-108.38496398925781
-103.25275421142578
-107.79737854003906
-100.4096450805664
-108.9613265991211
-109.79071807861328
-104.82040405273438
-108.98731994628906
-103.82661437988281
-109.18109893798828
-99.9834213256836
-100.09835052490234
-101.40840148925781
-104.77967071533203
-111.03815460205078
-102.87779998779297
-106.87672424316406
-106.68953704833984
-107.43460845947266
-101.11664581298828
-108.86835479736328
-107.5792236328125
-110.4013442993164
-109.93898010253906
-108.11144256591797
-107.03218078613281
-106.34735870361328
-105.63629913330078
-109.42234802246094
-105.7704849243164
-103.4862289428711
-105.97093200683594
-102.77315521240234
-107.75037384033203
-104.76960754394531
-103.81576538085938
-104.0211410522461
-98.55168914794922
-110.93913269042969
-105.95348358154297
-108.69126892089844
-100.35406494140625
-101.66035461425781
-97.75718688964844
-101.66930389404297
-102.42625427246094
-98.80641174316406
-102.37389373779297
-101.16722869873047
-104.6992416381836
-104.29559326171875
-103.35797119140625
-103.36072540283203
-107.45390319824219
-104.07172393798828
-99.74592590332031
-102.91545104980469
-103.91085815429688
-104.5893325805664
-102.8675308227539
-102.51590728759766
-97.35494232177734
-109.81047821044922
-100.74297332763672
-102.59015655517578
-105.82767486572266
-102.55196380615234
-104.05589294433594
-101.7542953491211
-100.59861755371094
-112.08041381835938
-98.16109466552734
-104.45172882080078
-103.82687377929688
-103.97223663330078
-113.41854095458984
-107.56242370605469
-106.26847839355469
-98.93351745605469
-100.23127746582031
-98.30931854248047
-111.19326782226562
-101.38116455078125
-101.11907958984375
-107.92862701416016
-105.42747497558594
-98.87356567382812
-104.09540557861328
-110.73808288574219
-99.01475524902344
-101.82431030273438
-103.27767944335938
-100.49996185302734
-98.53770446777344
-108.80177307128906
-100.80362701416016
-109.73816680908203
-100.35992431640625
-103.19512939453125
-100.3927993774414
-106.07817840576172
-104.62931060791016
-104.84092712402344
-106.2448959350586
-99.54175567626953
-104.2441635131836
-103.40037536621094
-109.55589294433594
-94.41655731201172
-105.15245056152344
-100.03179931640625
-104.44195556640625
-101.7248306274414
-100.13101196289062
-106.94025421142578
-98.78935241699219
-108.55960083007812
-103.91253662109375
-101.36729431152344
-111.10138702392578
-102.1129150390625
-109.72529602050781
-106.5017318725586
-109.32195281982422
-98.5039291381836
-104.43695068359375
-99.92102813720703
-110.7462387084961
-94.86514282226562
-103.5665054321289
-108.41822052001953
-110.93106842041016
-106.97012329101562
-99.09920501708984
-97.17674255371094
-105.86857604980469
-101.76184844970703
-104.11614227294922
-104.65786743164062
-100.95956420898438
-101.53691101074219
-102.92192840576172
-111.55377960205078
-99.11836242675781
-100.33563995361328
-93.9989242553711
-103.82339477539062
-105.50022888183594
-98.13719177246094
-105.34527587890625
-100.58795166015625
-102.79092407226562
-97.88371276855469
-107.68138885498047
-107.21005249023438
-102.31723022460938
-99.90959167480469
-101.67565155029297
-105.90177917480469
-102.63666534423828
-105.19549560546875
-98.60685729980469
-103.33926391601562
-98.21991729736328
-104.89432525634766
-102.67753601074219
-104.2547607421875
-99.93107604980469
-100.6764144897461
-104.66597747802734
-105.36062622070312
-109.44544982910156
-101.26492309570312
-105.75843048095703
-106.39093780517578
-102.85724639892578
-105.95890808105469
-112.09437561035156
-103.58929443359375
-100.66199493408203
-99.63111114501953
-102.95597076416016
-99.72573852539062
-109.83739471435547
-102.42556762695312
-104.97374725341797
-102.0114517211914
-104.79180908203125
-105.67329406738281
-101.86450958251953
-105.08634185791016
-103.80859375
-109.46095275878906
-100.93209075927734
-100.60297393798828
-102.40231323242188
-103.64876556396484
-104.12948608398438
-109.7940673828125
-109.4372329711914
-100.8513412475586
-104.58110046386719
-104.67169952392578
-100.8945541381836
-106.35302734375
-109.76771545410156
-103.78341674804688
-98.9920425415039
-107.84162902832031
-109.1336669921875
-98.54588317871094
-104.61517333984375
-99.66496276855469
-109.38716888427734
-106.70263671875
-107.29328155517578
-102.3262710571289
-103.95640563964844
-103.46221160888672
-105.27799987792969
-107.27118682861328
-107.48725891113281
-107.80831909179688
-107.54598999023438
-102.50482177734375
-108.0609359741211
-104.84519958496094
-99.97279357910156
-104.78214263916016
-110.43624114990234
-108.34844970703125
-107.62877655029297
-101.12544250488281
-104.144775390625
-110.72663116455078
-100.97001647949219
-99.97916412353516
-101.76670837402344
-108.84233093261719
-95.94627380371094
-108.11331939697266
-97.64873504638672
-114.33663940429688
-108.50210571289062
-103.1343765258789
-106.61222076416016
-107.986328125
-105.01402282714844
-101.1102066040039
-106.77500915527344
-106.95883178710938
-101.09774017333984
-97.6288070678711
-104.93836975097656
-99.64447784423828
-103.63066101074219
-102.79277038574219
-102.65702819824219
-104.14940643310547
-102.52086639404297
-104.00841522216797
-100.18257904052734
-99.84459686279297
-107.96370697021484
-109.61283111572266
-102.62339782714844
-104.32344818115234
-105.72420501708984
-105.78538513183594
-101.26557922363281
-101.469482421875
-104.05309295654297
-101.02022552490234
-106.49608612060547
-103.9544448852539
-100.095703125
-105.95770263671875
-101.62635803222656
-111.76395416259766
-106.30408477783203
-103.68046569824219
-99.74967193603516
-104.19151306152344
-101.4383316040039
-99.96908569335938
-104.47650909423828
-99.10903930664062
-100.203125
-100.45624542236328
-100.5410385131836
-103.2024154663086
-108.85406494140625
-103.14508819580078
-103.97803497314453
-109.10144805908203
-104.01760864257812
-104.70187377929688
-107.40773010253906
-101.6871337890625
-99.68640899658203
-104.58758544921875
-107.80326843261719
-103.41719818115234
-99.00546264648438
-108.85382843017578
-106.34664154052734
-112.36077880859375
-110.36617279052734
-104.22008514404297
-98.88871765136719
-97.24137878417969
-101.45398712158203
-103.39891052246094
-99.31977081298828
-100.90126037597656
-103.88949584960938
-114.16309356689453
-105.63304901123047
-110.13111114501953
-108.42647552490234
-106.12478637695312
-101.81543731689453
-105.89979553222656
-103.71166229248047
-103.4435806274414
-111.73442840576172
-100.11651611328125
-107.35839080810547
-101.67970275878906
-98.8676986694336
-103.9806137084961
-110.10710906982422
-102.78430938720703
-101.41361999511719
-106.1322021484375
-106.36851501464844
-108.22543334960938
-102.85514831542969
-102.97251892089844
-108.87398529052734
-99.70999145507812
-101.20624542236328
-107.11922454833984
-108.41324615478516
-109.70315551757812
-107.28347778320312
-105.59015655517578
-102.57734680175781
-106.57862091064453
-107.0917739868164
-103.16822052001953
-103.95659637451172
-102.78103637695312
-105.55144500732422
-105.92488098144531
-99.36874389648438
-106.68455505371094
-95.02011108398438
-101.73941040039062
-104.59709930419922
-103.56533813476562
-104.67427062988281
-99.4053955078125
-101.72598266601562
-103.44270324707031
-101.39971160888672
-102.96363067626953
-110.58833312988281
-107.83009338378906
-105.76411437988281
-104.83645629882812
-105.32001495361328
-102.5982894897461
-107.72789764404297
-106.29898071289062
-99.97502136230469
-104.0731430053711
-104.05191802978516
-103.58908081054688
-104.65679931640625
-102.81364440917969
-102.64263153076172
-101.32305908203125
-101.98165893554688
-108.83019256591797
-111.54875183105469
-103.30137634277344
-104.8339614868164
-107.17044830322266
-104.24161529541016
-106.14297485351562
-100.84672546386719
-102.2134017944336
-106.9234390258789
-96.84266662597656
-102.30525970458984
-108.66763305664062
-102.34689331054688
-103.48990631103516
-105.44978332519531
-106.63080596923828
-99.04104614257812
-104.79912567138672
-103.0624008178711
-98.22047424316406
-101.81359100341797
-104.8665771484375
-102.09915161132812
-100.4811019897461
-108.18927001953125
-106.14947509765625
-102.23016357421875
-101.92794799804688
-103.98692321777344
-108.74411010742188
-103.99278259277344
-103.13490295410156
-99.77742767333984
-104.24359130859375
-99.79215240478516
-102.09436798095703
-104.79997253417969
-107.01676940917969
-100.4438247680664
-110.18136596679688
-101.14752960205078
-100.85051727294922
-99.67890167236328
-102.83187866210938
-98.35147094726562
-100.17446899414062
-105.07147216796875
-95.51197052001953
-105.46951293945312
-107.58778381347656
-104.77596282958984
-100.67853546142578
-109.87946319580078
-112.32202911376953
-99.26446533203125
-100.02520751953125
-110.84999084472656
-106.6339340209961
-98.32106018066406
-105.69058227539062
-102.10770416259766
-103.71344757080078
-99.12059783935547
-103.68026733398438
-104.45222473144531
-104.21089172363281
-98.1152572631836
-101.9012451171875
-107.01201629638672
-98.50224304199219
-94.10076904296875
-100.57868194580078
-101.34093475341797
-102.2669677734375
-98.80079650878906
-105.87657165527344
-108.61970520019531
-102.67266845703125
-101.22809600830078
-104.6233139038086
-104.62520599365234
-105.11087799072266
-102.65742492675781
-110.37638092041016
-99.1833724975586
-103.00267028808594
-102.84355163574219
-108.45368957519531
-102.5372314453125
-103.90934753417969
-102.63307189941406
-101.38258361816406
-110.18605041503906
-98.77582550048828
-101.15596008300781
-103.21326446533203
-102.35808563232422
-105.10966491699219
-102.79451751708984
-109.2856674194336
-104.05198669433594
-104.44876861572266
-106.16121673583984
-103.52843475341797
-105.79510498046875
-104.17176818847656
-107.29573059082031
-103.45136260986328
-98.8731918334961
-101.70682525634766
-107.67999267578125
-111.6577377319336
-106.63565063476562
-99.17724609375
-104.19499206542969
-107.09783172607422
-108.50069427490234
-104.20987701416016
-103.44869995117188
-101.87652587890625
-105.08851623535156
-105.71985626220703
-103.88921356201172
-104.9113540649414
-103.7791976928711
-101.4924087524414
-102.0667724609375
-98.51789093017578
-105.9495849609375
-105.60547637939453
-105.98518371582031
-105.59828186035156
-108.0356216430664
-99.07024383544922
-100.81002044677734
-109.46712493896484
-103.09606170654297
-108.37480926513672
-103.42144012451172
-105.08707427978516
-96.94771575927734
-101.00018310546875
-106.01433563232422
-102.54084014892578
-102.17326354980469
-105.0833511352539
-101.40253448486328
-107.50145721435547
-101.19634246826172
-102.94287872314453
-103.99004364013672
-103.38220977783203
-108.05479431152344
-108.5918960571289
-102.53353881835938
-102.70337677001953
-100.23313903808594
-109.83505249023438
-97.38029479980469
-110.00470733642578
-104.11249542236328
-108.66326141357422
-101.29847717285156
-99.88408660888672
-101.40391540527344
-103.25155639648438
-102.57255554199219
-107.91065979003906
-107.70361328125
-108.15570068359375
-100.63138580322266
-109.63096618652344
-104.5640869140625
-107.14874267578125
-110.37332916259766
-107.74375915527344
-105.0075454711914
-110.63361358642578
-103.23692321777344
-107.45484161376953
-100.95472717285156
-104.95714569091797
-106.01823425292969
-106.3829574584961
-107.54232025146484
-106.29110717773438
-106.12751007080078
-102.33395385742188
-107.10968017578125
-104.59278106689453
-101.49923706054688
-108.39894104003906
-98.97677612304688
-107.16712188720703
-103.67510986328125
-100.96495819091797
-106.7158203125
-107.86122131347656
-102.49552917480469
-103.97267150878906
-107.03287506103516
-106.11797332763672
-107.08470153808594
-109.75961303710938
-97.99381256103516
-103.23612976074219
-97.0616226196289
-107.82986450195312
-100.82811737060547
-100.82036590576172
-104.77523803710938
-105.90393829345703
-107.46636962890625
-106.95787811279297
-103.20037841796875
-105.03592681884766
-106.0854263305664
-110.62036895751953
