-556.891845703125
-484.1348571777344
-350.5959777832031
-333.1871643066406
-271.1305847167969
-254.6326141357422
-241.81631469726562
-230.65328979492188
-231.14208984375
-223.9093475341797
-225.84771728515625
-224.30194091796875
-224.94390869140625
-235.27870178222656
-215.8488311767578
-210.0818634033203
-211.11073303222656
-217.2221221923828
-212.3003387451172
-208.40159606933594
-217.79237365722656
-207.1621551513672
-208.69784545898438
-216.3788604736328
-224.5661163330078
-214.366943359375
-200.21542358398438
-216.296875
-207.71014404296875
-206.218505859375
-211.90013122558594
-205.44883728027344
-217.7793426513672
-206.9879608154297
-206.13406372070312
-203.98326110839844
-203.4228515625
-199.8125762939453
-196.56883239746094
-204.0941925048828
-193.83123779296875
-194.9364013671875
-202.73040771484375
-200.28147888183594
-196.5064239501953
-203.7769012451172
-202.57809448242188
-200.2476806640625
-198.70213317871094
-195.6580810546875
-192.03370666503906
-195.68797302246094
-199.03302001953125
-210.96519470214844
-207.90029907226562
-200.73089599609375
-202.29446411132812
-193.0752716064453
-184.91830444335938
-207.47354125976562
-193.69610595703125
-200.04443359375
-185.65234375
-195.46031188964844
-198.15370178222656
-183.581298828125
-198.6140899658203
-196.79791259765625
-194.583984375
-190.5397186279297
-189.00450134277344
-189.5609893798828
-189.68653869628906
-202.26168823242188
-190.01612854003906
-192.75723266601562
-186.27914428710938
-196.09487915039062
-179.73611450195312
-200.37973022460938
-187.2073211669922
-197.551513671875
-177.53030395507812
-192.57713317871094
-191.7799530029297
-188.82723999023438
-196.26341247558594
-180.53660583496094
-193.22142028808594
-179.7071990966797
-186.92662048339844
-183.73397827148438
-189.7631072998047
-193.08450317382812
-193.06005859375
-181.7376251220703
-185.52996826171875
-192.14395141601562
-184.93313598632812
-188.6529083251953
-188.8107147216797
-171.75091552734375
-193.302978515625
-185.9241485595703
-181.7517852783203
-195.2732696533203
-187.85008239746094
-179.8668212890625
-180.7379608154297
-171.70968627929688
-187.40304565429688
-171.58584594726562
-182.03880310058594
-174.57296752929688
-184.31468200683594
-180.21177673339844
-185.26394653320312
-183.1520538330078
-180.27586364746094
-175.41455078125
-188.1122589111328
-179.29067993164062
-179.7308807373047
-175.03118896484375
-171.34542846679688
-190.0947723388672
-167.8646697998047
-172.20620727539062
-179.50669860839844
-180.3155975341797
-158.33035278320312
-179.75181579589844
-166.60525512695312
-176.74118041992188
-168.2010955810547
-175.67904663085938
-172.66737365722656
-177.5403289794922
-179.91619873046875
-174.2525634765625
-177.13809204101562
-177.40625
-172.722900390625
-172.31576538085938
-174.49093627929688
-168.9209442138672
-169.9091796875
-169.7865447998047
-171.45391845703125
-173.9571075439453
-180.8359375
-166.40109252929688
-173.94903564453125
-170.67041015625
-175.2355194091797
-175.23666381835938
-174.6876678466797
-170.00369262695312
-172.0531463623047
-157.903564453125
-163.25103759765625
-162.1878662109375
-165.28118896484375
-158.26565551757812
-158.62368774414062
-160.29859924316406
-169.2438201904297
-171.12567138671875
-171.16290283203125
-154.66104125976562
-159.6359100341797
-147.8358917236328
-162.782958984375
-163.000244140625
-153.10650634765625
-160.833740234375
-158.20989990234375
-155.36923217773438
-161.18447875976562
-150.84776306152344
-157.6425323486328
-163.0764923095703
-157.1901092529297
-156.5111846923828
-146.59149169921875
-163.53863525390625
-150.743896484375
-161.01181030273438
-158.17286682128906
-154.80267333984375
-162.36041259765625
-149.7277069091797
-149.64964294433594
-156.86997985839844
-147.89527893066406
-158.7499237060547
-155.64987182617188
-161.03158569335938
-149.15174865722656
-155.94606018066406
-149.52865600585938
-154.65272521972656
-154.32955932617188
-147.31268310546875
-154.72900390625
-154.61341857910156
-160.658447265625
-148.90284729003906
-145.70968627929688
-155.97264099121094
-149.92864990234375
-152.39463806152344
-149.69813537597656
-161.49012756347656
-154.29576110839844
-153.0552520751953
-154.08851623535156
-147.87591552734375
-154.5113983154297
-151.77239990234375
-142.5469207763672
-160.04733276367188
-146.98873901367188
-162.16098022460938
-153.6779327392578
-156.0467071533203
-155.69229125976562
-152.38160705566406
-156.8618927001953
-155.32843017578125
-162.6611328125
-162.53091430664062
-155.95159912109375
-152.9069366455078
-150.4666748046875
-142.785400390625
-156.50904846191406
-154.38088989257812
-155.7375946044922
-146.81353759765625
-155.09515380859375
-148.04171752929688
-148.76356506347656
-152.43431091308594
-147.29034423828125
-149.23585510253906
-149.97552490234375
-150.3214111328125
-147.3146514892578
-144.7502899169922
-150.11801147460938
-149.75877380371094
-147.50119018554688
-140.36866760253906
-147.01231384277344
-147.55905151367188
-150.26760864257812
-156.4105224609375
-146.33285522460938
-155.41807556152344
-152.66896057128906
-148.4624481201172
-153.55197143554688
-143.23077392578125
-142.09938049316406
-148.3596954345703
-150.25172424316406
-139.9224090576172
-137.88925170898438
-147.4700927734375
-143.1336212158203
-151.51112365722656
-145.64862060546875
-150.58067321777344
-141.25311279296875
-144.61085510253906
-145.1887969970703
-136.4694366455078
-146.88943481445312
-150.91012573242188
-141.32789611816406
-146.8544921875
-148.4569091796875
-142.63795471191406
-139.9709930419922
-145.3527069091797
-142.11085510253906
-148.9715118408203
-148.675048828125
-147.13685607910156
-144.850341796875
-139.2325439453125
-145.1349639892578
-146.68707275390625
-146.98886108398438
-143.8237762451172
-143.6078338623047
-147.82525634765625
-147.63088989257812
-140.066650390625
-142.70172119140625
-141.90884399414062
-150.98716735839844
-144.9898681640625
-148.08164978027344
-139.3759765625
-137.94461059570312
-149.12899780273438
-143.82064819335938
-146.30511474609375
-146.7061767578125
-139.02772521972656
-144.404052734375
-145.23458862304688
-135.01651000976562
-143.37667846679688
-140.07373046875
-147.51638793945312
-142.10491943359375
-142.62281799316406
-143.875244140625
-151.0524139404297
-138.40830993652344
-131.985595703125
-136.25897216796875
-145.1778564453125
-150.21229553222656
-135.65625
-146.1398162841797
-144.2748260498047
-143.4133758544922
-138.23814392089844
-140.77809143066406
-140.42568969726562
-146.67764282226562
-148.49169921875
-142.53216552734375
-137.80984497070312
-136.78012084960938
-146.81707763671875
-147.76556396484375
-140.86123657226562
-142.74696350097656
-137.81478881835938
-145.8686981201172
-135.2340545654297
-137.3036346435547
-135.60804748535156
-140.46170043945312
-147.30410766601562
-142.95529174804688
-143.51283264160156
-142.27317810058594
-140.12030029296875
-134.0609893798828
-143.4941864013672
-137.29171752929688
-143.08920288085938
-145.0004425048828
-140.3279571533203
-141.52151489257812
-142.01109313964844
-140.8137969970703
-146.2831268310547
-140.53053283691406
-137.58250427246094
-138.23220825195312
-135.58363342285156
-139.91456604003906
-139.3091278076172
-137.07400512695312
-141.8074493408203
-128.29110717773438
-149.2143096923828
-136.52090454101562
-139.10147094726562
-134.04315185546875
-132.36297607421875
-128.47154235839844
-138.40562438964844
-137.97171020507812
-130.8450927734375
-133.3126678466797
-132.4674835205078
-139.24526977539062
-137.71046447753906
-133.3018798828125
-137.24163818359375
-144.98744201660156
-130.34124755859375
-132.54550170898438
-131.03871154785156
-140.31130981445312
-135.52310180664062
-133.60565185546875
-133.5072784423828
-127.5002212524414
-140.61083984375
-130.35531616210938
-133.18832397460938
-135.9834442138672
-131.5943603515625
-137.02053833007812
-129.86106872558594
-128.5374298095703
-144.74371337890625
-129.1657257080078
-133.61671447753906
-134.2781524658203
-135.5032501220703
-146.0704803466797
-137.44798278808594
-137.64154052734375
-130.5025177001953
-128.59942626953125
-130.6443328857422
-144.3362579345703
-129.6009521484375
-129.48733520507812
-139.0287628173828
-139.23805236816406
-127.97980499267578
-132.56350708007812
-139.98687744140625
-128.7749481201172
-130.4884033203125
-132.80230712890625
-127.889404296875
-127.12615203857422
-138.84490966796875
-128.45632934570312
-139.29983520507812
-129.6221923828125
-129.42469787597656
-126.42745208740234
-136.98989868164062
-133.96298217773438
-132.1416473388672
-138.70152282714844
-133.29283142089844
-133.25205993652344
-131.6174774169922
-137.83262634277344
-120.49639129638672
-133.02325439453125
-129.34747314453125
-134.07644653320312
-130.04722595214844
-129.31629943847656
-135.4774169921875
-127.83272552490234
-139.7493896484375
-133.2284393310547
-129.4347686767578
-141.4297637939453
-134.33163452148438
-137.335205078125
-134.9989776611328
-139.97315979003906
-127.60432434082031
-134.76345825195312
-130.3860321044922
-143.10159301757812
-122.47266387939453
-134.10581970214844
-139.14422607421875
-139.1285400390625
-133.42091369628906
-123.0763931274414
-123.01699829101562
-133.4198760986328
-130.21841430664062
-131.61936950683594
-131.2723846435547
-129.5128173828125
-126.56241607666016
-130.23480224609375
-140.53341674804688
-125.64432525634766
-126.28667449951172
-118.8597640991211
-132.42800903320312
-132.842041015625
-120.73706817626953
-136.40997314453125
-125.92655944824219
-128.71861267089844
-122.72112274169922
-132.4769287109375
-134.57810974121094
-128.95372009277344
-127.99156188964844
-129.59573364257812
-133.5122833251953
-127.64506530761719
-134.00584411621094
-123.55742645263672
-127.40787506103516
-123.27136993408203
-128.303955078125
-128.31198120117188
-128.14622497558594
-125.54816436767578
-123.8925552368164
-131.2542266845703
-130.1307830810547
-132.78958129882812
-126.4025650024414
-133.51507568359375
-134.006591796875
-129.78216552734375
-132.81492614746094
-134.6945343017578
-127.45511627197266
-125.29141998291016
-127.61827850341797
-125.99005889892578
-124.80931854248047
-133.75494384765625
-125.99242401123047
-129.67970275878906
-125.02403259277344
-129.707763671875
-128.7306365966797
-127.2918930053711
-128.22817993164062
-128.85684204101562
-134.37808227539062
-126.57337188720703
-125.75157928466797
-127.9476089477539
-129.7211456298828
-130.8882598876953
-138.92974853515625
-137.56570434570312
-125.59371948242188
-128.97073364257812
-128.78799438476562
-127.66524505615234
-128.08126831054688
-134.71058654785156
-129.50564575195312
-118.55393981933594
-135.44297790527344
-135.0584716796875
-123.32595825195312
-130.16677856445312
-125.35344696044922
-136.6298065185547
-132.15623474121094
-135.6363067626953
-124.2044448852539
-128.0639190673828
-127.272705078125
-132.33383178710938
-132.16583251953125
-131.14781188964844
-131.18113708496094
-132.1048583984375
-128.06161499023438
-133.95156860351562
-129.8661346435547
-125.03407287597656
-131.173095703125
-138.73287963867188
-136.04302978515625
-135.44529724121094
-122.9714126586914
-127.68814086914062
-135.6442413330078
-123.17366790771484
-125.777099609375
-124.34541320800781
-134.63470458984375
-119.39408874511719
-133.23358154296875
-122.4084243774414
-143.04188537597656
-133.40625
-126.97611999511719
-130.6160888671875
-131.1275177001953
-132.13133239746094
-128.1925506591797
-131.74330139160156
-130.00994873046875
-127.03137969970703
-118.52011108398438
-128.08761596679688
-122.47300720214844
-128.2720489501953
-130.4412841796875
-127.52498626708984
-131.24978637695312
-125.13191223144531
-129.6873016357422
-124.10807037353516
-121.38433074951172
-136.47740173339844
-131.8448486328125
-126.63093566894531
-129.45928955078125
-130.9891357421875
-130.6541748046875
-123.24285125732422
-123.72251892089844
-129.1997833251953
-122.09223937988281
-131.7163848876953
-127.10782623291016
-121.9482192993164
-128.50160217285156
-128.1724090576172
-135.58473205566406
-132.9681396484375
-127.7070541381836
-124.20438385009766
-127.81356048583984
-122.2409439086914
-126.0457992553711
-123.84093475341797
-123.48149871826172
-121.9278793334961
-124.28437042236328
-120.57781982421875
-127.4658203125
-133.7947998046875
-128.44949340820312
-128.26766967773438
-131.9817657470703
-131.42630004882812
-127.05851745605469
-133.38153076171875
-124.7739028930664
-120.76148986816406
-128.8457489013672
-130.0952606201172
-126.86035919189453
-120.72181701660156
-130.54931640625
-129.7755584716797
-135.30300903320312
-135.32455444335938
-125.48573303222656
-125.53824615478516
-118.29073333740234
-122.50749206542969
-121.20195770263672
-122.36622619628906
-124.48518371582031
-127.6920394897461
-136.4903106689453
-129.6008758544922
-132.46441650390625
-132.93626403808594
-126.73155975341797
-124.68757629394531
-129.34097290039062
-122.11846923828125
-122.16165161132812
-133.5295867919922
-119.70917510986328
-131.2764434814453
-123.74347686767578
-119.6684341430664
-123.48653411865234
-132.28823852539062
-123.74382019042969
-122.57373809814453
-127.94664001464844
-128.63357543945312
-130.65719604492188
-124.41219329833984
-122.99490356445312
-130.51126098632812
-121.1847152709961
-121.56165313720703
-130.49208068847656
-130.46481323242188
-129.6223602294922
-128.02565002441406
-127.68623352050781
-122.83199310302734
-126.72513580322266
-128.87472534179688
-121.01768493652344
-121.72752380371094
-123.87297821044922
-126.44916534423828
-125.94303131103516
-119.91719055175781
-127.58683013916016
-112.4400405883789
-125.3807373046875
-125.06550598144531
-127.18563079833984
-125.69068145751953
-121.1429672241211
-123.25952911376953
-125.46561431884766
-121.72373962402344
-124.95022583007812
-134.79934692382812
-127.12760925292969
-125.25089263916016
-127.84803771972656
-124.10713958740234
-127.47933197021484
-125.9072036743164
-128.09378051757812
-120.52572631835938
-128.65614318847656
-127.49353790283203
-120.86365509033203
-125.95519256591797
-122.8702621459961
-124.08240509033203
-123.10719299316406
-123.01473236083984
-125.11112976074219
-138.3892364501953
-121.53215026855469
-124.8381576538086
-129.1490478515625
-122.55421447753906
-127.49826049804688
-121.18414306640625
-125.9531021118164
-127.2404556274414
-117.46357727050781
-122.79083251953125
-132.45652770996094
-122.89495086669922
-125.04278564453125
-128.14231872558594
-130.01028442382812
-117.9474105834961
-126.10084533691406
-125.13548278808594
-115.3813247680664
-125.51210021972656
-125.6886215209961
-121.83145141601562
-118.64633178710938
-129.99241638183594
-126.97384643554688
-125.27960968017578
-119.59978485107422
-122.8087158203125
-129.34219360351562
-126.9341049194336
-122.7646484375
-119.0208511352539
-123.31380462646484
-120.80291748046875
-123.14771270751953
-127.45413208007812
-128.21719360351562
-120.531982421875
-133.49761962890625
-120.68673706054688
-123.32838439941406
-119.36483764648438
-121.66365814208984
-117.28754425048828
-122.46699523925781
-122.28021240234375
-114.05769348144531
-125.45640563964844
-124.50141143798828
-124.84490203857422
-120.73006439208984
-131.19427490234375
-134.56124877929688
-117.14320373535156
-118.2294692993164
-131.46009826660156
-127.05354309082031
-118.46857452392578
-124.72479248046875
-121.30132293701172
-124.54484558105469
-121.27885437011719
-124.71788787841797
-125.46685791015625
-121.6512451171875
-118.5187759399414
-122.80683898925781
-130.2155303955078
-117.56141662597656
-110.92955017089844
-120.23279571533203
-120.19447326660156
-123.26020812988281
-119.77153778076172
-126.89349365234375
-129.97169494628906
-124.74588775634766
-122.52327728271484
-122.94007110595703
-123.62252807617188
-127.94832611083984
-123.64988708496094
-132.68740844726562
-117.3127670288086
-122.20423889160156
-125.57820129394531
-128.7614288330078
-125.15872192382812
-124.72977447509766
-121.99462890625
-121.5558853149414
-132.05702209472656
-118.58935546875
-120.3414535522461
-122.84866333007812
-120.49478912353516
-124.03929138183594
-121.83189392089844
-130.81109619140625
-122.87081146240234
-123.0787124633789
-125.42510223388672
-121.7590560913086
-126.73697662353516
-122.40083312988281
-125.743896484375
-119.86419677734375
-120.02925872802734
-117.98353576660156
-128.2025146484375
-133.6322479248047
-124.86089324951172
-113.88737487792969
-123.58499908447266
-128.07229614257812
-127.56436157226562
-122.15558624267578
-121.65403747558594
-117.5355453491211
-127.47492980957031
-121.38153076171875
-122.1348876953125
-124.42022705078125
-122.2364273071289
-121.17452239990234
-122.63948822021484
-115.77389526367188
-123.58000946044922
-127.79566955566406
-125.15719604492188
-121.97369384765625
-128.2010955810547
-118.55248260498047
-119.9879379272461
-128.82955932617188
-120.44270324707031
-125.7177963256836
-120.93357849121094
-124.24939727783203
-114.22608947753906
-118.77552795410156
-124.64462280273438
-121.89769744873047
-118.91297149658203
-121.02596282958984
-120.46610260009766
-123.14810943603516
-117.74153900146484
-119.73832702636719
-118.98048400878906
-123.40211486816406
-128.83641052246094
-127.945556640625
-121.99356079101562
-119.90159606933594
-114.84435272216797
-129.56719970703125
-115.98075103759766
-129.65428161621094
-123.71014404296875
-128.6090087890625
-120.11396789550781
-117.62128448486328
-122.56282806396484
-122.88864135742188
-123.09626007080078
-128.3450927734375
-124.7471923828125
-121.43885803222656
-119.70547485351562
-130.53089904785156
-124.00749206542969
-127.52442932128906
-125.36836242675781
-124.78717041015625
-124.0376968383789
-129.87232971191406
-121.8155517578125
-126.88522338867188
-118.41549682617188
-121.81698608398438
-123.98907470703125
-126.12411499023438
-124.48719024658203
-123.0030517578125
-121.53642272949219
-118.60260009765625
-125.31295013427734
-123.40740203857422
-120.80725860595703
-125.0348892211914
-117.88179016113281
-130.50865173339844
-121.23079681396484
-117.30760955810547
-123.53155517578125
-125.9415283203125
-121.18640899658203
-122.05037689208984
-127.63255310058594
-123.64106750488281
-122.06957244873047
-130.71163940429688
-112.71560668945312
-121.09619903564453
-112.4988021850586
-125.2675552368164
-116.54068756103516
-117.54878234863281
-122.9563217163086
-124.74068450927734
-124.31117248535156
-125.52023315429688
-120.5898208618164
-122.36548614501953
-122.35226440429688
-123.38663482666016
