-100.08091735839844
-112.62725067138672
-104.62808990478516
-113.0377426147461
-110.64970397949219
-110.16674041748047
-103.99740600585938
-99.07371520996094
-111.05298614501953
-102.70269775390625
-108.96270751953125
-106.99410247802734
-110.267822265625
-108.32752990722656
-108.19297790527344
-101.37544250488281
-102.60106658935547
-109.61368560791016
-106.7630615234375
-100.76847839355469
-105.21971893310547
-105.35863494873047
-106.27567291259766
-109.47572326660156
-108.62125396728516
-112.28540802001953
-99.27037048339844
-109.61461639404297
-101.36786651611328
-105.70150756835938
-108.82598114013672
-116.27762603759766
-110.4679946899414
-115.4451675415039
-110.17945098876953
-105.33219909667969
-102.30781555175781
-107.63795471191406
-106.64806365966797
-103.87995910644531
-99.88507843017578
-99.67257690429688
-108.98639678955078
-103.13826751708984
-103.2535629272461
-111.16338348388672
-108.87945556640625
-105.50804138183594
-106.82072448730469
-103.46392059326172
-101.66162872314453
-105.01873779296875
-104.18131256103516
-117.24154663085938
-109.7321548461914
-106.82757568359375
-107.56694030761719
-99.5408706665039
-97.83094024658203
-112.63191223144531
-105.42866516113281
-106.95018768310547
-100.22724914550781
-105.80593872070312
-109.51191711425781
-99.22178649902344
-107.00200653076172
-107.23748016357422
-106.06297302246094
-102.36552429199219
-104.50379180908203
-101.96973419189453
-102.56403350830078
-111.3016357421875
-107.07709503173828
-108.22949981689453
-101.313720703125
-107.60230255126953
-105.43836212158203
-110.77057647705078
-102.061767578125
-107.61732482910156
-99.06277465820312
-104.29971313476562
-109.16619110107422
-106.80593872070312
-107.911376953125
-100.15532684326172
-109.21076202392578
-98.38186645507812
-101.93614959716797
-105.93473815917969
-107.6541519165039
-107.27549743652344
-113.64141845703125
-103.78462219238281
-106.23841094970703
-104.5429916381836
-105.01805114746094
-109.63694763183594
-105.14118957519531
-96.875
-112.37403869628906
-107.50884246826172
-105.44873046875
-110.15970611572266
-110.22014617919922
-99.40200805664062
-104.68928527832031
-100.21636962890625
-109.73275756835938
-95.2308578491211
-107.91935729980469
-98.66941833496094
-105.65054321289062
-102.77930450439453
-107.48184204101562
-104.69036102294922
-101.68116760253906
-100.627197265625
-112.83012390136719
-104.35455322265625
-104.18807983398438
-102.41523742675781
-97.2791748046875
-108.562744140625
-103.16739654541016
-98.24114990234375
-105.7221908569336
-103.70812225341797
-98.93146514892578
-107.17875671386719
-99.19071960449219
-106.21299743652344
-100.66974639892578
-103.40776062011719
-104.40592193603516
-109.46548461914062
-105.83011627197266
-103.93319702148438
-109.91940307617188
-107.09698486328125
-104.54469299316406
-103.95806884765625
-104.92660522460938
-102.87653350830078
-105.04478454589844
-102.93782806396484
-106.87018585205078
-110.23641204833984
-111.68983459472656
-99.89756774902344
-109.7065658569336
-107.43824768066406
-110.31382751464844
-110.39571380615234
-113.32046508789062
-107.34337615966797
-109.92521667480469
-102.74683380126953
-105.34278106689453
-106.26639556884766
-106.83680725097656
-104.35012817382812
-103.29444885253906
-102.02688598632812
-106.22713470458984
-114.2283706665039
-110.4674072265625
-106.92958068847656
-104.85738372802734
-96.58023834228516
-110.9026870727539
-103.02735137939453
-101.71479034423828
-105.81813049316406
-103.56217193603516
-104.4713363647461
-107.58364868164062
-100.312255859375
-104.87769317626953
-110.92842102050781
-105.4428939819336
-105.18406677246094
-99.8696060180664
-105.93621063232422
-100.79751586914062
-108.52665710449219
-106.79161071777344
-110.17922973632812
-109.78817749023438
-102.98345947265625
-102.54769134521484
-107.29557800292969
-102.27387237548828
-102.4827651977539
-105.66317749023438
-108.08232116699219
-100.71289825439453
-105.44805908203125
-104.71216583251953
-105.12580108642578
-108.0650634765625
-100.60507202148438
-105.81402587890625
-107.53239440917969
-111.74785614013672
-101.96945190429688
-97.87438201904297
-109.84537506103516
-103.13983917236328
-107.20194244384766
-102.88921356201172
-111.32144927978516
-108.66122436523438
-106.93148040771484
-108.64453887939453
-102.3578872680664
-108.60547637939453
-103.62640380859375
-103.70011138916016
-113.03440856933594
-104.6853256225586
-110.40634155273438
-106.41275024414062
-109.63038635253906
-109.2342300415039
-107.68248748779297
-106.9773178100586
-108.14772033691406
-114.19417572021484
-114.48841857910156
-109.81302642822266
-107.10591125488281
-108.49423217773438
-99.8057861328125
-108.28440856933594
-109.14624786376953
-109.7108383178711
-105.78092956542969
-110.5874252319336
-108.59794616699219
-105.07960510253906
-107.49236297607422
-106.81039428710938
-107.53715515136719
-106.51838684082031
-109.02732849121094
-103.30702209472656
-103.39897918701172
-109.47063446044922
-104.44536590576172
-102.09766387939453
-99.57064819335938
-105.42741394042969
-103.35260009765625
-107.87006378173828
-118.22903442382812
-102.82759857177734
-108.66065979003906
-110.42208862304688
-105.14659881591797
-106.32039642333984
-102.17140197753906
-102.58214569091797
-108.38473510742188
-108.69841003417969
-97.17279815673828
-101.80851745605469
-107.76681518554688
-106.13286590576172
-105.5928726196289
-105.75732421875
-109.2231674194336
-101.35591125488281
-103.09886932373047
-104.8358383178711
-99.81901550292969
-105.14501190185547
-109.04267883300781
-99.32707977294922
-102.78471374511719
-105.29230499267578
-100.64114379882812
-99.06119537353516
-106.2964096069336
-104.7642593383789
-110.30125427246094
-110.78665924072266
-107.06216430664062
-105.21762084960938
-100.38090515136719
-106.5370864868164
-110.26644134521484
-108.00565338134766
-103.94779968261719
-104.74160766601562
-109.94832611083984
-106.72920989990234
-102.88375854492188
-102.86475372314453
-104.98160552978516
-107.57994842529297
-106.29041290283203
-109.12333679199219
-104.20841979980469
-101.95085906982422
-110.57408142089844
-106.95223236083984
-108.56644439697266
-107.22563171386719
-104.20800018310547
-104.90304565429688
-107.63835906982422
-100.97506713867188
-105.41145324707031
-100.90139770507812
-109.3758316040039
-103.24881744384766
-104.30801391601562
-108.66173553466797
-113.16410064697266
-101.29090881347656
-100.47793579101562
-106.50578308105469
-109.88079833984375
-112.24409484863281
-102.76097106933594
-111.42584228515625
-110.93289947509766
-107.77928161621094
-103.5566635131836
-106.31843566894531
-105.35515594482422
-112.74320983886719
-111.24036407470703
-103.51431274414062
-105.38949584960938
-103.20020294189453
-112.11820220947266
-111.47008514404297
-106.38652801513672
-111.24193572998047
-106.23060607910156
-114.677001953125
-99.44770812988281
-102.52786254882812
-104.32454681396484
-106.48585510253906
-114.71784210205078
-106.47386169433594
-109.11009216308594
-110.33330535888672
-108.94612884521484
-101.1692123413086
-109.02552795410156
-110.8063735961914
-109.04774475097656
-113.51188659667969
-109.85706329345703
-107.04137420654297
-110.22674560546875
-106.5802230834961
-112.94756317138672
-106.8686752319336
-105.31173706054688
-105.81534576416016
-103.99516296386719
-106.85853576660156
-108.99864196777344
-105.51189422607422
-104.40036010742188
-100.38516998291016
-113.58921813964844
-110.634521484375
-110.31973266601562
-102.9121322631836
-106.97726440429688
-100.42081451416016
-104.10615539550781
-106.31549835205078
-103.03636169433594
-103.76654052734375
-102.88192749023438
-110.9222640991211
-105.24553680419922
-103.4411392211914
-105.93301391601562
-110.2582778930664
-102.7904281616211
-98.93138122558594
-103.35779571533203
-105.9518051147461
-103.82962036132812
-103.05538940429688
-103.72096252441406
-102.61676025390625
-112.4891586303711
-100.66673278808594
-105.30945587158203
-107.4408950805664
-105.72943878173828
-104.6500244140625
-103.23526000976562
-103.08041381835938
-115.26004791259766
-100.89257049560547
-104.84298706054688
-108.1917495727539
-108.43238830566406
-114.02703857421875
-109.06890106201172
-108.26543426513672
-101.51325225830078
-102.69769287109375
-99.7791976928711
-112.3237533569336
-102.56401062011719
-103.49089813232422
-108.80045318603516
-110.22608947753906
-99.8610610961914
-104.62024688720703
-112.43547058105469
-102.43367767333984
-105.86335754394531
-106.05825805664062
-106.1338119506836
-102.94474029541016
-109.7205581665039
-103.0787582397461
-114.83514404296875
-100.79681396484375
-102.47041320800781
-102.74154663085938
-108.05045318603516
-105.62860870361328
-106.7969741821289
-109.21408081054688
-102.19041442871094
-106.6612548828125
-104.3982925415039
-107.99075317382812
-95.90227508544922
-105.98631286621094
-100.95579528808594
-107.02642822265625
-101.65917205810547
-101.9669189453125
-110.54267883300781
-103.72047424316406
-111.23409271240234
-104.07568359375
-104.92591094970703
-112.35017395019531
-107.23140716552734
-111.8397216796875
-109.92957305908203
-109.65476989746094
-98.9817886352539
-105.37574005126953
-103.28388214111328
-111.18671417236328
-96.42686462402344
-105.64852142333984
-110.76985168457031
-112.71443176269531
-109.36985778808594
-101.04873657226562
-98.47523498535156
-107.69403839111328
-102.38368225097656
-104.56071472167969
-106.09481811523438
-100.95256042480469
-103.43917846679688
-104.99789428710938
-112.38119506835938
-101.25181579589844
-102.8253402709961
-95.1668701171875
-104.40711975097656
-105.73922729492188
-99.32533264160156
-106.37409973144531
-101.08647155761719
-105.21118927001953
-100.36640930175781
-109.18379974365234
-108.93933868408203
-104.96369934082031
-103.55667877197266
-101.46531677246094
-108.5357666015625
-104.40519714355469
-108.56779479980469
-100.63995361328125
-104.84820556640625
-97.29375457763672
-104.64586639404297
-103.93799591064453
-106.3257827758789
-105.51042175292969
-100.15465545654297
-109.62459564208984
-103.8410415649414
-107.88011169433594
-102.97711944580078
-106.76844024658203
-106.15750885009766
-104.9581527709961
-108.971435546875
-112.63433074951172
-100.85411834716797
-101.53910827636719
-100.66825103759766
-101.70819091796875
-100.27339935302734
-110.28672790527344
-102.81090545654297
-104.79859161376953
-102.79022216796875
-107.51815795898438
-106.94805908203125
-102.36338806152344
-107.72595977783203
-104.94827270507812
-112.03705596923828
-103.47642517089844
-101.674560546875
-105.67935180664062
-105.31910705566406
-106.3636245727539
-112.2713851928711
-113.1277084350586
-103.76270294189453
-103.19270324707031
-105.85549926757812
-104.75921630859375
-106.86003875732422
-112.73504638671875
-103.42051696777344
-99.88851165771484
-108.36146545410156
-112.06735229492188
-101.89423370361328
-106.59002685546875
-102.59188842773438
-112.11263275146484
-107.99952697753906
-110.04299926757812
-99.53292846679688
-103.45081329345703
-104.70679473876953
-108.37652587890625
-107.88993835449219
-107.5617446899414
-111.926513671875
-108.91576385498047
-104.13868713378906
-107.60326385498047
-107.8880615234375
-104.5084228515625
-108.70189666748047
-111.66649627685547
-113.12973022460938
-110.34321594238281
-102.43641662597656
-103.28068542480469
-112.17349243164062
-102.94246673583984
-101.08983612060547
-100.72544860839844
-108.36273956298828
-97.36746215820312
-110.14966583251953
-100.24089813232422
-118.33116149902344
-110.53620910644531
-105.39483642578125
-107.84320831298828
-111.92709350585938
-110.81790924072266
-103.88642120361328
-105.46322631835938
-107.38993072509766
-105.06031036376953
-99.72901153564453
-104.3058090209961
-100.64376831054688
-105.7030029296875
-103.79850769042969
-104.63429260253906
-110.29541778564453
-103.80767059326172
-104.85980224609375
-100.30781555175781
-102.90542602539062
-114.64359283447266
-111.74247741699219
-104.82413482666016
-105.43305206298828
-106.2684097290039
-108.50109100341797
-100.52169036865234
-101.73770904541016
-106.27183532714844
-102.79803466796875
-107.29039764404297
-103.81490325927734
-102.29639434814453
-106.87324523925781
-104.19182586669922
-114.46524810791016
-108.51909637451172
-105.22661590576172
-104.614990234375
-106.98949432373047
-104.4313735961914
-102.887939453125
-104.2848129272461
-100.74046325683594
-103.7397232055664
-105.56553649902344
-101.45003509521484
-105.1574935913086
-108.92526245117188
-105.56233978271484
-108.05248260498047
-112.67124938964844
-105.54063415527344
-105.5580825805664
-111.22818756103516
-104.77757263183594
-99.0207748413086
-106.98332977294922
-108.65203857421875
-104.76551818847656
-101.85694122314453
-113.56866455078125
-106.01873016357422
-111.81685638427734
-111.84111022949219
-107.58161926269531
-104.06504821777344
-97.5606689453125
-103.76522064208984
-103.96654510498047
-102.01849365234375
-103.21601104736328
-105.59437561035156
-118.39632415771484
-107.41728210449219
-111.3491439819336
-111.2101821899414
-108.47966003417969
-103.17996215820312
-107.57801055908203
-102.0239028930664
-105.110595703125
-110.92424774169922
-101.57962036132812
-109.53002166748047
-105.44861602783203
-99.50687408447266
-105.66998291015625
-111.60466003417969
-103.80880737304688
-103.80665588378906
-108.4756851196289
-108.5671615600586
-108.9401626586914
-103.52919006347656
-103.62468719482422
-109.25694274902344
-101.0531234741211
-102.56492614746094
-109.2882308959961
-109.64725494384766
-109.56710815429688
-111.1482925415039
-105.50389862060547
-104.72940826416016
-109.5905532836914
-109.12015533447266
-102.58788299560547
-101.5031967163086
-103.70527648925781
-106.7540283203125
-103.31167602539062
-102.14879608154297
-111.56312561035156
-96.2191390991211
-105.93264770507812
-108.40959167480469
-106.27943420410156
-104.88622283935547
-104.00527954101562
-107.33061981201172
-105.50745391845703
-101.24765014648438
-104.34227752685547
-113.54671478271484
-106.96582794189453
-106.08682250976562
-105.04008483886719
-106.44866180419922
-106.45680236816406
-109.11304473876953
-106.67041015625
-101.25769805908203
-106.39601135253906
-106.10907745361328
-102.94967651367188
-107.10084533691406
-103.86713409423828
-103.83872985839844
-102.98252868652344
-103.89644622802734
-108.06997680664062
-113.77388763427734
-103.61283874511719
-105.96485137939453
-109.87371826171875
-105.3431167602539
-110.0159683227539
-101.83299255371094
-105.10012817382812
-109.20793914794922
-97.21770477294922
-103.86266326904297
-110.81835174560547
-103.81678771972656
-106.32752990722656
-107.4276351928711
-110.5
-100.29011535644531
-106.90975952148438
-105.0770034790039
-98.85769653320312
-106.7214126586914
-107.25627899169922
-103.11392974853516
-101.76068878173828
-108.21208953857422
-108.5002212524414
-104.96411895751953
-105.5340805053711
-102.37802124023438
-108.71700286865234
-110.88807678222656
-106.90769958496094
-104.38544464111328
-105.00335693359375
-100.67887115478516
-105.33822631835938
-106.40271759033203
-106.83763885498047
-100.87936401367188
-112.32435607910156
-104.5730972290039
-104.02847290039062
-97.3990478515625
-103.49642944335938
-99.267822265625
-102.25955963134766
-105.90055847167969
-97.2374038696289
-108.49176788330078
-109.73035430908203
-106.07808685302734
-104.09966278076172
-113.56504821777344
-114.03414916992188
-100.90341186523438
-100.73236083984375
-110.23531341552734
-108.1995620727539
-100.76356506347656
-107.28536987304688
-101.33023071289062
-107.11112976074219
-101.57378387451172
-105.6746826171875
-106.42375183105469
-107.65838623046875
-102.37715148925781
-103.60897064208984
-109.38626861572266
-100.83087158203125
-95.6244888305664
-102.08145904541016
-105.03121185302734
-105.4561767578125
-103.28009796142578
-106.73334503173828
-107.4412841796875
-105.42184448242188
-103.60258483886719
-105.92620086669922
-105.508544921875
-109.4316177368164
-105.64112091064453
-112.46858978271484
-100.14630126953125
-104.77778625488281
-106.03870391845703
-109.9242935180664
-107.72642517089844
-107.94780731201172
-106.34950256347656
-105.67532348632812
-111.19837188720703
-103.00419616699219
-103.10795593261719
-106.31742858886719
-102.44071197509766
-107.8024673461914
-106.36425018310547
-110.39400482177734
-104.52091979980469
-106.8992919921875
-108.39269256591797
-104.0075454711914
-108.8160629272461
-105.17123413085938
-109.33977508544922
-102.74613952636719
-99.21170043945312
-101.12921142578125
-110.23446655273438
-111.61598205566406
-108.04363250732422
-99.7396469116211
-107.25477600097656
-107.3241958618164
-109.59442901611328
-106.4811019897461
-105.76712799072266
-103.02877044677734
-110.56460571289062
-105.74659729003906
-106.10983276367188
-104.98700714111328
-104.32138061523438
-103.35242462158203
-105.42607116699219
-97.0802001953125
-106.13217163085938
-108.11837005615234
-104.65325164794922
-105.99176788330078
-108.09957885742188
-101.97478485107422
-102.18434143066406
-109.25335693359375
-105.9688720703125
-109.46351623535156
-104.59317016601562
-106.17862701416016
-98.09469604492188
-103.12484741210938
-107.08525848388672
-103.63211059570312
-102.7087631225586
-108.20875549316406
-103.16886901855469
-107.4632568359375
-101.41022491455078
-102.21376037597656
-104.69953918457031
-107.25604248046875
-112.19657897949219
-110.24978637695312
-105.96592712402344
-105.00193786621094
-99.78764343261719
-110.87979125976562
-99.86554718017578
-112.84723663330078
-105.08349609375
-109.58474731445312
-104.11001586914062
-101.29978942871094
-105.67265319824219
-102.98492431640625
-105.80413055419922
-112.6139144897461
-109.46619415283203
-106.7213134765625
-103.3927230834961
-112.56395721435547
-104.63338470458984
-110.78546905517578
-110.0975341796875
-109.67357635498047
-106.03668212890625
-111.48936462402344
-103.77942657470703
-107.5015640258789
-103.97631072998047
-103.47538757324219
-107.96559143066406
-108.33467102050781
-106.81761932373047
-108.9555892944336
-108.61216735839844
-102.50255584716797
-105.43859100341797
-107.53508758544922
-104.46700286865234
-109.83702850341797
-101.8666000366211
-111.3960189819336
-104.54875183105469
-101.93499755859375
-107.23857879638672
-105.85743713378906
-107.56432342529297
-104.06228637695312
-110.39453125
-107.75487518310547
-108.76338958740234
-110.72074127197266
-98.41648864746094
-105.53766632080078
-99.25608825683594
-108.63523864746094
-103.0918197631836
-102.49827575683594
-106.0888900756836
-107.91472625732422
-105.71063995361328
-108.34764862060547
-103.56672668457031
-105.40257263183594
-107.93130493164062
-107.2497787475586
