-102.13703155517578
-114.40242767333984
-106.45702362060547
-114.993408203125
-110.96003723144531
-111.00447845458984
-105.92537689208984
-99.626220703125
-113.1396484375
-103.37602233886719
-111.66345977783203
-108.34355926513672
-111.97842407226562
-110.29594421386719
-108.63861846923828
-103.20381927490234
-104.40839385986328
-111.30465698242188
-108.13069152832031
-101.94195556640625
-108.01094818115234
-108.70796966552734
-106.921875
-109.8992691040039
-110.45991516113281
-115.0741195678711
-102.8301773071289
-113.4216537475586
-102.46231842041016
-106.72452545166016
-110.99465942382812
-116.95858001708984
-112.25437927246094
-114.72831726074219
-111.70866394042969
-105.50934600830078
-104.2063217163086
-109.91801452636719
-109.32874298095703
-106.45728302001953
-101.60381317138672
-99.97872924804688
-110.01178741455078
-106.6664047241211
-105.1777572631836
-112.01799011230469
-110.068115234375
-106.64270782470703
-109.25210571289062
-106.49629974365234
-103.0030746459961
-106.20056915283203
-105.72946166992188
-117.709228515625
-111.54986572265625
-109.03254699707031
-110.2334976196289
-101.6805648803711
-98.620361328125
-114.62089538574219
-106.86160278320312
-109.21863555908203
-102.61194610595703
-107.76476287841797
-111.59799194335938
-103.0179443359375
-108.22212219238281
-107.42090606689453
-108.43742370605469
-103.66450500488281
-106.9656982421875
-104.89134979248047
-103.23542785644531
-113.73838806152344
-107.64680480957031
-110.09937286376953
-104.00100708007812
-109.09759521484375
-107.38562774658203
-111.7884521484375
-104.24348449707031
-108.98436737060547
-100.1841812133789
-105.83570098876953
-110.44921875
-108.6424331665039
-109.53247833251953
-101.46514892578125
-110.7105484008789
-100.44506072998047
-104.19629669189453
-108.09243774414062
-109.34867095947266
-110.06693267822266
-114.19799041748047
-104.7686996459961
-108.60992431640625
-106.33084106445312
-106.09672546386719
-110.8216781616211
-106.24127960205078
-98.26859283447266
-114.83440399169922
-109.75017547607422
-107.16122436523438
-113.23357391357422
-112.53334045410156
-100.7931900024414
-108.0020523071289
-102.3470687866211
-111.46380615234375
-96.30445861816406
-109.99536895751953
-102.26942443847656
-107.44934844970703
-106.83966827392578
-108.65032958984375
-105.97212982177734
-103.8118896484375
-102.71481323242188
-115.1950912475586
-108.04496002197266
-106.7287826538086
-104.6551284790039
-98.59880828857422
-110.43342590332031
-105.17440795898438
-101.69629669189453
-108.43887329101562
-105.72760772705078
-100.73921203613281
-109.98402404785156
-102.39725494384766
-108.5124282836914
-102.6618423461914
-104.4453125
-105.67781829833984
-110.27983093261719
-108.79399871826172
-105.76290893554688
-110.40042114257812
-108.80816650390625
-106.9144287109375
-106.78813934326172
-107.4036636352539
-105.37023162841797
-107.70501708984375
-105.2041244506836
-109.7056884765625
-111.2431411743164
-113.039794921875
-101.57571411132812
-111.81539916992188
-109.72522735595703
-112.38632202148438
-113.822998046875
-114.0278091430664
-110.28271484375
-110.61461639404297
-104.52094268798828
-107.8897476196289
-107.18340301513672
-108.81168365478516
-106.24202728271484
-105.16364288330078
-102.82304382324219
-106.99000549316406
-114.00487518310547
-111.95756530761719
-107.71674346923828
-106.94873809814453
-97.85420227050781
-111.72482299804688
-102.1373291015625
-102.7104263305664
-106.43216705322266
-104.17782592773438
-105.88026428222656
-108.69300079345703
-101.69254302978516
-106.63533020019531
-112.44804382324219
-107.50482177734375
-106.79409790039062
-100.93167877197266
-107.80877685546875
-102.7165756225586
-109.81022644042969
-108.12846374511719
-111.00507354736328
-110.47117614746094
-104.02590942382812
-103.64603424072266
-109.45220947265625
-105.02127838134766
-105.21893310546875
-107.31217956542969
-109.78319549560547
-102.76465606689453
-108.68377685546875
-105.4366455078125
-107.4155502319336
-109.02787017822266
-101.95614624023438
-108.36420440673828
-109.86695098876953
-112.34502410888672
-103.03716278076172
-99.58065032958984
-111.64762878417969
-104.97820281982422
-108.60831451416016
-105.49745178222656
-114.20648956298828
-111.56195068359375
-108.52542877197266
-108.72530364990234
-104.01593780517578
-109.66004180908203
-104.81590270996094
-104.75276947021484
-113.76105499267578
-106.0251235961914
-112.8242416381836
-107.85006713867188
-111.69352722167969
-110.95142364501953
-109.31481170654297
-108.54776763916016
-109.60760498046875
-116.00880432128906
-115.55448913574219
-109.84616088867188
-108.06035614013672
-110.4687728881836
-101.60560607910156
-109.5084228515625
-110.06655883789062
-110.9603042602539
-106.89759063720703
-111.83179473876953
-108.98503112792969
-106.47180938720703
-107.9178695678711
-107.44906616210938
-109.1141586303711
-109.98126220703125
-110.56304168701172
-105.43134307861328
-104.94924926757812
-108.53477478027344
-107.43372344970703
-104.726318359375
-99.89605712890625
-107.4817886352539
-104.9748764038086
-109.36957550048828
-118.21629333496094
-104.19422912597656
-110.2191390991211
-113.57022857666016
-106.60630798339844
-109.94624328613281
-102.36180877685547
-104.40333557128906
-108.79645538330078
-110.491943359375
-99.47809600830078
-103.48190307617188
-108.05245971679688
-107.44595336914062
-108.05644989013672
-106.16483306884766
-109.73442840576172
-103.8438720703125
-106.74691009521484
-108.0184326171875
-101.39410400390625
-106.95945739746094
-111.21660614013672
-101.06927490234375
-104.70938110351562
-108.32610321044922
-104.16345977783203
-100.86441802978516
-108.96099090576172
-106.8082504272461
-113.0938491821289
-112.48350524902344
-108.31785583496094
-107.799560546875
-100.36402893066406
-105.31702423095703
-111.37210083007812
-109.24736022949219
-106.96531677246094
-106.00889587402344
-111.88075256347656
-107.55419921875
-104.65103912353516
-104.79621124267578
-106.61204528808594
-109.52005767822266
-109.34332275390625
-108.88816833496094
-104.51060485839844
-102.73334503173828
-112.94580841064453
-111.1196517944336
-110.61902618408203
-109.63155364990234
-105.92939758300781
-107.47869873046875
-108.80949401855469
-103.1639404296875
-107.7501449584961
-103.64000701904297
-111.21903991699219
-106.1869125366211
-106.12298583984375
-109.97920989990234
-116.0064697265625
-103.79296875
-101.63842010498047
-107.77082824707031
-112.1134033203125
-114.02759552001953
-104.0404281616211
-112.80909729003906
-111.44171905517578
-109.39419555664062
-105.34396362304688
-107.8100814819336
-106.93608856201172
-114.51219940185547
-112.04447174072266
-106.68731689453125
-108.19068145751953
-105.90056610107422
-113.657958984375
-115.2160415649414
-107.89891815185547
-111.75507354736328
-106.00273895263672
-115.37763977050781
-100.98223876953125
-104.00115203857422
-106.1419677734375
-108.53518676757812
-117.56803894042969
-108.4307632446289
-109.60533905029297
-112.80191040039062
-110.5808334350586
-103.80825805664062
-111.21794128417969
-111.93156433105469
-111.85709381103516
-115.21161651611328
-110.57923126220703
-107.38555908203125
-112.47306060791016
-108.214111328125
-112.67353820800781
-108.00634765625
-107.79814910888672
-108.7758560180664
-105.68917846679688
-109.9410629272461
-108.06143951416016
-104.58023834228516
-107.52452087402344
-101.33941650390625
-114.26792907714844
-111.4574966430664
-112.28873443603516
-103.95027923583984
-106.78843688964844
-102.46698760986328
-104.8727035522461
-107.54993438720703
-103.44593048095703
-104.5069580078125
-104.36662292480469
-112.12825012207031
-107.59735107421875
-105.23780822753906
-107.2232437133789
-112.04154968261719
-103.6067886352539
-101.29798889160156
-105.79651641845703
-106.55010223388672
-105.5933837890625
-105.07400512695312
-105.15116882324219
-102.73199462890625
-113.63418579101562
-102.7994155883789
-106.72923278808594
-109.29386138916016
-107.4022216796875
-105.78527069091797
-103.30795288085938
-103.6929931640625
-116.18919372558594
-102.64955139160156
-105.999267578125
-108.32561492919922
-109.06514739990234
-116.98168182373047
-109.83563232421875
-107.583984375
-103.02771759033203
-103.78135681152344
-100.48530578613281
-114.15811920166016
-104.2337875366211
-104.54852294921875
-109.50263214111328
-111.4471435546875
-101.08416748046875
-106.08592987060547
-114.41321563720703
-102.52494812011719
-106.91325378417969
-106.74554443359375
-104.88331604003906
-103.74510955810547
-111.88358306884766
-103.67591094970703
-114.94612884521484
-100.95580291748047
-104.38087463378906
-104.58134460449219
-110.36160278320312
-108.54644012451172
-106.51400756835938
-111.04430389404297
-105.20732116699219
-107.78455352783203
-105.57575988769531
-108.99589538574219
-95.91000366210938
-108.59501647949219
-103.39225769042969
-109.33836364746094
-103.37054443359375
-102.78533172607422
-110.60906982421875
-103.75837707519531
-112.52531433105469
-107.28673553466797
-106.70348358154297
-114.14068603515625
-108.2786865234375
-113.95477294921875
-110.43915557861328
-111.43778991699219
-101.1844253540039
-107.02164459228516
-104.14256286621094
-112.26351165771484
-98.5011978149414
-108.10493469238281
-113.09722900390625
-114.51103210449219
-110.54530334472656
-101.2679214477539
-99.04393768310547
-109.23710632324219
-104.9025650024414
-106.04938507080078
-108.17201232910156
-104.85002899169922
-104.63546752929688
-106.28264617919922
-114.720458984375
-101.85989379882812
-103.75337219238281
-97.29302215576172
-106.71963500976562
-107.95294189453125
-100.62675476074219
-109.72130584716797
-102.49449157714844
-107.19815826416016
-101.1716537475586
-111.01893615722656
-110.1655502319336
-105.79252624511719
-104.8402099609375
-103.30860137939453
-110.32278442382812
-106.07070922851562
-109.53472137451172
-102.1048812866211
-106.13457489013672
-99.72683715820312
-106.91368865966797
-106.96128845214844
-107.65336608886719
-107.14259338378906
-103.216796875
-110.08415985107422
-105.5399169921875
-109.16352844238281
-103.7947998046875
-109.07012939453125
-109.91009521484375
-108.67511749267578
-111.89640808105469
-112.81300354003906
-103.99649047851562
-104.22525024414062
-103.00161743164062
-101.01591491699219
-101.33737182617188
-112.34672546386719
-104.44490814208984
-107.6033935546875
-104.61746215820312
-109.2088394165039
-109.4278335571289
-104.70824432373047
-108.50247192382812
-105.76351928710938
-113.24983978271484
-104.69087982177734
-103.41952514648438
-106.6471176147461
-106.9000473022461
-107.44865417480469
-114.77177429199219
-113.2862319946289
-105.33403015136719
-105.20899963378906
-107.7438735961914
-105.7401351928711
-106.61934661865234
-115.19976806640625
-106.31727600097656
-101.60664367675781
-109.0961685180664
-113.40199279785156
-102.82223510742188
-107.25581359863281
-102.0706558227539
-114.64544677734375
-110.38844299316406
-112.43983459472656
-101.23931884765625
-105.00503540039062
-106.29269409179688
-110.6922836303711
-110.3763198852539
-108.98478698730469
-112.6003646850586
-109.87586975097656
-104.66795349121094
-110.1005630493164
-108.81427764892578
-105.0489273071289
-110.32364654541016
-114.03836822509766
-115.02488708496094
-113.19165802001953
-103.32862854003906
-106.65422058105469
-112.44957733154297
-105.47441864013672
-102.84857177734375
-102.89421081542969
-109.72119903564453
-99.2972412109375
-111.82355499267578
-103.3628921508789
-118.89228057861328
-113.08747863769531
-107.32872009277344
-109.99974822998047
-114.539794921875
-110.88157653808594
-106.59060668945312
-108.63480377197266
-109.19766235351562
-105.35092163085938
-100.52041625976562
-105.82283782958984
-101.81771087646484
-108.27545166015625
-105.80951690673828
-105.1422348022461
-109.85899353027344
-104.39674377441406
-106.20564270019531
-101.16322326660156
-103.62361907958984
-116.11180114746094
-112.73704528808594
-105.7123031616211
-106.13848876953125
-108.62925720214844
-110.0692367553711
-103.5391616821289
-103.94068145751953
-107.00856018066406
-104.59577941894531
-108.17875671386719
-106.87879943847656
-103.79646301269531
-111.18690490722656
-106.62979125976562
-117.0691909790039
-111.72662353515625
-106.7554702758789
-105.38565826416016
-107.489990234375
-105.56192779541016
-105.25495910644531
-105.7743911743164
-101.66230773925781
-104.93905639648438
-105.74708557128906
-103.81705474853516
-106.61734771728516
-112.26500701904297
-105.97100067138672
-107.81808471679688
-113.52124786376953
-108.13094329833984
-106.35269165039062
-113.15385437011719
-106.8050537109375
-101.51513671875
-107.67611694335938
-109.84622955322266
-107.1126937866211
-103.64006805419922
-115.7157974243164
-109.16424560546875
-113.69599151611328
-112.16962432861328
-106.97063446044922
-106.0790786743164
-100.08777618408203
-104.69829559326172
-104.15927124023438
-104.38011932373047
-105.09016418457031
-106.91239166259766
-119.99026489257812
-109.94283294677734
-115.71466827392578
-113.8955078125
-109.72196960449219
-104.29048156738281
-109.40726470947266
-103.84888458251953
-105.65267181396484
-112.64822387695312
-102.36727905273438
-111.35037994384766
-107.51754760742188
-100.73072814941406
-106.5340576171875
-112.38312530517578
-106.68559265136719
-105.76778411865234
-110.0265884399414
-110.0851058959961
-111.53825378417969
-104.4346694946289
-105.3801040649414
-111.33688354492188
-102.06776428222656
-103.19143676757812
-110.9615707397461
-111.79037475585938
-112.98017883300781
-111.75531005859375
-107.4301986694336
-106.13037109375
-111.69818878173828
-109.8736343383789
-104.0793685913086
-104.40302276611328
-105.9075927734375
-108.74810791015625
-106.58171081542969
-104.50352478027344
-111.411376953125
-98.3315200805664
-105.66405487060547
-108.14927673339844
-108.34046936035156
-105.75601196289062
-104.50910186767578
-108.84977722167969
-106.5553207397461
-103.42525482177734
-106.95391082763672
-116.10369873046875
-110.08109283447266
-109.0570297241211
-106.63798522949219
-108.34559631347656
-108.14119720458984
-109.94091796875
-107.7595443725586
-102.2081298828125
-108.8614501953125
-109.56214904785156
-103.29695129394531
-108.74000549316406
-105.97248077392578
-104.6009750366211
-104.49664306640625
-105.1126937866211
-110.03203582763672
-116.67405700683594
-106.80853271484375
-107.57459259033203
-109.8704605102539
-106.6332015991211
-109.94474792480469
-102.91209411621094
-104.61454010009766
-110.47489166259766
-98.76612854003906
-104.548828125
-112.25457000732422
-104.33568572998047
-108.16212463378906
-109.78714752197266
-111.71405029296875
-100.94944763183594
-107.24382781982422
-107.0657730102539
-100.15416717529297
-107.52642822265625
-108.14724731445312
-104.64502716064453
-103.00729370117188
-110.46733856201172
-110.07930755615234
-106.44476318359375
-106.54964447021484
-103.06553649902344
-110.18141174316406
-111.80122375488281
-107.52326965332031
-104.9346923828125
-105.3510971069336
-103.21219635009766
-106.99603271484375
-110.2746353149414
-108.66275787353516
-102.66205596923828
-114.98890686035156
-106.87092590332031
-105.70191955566406
-100.07736206054688
-105.10950469970703
-101.82682800292969
-104.61764526367188
-108.0006332397461
-97.4311752319336
-109.75749969482422
-111.71709442138672
-106.24542999267578
-106.25817108154297
-115.43201446533203
-114.8083267211914
-102.30134582519531
-102.97671508789062
-113.06246185302734
-109.3233413696289
-101.39717102050781
-107.50664520263672
-103.24530029296875
-107.81940460205078
-103.3896484375
-106.7193374633789
-107.93702697753906
-109.21550750732422
-102.909423828125
-105.2018051147461
-109.9524154663086
-101.68841552734375
-95.96317291259766
-104.53131866455078
-106.28193664550781
-106.99264526367188
-103.45886993408203
-107.54988098144531
-110.00843811035156
-105.89688873291016
-105.05978393554688
-108.23046112060547
-106.96923065185547
-110.04737091064453
-106.11947631835938
-113.44730377197266
-103.74055480957031
-108.85862731933594
-107.80155181884766
-111.60427856445312
-107.76615142822266
-108.82674407958984
-107.33145904541016
-106.81311798095703
-112.71204376220703
-103.25727844238281
-105.32450103759766
-109.5057601928711
-104.47241973876953
-111.80601501464844
-106.79432678222656
-114.47818756103516
-107.9601821899414
-108.32778930664062
-109.78646850585938
-106.70862579345703
-110.84967041015625
-107.09793090820312
-111.01499938964844
-105.44862365722656
-101.28539276123047
-102.89922332763672
-110.94062805175781
-113.78421783447266
-109.50477600097656
-101.25261688232422
-106.93757629394531
-109.12608337402344
-111.6072998046875
-108.35929107666016
-107.17079162597656
-104.85938262939453
-112.4344253540039
-106.76139831542969
-107.47198486328125
-106.8269271850586
-106.44417572021484
-104.62264251708984
-106.80513763427734
-98.9940185546875
-107.48323822021484
-110.07032775878906
-108.39875793457031
-107.06729125976562
-108.73026275634766
-103.24311828613281
-103.31703186035156
-111.02352905273438
-106.0356674194336
-111.64775085449219
-104.5754623413086
-107.1593246459961
-99.96002197265625
-103.21271514892578
-108.6961898803711
-105.27359008789062
-105.49286651611328
-108.96256256103516
-105.6859130859375
-108.31475830078125
-103.12347412109375
-103.68826293945312
-105.79541778564453
-109.5807113647461
-112.31818389892578
-112.28071594238281
-107.42996215820312
-105.38584899902344
-101.23575592041016
-112.50108337402344
-100.80521392822266
-114.6116714477539
-105.97969055175781
-110.8836669921875
-105.06289672851562
-101.45227813720703
-105.54234313964844
-104.20276641845703
-107.16744232177734
-113.1049575805664
-110.47869110107422
-108.22855377197266
-103.72661590576172
-114.42501831054688
-105.85660552978516
-112.89204406738281
-111.43119812011719
-110.4185562133789
-108.3322525024414
-113.07345581054688
-106.10417175292969
-111.44685363769531
-105.07271575927734
-106.50874328613281
-108.47772979736328
-109.38775634765625
-108.52864837646484
-111.12329864501953
-110.23816680908203
-103.72599792480469
-108.68695831298828
-109.45243835449219
-106.65496063232422
-112.69027709960938
-103.99452209472656
-112.66128540039062
-106.0195541381836
-104.31372833251953
-109.23751831054688
-109.04025268554688
-108.30335235595703
-105.99779510498047
-111.53495025634766
-108.64053344726562
-110.875244140625
-113.68898010253906
-98.35504913330078
-107.54043579101562
-101.45243072509766
-111.29424285888672
-103.75968933105469
-104.04277801513672
-108.81190490722656
-110.0125503540039
-107.50369262695312
-110.47457885742188
-106.79712677001953
-107.47627258300781
-109.50623321533203
-109.10610961914062
