-101.83316040039062
-112.93257904052734
-105.51615142822266
-113.2197494506836
-109.89647674560547
-109.28766632080078
-103.35552215576172
-98.30231475830078
-110.32194519042969
-102.56539154052734
-110.31195831298828
-106.33280944824219
-110.6103286743164
-107.42752075195312
-107.4522476196289
-102.16182708740234
-101.50049591064453
-110.20789337158203
-106.70661163330078
-101.37262725830078
-106.01991271972656
-107.41375732421875
-106.11804962158203
-107.92364501953125
-108.90412139892578
-113.3495101928711
-100.30518341064453
-110.43976593017578
-100.75286102294922
-104.90380859375
-109.91801452636719
-114.7861099243164
-110.73172760009766
-114.31504821777344
-109.34160614013672
-104.435302734375
-102.16788482666016
-108.02986145019531
-106.12184143066406
-103.86896514892578
-99.86795043945312
-100.62601470947266
-108.07843780517578
-104.3792724609375
-102.37056732177734
-108.99909973144531
-107.8120346069336
-105.28971099853516
-106.38676452636719
-104.79203796386719
-100.95628356933594
-104.84400939941406
-104.97559356689453
-116.51055145263672
-110.09164428710938
-108.06822967529297
-107.19377136230469
-100.52664184570312
-97.71784973144531
-112.5565414428711
-105.95509338378906
-106.33157348632812
-101.20770263671875
-105.04930877685547
-109.51293182373047
-99.90772247314453
-107.99288940429688
-106.45036315917969
-106.96819305419922
-102.45118713378906
-106.33206939697266
-101.6322021484375
-102.64590454101562
-110.853515625
-105.42778778076172
-108.91705322265625
-101.21725463867188
-108.83030700683594
-105.71257019042969
-111.59053039550781
-102.51473999023438
-106.90602111816406
-98.44062805175781
-104.1718978881836
-108.22673797607422
-106.8299560546875
-107.99102783203125
-100.2900161743164
-110.42888641357422
-99.84957122802734
-102.06278228759766
-105.772705078125
-107.01433563232422
-109.88426208496094
-113.52796936035156
-104.37787628173828
-106.6144790649414
-104.75054931640625
-103.04637908935547
-108.8082275390625
-104.15367126464844
-96.52333068847656
-111.54317474365234
-107.21987915039062
-105.39447021484375
-110.65679168701172
-110.17115020751953
-98.96056365966797
-104.04312896728516
-100.84101104736328
-108.83231353759766
-95.54766082763672
-108.04307556152344
-99.43701934814453
-104.076416015625
-103.21783447265625
-107.46737670898438
-103.6966323852539
-101.8758544921875
-101.06011199951172
-113.4242172241211
-104.64836120605469
-103.78279113769531
-102.0806884765625
-96.70975494384766
-107.02458190917969
-104.07270812988281
-98.85633850097656
-106.436279296875
-104.49393463134766
-100.20527648925781
-107.44190216064453
-99.7259521484375
-106.60709381103516
-100.52928161621094
-101.64740753173828
-103.42157745361328
-107.20585632324219
-105.88056182861328
-103.48409271240234
-108.28068542480469
-107.20470428466797
-104.23362731933594
-104.39257049560547
-104.90863800048828
-102.36511993408203
-105.20112609863281
-102.94688415527344
-108.4828109741211
-110.20944213867188
-109.99456024169922
-99.80656433105469
-109.57325744628906
-108.77822875976562
-110.18316650390625
-111.62355041503906
-114.4269790649414
-106.27201843261719
-108.6520767211914
-104.27521514892578
-105.97869873046875
-106.56686401367188
-108.12889099121094
-104.6479263305664
-104.10009765625
-104.05753326416016
-107.57463073730469
-115.00213623046875
-110.6836166381836
-107.42125701904297
-105.33210754394531
-96.67003631591797
-109.64854431152344
-102.10962677001953
-101.07524871826172
-104.88909149169922
-102.9863510131836
-104.00837707519531
-107.619140625
-101.8443374633789
-105.9734115600586
-111.50446319580078
-105.55841064453125
-104.8546371459961
-99.45402526855469
-105.48322296142578
-99.81504821777344
-107.31380462646484
-107.96770477294922
-110.46322631835938
-109.36880493164062
-102.59180450439453
-102.93163299560547
-107.32744598388672
-103.88693237304688
-102.9063949584961
-105.64592742919922
-109.16946411132812
-100.07537078857422
-105.15494537353516
-103.5484390258789
-105.68734741210938
-106.7546157836914
-100.12014770507812
-107.00276947021484
-107.73162078857422
-112.65147399902344
-101.47396087646484
-97.78984832763672
-109.80436706542969
-104.90048217773438
-106.37344360351562
-104.0201644897461
-111.4475326538086
-108.15436553955078
-106.79830169677734
-107.22785186767578
-101.40911102294922
-108.29716491699219
-103.4437026977539
-102.2801742553711
-111.49311065673828
-105.1036376953125
-109.24749755859375
-106.37657928466797
-110.33502197265625
-109.20585632324219
-106.95630645751953
-107.98577117919922
-107.85209655761719
-112.85114288330078
-114.558349609375
-109.34551239013672
-105.9613265991211
-108.34857177734375
-100.5132827758789
-109.46866607666016
-108.45501708984375
-108.02342224121094
-105.02757263183594
-109.2229232788086
-107.6494369506836
-105.6799545288086
-107.0531234741211
-106.68605041503906
-106.44524383544922
-107.29817962646484
-109.46288299560547
-103.35220336914062
-103.68427276611328
-108.92021942138672
-105.11856079101562
-103.06999206542969
-98.48664093017578
-105.69803619384766
-102.94723510742188
-107.49520111083984
-117.98619079589844
-102.87271881103516
-107.42929077148438
-110.2774658203125
-105.37226867675781
-106.6400146484375
-101.68892669677734
-101.3089599609375
-108.88178253173828
-107.92096710205078
-97.4605941772461
-101.64596557617188
-108.75220489501953
-105.10924530029297
-105.85247802734375
-103.85861206054688
-108.39067840576172
-101.02908325195312
-103.0008773803711
-105.93301391601562
-98.62181854248047
-104.27429962158203
-109.6286849975586
-99.4892807006836
-101.9950180053711
-105.58682250976562
-101.93560791015625
-97.03329467773438
-106.51094818115234
-104.89285278320312
-110.32398986816406
-110.69782257080078
-106.13487243652344
-105.83561706542969
-99.1332778930664
-105.49018096923828
-110.21778106689453
-110.09793090820312
-104.02201080322266
-104.935302734375
-108.74937438964844
-105.2435073852539
-102.81391143798828
-104.3983383178711
-106.40400695800781
-106.46326446533203
-106.99039459228516
-108.69923400878906
-103.2126235961914
-101.47366333007812
-111.3076400756836
-107.14667510986328
-108.5876693725586
-107.13618469238281
-103.90438842773438
-105.06342315673828
-105.84143829345703
-101.72014617919922
-106.57987213134766
-101.68955993652344
-111.10777282714844
-103.4521484375
-104.72795104980469
-107.67588806152344
-111.9537353515625
-101.4489517211914
-99.98477172851562
-104.30853271484375
-109.65744018554688
-111.70356750488281
-102.28472137451172
-109.44298553466797
-109.61292266845703
-108.04158020019531
-104.19680786132812
-106.28324890136719
-104.16372680664062
-111.59729766845703
-110.70948791503906
-105.35291290283203
-104.51778411865234
-103.70626831054688
-111.37691497802734
-111.69799041748047
-106.8394775390625
-110.21178436279297
-104.72651672363281
-111.68656158447266
-100.9904556274414
-101.57003784179688
-104.6954574584961
-106.39933776855469
-114.6447982788086
-107.170166015625
-108.60540771484375
-109.35885620117188
-109.43529510498047
-101.80135345458984
-110.65406799316406
-110.48307037353516
-107.90963745117188
-114.36495208740234
-107.58735656738281
-107.0765609741211
-110.0654525756836
-106.0297622680664
-114.0591049194336
-107.2471923828125
-105.57279968261719
-105.88485717773438
-102.78480529785156
-106.69401550292969
-106.77569580078125
-104.71722412109375
-104.51904296875
-99.45729064941406
-112.38229370117188
-109.38595581054688
-109.15821838378906
-101.9357681274414
-105.45703887939453
-100.62355041503906
-101.7776870727539
-106.36819458007812
-99.20543670654297
-104.21781158447266
-101.55362701416016
-110.40266418457031
-105.22439575195312
-103.54776000976562
-105.41719055175781
-108.89999389648438
-102.92741394042969
-99.70256042480469
-103.52082061767578
-104.0403060913086
-104.83784484863281
-103.56105041503906
-103.87762451171875
-99.76536560058594
-110.85863494873047
-100.63878631591797
-104.57577514648438
-107.55509948730469
-104.37132263183594
-104.85493469238281
-102.17843627929688
-102.81879425048828
-114.965576171875
-100.96195220947266
-104.15645599365234
-107.64996337890625
-109.3202896118164
-115.11184692382812
-108.48719024658203
-108.17469024658203
-101.31511688232422
-103.57392883300781
-99.7658920288086
-112.6336669921875
-103.08922576904297
-103.09962463378906
-106.1736831665039
-109.93907928466797
-99.38420104980469
-104.61228942871094
-114.2981948852539
-101.74833679199219
-105.36542510986328
-106.22737121582031
-104.97552490234375
-102.22824096679688
-109.59011840820312
-102.38713836669922
-113.90129852294922
-100.05085754394531
-102.94841766357422
-102.51822662353516
-108.37896728515625
-106.87726593017578
-105.49771881103516
-110.37232208251953
-102.97396087646484
-106.58660888671875
-103.8108139038086
-110.92062377929688
-95.59447479248047
-105.84367370605469
-101.2884521484375
-107.04867553710938
-100.21803283691406
-100.79621124267578
-109.40069580078125
-103.26287841796875
-110.88198852539062
-104.03569793701172
-104.53406524658203
-112.89462280273438
-106.48851776123047
-112.22232818603516
-109.10823059082031
-111.24956512451172
-99.72700500488281
-106.63798522949219
-102.70679473876953
-111.89396667480469
-97.0073013305664
-105.86489868164062
-111.98192596435547
-112.93949890136719
-109.68407440185547
-99.63814544677734
-99.18875885009766
-107.72331237792969
-102.71939086914062
-105.6760482788086
-106.37425994873047
-101.15623474121094
-102.6240005493164
-104.03670501708984
-112.2381820678711
-100.96754455566406
-105.0556411743164
-95.97753143310547
-105.51637268066406
-106.3709716796875
-99.07730102539062
-107.64680480957031
-101.2518539428711
-104.68840026855469
-100.86433410644531
-109.42020416259766
-109.01593017578125
-103.4233169555664
-103.84870147705078
-101.84104919433594
-107.80377960205078
-104.06153869628906
-107.8564682006836
-100.30889892578125
-105.2235107421875
-97.52818298339844
-104.86610412597656
-104.79234313964844
-107.01461029052734
-104.83213806152344
-100.0672607421875
-108.88219451904297
-103.30406188964844
-106.82726287841797
-102.46765899658203
-105.89179229736328
-106.30040740966797
-104.12126922607422
-108.35362243652344
-110.01436614990234
-102.55488586425781
-102.30953979492188
-99.68203735351562
-100.29762268066406
-100.17202758789062
-109.77286529541016
-102.56254577636719
-106.02902221679688
-103.12882232666016
-109.3185806274414
-106.89127349853516
-101.62317657470703
-106.44580078125
-104.47283935546875
-111.71101379394531
-103.30282592773438
-102.27082824707031
-106.31011962890625
-104.13652801513672
-106.16946411132812
-113.41149139404297
-111.82941436767578
-103.68048858642578
-102.68793487548828
-105.30797576904297
-103.9068832397461
-105.71540069580078
-112.75007629394531
-104.00724029541016
-99.34358978271484
-106.85812377929688
-111.3141860961914
-101.96198272705078
-107.11767578125
-101.2969741821289
-113.83940124511719
-108.94550323486328
-108.79114532470703
-99.23268127441406
-104.83890533447266
-104.06388854980469
-108.26725769042969
-109.02294921875
-108.83423614501953
-110.43627166748047
-109.44717407226562
-103.0406723022461
-108.9054946899414
-106.6015396118164
-104.0150375366211
-109.10982513427734
-112.4600601196289
-112.86852264404297
-111.56439208984375
-101.37263488769531
-105.24629211425781
-111.49125671386719
-102.41364288330078
-100.34140014648438
-99.55154418945312
-107.22805786132812
-97.1444320678711
-108.70484161376953
-101.31070709228516
-116.11241149902344
-110.59512329101562
-106.72032165527344
-108.22932434082031
-112.67552947998047
-108.53092956542969
-104.59915161132812
-105.08518981933594
-106.88606262207031
-104.25709533691406
-99.32084655761719
-103.44221496582031
-100.39877319335938
-105.26653289794922
-104.17414855957031
-103.3733901977539
-108.9532699584961
-103.3165054321289
-105.44867706298828
-101.33245849609375
-103.44422149658203
-113.35022735595703
-111.65013885498047
-105.3814697265625
-104.5946044921875
-108.66055297851562
-108.22606658935547
-100.78665924072266
-102.15528106689453
-104.31024169921875
-101.94598388671875
-107.39535522460938
-104.12996673583984
-101.00074768066406
-107.84221649169922
-104.02836608886719
-114.0198974609375
-107.99673461914062
-104.98282623291016
-103.95985412597656
-106.36387634277344
-103.6677017211914
-104.00206756591797
-105.22457122802734
-101.27273559570312
-102.50343322753906
-104.04210662841797
-101.3066177368164
-104.02422332763672
-110.33839416503906
-104.52181243896484
-106.46588134765625
-111.1863021850586
-105.40202331542969
-105.41333770751953
-110.96391296386719
-104.45138549804688
-100.82341003417969
-106.43651580810547
-107.73979949951172
-104.9585189819336
-101.21851348876953
-112.2710189819336
-107.96427154541016
-111.08470153808594
-111.89839172363281
-106.86197662353516
-103.79055786132812
-97.40064239501953
-102.92393493652344
-101.85930633544922
-102.35274505615234
-103.74180603027344
-104.24369049072266
-116.8488998413086
-108.28225708007812
-112.81493377685547
-110.83480072021484
-108.40052032470703
-101.95762634277344
-107.02185821533203
-102.5752182006836
-103.39060974121094
-110.2081298828125
-101.65478515625
-108.9234390258789
-105.65657043457031
-98.65763092041016
-103.09500885009766
-110.04371643066406
-105.02733612060547
-104.78009033203125
-107.2802963256836
-107.44739532470703
-110.892578125
-102.48709106445312
-103.81049346923828
-109.7643051147461
-100.34979248046875
-100.70699310302734
-107.97697448730469
-109.03845977783203
-109.7733154296875
-111.0020523071289
-104.63618469238281
-105.24694061279297
-109.46339416503906
-108.58004760742188
-102.0233154296875
-102.83922576904297
-104.20111083984375
-105.90425109863281
-104.40371704101562
-102.67316436767578
-108.90321350097656
-97.48896789550781
-104.72618103027344
-106.63661193847656
-106.850830078125
-105.65022277832031
-103.6323471069336
-108.34318542480469
-105.92125701904297
-101.61082458496094
-105.7283706665039
-113.18822479248047
-107.53875732421875
-106.71086120605469
-105.7440185546875
-106.99404907226562
-107.09668731689453
-109.9426498413086
-107.00758361816406
-100.64156341552734
-106.26370239257812
-106.29490661621094
-101.78797149658203
-106.89746856689453
-104.93563079833984
-103.49641418457031
-103.04903411865234
-103.80082702636719
-107.94983673095703
-113.4756851196289
-104.72570037841797
-105.55795288085938
-108.82122802734375
-104.82576751708984
-109.5197982788086
-101.89154052734375
-104.49344635009766
-109.07551574707031
-98.36515808105469
-104.21136474609375
-109.6917953491211
-103.46082305908203
-105.67101287841797
-108.19902801513672
-110.02549743652344
-99.43712615966797
-105.3526840209961
-105.22325134277344
-99.064208984375
-104.78125
-107.61335754394531
-104.7364730834961
-102.51195526123047
-108.63630676269531
-107.76179504394531
-105.59194946289062
-105.3227767944336
-103.65589141845703
-108.03218841552734
-110.22791290283203
-106.60740661621094
-103.22550201416016
-104.60533142089844
-101.41848754882812
-105.27661895751953
-107.61096954345703
-107.40571594238281
-101.15909576416016
-112.21215057373047
-104.33699798583984
-103.7123794555664
-96.81018829345703
-104.4029312133789
-99.70543670654297
-102.00773620605469
-104.414306640625
-97.15057373046875
-108.13983154296875
-110.26180267333984
-105.13589477539062
-103.9872817993164
-112.0929946899414
-112.98542022705078
-99.78128051757812
-101.2881088256836
-110.40279388427734
-107.78367614746094
-98.92443084716797
-107.56086730957031
-100.62542724609375
-107.24329376220703
-100.8288803100586
-105.87403106689453
-107.7721939086914
-107.9770736694336
-101.5729751586914
-103.7317886352539
-108.26817321777344
-99.58345794677734
-94.38751220703125
-101.88105773925781
-103.58650207519531
-105.61833953857422
-102.25482940673828
-104.63738250732422
-107.64198303222656
-105.89075469970703
-102.46397399902344
-105.57908630371094
-105.94398498535156
-108.33304595947266
-105.5180435180664
-113.02392578125
-100.74722290039062
-105.84359741210938
-106.2267074584961
-108.21693420410156
-104.9285888671875
-107.38134002685547
-105.95884704589844
-103.20482635498047
-111.69031524658203
-101.93003845214844
-102.95547485351562
-105.4423599243164
-102.0267105102539
-108.1714096069336
-106.82621002197266
-111.522216796875
-104.6332778930664
-106.03751373291016
-108.26609802246094
-104.044677734375
-108.85325622558594
-106.93621826171875
-108.74253845214844
-103.54367065429688
-99.58995056152344
-101.19973754882812
-108.84220123291016
-111.05349731445312
-110.15200805664062
-99.99415588378906
-106.06564331054688
-108.51221466064453
-111.5019760131836
-108.6312026977539
-105.49286651611328
-102.70074462890625
-111.07508087158203
-105.74303436279297
-105.62238311767578
-104.77227783203125
-104.53010559082031
-103.8263168334961
-104.03575134277344
-97.76678466796875
-105.23924255371094
-108.5639877319336
-105.42522430419922
-104.94630432128906
-108.16240692138672
-103.66043853759766
-103.28334045410156
-109.96414947509766
-105.70079040527344
-110.8528823852539
-102.17719268798828
-106.74585723876953
-98.41613006591797
-102.02127838134766
-106.5961685180664
-103.11566162109375
-103.83988952636719
-108.09754943847656
-103.7948226928711
-105.83702087402344
-102.2234878540039
-103.68805694580078
-106.07339477539062
-107.1027603149414
-112.25428009033203
-110.81102752685547
-104.6937026977539
-104.87267303466797
-99.85887908935547
-110.36837005615234
-100.18205261230469
-113.07894897460938
-104.05255126953125
-111.03985595703125
-103.93245697021484
-100.23408508300781
-103.98212432861328
-102.87047576904297
-104.52470397949219
-112.1705093383789
-109.45175170898438
-106.38671112060547
-100.9351806640625
-111.4563217163086
-105.533935546875
-111.34803009033203
-109.34642791748047
-109.984130859375
-106.79914855957031
-110.31063842773438
-103.81456756591797
-108.89447784423828
-102.65473937988281
-102.81349182128906
-107.63115692138672
-108.32245635986328
-107.84707641601562
-110.73831176757812
-109.16547393798828
-102.2760009765625
-106.11913299560547
-108.96469116210938
-103.39974975585938
-109.86616516113281
-101.46300506591797
-111.83707427978516
-104.98855590820312
-101.28921508789062
-107.48381805419922
-106.27290344238281
-107.52043151855469
-104.15438842773438
-110.8534927368164
-107.6825942993164
-109.06427001953125
-111.15060424804688
-98.255615234375
-105.09403228759766
-99.26677703857422
-108.83006286621094
-102.9903793334961
-101.82846069335938
-107.91110229492188
-107.95333099365234
-105.94750213623047
-107.68836975097656
-103.75845336914062
-106.38911437988281
-105.39627075195312
-106.70257568359375
