-100.17822265625
-111.98480224609375
-105.986328125
-112.03604888916016
-108.80659484863281
-108.3038101196289
-102.83663177490234
-98.81153106689453
-110.59661102294922
-100.75594329833984
-109.7337646484375
-107.41202545166016
-109.99625396728516
-109.03886413574219
-106.33074951171875
-102.1691665649414
-102.19479370117188
-109.51451110839844
-106.50471496582031
-100.73286437988281
-105.8067398071289
-107.10778045654297
-105.80769348144531
-108.24372100830078
-106.47379302978516
-112.9717025756836
-99.09927368164062
-110.34546661376953
-99.4324722290039
-104.35746002197266
-109.88336944580078
-115.30933380126953
-108.9326400756836
-113.7098388671875
-109.60730743408203
-103.67994689941406
-103.26153564453125
-108.34314727783203
-106.05245208740234
-103.0639877319336
-99.72432708740234
-99.06622314453125
-107.98670959472656
-102.8404312133789
-102.21699523925781
-109.28897857666016
-106.14574432373047
-106.35244750976562
-105.26951599121094
-103.42155456542969
-101.549072265625
-103.67394256591797
-104.51238250732422
-115.30115509033203
-110.07392883300781
-107.1900405883789
-106.31295013427734
-99.70797729492188
-97.97410583496094
-111.1418685913086
-106.68219757080078
-106.18948364257812
-99.68209075927734
-105.37191772460938
-108.68302917480469
-99.55078125
-106.4431381225586
-104.38314819335938
-12599.98828125
-131.54063415527344
-170.33575439453125
-181.5281982421875
-161.64891052246094
-189.68824768066406
-166.3964080810547
-158.3248291015625
-154.44564819335938
-158.28358459472656
-162.85057067871094
-170.66482543945312
-152.0504608154297
-159.26329040527344
-141.21209716796875
-154.82923889160156
-161.39088439941406
-146.50392150878906
-155.72305297851562
-138.89950561523438
-146.7699737548828
-136.3429412841797
-136.50442504882812
-137.66465759277344
-139.87615966796875
-142.0040283203125
-143.64190673828125
-134.78521728515625
-136.3206024169922
-136.5266876220703
-134.7421112060547
-134.73265075683594
-136.3534393310547
-123.43155670166016
-136.70770263671875
-132.37384033203125
-130.277587890625
-137.59231567382812
-134.78848266601562
-120.58369445800781
-125.98696899414062
-120.60383605957031
-130.17222595214844
-113.98127746582031
-127.86946105957031
-117.5418472290039
-125.29132843017578
-123.36686706542969
-125.23214721679688
-123.50955963134766
-116.85696411132812
-119.37334442138672
-129.55101013183594
-121.96990203857422
-122.6661376953125
-118.97364044189453
-112.40696716308594
-125.93515014648438
-117.25045013427734
-113.47289276123047
-119.1724853515625
-119.62724304199219
-111.24208068847656
-122.12586212158203
-112.94406127929688
-121.40721130371094
-111.8138427734375
-114.67292022705078
-116.27415466308594
-121.64095306396484
-119.36271667480469
-117.49351501464844
-119.5041275024414
-118.83457946777344
-117.24465942382812
-118.1942138671875
-115.70797729492188
-111.90962982177734
-118.24417114257812
-115.90730285644531
-119.17855834960938
-119.24849700927734
-124.18939208984375
-111.21553802490234
-120.7470474243164
-121.72242736816406
-120.80303192138672
-122.64701080322266
-126.65557861328125
-117.9282455444336
-121.27118682861328
-112.08602142333984
-117.1527099609375
-115.0283432006836
-117.54881286621094
-116.14204406738281
-111.07933044433594
-111.8024673461914
-119.24421691894531
-122.11842346191406
-117.92403411865234
-115.16690826416016
-114.08692169189453
-105.90904998779297
-119.42698669433594
-112.46176147460938
-109.51416015625
-114.57474517822266
-113.66608428955078
-114.49047088623047
-114.98332214355469
-108.72193908691406
-112.59397888183594
-118.03266143798828
-113.06205749511719
-112.33415222167969
-106.94538879394531
-114.37530517578125
-108.96208953857422
-115.75389862060547
-113.41525268554688
-116.0055160522461
-121.35124969482422
-110.32403564453125
-107.7370376586914
-116.13056182861328
-111.52296447753906
-110.7534408569336
-112.88597106933594
-115.37136840820312
-108.90769958496094
-112.72007751464844
-110.3007583618164
-111.23722839355469
-114.20759582519531
-107.56232452392578
-114.71100616455078
-115.4834976196289
-118.81465911865234
-107.89859771728516
-104.62567138671875
-117.95682525634766
-112.4522933959961
-113.9498062133789
-111.3648681640625
-119.916748046875
-116.9041748046875
-115.2540512084961
-114.369140625
-108.67438507080078
-117.5951156616211
-114.80487823486328
-110.11367797851562
-119.1910400390625
-111.36116027832031
-117.4870834350586
-113.53648376464844
-116.16887664794922
-114.4448471069336
-112.7163314819336
-115.20407104492188
-115.81446838378906
-119.95855712890625
-123.38404846191406
-114.38694763183594
-112.6150131225586
-115.01350402832031
-105.1653823852539
-115.5910873413086
-113.44720458984375
-116.20586395263672
-107.92610168457031
-114.31072998046875
-112.83922576904297
-113.10438537597656
-115.41549682617188
-112.15107727050781
-112.56433868408203
-112.58074188232422
-114.6994400024414
-110.08566284179688
-109.13294219970703
-113.57179260253906
-110.89585876464844
-108.60893249511719
-103.88549041748047
-109.8873291015625
-109.06784057617188
-114.43904113769531
-122.43025970458984
-108.81640625
-114.08028411865234
-117.50419616699219
-111.20468139648438
-112.8266372680664
-106.0304946899414
-107.39945220947266
-113.44587707519531
-112.98831939697266
-102.36015319824219
-106.245361328125
-110.9849624633789
-111.189453125
-111.43844604492188
-112.37504577636719
-116.28738403320312
-106.58738708496094
-109.75801086425781
-111.62133026123047
-101.37671661376953
-112.35627746582031
-113.67063903808594
-103.08731842041016
-109.97278594970703
-111.32050323486328
-105.38997650146484
-102.65723419189453
-113.55368041992188
-110.18041229248047
-115.93399047851562
-114.69646453857422
-114.1982650756836
-110.54668426513672
-104.87330627441406
-109.5584945678711
-114.16072845458984
-114.31807708740234
-108.64927673339844
-109.87225341796875
-114.6475601196289
-112.28239440917969
-108.76446533203125
-109.17813110351562
-111.56910705566406
-112.60673522949219
-112.00984191894531
-113.0521469116211
-106.79454803466797
-106.291748046875
-115.55807495117188
-112.7889404296875
-113.17630767822266
-112.14110565185547
-107.89417266845703
-110.62770080566406
-111.12317657470703
-108.06161499023438
-110.9555892944336
-104.58292388916016
-118.60102844238281
-106.98351287841797
-108.72738647460938
-112.81491088867188
-117.71853637695312
-106.64170837402344
-104.46588897705078
-108.512939453125
-113.83123779296875
-117.6424331665039
-106.73748779296875
-114.34366607666016
-113.49158477783203
-112.25224304199219
-107.33523559570312
-109.14039611816406
-110.900146484375
-116.81267547607422
-114.98136138916016
-109.97240447998047
-109.75634002685547
-108.89189147949219
-117.29261779785156
-115.80917358398438
-110.84476470947266
-114.65209197998047
-108.4106674194336
-117.96622467041016
-104.14752960205078
-107.21647644042969
-108.5911636352539
-110.8125991821289
-118.40141296386719
-110.04074096679688
-113.48088073730469
-112.82697296142578
-112.5054931640625
-105.7802505493164
-114.46250915527344
-114.88509368896484
-112.35047912597656
-117.34376525878906
-114.2066650390625
-111.82817077636719
-114.59581756591797
-109.78485107421875
-114.51842498779297
-111.57750701904297
-109.58596801757812
-110.8914566040039
-108.7874755859375
-110.37223052978516
-111.40209197998047
-106.07408142089844
-110.5679702758789
-102.11521911621094
-116.7166976928711
-113.26441192626953
-113.71050262451172
-107.8158187866211
-110.73338317871094
-104.61166381835938
-105.77457427978516
-108.74169921875
-104.96080017089844
-106.78514099121094
-104.61804962158203
-113.84075164794922
-109.6463623046875
-106.82305145263672
-109.64591979980469
-114.3918685913086
-105.42117309570312
-103.75662231445312
-106.36738586425781
-109.48335266113281
-107.76980590820312
-105.95178985595703
-108.32032775878906
-103.77787017822266
-115.49559020996094
-106.19700622558594
-107.42606353759766
-109.20162200927734
-108.40521240234375
-109.29174041748047
-106.73892211914062
-106.7187728881836
-118.83358001708984
-104.2375717163086
-109.62142944335938
-109.7059555053711
-110.61048126220703
-120.33631134033203
-111.8365707397461
-112.4939956665039
-102.9300765991211
-106.16486358642578
-105.04912567138672
-117.56147003173828
-105.95925903320312
-104.1704330444336
-110.9643325805664
-112.3486099243164
-102.98332214355469
-107.70912170410156
-116.85073852539062
-103.8922348022461
-111.94287872314453
-107.37665557861328
-106.76215362548828
-105.70346069335938
-112.2989730834961
-104.87029266357422
-117.41484069824219
-102.09580993652344
-105.13932037353516
-104.2883071899414
-111.8495864868164
-109.74764251708984
-108.89051818847656
-115.45838165283203
-105.937744140625
-109.00366973876953
-106.74797058105469
-111.99478912353516
-99.86178588867188
-110.24618530273438
-104.80878448486328
-110.21250915527344
-105.74408721923828
-104.2812728881836
-112.11003112792969
-105.85375213623047
-113.78850555419922
-108.03688049316406
-108.20504760742188
-115.59740447998047
-109.44520568847656
-115.3741683959961
-111.83057403564453
-114.75953674316406
-100.60260772705078
-108.5203857421875
-107.23377990722656
-116.37799835205078
-99.51480865478516
-108.55906677246094
-113.8997573852539
-115.88732147216797
-112.17434692382812
-103.08782958984375
-101.82785034179688
-110.32974243164062
-104.88874816894531
-106.70867919921875
-110.20057678222656
-105.13297271728516
-105.69291687011719
-111.25270080566406
-116.66976928710938
-103.99411010742188
-106.4327621459961
-97.76354217529297
-108.17354583740234
-109.84444427490234
-102.37875366210938
-110.5317153930664
-103.44078826904297
-107.75871276855469
-103.01224517822266
-110.41717529296875
-111.65764617919922
-106.5078125
-107.20299530029297
-105.84891510009766
-110.03228759765625
-105.49098205566406
-112.374755859375
-103.66900634765625
-107.49334716796875
-101.40229797363281
-107.35885620117188
-107.24368286132812
-109.6146240234375
-106.98072052001953
-102.99795532226562
-111.47228240966797
-106.81278991699219
-110.71031188964844
-105.91629028320312
-111.0094985961914
-110.76995849609375
-107.69165802001953
-110.991943359375
-114.55609130859375
-105.50212860107422
-105.29765319824219
-102.6966552734375
-101.80669403076172
-101.90681457519531
-113.83334350585938
-106.26927947998047
-108.62908935546875
-106.00797271728516
-109.92191314697266
-109.701416015625
-103.94873046875
-109.40202331542969
-106.643798828125
-113.59488677978516
-104.69591522216797
-103.40328216552734
-108.42497253417969
-107.60553741455078
-107.87489318847656
-114.13951873779297
-114.40007781982422
-107.9541244506836
-106.75736236572266
-108.17334747314453
-108.33515930175781
-107.16331481933594
-116.186279296875
-104.87393188476562
-102.50409698486328
-111.96142578125
-114.66246032714844
-103.76348876953125
-108.16987609863281
-103.65233612060547
-115.20014953613281
-130.4356231689453
-112.9414291381836
-103.64850616455078
-107.02410125732422
-107.67543029785156
-112.41389465332031
-110.40189361572266
-110.72676849365234
-114.65208435058594
-109.79682159423828
-107.9345474243164
-113.32572174072266
-111.1925277709961
-105.49309539794922
-110.71041870117188
-113.90434265136719
-114.96992492675781
-111.63871765136719
-104.66631317138672
-108.1671371459961
-113.37189483642578
-105.95308685302734
-103.13127899169922
-103.42826080322266
-112.79823303222656
-99.91963195800781
-112.47824096679688
-101.46563720703125
-121.01384735107422
-114.13333129882812
-108.32003784179688
-110.67512512207031
-114.7520980834961
-110.189208984375
-106.51182556152344
-109.99906921386719
-108.91975402832031
-107.29853057861328
-100.3321304321289
-107.35435485839844
-103.3836669921875
-107.37980651855469
-104.26436614990234
-105.76863861083984
-110.60858917236328
-105.64055633544922
-105.39363098144531
-102.1664047241211
-105.1214370727539
-116.07823944091797
-114.0029525756836
-107.52626037597656
-107.04527282714844
-110.93414306640625
-109.60281372070312
-103.40120697021484
-103.74789428710938
-109.02889251708984
-103.61676025390625
-109.80375671386719
-105.60028076171875
-103.89522552490234
-110.33120727539062
-108.25050354003906
-117.51426696777344
-109.8587417602539
-106.96739959716797
-106.0060806274414
-110.1412582397461
-105.03245544433594
-107.27335357666016
-106.46874237060547
-103.24374389648438
-104.44547271728516
-106.11248779296875
-101.96480560302734
-107.48079681396484
-112.30658721923828
-107.71035766601562
-108.51171875
-113.0944595336914
-108.7387466430664
-107.7056655883789
-111.7059326171875
-106.88626098632812
-101.9629135131836
-106.72637939453125
-110.90433502197266
-107.17926788330078
-104.3354263305664
-116.47509765625
-110.40304565429688
-115.15473175048828
-114.91815185546875
-107.92012786865234
-105.05461120605469
-98.82597351074219
-106.51725006103516
-104.86090087890625
-104.21997833251953
-105.42699432373047
-109.5289535522461
-120.91275787353516
-109.85165405273438
-116.89784240722656
-114.45636749267578
-109.72268676757812
-104.926025390625
-110.29524230957031
-104.1266860961914
-105.65367889404297
-112.09671783447266
-104.51019287109375
-111.07953643798828
-107.57984924316406
-101.2012939453125
-104.9256820678711
-113.98374938964844
-106.08184051513672
-106.32292175292969
-111.94995880126953
-108.8482894897461
-112.8915023803711
-104.28325653076172
-105.04029083251953
-110.8559341430664
-102.67992401123047
-103.05651092529297
-110.99346923828125
-111.80061340332031
-112.72221374511719
-113.27716064453125
-108.00785827636719
-106.02967834472656
-111.94957733154297
-108.99028778076172
-103.9546127319336
-103.69479370117188
-107.38189697265625
-111.09461212158203
-106.71485137939453
-104.80408477783203
-111.79545593261719
-98.55644989013672
-106.00065612792969
-110.54872131347656
-110.6422119140625
-106.86675262451172
-104.56027221679688
-110.16632080078125
-108.10708618164062
-105.23929595947266
-107.57229614257812
-115.53638458251953
-109.11975860595703
-107.35952758789062
-107.116943359375
-107.81566619873047
-109.23914337158203
-112.34491729736328
-109.12770080566406
-102.27774047851562
-108.4268798828125
-109.06388854980469
-108.05107116699219
-109.04865264892578
-106.24795532226562
-104.86467742919922
-104.87576293945312
-106.7255630493164
-110.80017852783203
-117.97734069824219
-104.89261627197266
-108.5628662109375
-112.72828674316406
-106.39512634277344
-111.98006439208984
-103.9732437133789
-107.05635833740234
-111.6832275390625
-99.42864227294922
-106.41410827636719
-112.71348571777344
-106.17806243896484
-107.44788360595703
-111.7241439819336
-113.78243255615234
-101.37974548339844
-107.15135955810547
-107.3472671508789
-99.1954574584961
-107.93228912353516
-108.02374267578125
-106.7646255493164
-103.87576293945312
-113.20034790039062
-112.6985092163086
-107.1993179321289
-108.1387710571289
-104.29814910888672
-110.70687866210938
-112.36723327636719
-109.32200622558594
-105.92493438720703
-106.94709014892578
-103.83670043945312
-105.94246673583984
-109.4532470703125
-109.04713439941406
-101.48094940185547
-115.26759338378906
-106.86038970947266
-107.68138885498047
-100.07823181152344
-106.08428192138672
-99.99005889892578
-104.12078857421875
-108.1074447631836
-98.74725341796875
-109.83151245117188
-111.95565795898438
-107.474853515625
-104.90120697021484
-116.17158508300781
-116.23424530029297
-104.70401000976562
-104.10051727294922
-111.73182678222656
-110.43245697021484
-103.43131256103516
-107.73475646972656
-104.09366607666016
-108.01410675048828
-104.86490631103516
-107.96417999267578
-109.59556579589844
-109.64802551269531
-103.42719268798828
-106.59487915039062
-111.24382019042969
-101.4299545288086
-96.07836151123047
-104.0508804321289
-105.29803466796875
-107.272216796875
-106.72357177734375
-107.72627258300781
-112.37693786621094
-107.83621215820312
-107.44706726074219
-107.98468780517578
-108.4268798828125
-111.30938720703125
-108.30855560302734
-114.92425537109375
-103.92015838623047
-108.0610580444336
-108.46649932861328
-112.40804290771484
-109.04471588134766
-109.10833740234375
-108.2609634399414
-106.62379455566406
-113.82923126220703
-103.767822265625
-105.00479888916016
-109.93098449707031
-102.95304870605469
-108.46760559082031
-109.26670837402344
-114.10542297363281
-107.01168823242188
-109.67815399169922
-110.91641998291016
-106.51368713378906
-111.6396255493164
-105.96651458740234
-110.11267852783203
-103.94740295410156
-102.23300170898438
-106.26872253417969
-111.63130187988281
-113.04098510742188
-110.65922546386719
-102.06382751464844
-107.20860290527344
-110.0836410522461
-111.41236877441406
-110.81752014160156
-108.54511260986328
-103.4159164428711
-114.40129852294922
-106.91915893554688
-108.87814331054688
-106.65546417236328
-105.08675384521484
-106.5845947265625
-105.8023452758789
-100.51614379882812
-110.5508041381836
-111.12013244628906
-108.01067352294922
-107.50901794433594
-108.79418182373047
-103.5398941040039
-103.55433654785156
-111.53791809082031
-106.92986297607422
-112.30793762207031
-105.32475280761719
-108.35176086425781
-100.86492919921875
-104.1630630493164
-109.13983917236328
-103.94834899902344
-105.36487579345703
-111.10343933105469
-106.1573486328125
-108.87683868408203
-103.40140533447266
-105.42310333251953
-107.58037567138672
-109.32593536376953
-113.61627197265625
-111.82132720947266
-108.085205078125
-106.06517791748047
-102.42537689208984
-112.34466552734375
-100.5316390991211
-115.87037658691406
-106.47962951660156
-112.9649429321289
-105.41219329833984
-110.55915832519531
-105.45337677001953
-104.31626892089844
-107.40165710449219
-113.17842102050781
-111.04149627685547
-108.83625030517578
-104.117919921875
-114.42106628417969
-105.36605072021484
-112.4408187866211
-111.62548065185547
-110.77241516113281
-108.78873443603516
-111.92234802246094
-104.8547134399414
-109.36918640136719
-104.09412384033203
-106.13490295410156
-111.37776184082031
-109.94329071044922
-108.70846557617188
-110.74286651611328
-110.06805419921875
-103.36984252929688
-108.40399932861328
-110.28307342529297
-105.28610229492188
-111.35230255126953
-103.05036163330078
-114.50761413574219
-105.47708129882812
-103.15055084228516
-109.09986114501953
-108.32186126708984
-108.36241912841797
-106.87954711914062
-111.00166320800781
-109.78497314453125
-110.5035400390625
-113.16697692871094
-98.1919174194336
-107.61460876464844
-101.80510711669922
-110.78865814208984
-104.17406463623047
-103.72830963134766
-109.04011535644531
-109.8746337890625
-106.34855651855469
-110.74752044677734
-106.21944427490234
-107.00919342041016
-108.7844467163086
-107.5644760131836
