-101.24835968017578
-112.42295837402344
-104.95895385742188
-113.26683807373047
-110.43486022949219
-109.38489532470703
-104.33997344970703
-98.36512756347656
-109.89413452148438
-103.94329071044922
-110.436279296875
-106.68779754638672
-109.97200012207031
-109.05634307861328
-106.32669067382812
-101.61519622802734
-102.55477142333984
-109.18675994873047
-107.52017211914062
-102.13327026367188
-104.98836517333984
-105.64552307128906
-106.83135986328125
-109.01927185058594
-107.3826675415039
-112.59014129638672
-99.33547973632812
-111.1263198852539
-101.36292266845703
-106.0893325805664
-110.46117401123047
-115.02938842773438
-109.40868377685547
-114.33656311035156
-109.09772491455078
-103.75729370117188
-103.11641693115234
-106.57231140136719
-107.04266357421875
-104.43246459960938
-99.53075408935547
-100.82254791259766
-108.78858947753906
-104.49380493164062
-102.75927734375
-109.81573486328125
-108.6144027709961
-105.86328887939453
-106.31233215332031
-103.68104553222656
-100.8533935546875
-104.1563720703125
-105.34724426269531
-117.46947479248047
-112.00267028808594
-107.52002716064453
-107.97896575927734
-99.41378021240234
-98.71977233886719
-112.06881713867188
-105.74853515625
-107.86866760253906
-100.35855102539062
-106.49883270263672
-109.2247543334961
-100.21837615966797
-107.49887084960938
-106.88267517089844
-107.30160522460938
-103.20890808105469
-106.39559173583984
-102.99342346191406
-102.75769805908203
-112.41928100585938
-106.7466049194336
-109.1087875366211
-102.10706329345703
-109.04327392578125
-106.44303131103516
-111.90226745605469
-102.29598999023438
-107.19404602050781
-99.9427261352539
-105.64710998535156
-110.16207885742188
-107.17597961425781
-107.81143951416016
-99.9827651977539
-110.52617645263672
-99.88497161865234
-102.67430877685547
-107.58148193359375
-109.0121078491211
-109.74346923828125
-114.7454833984375
-105.06466674804688
-107.76468658447266
-105.86526489257812
-104.99412536621094
-109.98035430908203
-105.38282012939453
-97.08228302001953
-112.05084228515625
-107.96439361572266
-105.30635833740234
-111.18260955810547
-108.98774719238281
-99.51179504394531
-105.23020935058594
-99.90177154541016
-109.83362579345703
-95.85503387451172
-108.84074401855469
-99.2132339477539
-105.3067855834961
-104.89876556396484
-106.43570709228516
-104.48519134521484
-102.83946990966797
-101.0768814086914
-114.97419738769531
-104.58345794677734
-105.30631256103516
-103.3763427734375
-97.1014404296875
-107.78425598144531
-103.46532440185547
-97.56536102294922
-106.97649383544922
-106.16384887695312
-99.6945571899414
-107.57703399658203
-100.57811737060547
-107.94207000732422
-101.24082946777344
-102.26490783691406
-102.67823791503906
-107.88958740234375
-106.38856506347656
-105.46864318847656
-108.43575286865234
-106.25021362304688
-104.365478515625
-104.51777648925781
-105.3770523071289
-102.89579772949219
-106.55976867675781
-102.9731216430664
-107.2435073852539
-109.5128402709961
-112.82804107666016
-100.3057632446289
-109.56158447265625
-107.6020278930664
-111.0602035522461
-111.76585388183594
-113.99748992919922
-107.29094696044922
-110.06431579589844
-104.271240234375
-105.94230651855469
-105.36337280273438
-107.44646453857422
-104.85855102539062
-104.15432739257812
-101.69652557373047
-107.30551147460938
-114.2763900756836
-111.88098907470703
-107.13986206054688
-105.0399169921875
-96.12537384033203
-109.76628875732422
-102.11865997314453
-101.20857238769531
-105.88754272460938
-103.58118438720703
-104.61649322509766
-106.78327178955078
-100.9686279296875
-106.40152740478516
-112.47445678710938
-106.51557159423828
-105.15579986572266
-99.65018463134766
-106.08715057373047
-100.15735626220703
-107.72023010253906
-107.99292755126953
-110.2716293334961
-110.17021179199219
-103.30096435546875
-102.45411682128906
-108.1064224243164
-103.7630844116211
-104.17822265625
-107.12176513671875
-108.55623626708984
-101.11128234863281
-107.22673797607422
-104.94833374023438
-105.60607147216797
-107.31426239013672
-100.62788391113281
-107.98938751220703
-107.97618103027344
-112.5482177734375
-101.15653991699219
-97.94061279296875
-110.51870727539062
-103.1385498046875
-106.86663055419922
-103.67945861816406
-113.20113372802734
-108.57703399658203
-107.1351318359375
-106.9565200805664
-101.64879608154297
-108.94436645507812
-104.27374267578125
-101.78242492675781
-113.64778900146484
-104.52079772949219
-110.67826080322266
-106.84173583984375
-111.07439422607422
-108.5787353515625
-108.72201538085938
-107.90974426269531
-108.00270080566406
-113.13355255126953
-115.21282196044922
-109.2577133178711
-107.11577606201172
-110.09244537353516
-100.68798065185547
-108.98384857177734
-109.78722381591797
-110.53519439697266
-105.0679702758789
-109.77164459228516
-109.49070739746094
-107.55900573730469
-106.55938720703125
-105.28288269042969
-107.85091400146484
-108.31092071533203
-110.31307983398438
-104.7761001586914
-103.9836654663086
-109.1133804321289
-105.10350036621094
-102.5523910522461
-99.60728454589844
-105.80084991455078
-104.0494384765625
-108.39056396484375
-117.14364624023438
-103.67284393310547
-108.83434295654297
-112.00489044189453
-104.75836944580078
-106.5634536743164
-102.28146362304688
-102.53001403808594
-107.8950424194336
-108.89669799804688
-97.60521697998047
-101.88578796386719
-108.04920959472656
-105.41250610351562
-107.34690856933594
-103.76151275634766
-108.48328399658203
-102.24482727050781
-105.20750427246094
-106.00951385498047
-98.3103256225586
-106.22957611083984
-109.78031921386719
-100.67692565917969
-103.29906463623047
-106.59220123291016
-102.65099334716797
-98.43666076660156
-107.39100646972656
-104.49784851074219
-111.31412506103516
-110.06166076660156
-107.28633117675781
-105.95821380615234
-101.17418670654297
-105.99935150146484
-110.94467163085938
-108.50462341308594
-104.99425506591797
-104.56779479980469
-110.42755126953125
-105.26903533935547
-103.7509765625
-104.51312255859375
-106.2720718383789
-107.97893524169922
-106.91927337646484
-107.46878051757812
-103.19292449951172
-103.53712463378906
-111.35599517822266
-108.28229522705078
-108.54795837402344
-106.35560607910156
-104.80542755126953
-104.90234375
-107.22162628173828
-101.69294738769531
-106.62334442138672
-101.40684509277344
-111.09857940673828
-102.17874145507812
-104.9468994140625
-108.35967254638672
-113.3170394897461
-101.26429748535156
-100.63269805908203
-105.76951599121094
-111.28524780273438
-112.90516662597656
-102.60578918457031
-109.83763885498047
-110.8409652709961
-108.00740814208984
-104.2323226928711
-106.66661071777344
-105.71826171875
-113.35193634033203
-112.13631439208984
-106.01461029052734
-106.57373046875
-103.54601287841797
-111.82083892822266
-112.18529510498047
-106.47576904296875
-110.52225494384766
-105.47789764404297
-114.19182586669922
-100.01377868652344
-101.67630004882812
-104.85967254638672
-105.88007354736328
-114.27452087402344
-107.28977966308594
-110.5296859741211
-109.80143737792969
-109.44265747070312
-102.19438171386719
-110.05854034423828
-110.01608276367188
-110.29002380371094
-115.3425064086914
-108.68628692626953
-106.74705505371094
-109.80511474609375
-106.10794830322266
-111.11640930175781
-106.3698501586914
-106.71993255615234
-106.64382934570312
-104.61565399169922
-107.28718566894531
-107.4954605102539
-104.0307388305664
-104.6322021484375
-99.86041259765625
-113.76292419433594
-110.83501434326172
-109.91051483154297
-102.3423843383789
-106.6768569946289
-100.8094711303711
-103.7091293334961
-106.3020248413086
-100.5214614868164
-105.6152114868164
-100.81625366210938
-111.1821517944336
-105.50730895996094
-103.48532104492188
-106.58575439453125
-110.13532257080078
-103.01139068603516
-99.82357025146484
-104.51334381103516
-105.16553497314453
-103.65898132324219
-103.19417572021484
-104.44448852539062
-101.01676177978516
-111.8963623046875
-100.76445770263672
-105.62361907958984
-107.03438568115234
-105.08991241455078
-104.65560150146484
-104.0428695678711
-103.28035736083984
-113.97820281982422
-100.84774780273438
-105.29393768310547
-106.14781951904297
-107.31924438476562
-114.7706298828125
-108.51655578613281
-108.20360565185547
-101.58023834228516
-103.04700469970703
-100.08145141601562
-112.44686889648438
-104.00039672851562
-102.31232452392578
-107.37708282470703
-110.24861907958984
-100.6341552734375
-103.86034393310547
-111.45878601074219
-101.38945007324219
-106.02986907958984
-106.86030578613281
-105.79275512695312
-103.71559143066406
-111.24662780761719
-103.75608825683594
-114.24248504638672
-101.00358581542969
-102.76008605957031
-103.2452163696289
-109.17259216308594
-107.61673736572266
-105.84400177001953
-110.69635772705078
-103.23971557617188
-107.09532165527344
-103.59503173828125
-109.82988739013672
-96.42638397216797
-106.75838470458984
-101.96507263183594
-108.01121520996094
-101.17103576660156
-101.19123077392578
-109.36813354492188
-102.78073120117188
-110.43679809570312
-105.2979736328125
-104.43450164794922
-113.60720825195312
-106.8168716430664
-112.86868286132812
-108.9718246459961
-110.23387908935547
-98.78068542480469
-107.15304565429688
-102.96363830566406
-111.8651351928711
-97.0318832397461
-106.40690612792969
-111.0618896484375
-114.27667236328125
-110.05663299560547
-101.0316390991211
-98.04093170166016
-108.7579345703125
-103.81222534179688
-104.8266830444336
-107.77476501464844
-102.31810760498047
-103.66630554199219
-104.77838134765625
-113.81436920166016
-101.96830749511719
-103.39435577392578
-97.14114379882812
-105.76174926757812
-106.35250091552734
-100.4904556274414
-109.45938110351562
-101.92125701904297
-106.52508544921875
-101.67461395263672
-110.50762939453125
-108.5925064086914
-104.0489730834961
-103.3853759765625
-101.11282348632812
-109.00777435302734
-104.70565795898438
-107.8403549194336
-101.94778442382812
-105.31057739257812
-96.68585968017578
-104.98693084716797
-105.18759155273438
-105.91912078857422
-105.4813461303711
-101.21772003173828
-109.2745132446289
-103.95783233642578
-106.07850646972656
-103.95436096191406
-106.34868621826172
-106.8874282836914
-105.31607055664062
-109.45923614501953
-110.12737274169922
-101.82090759277344
-102.25801086425781
-100.86199188232422
-100.8989028930664
-100.2486572265625
-110.43595123291016
-103.99900817871094
-106.05117797851562
-103.30723571777344
-107.91192626953125
-108.20867156982422
-102.3858413696289
-106.3378677368164
-104.33899688720703
-112.49552917480469
-103.94182586669922
-103.14962768554688
-106.61544799804688
-104.86761474609375
-106.33619689941406
-113.39532470703125
-113.2479476928711
-102.9829330444336
-104.05142974853516
-106.1387710571289
-104.04520416259766
-105.57905578613281
-113.57595825195312
-102.69676208496094
-100.55361938476562
-108.98283386230469
-112.74748992919922
-102.51936340332031
-106.74072265625
-101.56070709228516
-114.08392333984375
-108.54658508300781
-112.40768432617188
-100.97125244140625
-104.53633117675781
-104.16541290283203
-108.72595977783203
-107.7564468383789
-107.5370864868164
-109.9665298461914
-107.98775482177734
-104.05042266845703
-109.27835845947266
-107.84130859375
-104.35258483886719
-109.66387939453125
-111.92829895019531
-113.47695922851562
-110.2443618774414
-102.44686126708984
-104.69013977050781
-111.51924896240234
-103.05876159667969
-100.8336410522461
-101.46553039550781
-108.2959976196289
-98.67530059814453
-109.66505432128906
-100.8073501586914
-117.72894287109375
-110.11601257324219
-106.80040740966797
-108.21105194091797
-112.65582275390625
-109.4142837524414
-105.31094360351562
-107.63487243652344
-107.98658752441406
-103.92217254638672
-98.48591613769531
-105.0775146484375
-100.83546447753906
-105.01820373535156
-104.4842300415039
-104.51974487304688
-109.13667297363281
-104.34891510009766
-105.37104034423828
-101.02153015136719
-103.05258178710938
-114.38372802734375
-111.20621490478516
-104.57013702392578
-105.37574005126953
-108.47208404541016
-107.09847259521484
-100.62771606445312
-102.82901000976562
-107.0992202758789
-102.32968139648438
-107.26111602783203
-104.99093627929688
-101.83531188964844
-108.39710235595703
-104.84982299804688
-114.6482162475586
-109.25144958496094
-105.66079711914062
-104.38590240478516
-106.90430450439453
-102.9632339477539
-104.59423828125
-105.58063507080078
-102.4063720703125
-104.22014617919922
-104.95404052734375
-102.05904388427734
-104.88782501220703
-110.92501068115234
-104.8004150390625
-105.81072998046875
-112.58850860595703
-106.40692138671875
-105.72732543945312
-110.84905242919922
-105.030029296875
-101.21220397949219
-106.40648651123047
-108.12889862060547
-105.38233947753906
-101.97090148925781
-114.44975280761719
-106.94939422607422
-111.1874008178711
-111.88998413085938
-106.69874572753906
-104.64188385009766
-97.94529724121094
-104.20978546142578
-103.33545684814453
-102.74820709228516
-104.40213012695312
-106.16890716552734
-117.79054260253906
-107.74408721923828
-113.09333038330078
-111.82565307617188
-108.21517181396484
-102.4534683227539
-107.67985534667969
-104.4239501953125
-103.71781921386719
-111.79167938232422
-102.2917251586914
-110.73661804199219
-106.51244354248047
-100.55224609375
-104.27686309814453
-111.8463363647461
-105.2121810913086
-104.25634765625
-108.48075103759766
-108.68565368652344
-110.77135467529297
-103.80034637451172
-103.18119049072266
-110.0219497680664
-101.46780395507812
-101.54330444335938
-109.79752349853516
-111.8974838256836
-110.72602081298828
-112.09029388427734
-106.23116302490234
-103.89005279541016
-109.8109130859375
-108.4580078125
-102.70941162109375
-102.38964080810547
-104.25051879882812
-106.2063980102539
-104.21237182617188
-101.80331420898438
-111.60870361328125
-96.9183349609375
-104.96355438232422
-108.25872039794922
-107.75821685791016
-106.28459167480469
-104.5838394165039
-107.85092163085938
-105.4151611328125
-103.5691909790039
-105.85101318359375
-113.4192886352539
-108.3177490234375
-106.55207824707031
-107.47673034667969
-107.13227844238281
-106.50027465820312
-110.12310791015625
-107.52448272705078
-101.75038146972656
-106.64132690429688
-107.22311401367188
-102.92967987060547
-106.33756256103516
-104.69124603271484
-104.17485809326172
-103.42900848388672
-103.70382690429688
-109.74720764160156
-115.15943908691406
-104.21990203857422
-105.96802520751953
-107.69709014892578
-104.76879119873047
-110.39297485351562
-102.56995391845703
-103.57379913330078
-108.77337646484375
-97.85248565673828
-105.21630096435547
-109.2760238647461
-102.50349426269531
-106.6825942993164
-107.1203842163086
-110.48631286621094
-101.28330993652344
-106.66177368164062
-105.71251678466797
-99.36900329589844
-106.63128662109375
-106.53144073486328
-105.22662353515625
-103.57161712646484
-107.79034423828125
-108.84713745117188
-105.76561737060547
-106.79621124267578
-104.609130859375
-109.31958770751953
-110.42961883544922
-107.71697998046875
-104.4822998046875
-104.62150573730469
-103.5643310546875
-105.68854522705078
-107.63189697265625
-107.00170135498047
-101.47953796386719
-111.91911315917969
-104.22351837158203
-103.92723083496094
-98.8917007446289
-103.89351654052734
-99.5888442993164
-102.90130615234375
-106.5781478881836
-98.24553680419922
-110.1565170288086
-110.16165161132812
-107.11875915527344
-105.0423583984375
-113.11959075927734
-113.59973907470703
-101.69774627685547
-101.44963073730469
-112.01036834716797
-107.70329284667969
-99.90420532226562
-107.9485855102539
-102.13465118408203
-107.27377319335938
-101.62730407714844
-106.46148681640625
-107.36534118652344
-108.2023696899414
-102.44185638427734
-103.6450424194336
-108.75886535644531
-98.77342224121094
-94.39276123046875
-101.98075866699219
-105.25251770019531
-105.62110900878906
-103.14850616455078
-106.07038879394531
-108.5959701538086
-104.56556701660156
-103.91393280029297
-105.73927307128906
-105.9826431274414
-108.14823913574219
-104.11243438720703
-112.1675033569336
-101.37513732910156
-105.19463348388672
-106.53707885742188
-109.94729614257812
-106.4364242553711
-107.31837463378906
-106.24906921386719
-105.02364349365234
-112.29420471191406
-101.49028778076172
-103.30433654785156
-108.18999481201172
-102.85016632080078
-108.53948974609375
-105.7956314086914
-111.53996276855469
-104.07267761230469
-107.1072998046875
-108.80931854248047
-104.0353775024414
-108.80593872070312
-105.35665130615234
-109.25218200683594
-102.76561737060547
-99.5795669555664
-101.6285171508789
-108.93004608154297
-112.4928207397461
-110.2771224975586
-100.33868408203125
-106.80526733398438
-107.63745880126953
-110.07374572753906
-107.32625579833984
-106.07280731201172
-103.63301086425781
-112.3799819946289
-106.43931579589844
-106.31417083740234
-105.556396484375
-104.1422119140625
-104.43504333496094
-105.47340393066406
-98.2593994140625
-108.50383758544922
-109.19721221923828
-107.12051391601562
-106.35493469238281
-107.4895248413086
-102.54256439208984
-102.68794250488281
-109.67330169677734
-104.86414337158203
-109.61650085449219
-104.90316009521484
-106.28233337402344
-98.63245391845703
-102.34928131103516
-107.02567291259766
-104.13224792480469
-104.94038391113281
-109.50878143310547
-104.27005767822266
-106.46241760253906
-100.68557739257812
-103.20932006835938
-107.98060607910156
-108.15384674072266
-111.36625671386719
-110.98309326171875
-106.73046875
-105.38749694824219
-100.73561096191406
-110.99073791503906
-98.81018829345703
-114.1194839477539
-103.94530487060547
-109.92912292480469
-105.17859649658203
-99.9432373046875
-104.01470184326172
-103.85601806640625
-104.568603515625
-112.7161865234375
-109.69174194335938
-108.38861083984375
-103.26927947998047
-112.36837768554688
-104.74107360839844
-111.30316162109375
-110.83834838867188
-109.27202606201172
-107.2557144165039
-112.8689956665039
-104.33623504638672
-108.02210998535156
-103.63726043701172
-104.75328063964844
-107.95503234863281
-110.32158660888672
-108.93968963623047
-108.80679321289062
-109.12305450439453
-104.3067398071289
-107.05901336669922
-108.81820678710938
-104.90323638916016
-109.67523193359375
-101.78041076660156
-111.7063980102539
-104.59658813476562
-103.88272857666016
-107.11827087402344
-107.03732299804688
-105.72419738769531
-104.29667663574219
-110.88482666015625
-107.89327239990234
-108.4897232055664
-110.56726837158203
-98.51473236083984
-106.54593658447266
-98.8599624633789
-110.13894653320312
-102.73530578613281
-102.97102355957031
-107.10816192626953
-107.72112274169922
-105.59599304199219
-109.11105346679688
-104.6312255859375
-106.67316436767578
-107.11428833007812
-107.16400909423828
