-104.25247955322266
-116.52513122558594
-108.38358306884766
-115.3815689086914
-112.3572769165039
-111.72081756591797
-107.67919921875
-99.78365325927734
-112.67571258544922
-105.28986358642578
-112.33963012695312
-109.79073333740234
-113.67050170898438
-111.67037963867188
-108.56864929199219
-104.30729675292969
-106.7643051147461
-112.64984893798828
-110.64710235595703
-103.73957824707031
-108.30303192138672
-110.7055892944336
-108.03929138183594
-111.31851959228516
-111.72152709960938
-116.34380340576172
-103.79119873046875
-114.94428253173828
-104.27600860595703
-108.956298828125
-113.22701263427734
-119.1129379272461
-112.50997924804688
-117.98971557617188
-113.2544174194336
-106.17820739746094
-106.10447692871094
-110.16342163085938
-109.17877197265625
-108.3148422241211
-104.12908935546875
-102.25929260253906
-111.12040710449219
-107.5598373413086
-106.80075073242188
-113.29298400878906
-110.64224243164062
-108.5639877319336
-108.98579406738281
-107.06428527832031
-104.86910247802734
-108.25792694091797
-107.90530395507812
-120.58964538574219
-113.04170227050781
-110.9158935546875
-110.85126495361328
-102.6387710571289
-100.88898468017578
-115.4337387084961
-108.37979888916016
-110.08390045166016
-105.37541961669922
-109.09455108642578
-113.16622924804688
-103.20594024658203
-110.26427459716797
-109.420166015625
-110.45358276367188
-104.69550323486328
-109.39523315429688
-104.51470947265625
-105.3659439086914
-116.78995513916016
-109.34636688232422
-112.24207305908203
-105.00685119628906
-111.08394622802734
-107.63075256347656
-113.3194351196289
-106.16869354248047
-109.27568054199219
-102.70025634765625
-106.59561157226562
-112.25287628173828
-109.14933776855469
-111.172607421875
-103.40223693847656
-111.1966552734375
-103.76868438720703
-105.04984283447266
-109.70560455322266
-109.94364929199219
-111.2898178100586
-115.88402557373047
-107.09489440917969
-109.65833282470703
-106.79180908203125
-107.57926177978516
-112.39827728271484
-108.108154296875
-99.397705078125
-115.73155212402344
-112.1935043334961
-109.13395690917969
-115.95393371582031
-114.15875244140625
-101.94477844238281
-109.4203109741211
-103.17168426513672
-112.54742431640625
-98.3869857788086
-111.39295196533203
-104.36853790283203
-107.94786834716797
-106.93590545654297
-110.68280792236328
-108.40620422363281
-104.673095703125
-104.38191986083984
-118.272216796875
-108.53802490234375
-107.8670654296875
-105.95873260498047
-101.04338073730469
-111.0260009765625
-107.65591430664062
-102.31320190429688
-109.7800064086914
-107.75772857666016
-102.07916259765625
-111.0771255493164
-101.77601623535156
-111.24215698242188
-104.03334045410156
-107.19972229003906
-107.3557357788086
-112.36277770996094
-109.51505279541016
-106.55658721923828
-112.30118560791016
-110.24213409423828
-108.0034408569336
-108.49545288085938
-108.10006713867188
-105.6476821899414
-111.94417572021484
-106.52654266357422
-111.3698959350586
-112.39710235595703
-115.1517333984375
-103.85124206542969
-113.49945831298828
-110.47525024414062
-113.82830810546875
-115.2503433227539
-118.05542755126953
-110.76206970214844
-113.03466796875
-105.71055603027344
-109.17143249511719
-107.8866958618164
-108.56315612792969
-106.6251220703125
-106.96920013427734
-104.4266357421875
-110.12752532958984
-116.63916015625
-112.38290405273438
-109.79824829101562
-108.73519897460938
-99.38988494873047
-114.15145111083984
-104.10863494873047
-103.55403137207031
-108.27039337158203
-105.20511627197266
-107.51335144042969
-111.14376068115234
-103.10404205322266
-109.13774871826172
-114.8243637084961
-109.01457214355469
-108.43196105957031
-102.6147232055664
-108.28216552734375
-104.06851196289062
-110.97093963623047
-109.12472534179688
-111.81210327148438
-112.57999420166016
-106.42447662353516
-105.20094299316406
-110.78758239746094
-105.43634033203125
-106.28083038330078
-107.77002716064453
-111.6476821899414
-105.1712875366211
-109.2113037109375
-106.06114196777344
-108.29478454589844
-109.75675201416016
-103.43595123291016
-111.19207000732422
-111.26747131347656
-112.6539306640625
-103.906494140625
-100.70886993408203
-112.96432495117188
-104.90813446044922
-109.21466827392578
-105.07068634033203
-115.58941650390625
-112.5367660522461
-109.6048583984375
-110.96266174316406
-105.17387390136719
-110.81066131591797
-105.94154357910156
-105.64509582519531
-114.04255676269531
-108.51811981201172
-114.62801361083984
-109.4687271118164
-114.04914093017578
-111.70086669921875
-111.89657592773438
-110.64871978759766
-110.23558807373047
-117.20526885986328
-118.21398162841797
-110.97239685058594
-109.66768646240234
-113.1078109741211
-102.92902374267578
-111.6288833618164
-112.20603942871094
-112.76461029052734
-107.3029556274414
-112.89955139160156
-109.06028747558594
-107.72618103027344
-109.52194213867188
-108.91744232177734
-110.78316497802734
-110.6427230834961
-111.54345703125
-107.23851013183594
-107.20067596435547
-110.72700500488281
-108.5372314453125
-105.70294189453125
-101.80006408691406
-108.55500030517578
-105.73218536376953
-111.03816223144531
-119.79518127441406
-106.7630615234375
-111.9049301147461
-114.10128021240234
-107.57713317871094
-110.17328643798828
-103.46304321289062
-105.4589614868164
-110.58130645751953
-111.68362426757812
-100.59333038330078
-103.52667999267578
-111.05828094482422
-107.42717742919922
-110.83529663085938
-108.24737548828125
-113.06951904296875
-103.54154205322266
-107.65455627441406
-108.85969543457031
-102.79908752441406
-108.39192962646484
-110.51091003417969
-103.35244750976562
-106.90231323242188
-109.39398956298828
-105.16248321533203
-102.49105072021484
-110.6488037109375
-108.24982452392578
-114.06015014648438
-112.90145111083984
-109.60427856445312
-108.84574127197266
-103.06644439697266
-107.30177307128906
-113.29248809814453
-110.56304168701172
-107.59191131591797
-107.54436492919922
-113.96275329589844
-110.05528259277344
-106.01484680175781
-106.11083984375
-109.39739227294922
-110.70571899414062
-109.98246002197266
-111.83296966552734
-106.84829711914062
-104.76814270019531
-115.50045776367188
-111.77571868896484
-111.73770904541016
-110.86002349853516
-107.85782623291016
-107.82859802246094
-109.89019775390625
-104.8770523071289
-109.3532485961914
-104.51049041748047
-111.9838638305664
-105.97315216064453
-108.04236602783203
-110.460205078125
-115.61802673339844
-104.48271179199219
-102.31543731689453
-109.22245025634766
-114.27764892578125
-115.61882781982422
-105.16275024414062
-114.36003112792969
-111.95707702636719
-111.06572723388672
-106.34136962890625
-108.67626190185547
-108.06875610351562
-115.60209655761719
-113.79698944091797
-107.00752258300781
-108.54393005371094
-107.17046356201172
-114.85108184814453
-117.7519302368164
-110.19761657714844
-114.33116149902344
-107.79022979736328
-117.73760223388672
-103.85039520263672
-106.4530258178711
-108.35385131835938
-108.99095916748047
-117.70882415771484
-109.46961975097656
-112.43154907226562
-113.61430358886719
-112.2948226928711
-104.63821411132812
-113.74536895751953
-112.99395751953125
-112.47820281982422
-116.65222930908203
-111.9932861328125
-110.37566375732422
-113.07894134521484
-108.73310089111328
-115.67792510986328
-111.49168395996094
-109.94393157958984
-110.87936401367188
-108.2170181274414
-109.35584259033203
-110.4851303100586
-106.47984313964844
-108.69558715820312
-103.11563873291016
-118.40196228027344
-113.17237091064453
-114.06096649169922
-106.7368392944336
-108.10002136230469
-104.15174102783203
-106.93451690673828
-109.03524780273438
-104.30432891845703
-105.93257141113281
-104.69195556640625
-114.33232116699219
-109.257568359375
-107.44303131103516
-109.70407104492188
-114.80255889892578
-105.71583557128906
-103.28877258300781
-106.74458312988281
-108.09710693359375
-108.31038665771484
-107.43238830566406
-107.84487915039062
-104.40166473388672
-115.82949829101562
-103.68018341064453
-108.06291198730469
-109.70726013183594
-108.30461120605469
-107.9411849975586
-105.49662780761719
-105.0336685180664
-117.52291870117188
-104.14785766601562
-108.17037963867188
-110.18482971191406
-112.12267303466797
-118.70524597167969
-111.9132308959961
-110.19706726074219
-104.37030029296875
-106.07515716552734
-103.44075775146484
-117.19044494628906
-104.91455078125
-105.15174865722656
-110.12307739257812
-113.05913543701172
-102.08668518066406
-107.68656921386719
-115.79448699951172
-104.30126190185547
-108.99617004394531
-109.65406036376953
-107.44094848632812
-105.52275085449219
-113.61612701416016
-104.73668670654297
-116.14325714111328
-103.93055725097656
-104.82571411132812
-105.09723663330078
-110.97396087646484
-110.04898071289062
-108.89533233642578
-113.93299865722656
-106.33924865722656
-111.01445007324219
-106.8807373046875
-112.00792694091797
-98.42115783691406
-109.90991973876953
-105.71778106689453
-110.03154754638672
-104.00065612792969
-103.35880279541016
-112.08882141113281
-105.94943237304688
-114.5263442993164
-110.04695129394531
-108.1061019897461
-115.50257873535156
-109.4617691040039
-116.03433990478516
-112.69478607177734
-113.46197509765625
-102.2335205078125
-109.32620239257812
-105.79561614990234
-113.78230285644531
-100.49993896484375
-110.13932800292969
-114.96614837646484
-115.52305603027344
-113.5363998413086
-102.10147094726562
-100.96009826660156
-111.77045440673828
-106.40332794189453
-107.84333801269531
-108.8654556274414
-106.91072845458984
-107.72798919677734
-108.49230194091797
-117.19152069091797
-103.48265838623047
-105.767578125
-99.31723022460938
-107.88290405273438
-111.00833129882812
-102.2443618774414
-110.05010986328125
-104.32112884521484
-108.30804443359375
-101.9869155883789
-114.34113311767578
-111.57707977294922
-107.18781280517578
-107.55715942382812
-104.58329010009766
-112.73845672607422
-108.11949920654297
-111.35796356201172
-104.7721939086914
-108.1784439086914
-100.90550231933594
-107.44832611083984
-107.36521911621094
-108.9224624633789
-107.21736907958984
-102.62608337402344
-111.18392181396484
-107.801025390625
-111.08187866210938
-105.60636138916016
-110.84278869628906
-109.75064086914062
-108.32630157470703
-113.20083618164062
-114.42146301269531
-105.77119445800781
-104.10540771484375
-103.66234588623047
-103.0953598022461
-103.78667449951172
-113.03572082519531
-106.69244384765625
-109.27383422851562
-106.83345031738281
-110.21890258789062
-111.20557403564453
-105.33207702636719
-110.68909454345703
-107.45077514648438
-114.70794677734375
-104.62767791748047
-106.45387268066406
-109.6507797241211
-106.77157592773438
-109.35536193847656
-116.73406219482422
-114.15631866455078
-106.76744079589844
-105.40050506591797
-108.12371063232422
-107.3436279296875
-107.99605560302734
-115.91716003417969
-108.31362915039062
-102.90596771240234
-111.48152160644531
-114.93191528320312
-104.66358184814453
-108.62460327148438
-104.38429260253906
-116.67794799804688
-111.27439880371094
-114.10932159423828
-103.27557373046875
-105.98052978515625
-107.0161361694336
-111.05643463134766
-110.92279052734375
-109.89476013183594
-113.50542449951172
-111.5522232055664
-105.51658630371094
-111.57484436035156
-109.4522705078125
-105.53724670410156
-110.48648834228516
-115.17444610595703
-116.70842742919922
-112.64298248291016
-103.48163604736328
-106.92891693115234
-114.26296997070312
-105.489990234375
-103.75688934326172
-102.93405151367188
-109.65192413330078
-100.2939453125
-112.15937042236328
-103.7205810546875
-120.51136779785156
-113.99232482910156
-109.10626220703125
-111.81963348388672
-115.30812072753906
-112.71829986572266
-108.47988891601562
-108.685302734375
-109.3104019165039
-107.46492004394531
-100.14906311035156
-107.11801147460938
-103.61495208740234
-108.6309814453125
-108.15531158447266
-106.50701904296875
-111.41506958007812
-106.89151763916016
-108.01275634765625
-103.78471374511719
-105.21137237548828
-115.909423828125
-113.8610610961914
-107.81865692138672
-108.32170867919922
-111.48662567138672
-110.62777709960938
-103.88359069824219
-104.59705352783203
-108.5280990600586
-104.36175537109375
-109.96882629394531
-108.1326904296875
-105.82107543945312
-111.29804229736328
-108.59806823730469
-119.96161651611328
-112.22499084472656
-108.1309585571289
-106.41180419921875
-110.2481460571289
-107.36474609375
-106.78145599365234
-108.69683837890625
-103.95487213134766
-106.24615478515625
-107.75875091552734
-104.18531799316406
-108.01447296142578
-113.22328186035156
-108.04772186279297
-109.5488510131836
-114.42668914794922
-109.36686706542969
-107.65604400634766
-114.24644470214844
-108.17720031738281
-103.32408905029297
-108.5750503540039
-111.03561401367188
-107.6239242553711
-104.99869537353516
-116.48068237304688
-109.40206146240234
-115.11228942871094
-114.49678802490234
-108.20111083984375
-105.92398834228516
-100.11612701416016
-105.7579574584961
-106.07268524169922
-104.93359375
-107.17420959472656
-109.12464141845703
-120.61282348632812
-109.25621032714844
-115.61279296875
-113.42607116699219
-110.9473648071289
-105.14277648925781
-109.64352416992188
-107.16232299804688
-106.48240661621094
-114.08951568603516
-103.86119842529297
-112.6590805053711
-108.71065521240234
-102.155029296875
-107.81475830078125
-114.3873291015625
-109.27828979492188
-106.70927429199219
-110.66019439697266
-111.978271484375
-112.91413116455078
-105.2651596069336
-107.93045043945312
-111.93997192382812
-104.18408203125
-104.86981964111328
-112.64994049072266
-112.70915222167969
-112.89640808105469
-114.69662475585938
-108.70069885253906
-107.29171752929688
-112.43258666992188
-112.26097869873047
-105.947998046875
-104.22635650634766
-106.64260864257812
-110.41145324707031
-109.26651000976562
-105.43595886230469
-112.40412902832031
-99.12750244140625
-107.69274139404297
-110.00772094726562
-109.20758819580078
-109.2606430053711
-106.7874984741211
-109.47256469726562
-107.18795013427734
-104.57657623291016
-109.03425598144531
-115.98320007324219
-111.15645599365234
-109.14224243164062
-107.6696548461914
-108.90030670166016
-108.98674011230469
-111.51197052001953
-109.11968994140625
-103.73294830322266
-109.15922546386719
-109.58859252929688
-105.49398803710938
-108.75611877441406
-107.4382553100586
-106.46273040771484
-106.08790588378906
-107.08973693847656
-111.2607192993164
-118.5401611328125
-106.65950012207031
-109.01319122314453
-111.59559631347656
-107.25664520263672
-111.90538024902344
-104.8515396118164
-106.84322357177734
-110.66093444824219
-101.0214614868164
-106.41448974609375
-114.78218841552734
-105.30238342285156
-109.23052978515625
-110.74568176269531
-113.1898193359375
-102.49107360839844
-108.54005432128906
-108.83460235595703
-101.40958404541016
-108.86368560791016
-110.33057403564453
-106.10057067871094
-104.385009765625
-113.2347412109375
-110.6905517578125
-108.94255065917969
-108.48119354248047
-104.76555633544922
-112.33385467529297
-111.52035522460938
-109.21735382080078
-106.4200668334961
-107.31260681152344
-103.35069274902344
-107.16336822509766
-111.24496459960938
-109.7201156616211
-102.92642974853516
-116.4912338256836
-107.2447280883789
-106.994140625
-101.94820404052734
-106.02651977539062
-101.58084106445312
-105.00737762451172
-108.71854400634766
-99.26698303222656
-110.80086517333984
-112.122802734375
-107.49378204345703
-105.01984405517578
-116.48065185546875
-116.77906036376953
-103.8416748046875
-104.70552062988281
-115.36065673828125
-110.26786041259766
-102.29428100585938
-110.2169418334961
-104.04719543457031
-108.54581451416016
-105.578125
-109.435791015625
-109.67103576660156
-110.36399841308594
-106.23246765136719
-107.50000762939453
-111.35009002685547
-102.62799835205078
-96.88154602050781
-103.44508361816406
-107.04586029052734
-108.46583557128906
-105.28509521484375
-109.61034393310547
-112.84683227539062
-109.08985900878906
-105.4053955078125
-108.9851303100586
-107.07263946533203
-111.90531921386719
-108.30683898925781
-116.18284606933594
-102.5575180053711
-108.31720733642578
-109.78341674804688
-114.13542938232422
-108.1426773071289
-110.19134521484375
-109.68994140625
-108.24797058105469
-114.51548767089844
-103.16795349121094
-105.78421783447266
-109.4826431274414
-104.8095474243164
-111.24683380126953
-108.02074432373047
-114.10342407226562
-107.46834564208984
-110.58171081542969
-112.08837890625
-107.72026824951172
-112.94296264648438
-109.26165771484375
-112.33977508544922
-105.1617431640625
-102.5536880493164
-104.48194122314453
-112.46407318115234
-116.30937957763672
-112.11540222167969
-103.80935668945312
-108.87647247314453
-112.36359405517578
-114.3445053100586
-110.0770263671875
-108.09538269042969
-105.23625946044922
-114.68492126464844
-108.89700317382812
-109.24870300292969
-107.70646667480469
-108.83924865722656
-106.55797576904297
-107.81623840332031
-100.71221923828125
-109.29785919189453
-110.35743713378906
-108.46088409423828
-107.98743438720703
-110.20024871826172
-105.6182632446289
-105.17684936523438
-113.30524444580078
-107.7756576538086
-113.29639434814453
-105.76263427734375
-108.82382202148438
-101.82986450195312
-106.3779525756836
-109.6987533569336
-106.92922973632812
-105.22290802001953
-110.14802551269531
-107.17146301269531
-109.509521484375
-105.41277313232422
-106.17422485351562
-107.60738372802734
-111.1075210571289
-114.63536071777344
-113.37419128417969
-108.50150299072266
-106.0131607055664
-101.74071502685547
-112.4804458618164
-100.60663604736328
-115.39319610595703
-107.17215728759766
-113.46580505371094
-106.7603988647461
-103.2017822265625
-106.69776153564453
-105.92628479003906
-108.68312072753906
-113.2061767578125
-111.6990737915039
-109.09063720703125
-105.32469940185547
-117.73611450195312
-109.16819763183594
-114.65736389160156
-111.86566925048828
-110.95325469970703
-109.73303985595703
-115.70872497558594
-109.28384399414062
-111.0903549194336
-108.03604125976562
-106.47732543945312
-109.55931854248047
-110.69802856445312
-112.45967864990234
-112.4419174194336
-111.26473236083984
-105.10951232910156
-109.1669692993164
-111.33795166015625
-108.49832153320312
-112.44829559326172
-104.06977081298828
-113.56226348876953
-107.75135040283203
-104.90660858154297
-109.44667053222656
-109.48521423339844
-109.52896881103516
-106.37286376953125
-112.41814422607422
-109.74480438232422
-110.5796890258789
-114.84465026855469
-101.76734924316406
-108.11579132080078
-102.01891326904297
-112.07106018066406
-105.68524169921875
-104.94487762451172
-110.67339324951172
-111.20986938476562
-108.62010192871094
-109.86222076416016
-106.54718017578125
-109.844970703125
-109.39990234375
-108.27082824707031
