-556.8094482421875
-482.6161804199219
-350.5042724609375
-336.62127685546875
-269.1545715332031
-252.5312042236328
-241.2805938720703
-229.83815002441406
-231.92666625976562
-223.84658813476562
-225.2783660888672
-225.50323486328125
-225.17160034179688
-234.20425415039062
-216.0970001220703
-210.3737030029297
-211.2003631591797
-216.4888458251953
-211.7936248779297
-207.95713806152344
-216.39669799804688
-207.79051208496094
-209.52369689941406
-215.76007080078125
-224.03921508789062
-213.2387237548828
-198.94171142578125
-216.27166748046875
-207.15371704101562
-207.5382080078125
-211.74273681640625
-204.13121032714844
-216.694580078125
-207.52676391601562
-204.73751831054688
-202.2896270751953
-205.01361083984375
-200.18377685546875
-195.88333129882812
-205.3191680908203
-194.32504272460938
-193.71954345703125
-203.22178649902344
-200.16799926757812
-196.20111083984375
-203.92904663085938
-203.41416931152344
-198.4010009765625
-199.19679260253906
-197.38076782226562
-190.90737915039062
-196.2056884765625
-199.28836059570312
-212.82086181640625
-208.52432250976562
-200.6630401611328
-202.818603515625
-191.90863037109375
-185.78421020507812
-206.91128540039062
-194.26022338867188
-201.73049926757812
-186.2453155517578
-195.5255126953125
-198.50375366210938
-182.8131561279297
-197.97824096679688
-196.7275848388672
-196.0167236328125
-192.97203063964844
-188.79100036621094
-189.6212158203125
-190.2368927001953
-203.3314666748047
-190.44638061523438
-193.5984344482422
-186.74778747558594
-196.28038024902344
-180.1951446533203
-201.8970184326172
-187.93179321289062
-198.55084228515625
-178.4807586669922
-195.4499969482422
-192.61265563964844
-189.7913818359375
-197.4897003173828
-181.49777221679688
-193.5299530029297
-180.9752960205078
-187.7723846435547
-185.65194702148438
-189.7676544189453
-191.20452880859375
-194.34024047851562
-182.975341796875
-186.996337890625
-192.87387084960938
-185.6633758544922
-189.28268432617188
-187.5808868408203
-170.89964294433594
-193.26870727539062
-186.0979766845703
-182.6416778564453
-194.8285369873047
-188.98202514648438
-178.91448974609375
-181.8790283203125
-174.01510620117188
-187.06906127929688
-171.15350341796875
-182.93165588378906
-176.2300567626953
-183.60850524902344
-180.03932189941406
-185.12100219726562
-183.328857421875
-181.0208740234375
-176.55111694335938
-189.3715057373047
-178.960205078125
-182.00807189941406
-177.1768341064453
-169.7919921875
-189.02919006347656
-168.08531188964844
-171.32534790039062
-181.32504272460938
-181.77976989746094
-159.21060180664062
-181.2425994873047
-167.2841033935547
-180.31109619140625
-168.80010986328125
-175.5095977783203
-171.5771484375
-176.34620666503906
-180.8705596923828
-174.7709197998047
-177.43362426757812
-177.666015625
-173.08775329589844
-170.38133239746094
-173.66201782226562
-169.2804718017578
-170.64466857910156
-171.43663024902344
-171.34115600585938
-175.52154541015625
-181.0044403076172
-166.79257202148438
-171.46006774902344
-172.7006378173828
-177.80783081054688
-176.13803100585938
-177.368896484375
-171.08792114257812
-172.89105224609375
-159.98861694335938
-165.92161560058594
-164.635986328125
-168.52590942382812
-161.95156860351562
-160.81671142578125
-162.7427978515625
-170.28245544433594
-172.87059020996094
-171.84780883789062
-157.4176788330078
-163.51841735839844
-147.314453125
-163.5279083251953
-163.38284301757812
-154.34347534179688
-162.20733642578125
-158.12835693359375
-156.68423461914062
-163.17483520507812
-151.3531494140625
-160.13217163085938
-164.78196716308594
-158.871337890625
-159.10438537597656
-147.20082092285156
-163.55673217773438
-152.99871826171875
-161.90440368652344
-160.71546936035156
-158.038818359375
-164.7978973388672
-152.30740356445312
-151.11924743652344
-158.40737915039062
-149.13868713378906
-157.49813842773438
-156.68405151367188
-161.49075317382812
-148.88931274414062
-157.79660034179688
-151.43734741210938
-155.6036376953125
-156.606689453125
-151.0253448486328
-157.1695098876953
-155.81776428222656
-159.8513946533203
-151.5906982421875
-146.6298065185547
-157.10916137695312
-152.04513549804688
-152.42715454101562
-151.6240997314453
-165.15121459960938
-157.2519073486328
-153.94537353515625
-154.56222534179688
-150.59832763671875
-154.6200714111328
-153.96658325195312
-143.5242156982422
-162.3818359375
-149.58517456054688
-161.6298370361328
-154.39932250976562
-158.74114990234375
-155.83534240722656
-154.869873046875
-156.75828552246094
-154.25466918945312
-164.10125732421875
-163.45501708984375
-157.4077606201172
-153.546875
-152.14198303222656
-145.14419555664062
-157.7187957763672
-155.6425018310547
-157.68064880371094
-147.8087615966797
-155.079345703125
-149.38905334472656
-151.27134704589844
-153.57235717773438
-150.50804138183594
-148.11715698242188
-151.30438232421875
-150.95223999023438
-146.7422332763672
-145.62562561035156
-149.3441619873047
-148.91456604003906
-148.66986083984375
-140.43109130859375
-147.87380981445312
-148.9179229736328
-149.56781005859375
-159.20846557617188
-146.9848175048828
-154.60037231445312
-153.79200744628906
-149.0834197998047
-153.20928955078125
-145.8336944580078
-142.8265380859375
-148.82101440429688
-152.62841796875
-139.8319091796875
-140.25469970703125
-147.0544891357422
-144.2955780029297
-152.12619018554688
-146.26788330078125
-151.54949951171875
-141.02000427246094
-145.05258178710938
-147.33265686035156
-136.85946655273438
-147.29586791992188
-151.60015869140625
-140.6656036376953
-148.29331970214844
-148.3000946044922
-143.82420349121094
-140.0643310546875
-146.1043701171875
-142.41787719726562
-152.9912567138672
-149.82676696777344
-147.47409057617188
-146.39443969726562
-139.85650634765625
-145.58534240722656
-147.8350372314453
-147.9668731689453
-144.077392578125
-144.62872314453125
-149.4825439453125
-149.21237182617188
-142.01629638671875
-144.12054443359375
-142.35693359375
-148.54098510742188
-146.77003479003906
-148.2222442626953
-141.28167724609375
-138.6083221435547
-149.95086669921875
-146.0325164794922
-145.53639221191406
-148.02984619140625
-140.15565490722656
-144.66082763671875
-146.0432891845703
-138.74009704589844
-147.15513610839844
-138.91651916503906
-149.6758270263672
-141.5169219970703
-145.43930053710938
-145.82350158691406
-151.12998962402344
-139.48822021484375
-135.3261260986328
-138.42529296875
-147.050048828125
-150.08680725097656
-137.2920379638672
-149.0205841064453
-144.978759765625
-144.4780731201172
-140.44180297851562
-141.09512329101562
-142.38706970214844
-149.28024291992188
-150.0033721923828
-144.45938110351562
-140.73519897460938
-138.18594360351562
-147.5918426513672
-149.61805725097656
-142.88465881347656
-145.2740478515625
-139.74774169921875
-146.9911346435547
-136.65496826171875
-138.8883056640625
-137.95095825195312
-142.80482482910156
-150.9813690185547
-145.46319580078125
-145.45770263671875
-145.62818908691406
-142.84915161132812
-136.73782348632812
-144.47119140625
-140.74365234375
-143.0224151611328
-147.41249084472656
-142.6326141357422
-143.49917602539062
-143.74526977539062
-143.05487060546875
-148.9803466796875
-142.82237243652344
-139.39942932128906
-141.7197265625
-137.18394470214844
-140.4340057373047
-140.3201141357422
-138.12232971191406
-143.73899841308594
-131.10699462890625
-151.81178283691406
-140.31826782226562
-142.6564178466797
-134.06471252441406
-134.42950439453125
-132.78224182128906
-139.26316833496094
-140.11734008789062
-132.43875122070312
-135.3876495361328
-133.07736206054688
-141.81248474121094
-139.76893615722656
-133.8717803955078
-140.13619995117188
-148.0276641845703
-132.63731384277344
-132.48463439941406
-133.5644989013672
-142.40744018554688
-136.59603881835938
-135.44192504882812
-134.61094665527344
-130.78768920898438
-142.89767456054688
-131.46925354003906
-135.078369140625
-138.02801513671875
-136.06820678710938
-137.7541046142578
-130.0804901123047
-131.39370727539062
-148.07867431640625
-131.64112854003906
-136.16094970703125
-137.43771362304688
-139.43011474609375
-146.73345947265625
-139.75254821777344
-139.01815795898438
-132.03880310058594
-129.3885498046875
-131.74298095703125
-147.41403198242188
-130.84068298339844
-132.17987060546875
-138.53866577148438
-138.14552307128906
-129.61639404296875
-134.08035278320312
-141.30789184570312
-130.67495727539062
-134.8090057373047
-135.9136199951172
-128.27610778808594
-129.4066925048828
-140.1864013671875
-129.99365234375
-141.1892852783203
-130.0714111328125
-129.0272216796875
-127.4561767578125
-138.1245574951172
-136.57969665527344
-134.5543670654297
-140.51620483398438
-134.07046508789062
-135.326416015625
-131.05157470703125
-139.37887573242188
-123.35438537597656
-135.4541473388672
-132.42274475097656
-137.39108276367188
-128.8850555419922
-127.85696411132812
-137.75074768066406
-130.21580505371094
-140.5446319580078
-133.47088623046875
-131.74993896484375
-141.33816528320312
-137.05831909179688
-139.7534637451172
-136.37200927734375
-140.38778686523438
-126.87767791748047
-135.45240783691406
-130.55772399902344
-141.52915954589844
-122.36285400390625
-134.72276306152344
-137.30322265625
-140.3191375732422
-136.6036834716797
-124.787841796875
-123.18579864501953
-134.17977905273438
-131.04396057128906
-131.30007934570312
-131.22488403320312
-129.62677001953125
-126.30435180664062
-131.8742218017578
-140.98513793945312
-127.04949188232422
-126.68221282958984
-118.63569641113281
-132.6085968017578
-133.0958251953125
-122.16299438476562
-136.12045288085938
-125.87704467773438
-129.14207458496094
-125.2469482421875
-133.29318237304688
-135.10110473632812
-127.97810363769531
-129.4764404296875
-130.3920135498047
-134.44418334960938
-127.00141906738281
-136.38658142089844
-125.11100006103516
-129.7901611328125
-123.585693359375
-128.990234375
-128.91265869140625
-128.7788543701172
-127.78243255615234
-122.20654296875
-133.4244842529297
-129.9586944580078
-132.06712341308594
-127.06444549560547
-133.77725219726562
-135.34144592285156
-131.4551544189453
-135.2625732421875
-134.37962341308594
-127.84163665771484
-125.2838363647461
-126.82369232177734
-124.24686431884766
-127.05638122558594
-134.43190002441406
-126.24676513671875
-130.34353637695312
-126.09405517578125
-130.1581268310547
-130.4938201904297
-127.59999084472656
-128.25584411621094
-128.80865478515625
-135.25259399414062
-128.14129638671875
-125.16059112548828
-130.24468994140625
-128.9771728515625
-130.9268341064453
-140.14089965820312
-138.73477172851562
-128.3667449951172
-129.69207763671875
-129.53977966308594
-128.04214477539062
-131.07986450195312
-136.01028442382812
-127.77678680419922
-119.68521881103516
-135.3231964111328
-135.0892791748047
-125.35999298095703
-129.64471435546875
-126.63179016113281
-136.4730682373047
-132.31492614746094
-135.67066955566406
-123.03136444091797
-128.1066436767578
-128.79501342773438
-133.60780334472656
-129.99612426757812
-131.2506561279297
-133.54078674316406
-133.72146606445312
-127.68265533447266
-135.97601318359375
-128.9009246826172
-126.61457824707031
-131.34115600585938
-138.06320190429688
-136.37718200683594
-135.9010467529297
-122.53068542480469
-127.07331848144531
-134.9676055908203
-125.84940338134766
-123.39655303955078
-123.31668090820312
-132.99974060058594
-119.35877990722656
-132.2144775390625
-123.7897720336914
-142.37301635742188
-132.47628784179688
-129.56321716308594
-131.61961364746094
-132.97366333007812
-133.2987060546875
-129.03146362304688
-129.7334442138672
-130.11199951171875
-126.39092254638672
-118.6976318359375
-126.29033660888672
-123.05944061279297
-129.8543701171875
-130.85617065429688
-125.3643569946289
-131.8071746826172
-124.67613220214844
-128.04612731933594
-124.51042175292969
-121.42108154296875
-137.5242156982422
-131.92550659179688
-124.50183868408203
-128.4440460205078
-129.9434051513672
-129.90843200683594
-123.2815933227539
-123.18569946289062
-128.4058074951172
-122.0905990600586
-130.2795867919922
-125.86737823486328
-122.94588470458984
-128.14669799804688
-128.8275146484375
-136.01583862304688
-133.00538635253906
-128.3119659423828
-124.76103973388672
-126.96708679199219
-122.89701080322266
-126.37744903564453
-123.62344360351562
-122.8912124633789
-123.02971649169922
-125.05292510986328
-121.13648223876953
-126.17022705078125
-135.00526428222656
-129.43975830078125
-127.62613677978516
-131.9313201904297
-129.11163330078125
-127.93408966064453
-134.1750030517578
-125.80453491210938
-119.3155746459961
-127.85458374023438
-131.12054443359375
-126.29781341552734
-120.32398986816406
-131.38336181640625
-128.73355102539062
-135.30079650878906
-133.1802978515625
-126.25129699707031
-126.21422576904297
-116.64363098144531
-122.8653564453125
-119.84415435791016
-121.02510070800781
-124.0610580444336
-126.95056915283203
-138.5203857421875
-128.64801025390625
-134.50840759277344
-133.0028076171875
-125.79125213623047
-122.94087219238281
-128.6951904296875
-121.14849853515625
-121.67681121826172
-133.43576049804688
-123.44804382324219
-131.86361694335938
-124.25395202636719
-118.06685638427734
-123.30915069580078
-131.7587890625
-125.84861755371094
-124.56343078613281
-128.01580810546875
-129.03494262695312
-129.82318115234375
-124.20195007324219
-124.0400619506836
-128.1851806640625
-119.88037109375
-121.2194595336914
-132.17514038085938
-129.35281372070312
-128.42799377441406
-128.19688415527344
-123.8837661743164
-124.6343765258789
-125.40734100341797
-127.63682556152344
-120.96479797363281
-121.87635040283203
-122.47026062011719
-126.19049835205078
-126.25588989257812
-120.9542465209961
-130.07888793945312
-114.27766418457031
-122.93299102783203
-125.3066635131836
-125.87217712402344
-126.5588150024414
-121.00882720947266
-125.12271881103516
-126.17262268066406
-121.54959106445312
-125.15419006347656
-134.6123504638672
-125.79376983642578
-124.52462768554688
-126.4076919555664
-124.01265716552734
-127.21976470947266
-126.56929016113281
-127.23683166503906
-119.61902618408203
-127.7881088256836
-126.18543243408203
-120.55844116210938
-124.147216796875
-123.07345581054688
-122.10110473632812
-120.85014343261719
-124.07515716552734
-123.95428466796875
-137.35147094726562
-121.41927337646484
-124.39624786376953
-130.1617889404297
-123.34844970703125
-127.4309310913086
-121.04997253417969
-123.46185302734375
-127.73343658447266
-115.9687271118164
-120.23957824707031
-133.3182373046875
-121.18932342529297
-124.9127197265625
-126.51123046875
-128.67645263671875
-117.21110534667969
-124.1360092163086
-124.87728881835938
-115.28894805908203
-123.30306243896484
-124.88570404052734
-122.88600158691406
-118.38298034667969
-127.16999816894531
-127.6407699584961
-124.2892074584961
-122.90542602539062
-120.8165054321289
-127.03453063964844
-128.58767700195312
-122.32482147216797
-121.50667572021484
-124.37399291992188
-117.76905059814453
-122.46748352050781
-126.69642639160156
-127.5783462524414
-118.97627258300781
-133.6053466796875
-122.04442596435547
-123.45053100585938
-118.421142578125
-122.60751342773438
-117.29833984375
-121.4769515991211
-123.78687286376953
-112.86028289794922
-124.96025848388672
-125.64756774902344
-123.20932006835938
-120.28195190429688
-131.02365112304688
-133.50099182128906
-117.19801330566406
-119.07046508789062
-129.4141845703125
-125.16720581054688
-117.23411560058594
-123.62712860107422
-119.50080871582031
-122.53923797607422
-120.7123031616211
-122.7479019165039
-124.58628845214844
-123.53278350830078
-118.38380432128906
-122.14643096923828
-128.5528564453125
-117.70269012451172
-111.35387420654297
-119.12861633300781
-120.98028564453125
-122.56342315673828
-122.30386352539062
-124.77548217773438
-127.41305541992188
-124.91039276123047
-122.431884765625
-125.42607116699219
-123.06458282470703
-127.84211730957031
-124.92277526855469
-131.78533935546875
-116.48918914794922
-122.04911804199219
-125.9825439453125
-126.92709350585938
-122.84081268310547
-124.7518310546875
-122.62004089355469
-122.01578521728516
-129.8779296875
-119.14508819580078
-121.02771759033203
-122.65373992919922
-117.53141784667969
-125.45845031738281
-122.00860595703125
-131.19000244140625
-121.48609161376953
-122.38224029541016
-124.68480682373047
-122.80419921875
-126.85262298583984
-121.88391876220703
-125.64227294921875
-118.72307586669922
-117.93622589111328
-116.34205627441406
-127.01176452636719
-130.0531005859375
-123.89341735839844
-113.537353515625
-122.69586181640625
-126.45504760742188
-126.80359649658203
-122.20350646972656
-122.12384033203125
-116.99032592773438
-126.65171813964844
-120.0792007446289
-123.02154541015625
-123.76374816894531
-121.25357818603516
-121.75337982177734
-121.76251983642578
-114.24699401855469
-123.40766143798828
-127.58145141601562
-123.95633697509766
-120.83316040039062
-125.94831085205078
-119.8147964477539
-119.45612335205078
-127.86397552490234
-121.84221649169922
-125.8869400024414
-120.35417175292969
-121.24170684814453
-114.33329010009766
-119.92048645019531
-124.48902130126953
-118.29244995117188
-118.78380584716797
-122.64802551269531
-121.02767944335938
-121.93457794189453
-119.0107192993164
-119.68167877197266
-120.6332778930664
-125.2734603881836
-128.0395965576172
-129.21388244628906
-121.13439178466797
-121.24920654296875
-115.07127380371094
-128.64346313476562
-115.0118179321289
-132.08482360839844
-122.48265838623047
-126.98477935791016
-119.89375305175781
-115.50257873535156
-122.20281982421875
-120.45895385742188
-123.1937026977539
-127.78975677490234
-123.4550552368164
-121.55574035644531
-119.52029418945312
-127.90303039550781
-120.0472183227539
-126.71604919433594
-124.92619323730469
-123.69485473632812
-122.7657241821289
-128.3680877685547
-120.19184875488281
-125.41273498535156
-117.61504364013672
-121.84728240966797
-124.09860229492188
-126.70500946044922
-123.52519226074219
-122.81716918945312
-121.63964080810547
-118.81172943115234
-123.52494812011719
-124.55559539794922
-121.04109954833984
-124.65328979492188
-117.09732818603516
-128.26034545898438
-121.77699279785156
-118.17613983154297
-122.73055267333984
-123.04346466064453
-121.65164947509766
-121.48805236816406
-127.4761734008789
-123.44499206542969
-123.6100082397461
-129.968505859375
-112.58226776123047
-121.08934020996094
-112.21131134033203
-125.24505615234375
-115.79174041748047
-117.31964111328125
-126.84760284423828
-124.91253662109375
-121.86129760742188
-124.18789672851562
-120.14280700683594
-122.24588775634766
-122.16718292236328
-119.35260009765625
