-107.13811492919922
-119.43970489501953
-110.91192626953125
-117.71980285644531
-117.09497833251953
-115.04524230957031
-110.80628967285156
-105.02261352539062
-116.68637084960938
-108.3497314453125
-117.03617095947266
-113.31033325195312
-117.44868469238281
-115.6491470336914
-112.44549560546875
-107.45557403564453
-109.31060028076172
-116.64696502685547
-113.14131927490234
-107.50740814208984
-113.73281860351562
-111.6030502319336
-111.53927612304688
-113.33866119384766
-115.5464096069336
-119.14788055419922
-106.95409393310547
-117.50650787353516
-107.63739776611328
-111.9094467163086
-116.99005889892578
-121.96534729003906
-116.54769897460938
-119.9101333618164
-116.0862808227539
-110.03816223144531
-108.75779724121094
-113.55169677734375
-111.633056640625
-111.5622787475586
-104.81169891357422
-105.40997314453125
-115.06114196777344
-112.00496673583984
-109.98824310302734
-117.35519409179688
-114.62062072753906
-112.63648223876953
-111.51864624023438
-111.30046844482422
-107.98733520507812
-112.46443176269531
-112.15270233154297
-123.40785217285156
-118.45896911621094
-113.79818725585938
-115.81144714355469
-105.20249938964844
-103.4609603881836
-119.50486755371094
-112.83721923828125
-113.92634582519531
-109.09064483642578
-113.16172790527344
-116.93682098388672
-107.0798568725586
-112.41246795654297
-113.08338928222656
-113.94642639160156
-108.07847595214844
-111.50475311279297
-108.41927337646484
-108.3959732055664
-119.55481719970703
-112.77190399169922
-115.9076919555664
-109.64506530761719
-116.1292953491211
-111.8395767211914
-116.4586410522461
-109.04830932617188
-113.40744018554688
-105.58096313476562
-111.33301544189453
-115.90336608886719
-113.45149230957031
-116.56144714355469
-105.93102264404297
-113.8002700805664
-107.16629028320312
-109.03042602539062
-112.99246978759766
-114.10040283203125
-114.67694091796875
-120.93465423583984
-110.43128967285156
-113.20332336425781
-111.35950469970703
-112.15424346923828
-113.87494659423828
-112.61824798583984
-102.93900299072266
-118.27816772460938
-114.33494567871094
-111.9399185180664
-116.9750747680664
-116.78047180175781
-106.35952758789062
-112.27188873291016
-105.34794616699219
-114.63290405273438
-100.53921508789062
-115.13398742675781
-107.2603530883789
-110.98431396484375
-109.48175048828125
-113.40509033203125
-111.62321472167969
-107.23667907714844
-107.55315399169922
-121.32150268554688
-111.92008972167969
-112.62680053710938
-109.99827575683594
-103.47962951660156
-114.55937194824219
-111.8894271850586
-104.19789123535156
-113.2674789428711
-109.70391082763672
-105.78965759277344
-114.64168548583984
-103.36172485351562
-113.82524108886719
-106.22486877441406
-110.51622772216797
-110.47239685058594
-114.1198501586914
-113.99231719970703
-110.06449890136719
-114.55492401123047
-113.60199737548828
-109.83380126953125
-113.26700592041016
-112.1488265991211
-109.99772644042969
-113.46733093261719
-109.7927474975586
-114.69805908203125
-116.32989501953125
-119.78939056396484
-105.67081451416016
-116.33882904052734
-113.86107635498047
-117.8666763305664
-118.68514251708984
-120.74510955810547
-113.73926544189453
-115.770751953125
-109.26801300048828
-112.92146301269531
-111.35911560058594
-112.12141418457031
-110.57386779785156
-110.09173583984375
-108.4142837524414
-112.69893646240234
-119.14728546142578
-116.13652038574219
-112.37074279785156
-111.46854400634766
-100.83970642089844
-117.06127166748047
-107.59803009033203
-106.26353454589844
-111.22814178466797
-108.33647918701172
-108.61619567871094
-114.50838470458984
-105.81538391113281
-111.79640197753906
-116.31429290771484
-112.37944793701172
-110.5191650390625
-105.58003997802734
-111.38658142089844
-106.4542465209961
-114.10111999511719
-112.1300277709961
-115.8321304321289
-115.86067199707031
-107.23281860351562
-108.38127899169922
-113.57551574707031
-109.29072570800781
-109.86593627929688
-111.86128234863281
-116.42341613769531
-106.34941101074219
-111.68346405029297
-109.61396026611328
-110.9915771484375
-114.32218170166016
-105.77503967285156
-113.35875701904297
-113.71156311035156
-116.42683410644531
-107.36404418945312
-103.36975860595703
-117.79297637939453
-109.15660095214844
-112.42672729492188
-110.22749328613281
-119.2147445678711
-115.4570541381836
-112.8948974609375
-114.38792419433594
-109.45796203613281
-114.60176849365234
-109.54395294189453
-107.75891876220703
-117.09710693359375
-110.9383544921875
-118.04889678955078
-112.34915161132812
-117.28521728515625
-115.50206756591797
-115.01918029785156
-114.55071258544922
-114.26634216308594
-120.23123168945312
-121.96836853027344
-113.44532012939453
-112.20584869384766
-115.68694305419922
-107.6590347290039
-114.36466979980469
-115.01481628417969
-115.99012756347656
-109.57296752929688
-116.88411712646484
-112.9281234741211
-110.09579467773438
-113.65080261230469
-111.87548065185547
-113.58372497558594
-115.01094818115234
-114.31954193115234
-109.60079956054688
-110.12482452392578
-114.43816375732422
-111.40421295166016
-108.86007690429688
-104.69348907470703
-109.95291137695312
-110.4908447265625
-113.26487731933594
-124.6199951171875
-109.30760192871094
-114.59910583496094
-116.82969665527344
-109.8397216796875
-114.34484100341797
-107.99170684814453
-109.03543090820312
-113.43663787841797
-115.42757415771484
-103.70850372314453
-107.2518081665039
-114.29078674316406
-111.64591979980469
-113.548095703125
-110.5688247680664
-114.1018295288086
-106.7823486328125
-110.62063598632812
-112.4346923828125
-104.26549530029297
-112.24285125732422
-114.46156311035156
-104.92530059814453
-109.72159576416016
-112.85861206054688
-108.64653778076172
-103.92880249023438
-113.2535400390625
-110.3956069946289
-116.8495864868164
-116.92951965332031
-113.37836456298828
-113.7433090209961
-105.58760070800781
-110.62598419189453
-114.80876159667969
-114.12284088134766
-111.93694305419922
-110.92201232910156
-116.48035430908203
-112.00133514404297
-108.9957046508789
-109.61444854736328
-111.01068115234375
-115.77593994140625
-112.7307357788086
-114.87418365478516
-108.41299438476562
-108.35189819335938
-118.16474914550781
-114.84089660644531
-114.16184997558594
-113.27590942382812
-110.97215270996094
-111.9300308227539
-113.60627746582031
-108.26067352294922
-113.19275665283203
-107.290283203125
-116.96691131591797
-110.15080261230469
-111.44876861572266
-116.48542785644531
-119.6904296875
-107.72940063476562
-104.95219421386719
-110.93384552001953
-118.53166198730469
-118.34490966796875
-107.80014038085938
-118.5338134765625
-115.14681243896484
-113.81766510009766
-110.2374267578125
-111.49913024902344
-111.28608703613281
-119.27732849121094
-117.09520721435547
-111.57958984375
-111.23995208740234
-111.24861145019531
-118.16182708740234
-119.68744659423828
-113.63819122314453
-116.37654113769531
-111.64009857177734
-119.30027770996094
-106.18606567382812
-108.65583038330078
-111.14765930175781
-112.56209564208984
-120.79047393798828
-113.89057159423828
-116.60556030273438
-118.682373046875
-114.53912353515625
-108.7259750366211
-116.7568588256836
-116.76803588867188
-116.9288330078125
-120.1144027709961
-114.58831787109375
-113.00265502929688
-117.49903106689453
-113.0820083618164
-117.8685531616211
-114.35871124267578
-112.06547546386719
-114.23799133300781
-110.00462341308594
-112.50582122802734
-114.4943618774414
-110.07341003417969
-110.78497314453125
-104.9822998046875
-121.54452514648438
-116.96501922607422
-118.04609680175781
-107.4688720703125
-110.71183013916016
-106.5724868774414
-109.14338684082031
-111.47502899169922
-107.42869567871094
-109.14271545410156
-108.07054138183594
-116.8317642211914
-112.29145050048828
-108.64958953857422
-113.06327819824219
-116.5058364868164
-108.68286895751953
-105.4288101196289
-109.54289245605469
-110.64614868164062
-110.69650268554688
-109.70332336425781
-109.62626647949219
-106.7230224609375
-119.45170593261719
-105.50758361816406
-111.31593322753906
-113.03750610351562
-110.41448211669922
-110.5567626953125
-107.771240234375
-106.78633117675781
-121.0113296508789
-107.37811279296875
-111.4355239868164
-113.52139282226562
-114.58062744140625
-120.98027038574219
-114.36589813232422
-113.9996566772461
-106.06834411621094
-106.37144470214844
-105.85396575927734
-120.18913269042969
-109.10401916503906
-107.62642669677734
-112.97265625
-116.01512145996094
-106.47235107421875
-110.65950775146484
-117.69160461425781
-107.07562255859375
-112.37751007080078
-112.36793518066406
-109.89021301269531
-108.04995727539062
-118.44869232177734
-107.98750305175781
-119.55558013916016
-106.62887573242188
-106.42058563232422
-107.98424530029297
-114.16495513916016
-113.04043579101562
-110.6063003540039
-117.81763458251953
-108.44528198242188
-111.63817596435547
-109.17766571044922
-113.96334075927734
-101.35540008544922
-113.27178955078125
-106.99705505371094
-111.83023071289062
-105.5747299194336
-105.84407806396484
-113.44052124023438
-108.83161926269531
-117.20927429199219
-111.83184814453125
-111.5630874633789
-118.85621643066406
-112.5225601196289
-118.76274871826172
-113.56133270263672
-115.41875457763672
-104.7765121459961
-111.3126449584961
-107.83951568603516
-117.2957992553711
-102.21419525146484
-111.07723236083984
-116.433837890625
-118.10681915283203
-115.2145004272461
-105.38131713867188
-103.37126922607422
-113.05113220214844
-110.04485321044922
-110.306884765625
-112.9476089477539
-109.23761749267578
-108.95403289794922
-111.60729217529297
-119.132568359375
-106.6799545288086
-108.6843490600586
-100.92857360839844
-110.89199829101562
-112.45915985107422
-104.70028686523438
-114.20680236816406
-105.5514907836914
-110.63667297363281
-105.19158935546875
-115.56678009033203
-113.97007751464844
-109.18859100341797
-109.42532348632812
-106.93182373046875
-114.87926483154297
-109.21892547607422
-114.35758972167969
-106.59640502929688
-110.32864379882812
-104.97534942626953
-109.41998291015625
-109.71904754638672
-111.41952514648438
-110.5538330078125
-106.047607421875
-114.033447265625
-110.36678314208984
-114.24144744873047
-109.80077362060547
-112.6282730102539
-113.33817291259766
-112.04972839355469
-115.42324829101562
-115.74535369873047
-107.7034683227539
-107.8006820678711
-105.52444458007812
-105.72501373291016
-105.73989868164062
-115.84062957763672
-108.84019470214844
-111.26622009277344
-108.35157012939453
-112.45516967773438
-113.50968170166016
-107.51531219482422
-112.14361572265625
-109.25788116455078
-116.88700103759766
-108.56521606445312
-109.71881866455078
-112.53221130371094
-110.48735046386719
-111.81476593017578
-121.63841247558594
-117.73553466796875
-109.30703735351562
-111.03937530517578
-111.99073791503906
-110.21981811523438
-110.94192504882812
-116.7271728515625
-109.5836181640625
-104.44451904296875
-115.2535629272461
-117.96150970458984
-108.04701232910156
-112.16921997070312
-107.8726806640625
-119.12843322753906
-115.17253112792969
-116.69599914550781
-106.17784118652344
-107.83951568603516
-110.12351989746094
-114.8482437133789
-114.26873016357422
-112.6114501953125
-115.89836883544922
-115.31547546386719
-108.95853424072266
-114.69729614257812
-113.07928466796875
-109.68538665771484
-113.90685272216797
-118.79681396484375
-118.86805725097656
-116.90335083007812
-106.4935073852539
-108.70437622070312
-116.6946029663086
-109.32085418701172
-106.0980224609375
-106.67386627197266
-112.52655792236328
-102.68695068359375
-115.45027160644531
-106.24658203125
-123.39395904541016
-116.77284240722656
-111.55499267578125
-114.31666564941406
-117.38296508789062
-115.99396514892578
-110.91307067871094
-112.30738830566406
-112.543212890625
-108.1911849975586
-102.7464599609375
-110.98255157470703
-106.57007598876953
-110.42671203613281
-110.75372314453125
-109.46514129638672
-115.07783508300781
-108.21731567382812
-110.26445770263672
-105.4706802368164
-107.31796264648438
-118.12744903564453
-116.60112762451172
-109.76397705078125
-111.9979248046875
-113.39617156982422
-113.35272216796875
-107.10960388183594
-107.3084716796875
-112.2313461303711
-107.41655731201172
-113.11985778808594
-111.15316772460938
-108.8943862915039
-114.63687896728516
-112.681396484375
-121.35456848144531
-114.53995513916016
-112.81631469726562
-109.200439453125
-112.3770523071289
-108.34774780273438
-109.44124603271484
-110.25983428955078
-106.49008178710938
-108.6507568359375
-109.94196319580078
-107.30863952636719
-110.4059829711914
-116.920166015625
-110.8503189086914
-110.48843383789062
-117.91314697265625
-112.19629669189453
-111.25273132324219
-116.45347595214844
-110.70333099365234
-105.99671936035156
-113.20919036865234
-113.56944274902344
-109.91476440429688
-106.86178588867188
-118.61347198486328
-113.82034301757812
-117.75799560546875
-118.06275939941406
-110.07609558105469
-110.38009643554688
-102.3123779296875
-108.739013671875
-108.93988800048828
-107.58110046386719
-109.09037780761719
-111.22476959228516
-122.39593505859375
-113.00418090820312
-117.98811340332031
-117.9142837524414
-112.25230407714844
-108.88392639160156
-112.2196044921875
-108.53130340576172
-108.13262939453125
-117.18557739257812
-108.17462158203125
-115.42330169677734
-110.73259735107422
-103.3355712890625
-109.08436584472656
-114.7385482788086
-111.07756042480469
-109.93881225585938
-114.74542236328125
-114.1419448852539
-116.05786895751953
-108.85889434814453
-109.74068450927734
-112.87240600585938
-106.400634765625
-107.802490234375
-115.91075897216797
-115.1515884399414
-115.66888427734375
-115.65461730957031
-112.05900573730469
-109.25721740722656
-114.29804992675781
-115.3121109008789
-107.66658782958984
-106.6148681640625
-109.80037689208984
-112.07738494873047
-110.5899887084961
-108.58644104003906
-116.53376770019531
-101.30376434326172
-111.1744613647461
-113.20199584960938
-112.15713500976562
-111.10452270507812
-110.22241973876953
-111.80499267578125
-111.28688049316406
-108.14127349853516
-111.49788665771484
-119.12030792236328
-114.17781829833984
-113.3481674194336
-113.1267318725586
-111.66439056396484
-110.5187759399414
-114.11510467529297
-113.09205627441406
-105.71195983886719
-113.1197509765625
-112.50756072998047
-107.97189331054688
-111.6661148071289
-109.91961669921875
-108.75736236572266
-108.2689437866211
-109.96757507324219
-114.23245239257812
-120.84891510009766
-110.64897155761719
-111.56074523925781
-115.31465148925781
-109.83998107910156
-114.9005355834961
-107.97309875488281
-110.43639373779297
-114.28279876708984
-102.77086639404297
-109.29620361328125
-117.28951263427734
-108.46504211425781
-111.53470611572266
-114.00987243652344
-115.21481323242188
-105.66510772705078
-110.82743835449219
-110.55569458007812
-103.81364440917969
-112.26346588134766
-112.0020523071289
-108.15074157714844
-106.5862045288086
-114.84233093261719
-113.63094329833984
-111.30276489257812
-111.12256622314453
-107.63169860839844
-114.18228912353516
-114.74852752685547
-111.57763671875
-109.54755401611328
-111.12503051757812
-105.63388061523438
-111.73807525634766
-113.6098861694336
-113.1718521118164
-106.15873718261719
-119.15733337402344
-110.23292541503906
-109.86439514160156
-105.4171371459961
-108.24249267578125
-102.7967529296875
-109.69676208496094
-111.91097259521484
-101.32706451416016
-112.52603149414062
-115.05298614501953
-110.56864929199219
-109.34772491455078
-119.75137329101562
-119.1491928100586
-105.73318481445312
-106.84249114990234
-117.16239166259766
-111.43202209472656
-106.19654846191406
-112.60078430175781
-107.92880249023438
-111.70574951171875
-108.4717788696289
-111.73006439208984
-113.0160903930664
-113.33470916748047
-107.2968978881836
-109.00641632080078
-115.97856140136719
-105.04569244384766
-99.60588073730469
-107.30673217773438
-109.52964782714844
-110.93290710449219
-107.45011138916016
-112.49464416503906
-112.98974609375
-109.7864761352539
-109.87091064453125
-111.697998046875
-110.73258209228516
-114.98951721191406
-111.53902435302734
-119.41023254394531
-107.02030181884766
-113.0792236328125
-113.74655151367188
-116.03836822509766
-111.33228302001953
-113.99760437011719
-111.26234436035156
-108.96613311767578
-116.89083862304688
-106.48139190673828
-108.62202453613281
-112.1541976928711
-107.84693145751953
-114.0813217163086
-110.69329071044922
-118.60193634033203
-108.40463256835938
-112.57060241699219
-114.35482025146484
-110.14661407470703
-115.10980224609375
-111.5217056274414
-113.3741455078125
-108.75279998779297
-104.492919921875
-107.90619659423828
-116.29991912841797
-117.15589141845703
-113.69683074951172
-104.41971588134766
-112.32167053222656
-114.2091064453125
-116.51727294921875
-112.46289825439453
-112.09459686279297
-107.07882690429688
-116.48857116699219
-109.62583923339844
-110.58194732666016
-111.22477722167969
-110.31451416015625
-108.6321792602539
-110.5011978149414
-103.63774871826172
-111.91600799560547
-116.24288177490234
-112.44921112060547
-111.3892822265625
-111.83737182617188
-107.65950775146484
-107.64313507080078
-115.36988830566406
-110.89546966552734
-115.34303283691406
-108.72482299804688
-109.96539306640625
-102.84278869628906
-107.89464569091797
-112.80633544921875
-109.70416259765625
-109.46149444580078
-111.86458587646484
-109.36268615722656
-111.54761505126953
-107.75486755371094
-108.54425811767578
-110.67578125
-114.10891723632812
-116.38460540771484
-116.34920501708984
-111.23714447021484
-109.73652648925781
-105.48698425292969
-115.4052734375
-103.96465301513672
-117.91487121582031
-111.5604476928711
-115.95271301269531
-108.78230285644531
-105.35353088378906
-108.86162567138672
-109.16422271728516
-111.68595886230469
-117.33089447021484
-115.26365661621094
-112.3449935913086
-109.2394790649414
-119.09474182128906
-110.66593933105469
-117.74288940429688
-115.30374908447266
-113.38304901123047
-112.88720703125
-118.0367202758789
-109.68977355957031
-113.93238067626953
-107.7900161743164
-109.83734893798828
-112.93414306640625
-112.4023208618164
-114.82942962646484
-114.03887939453125
-112.75753784179688
-108.07081604003906
-113.2066421508789
-113.88658905029297
-110.88215637207031
-114.6053237915039
-106.1559066772461
-117.29537963867188
-110.1576156616211
-107.25494384765625
-112.83101654052734
-111.66234588623047
-111.340576171875
-109.76409149169922
-115.9299545288086
-112.40789794921875
-113.07717895507812
-118.53620910644531
-102.88641357421875
-109.91761779785156
-103.1005859375
-113.6545181274414
-107.1384048461914
-106.94705963134766
-112.99623107910156
-112.77434539794922
-111.86595153808594
-113.86817169189453
-110.21917724609375
-112.45228576660156
-111.92322540283203
-112.13995361328125
