-104.69844055175781
-117.47765350341797
-108.56971740722656
-116.36642456054688
-113.88226318359375
-112.79304504394531
-108.685302734375
-102.41165161132812
-114.12672424316406
-105.75027465820312
-112.81751251220703
-110.24909973144531
-115.15176391601562
-113.65098571777344
-110.4263687133789
-103.81269836425781
-106.55078125
-113.86931610107422
-111.03355407714844
-104.04808044433594
-109.53291320800781
-110.81555938720703
-110.1383056640625
-111.50462341308594
-112.88955688476562
-117.99564361572266
-106.15203857421875
-114.87413024902344
-104.29737854003906
-109.22330474853516
-114.50424194335938
-119.72098541259766
-115.2534408569336
-118.44300079345703
-112.90568542480469
-107.479736328125
-108.10841369628906
-110.34484100341797
-109.68621826171875
-109.38125610351562
-104.18846893310547
-102.78156280517578
-113.52043914794922
-109.00899505615234
-106.59012603759766
-112.66181182861328
-112.06391143798828
-108.69490814208984
-109.64999389648438
-108.42759704589844
-104.60789489746094
-109.72694396972656
-109.65750122070312
-121.5129623413086
-114.10394287109375
-111.96893310546875
-112.18756866455078
-103.42220306396484
-101.32154846191406
-115.91120910644531
-110.75821685791016
-111.53593444824219
-105.05014038085938
-109.40884399414062
-113.17742156982422
-102.94442749023438
-110.12567901611328
-110.8912353515625
-111.2107162475586
-105.55938720703125
-109.98597717285156
-106.86595153808594
-105.5091323852539
-116.94158935546875
-108.65235900878906
-112.77203369140625
-106.41680145263672
-112.52877807617188
-108.6187744140625
-114.5466537475586
-106.02295684814453
-111.2667236328125
-102.6788558959961
-108.20088958740234
-113.2208480834961
-110.95258331298828
-113.197021484375
-102.52794647216797
-110.84343719482422
-103.8155517578125
-107.10185241699219
-110.35050964355469
-110.5289535522461
-112.11661529541016
-116.26238250732422
-107.5272216796875
-110.33909606933594
-109.32707977294922
-109.3991928100586
-112.41630554199219
-109.42305755615234
-100.53323364257812
-115.59645080566406
-111.77201843261719
-109.59618377685547
-115.06916046142578
-114.8094482421875
-102.8985366821289
-109.80206298828125
-104.01351928710938
-112.85408020019531
-98.52365112304688
-111.59538269042969
-104.09903717041016
-108.70142364501953
-107.94636535644531
-111.32159423828125
-109.6143569946289
-106.25444793701172
-104.75348663330078
-118.3175277709961
-109.10355377197266
-109.28193664550781
-107.0573959350586
-100.2166976928711
-112.57247161865234
-108.31193542480469
-101.52204895019531
-110.19610595703125
-107.98493957519531
-102.78447723388672
-112.44334411621094
-102.54359436035156
-111.19518280029297
-104.5096206665039
-107.43770599365234
-108.02896881103516
-111.89806365966797
-109.92645263671875
-107.48594665527344
-112.1967544555664
-111.11746978759766
-108.16004180908203
-109.09004974365234
-111.41061401367188
-107.217041015625
-110.0679931640625
-106.9405517578125
-111.98831939697266
-112.80890655517578
-115.56594848632812
-102.56520080566406
-112.98221588134766
-111.78668975830078
-115.42787170410156
-114.85469818115234
-118.24220275878906
-112.02872467041016
-112.88651275634766
-107.01966094970703
-110.00824737548828
-108.0790786743164
-109.39739990234375
-107.30941009521484
-107.58514404296875
-106.23538970947266
-110.9005126953125
-117.1484375
-113.69573211669922
-111.32369995117188
-109.73102569580078
-100.2740707397461
-114.47721862792969
-105.63096618652344
-104.03584289550781
-108.56947326660156
-106.49138641357422
-108.48499298095703
-112.37962341308594
-103.60871124267578
-109.6318588256836
-115.4322738647461
-110.66570281982422
-109.39981842041016
-103.35981750488281
-110.22615051269531
-104.8050765991211
-111.99757385253906
-112.0732650756836
-112.96343994140625
-114.15283203125
-106.62092590332031
-105.7391586303711
-111.8208236694336
-105.47671508789062
-107.21288299560547
-108.54708099365234
-113.5422134399414
-104.37374877929688
-108.99270629882812
-107.3359146118164
-109.2571029663086
-110.94535064697266
-103.55982971191406
-109.42888641357422
-111.51628112792969
-112.9147720336914
-104.06340789794922
-101.26146697998047
-114.07442474365234
-106.6406021118164
-110.58282470703125
-107.54010009765625
-117.06371307373047
-112.39716339111328
-110.11125183105469
-111.03755950927734
-106.48207092285156
-112.24520874023438
-106.11426544189453
-105.32415008544922
-115.75480651855469
-106.8973617553711
-115.04715728759766
-108.31006622314453
-114.3932113647461
-113.4366455078125
-113.01460266113281
-112.16681671142578
-112.40746307373047
-117.78792572021484
-119.18016052246094
-112.3525161743164
-109.79270935058594
-114.9256591796875
-104.52069091796875
-112.52108764648438
-113.88385772705078
-112.50727844238281
-108.32194519042969
-112.74504089355469
-111.34556579589844
-109.10382080078125
-111.0098648071289
-108.6370849609375
-111.14631652832031
-112.57063293457031
-112.44332885742188
-106.2181396484375
-107.68215942382812
-112.07817077636719
-109.35784149169922
-106.24565124511719
-101.70831298828125
-109.43363189697266
-107.82320404052734
-110.88163757324219
-120.6648941040039
-107.53620910644531
-112.8228759765625
-115.31686401367188
-108.43191528320312
-111.97112274169922
-104.73045349121094
-106.73690795898438
-111.50662231445312
-112.83479309082031
-100.78353118896484
-105.054931640625
-111.35057830810547
-108.80411529541016
-110.8228530883789
-108.31988525390625
-112.43549346923828
-105.23747253417969
-109.54649353027344
-110.14689636230469
-102.14358520507812
-109.55323028564453
-112.73206329345703
-102.43478393554688
-106.89321899414062
-110.6806411743164
-105.76432800292969
-102.56254577636719
-112.10038757324219
-108.99466705322266
-114.70667266845703
-114.11986541748047
-110.2360610961914
-110.05583953857422
-104.2796630859375
-108.82775115966797
-112.35829162597656
-111.9750747680664
-108.076416015625
-109.33824920654297
-114.12967681884766
-108.2370376586914
-107.3429946899414
-107.56776428222656
-108.70402526855469
-113.11327362060547
-110.6951675415039
-112.45219421386719
-106.47730255126953
-104.55326843261719
-115.3259506225586
-112.82669830322266
-112.06063842773438
-111.10752868652344
-110.10685729980469
-109.17288970947266
-111.89392852783203
-105.42700958251953
-111.2101821899414
-105.24203491210938
-114.0673828125
-107.07906341552734
-109.03971862792969
-112.47396087646484
-116.23927307128906
-105.23873901367188
-103.10687255859375
-110.06980895996094
-115.10643768310547
-117.41267395019531
-106.59236145019531
-114.9519271850586
-113.43624877929688
-112.40801239013672
-107.57818603515625
-109.35858154296875
-109.51251220703125
-116.75624084472656
-114.31473541259766
-108.43791198730469
-111.47476959228516
-109.03292846679688
-115.33934783935547
-118.67957305908203
-111.38033294677734
-114.45291900634766
-108.93310546875
-118.16971588134766
-104.06610107421875
-106.690673828125
-108.73973083496094
-110.19793701171875
-118.80140686035156
-110.38945770263672
-115.10638427734375
-115.02496337890625
-112.5580062866211
-104.92206573486328
-113.38490295410156
-114.69740295410156
-113.137939453125
-117.4249496459961
-111.70413208007812
-111.16697692871094
-114.79605102539062
-109.72700500488281
-116.55516815185547
-110.65799713134766
-109.38773345947266
-111.94485473632812
-109.54145050048828
-111.07315826416016
-110.25932312011719
-106.0538558959961
-110.51739501953125
-102.95380401611328
-116.94365692138672
-116.62815856933594
-115.279541015625
-106.34843444824219
-108.921142578125
-104.77442932128906
-107.1755142211914
-109.4014892578125
-104.15313720703125
-107.17669677734375
-105.18984985351562
-114.11945343017578
-109.52066040039062
-106.63751220703125
-110.52651977539062
-115.27257537841797
-106.20796203613281
-103.82610321044922
-106.89698791503906
-109.19783782958984
-108.08167266845703
-107.59976196289062
-107.58926391601562
-104.11693572998047
-116.55482482910156
-104.30006408691406
-109.11963653564453
-110.44132995605469
-108.32630920410156
-108.30784606933594
-107.03117370605469
-105.64389038085938
-119.16231536865234
-104.95760345458984
-108.50888061523438
-110.67259216308594
-112.08570861816406
-118.26852416992188
-112.38870239257812
-111.26889038085938
-104.85237884521484
-104.739990234375
-104.07788848876953
-117.20249938964844
-106.69379425048828
-105.60403442382812
-111.69078063964844
-113.70685577392578
-104.00970458984375
-109.42716217041016
-117.41666412353516
-104.9708480834961
-109.1530532836914
-109.89091491699219
-108.13227081298828
-106.26702117919922
-114.86244201660156
-106.82447052001953
-117.05491638183594
-103.48468780517578
-105.90655517578125
-105.91039276123047
-111.27261352539062
-109.5415267944336
-109.70756530761719
-114.7299575805664
-106.31330871582031
-110.34800720214844
-107.1035385131836
-111.46686553955078
-98.77253723144531
-110.45407104492188
-105.84273529052734
-111.17477416992188
-105.51690673828125
-104.22795867919922
-111.75777435302734
-107.4789047241211
-114.3884506225586
-110.091064453125
-108.60208892822266
-118.01371002197266
-111.04169464111328
-117.60905456542969
-112.53631591796875
-114.95890045166016
-103.90521240234375
-110.21172332763672
-106.6283950805664
-116.4225082397461
-100.68236541748047
-109.64630126953125
-115.75062561035156
-116.9467544555664
-115.16376495361328
-102.7177963256836
-101.8603515625
-111.9017333984375
-107.38481140136719
-110.04087829589844
-109.74754333496094
-106.91289520263672
-107.21183776855469
-109.33425903320312
-117.0969009399414
-104.50818634033203
-108.02153015136719
-98.9955062866211
-107.19297790527344
-110.30783081054688
-101.6311264038086
-111.68065643310547
-104.51032257080078
-107.66474151611328
-103.34260559082031
-113.14180755615234
-112.82860565185547
-107.43540954589844
-107.19117736816406
-104.58767700195312
-112.24179077148438
-107.05157470703125
-112.36054229736328
-104.65180969238281
-109.45183563232422
-101.53961944580078
-107.6144790649414
-108.9586410522461
-109.69109344482422
-108.88565826416016
-103.67111206054688
-112.41548156738281
-106.75552368164062
-111.24601745605469
-106.69644165039062
-110.8673095703125
-110.85342407226562
-108.8062515258789
-112.2235336303711
-113.82608032226562
-106.18439483642578
-104.88480377197266
-103.13494873046875
-103.34430694580078
-104.18421936035156
-113.08180236816406
-106.5779800415039
-108.53076171875
-106.0916976928711
-110.52603149414062
-110.11363983154297
-105.46025848388672
-110.59054565429688
-107.06771087646484
-115.95576477050781
-106.03491973876953
-106.45604705810547
-109.33751678466797
-108.45333099365234
-110.1803970336914
-116.8774642944336
-116.2303695678711
-107.8981704711914
-107.20881652832031
-110.25880432128906
-107.74222564697266
-108.94790649414062
-116.2226791381836
-107.03331756591797
-102.50122833251953
-113.82586669921875
-115.82188415527344
-106.19619750976562
-110.2314224243164
-105.0667953491211
-117.56392669677734
-111.73274993896484
-113.77153778076172
-103.97881317138672
-107.01367950439453
-109.03163146972656
-113.27647399902344
-111.80484008789062
-111.49117279052734
-114.71621704101562
-113.14552307128906
-107.62879180908203
-111.5886001586914
-111.8722152709961
-106.91861724853516
-112.09744262695312
-117.32891845703125
-117.57444763183594
-115.16661834716797
-104.45396423339844
-107.26628112792969
-114.26314544677734
-106.63584899902344
-104.82304382324219
-104.03990173339844
-112.51092529296875
-101.15331268310547
-113.80225372314453
-103.85478210449219
-121.13352966308594
-114.73509979248047
-110.08576965332031
-112.57884979248047
-116.37239837646484
-114.65066528320312
-108.53340148925781
-108.91272735595703
-110.8293228149414
-107.19142150878906
-102.6287612915039
-108.19401550292969
-103.43354034423828
-108.93185424804688
-108.5308837890625
-106.16722869873047
-112.66734313964844
-106.76156616210938
-108.3231430053711
-104.1317367553711
-105.89767456054688
-115.9320068359375
-114.95606994628906
-108.31581115722656
-108.8207778930664
-111.2773666381836
-111.28868103027344
-104.99016571044922
-105.14667510986328
-110.6166763305664
-105.96592712402344
-110.80093383789062
-108.6021499633789
-104.93013763427734
-113.10259246826172
-110.19187927246094
-120.3310546875
-112.25862121582031
-109.70647430419922
-107.46373748779297
-109.89361572265625
-107.90339660644531
-106.48617553710938
-108.18814849853516
-103.49969482421875
-106.36968994140625
-107.52896118164062
-104.5872802734375
-107.86419677734375
-112.79601287841797
-109.83049011230469
-108.67787170410156
-116.24800872802734
-109.49105834960938
-108.70686340332031
-115.60713195800781
-107.90340423583984
-103.28475952148438
-109.5406265258789
-110.7269058227539
-108.93360900878906
-106.28255462646484
-116.18329620361328
-110.61042785644531
-116.10372924804688
-114.00298309326172
-109.90230560302734
-107.61190032958984
-100.5101318359375
-108.21287536621094
-106.13257598876953
-106.1575927734375
-106.52972412109375
-108.99453735351562
-121.71469116210938
-110.38607788085938
-116.09080505371094
-114.46179962158203
-111.97261810302734
-105.70736694335938
-111.83363342285156
-106.32942199707031
-107.69970703125
-115.3270492553711
-105.97672271728516
-114.6777572631836
-109.99703979492188
-102.41535186767578
-107.84564208984375
-113.33692169189453
-109.1175765991211
-108.50963592529297
-112.74673461914062
-112.06405639648438
-113.94474029541016
-105.91706848144531
-107.7588882446289
-111.68133544921875
-104.76966857910156
-104.81175994873047
-112.58485412597656
-112.6565170288086
-113.73775482177734
-114.92877197265625
-109.19229125976562
-107.54556274414062
-113.3056640625
-112.78352355957031
-106.84358215332031
-104.36470794677734
-108.6561050415039
-110.54227447509766
-109.71781158447266
-106.58922576904297
-114.47142791748047
-98.65945434570312
-109.4063720703125
-111.0150375366211
-110.06023406982422
-110.25080871582031
-106.36141204833984
-110.5955810546875
-110.18067932128906
-104.59477996826172
-108.6221923828125
-118.08480834960938
-111.96106719970703
-111.32493591308594
-109.93476867675781
-110.53961944580078
-109.76034545898438
-112.51248931884766
-109.81278228759766
-105.32366943359375
-110.3921127319336
-110.260986328125
-105.98186492919922
-111.6281509399414
-109.0298843383789
-106.9443359375
-105.91409301757812
-107.67021179199219
-111.92863464355469
-119.93666076660156
-107.44515228271484
-108.77978515625
-112.06826782226562
-107.80843353271484
-113.44966888427734
-105.23046875
-106.44647979736328
-112.08930969238281
-100.43638610839844
-107.40192413330078
-114.09972381591797
-106.92369079589844
-109.01081085205078
-111.37947082519531
-113.16922760009766
-103.43572235107422
-109.0003433227539
-109.06974792480469
-101.87179565429688
-108.57537841796875
-110.00410461425781
-106.28026580810547
-105.32679748535156
-112.87040710449219
-112.17974853515625
-109.51692962646484
-108.93067169189453
-106.13137817382812
-112.17155456542969
-114.2576904296875
-108.26152038574219
-107.70835876464844
-108.5744400024414
-105.4234390258789
-108.98877716064453
-110.37910461425781
-109.99715423583984
-103.65613555908203
-116.0951156616211
-107.61054992675781
-107.34956359863281
-103.30299377441406
-106.86929321289062
-102.10621643066406
-106.01459503173828
-109.48320770263672
-99.25165557861328
-112.08206176757812
-113.2174301147461
-108.92816925048828
-107.5136947631836
-117.48767852783203
-118.10370635986328
-104.70478057861328
-105.12763977050781
-114.46693420410156
-110.83904266357422
-102.8800277709961
-110.37234497070312
-105.12435150146484
-109.14397430419922
-104.66207885742188
-109.22199249267578
-110.28655242919922
-110.0372314453125
-105.62543487548828
-106.2899398803711
-112.60946655273438
-103.55631256103516
-98.47895812988281
-105.06937408447266
-108.34365844726562
-108.90797424316406
-106.0946273803711
-110.23619842529297
-112.98383331298828
-108.66549682617188
-106.58075714111328
-109.88710021972656
-109.1532974243164
-112.90718078613281
-109.32762908935547
-116.86099243164062
-103.8692855834961
-110.01665496826172
-109.66106414794922
-115.67677307128906
-108.72494506835938
-111.9441146850586
-110.314453125
-108.82649230957031
-115.43069458007812
-104.220703125
-105.37265014648438
-111.20562744140625
-105.83350372314453
-111.91558837890625
-109.83845520019531
-114.56683349609375
-107.36846160888672
-111.11444854736328
-112.37399291992188
-109.6075439453125
-113.38782501220703
-109.36357879638672
-111.96837615966797
-105.77398681640625
-103.33956909179688
-104.3547592163086
-113.61576843261719
-114.42302703857422
-112.88208770751953
-103.34491729736328
-109.37353515625
-112.43724822998047
-115.71540832519531
-110.03144836425781
-109.6968765258789
-106.06916046142578
-114.4978256225586
-109.31916809082031
-108.51675415039062
-108.92281341552734
-108.85001373291016
-107.00515747070312
-109.30852508544922
-101.21733093261719
-109.88381958007812
-111.61557006835938
-110.25618743896484
-108.8873519897461
-110.49042510986328
-106.57379150390625
-106.4962387084961
-113.30866241455078
-107.96194458007812
-113.84732055664062
-107.4277114868164
-109.8266830444336
-101.6667709350586
-105.45148468017578
-111.66997528076172
-106.60150146484375
-106.33482360839844
-110.5917739868164
-107.1133804321289
-111.14326477050781
-105.61249542236328
-106.09797668457031
-108.75077819824219
-112.71851348876953
-115.66605377197266
-114.35184478759766
-110.81563568115234
-107.29058074951172
-103.35435485839844
-113.3816146850586
-103.52509307861328
-116.72319030761719
-109.00386810302734
-113.973388671875
-108.72406768798828
-103.41270446777344
-107.25868225097656
-108.26924896240234
-109.02631378173828
-116.3911361694336
-113.3078384399414
-110.50100708007812
-107.40052795410156
-118.25789642333984
-108.16730499267578
-115.71424102783203
-113.02802276611328
-112.54278564453125
-110.62860870361328
-116.89339447021484
-108.83024597167969
-112.45793914794922
-104.78177642822266
-107.45724487304688
-110.63568878173828
-111.01431274414062
-111.35298919677734
-112.49711608886719
-112.27887725830078
-105.60425567626953
-110.34520721435547
-111.52523803710938
-108.08101654052734
-112.48785400390625
-105.09366607666016
-114.89228057861328
-107.99383544921875
-104.16426849365234
-110.50894927978516
-110.04405212402344
-110.6650390625
-106.33157348632812
-114.32642364501953
-110.51153564453125
-110.602783203125
-115.93540954589844
-100.42904663085938
-108.54570770263672
-102.42916107177734
-113.0728988647461
-105.69975280761719
-104.4950942993164
-111.79135131835938
-112.00240325927734
-109.5699234008789
-111.57181549072266
-107.19686889648438
-109.90397644042969
-109.13408660888672
-110.25651550292969
