-103.29168701171875
-113.46591186523438
-106.77156829833984
-114.85272216796875
-111.36394500732422
-112.39802551269531
-105.41251373291016
-99.36190795898438
-114.00238037109375
-103.79833984375
-110.92616271972656
-107.53800964355469
-111.8609848022461
-110.5957260131836
-108.39591979980469
-102.76667785644531
-103.62129211425781
-110.34207916259766
-108.69917297363281
-102.45574951171875
-106.54647064208984
-107.97828674316406
-107.517578125
-109.90050506591797
-109.24484252929688
-114.48799133300781
-103.69661712646484
-112.96343231201172
-102.47907257080078
-107.00997161865234
-111.85653686523438
-116.92456817626953
-110.07018280029297
-113.93309783935547
-111.32683563232422
-105.88383483886719
-105.71171569824219
-108.99329376220703
-108.84922790527344
-106.99724578857422
-101.55802917480469
-100.8725814819336
-111.08722686767578
-106.26063537597656
-104.45430755615234
-111.28744506835938
-109.4901123046875
-107.24005126953125
-107.92937469482422
-105.6067886352539
-104.3350830078125
-106.4085922241211
-106.2227783203125
-118.4256591796875
-112.09359741210938
-108.19071197509766
-108.68971252441406
-100.64006042480469
-99.66360473632812
-115.18184661865234
-106.57312774658203
-108.56903839111328
-103.02471160888672
-109.25318908691406
-111.82347106933594
-100.74275970458984
-108.55697631835938
-107.42396545410156
-108.19476318359375
-104.4047622680664
-107.38065338134766
-103.80370330810547
-105.10631561279297
-113.07946014404297
-107.58384704589844
-109.21478271484375
-103.46216583251953
-109.17926788330078
-105.24202728271484
-111.3360595703125
-104.40867614746094
-109.02162170410156
-98.82329559326172
-106.04094696044922
-110.50675201416016
-107.21224975585938
-108.67312622070312
-101.87873077392578
-110.04093933105469
-100.75019836425781
-103.61703491210938
-107.20407104492188
-108.75674438476562
-109.6839370727539
-114.55445098876953
-106.13578796386719
-109.08493041992188
-105.59703826904297
-105.9509506225586
-110.7911376953125
-107.03138732910156
-98.52637481689453
-113.61062622070312
-110.90721130371094
-107.64642333984375
-113.07477569580078
-112.41655731201172
-100.29795837402344
-106.44001770019531
-100.87198638916016
-111.48049926757812
-96.38155364990234
-110.60169982910156
-101.16930389404297
-105.59794616699219
-106.62530517578125
-108.08855438232422
-106.96857452392578
-102.57785034179688
-101.5135269165039
-115.90196228027344
-106.73181915283203
-105.48231506347656
-104.6713638305664
-98.3119125366211
-109.3809585571289
-105.78517150878906
-101.17141723632812
-107.9610366821289
-106.8406982421875
-100.99678039550781
-109.82473754882812
-100.31120300292969
-107.931640625
-102.4271240234375
-103.80559539794922
-106.78060150146484
-108.96593475341797
-106.99806213378906
-105.11099243164062
-110.30225372314453
-108.16368103027344
-105.5547103881836
-105.54649353027344
-106.31169891357422
-104.03135681152344
-108.37101745605469
-104.11630249023438
-107.92957305908203
-109.50590515136719
-114.11717224121094
-100.73726654052734
-111.6168441772461
-108.95980072021484
-112.68229675292969
-112.50218963623047
-115.482666015625
-108.85225677490234
-110.56255340576172
-105.04534912109375
-107.9052963256836
-106.6530990600586
-108.74427795410156
-105.71521759033203
-105.06778717041016
-102.54035949707031
-108.38065338134766
-115.41051483154297
-113.07183074951172
-107.04885864257812
-107.17244720458984
-98.48410034179688
-111.63685607910156
-103.22555541992188
-101.96112060546875
-107.56261444091797
-104.5824966430664
-105.73084259033203
-107.81758117675781
-102.0955581665039
-106.82672882080078
-112.9599380493164
-106.7949447631836
-106.7899169921875
-101.52373504638672
-106.53734588623047
-101.90351867675781
-108.7132797241211
-108.83984375
-111.0558853149414
-110.66030883789062
-103.62602996826172
-103.99394989013672
-109.87670135498047
-103.8982925415039
-104.7670669555664
-106.33917236328125
-109.63835144042969
-100.95536804199219
-106.81180572509766
-104.31224060058594
-107.00653076171875
-106.61457824707031
-100.7530517578125
-107.56665802001953
-108.31507873535156
-112.62097930908203
-102.93243408203125
-98.29257202148438
-110.2662353515625
-103.82623291015625
-109.84725952148438
-104.47677612304688
-114.18368530273438
-111.08446502685547
-108.64042663574219
-109.50009155273438
-102.49243927001953
-110.04489135742188
-104.67131042480469
-104.4132080078125
-112.39105987548828
-105.1491470336914
-111.87395477294922
-108.08663177490234
-112.0491943359375
-110.16352844238281
-109.16985321044922
-109.02555084228516
-109.6246109008789
-114.53172302246094
-115.3538589477539
-109.24192810058594
-107.65113830566406
-110.7930679321289
-101.13323211669922
-108.95307922363281
-108.71293640136719
-111.53668975830078
-106.61165618896484
-111.23615264892578
-109.34085083007812
-106.18650817871094
-108.74607849121094
-106.67523193359375
-108.89323425292969
-108.12577056884766
-110.34629821777344
-104.83472442626953
-106.6555404663086
-109.25648498535156
-105.39530944824219
-104.04399108886719
-99.31290435791016
-106.91093444824219
-106.08512878417969
-109.67701721191406
-119.0437240600586
-105.49483489990234
-110.43820190429688
-113.72164916992188
-106.92662811279297
-107.97261047363281
-103.01944732666016
-103.83743286132812
-108.56291198730469
-109.37084197998047
-99.14202117919922
-102.37760925292969
-109.66512298583984
-107.63477325439453
-107.34412384033203
-105.93952941894531
-110.12698364257812
-102.73429107666016
-104.96490478515625
-106.86493682861328
-100.22571563720703
-106.40911865234375
-109.6006851196289
-100.90834045410156
-105.46312713623047
-106.31005859375
-104.22784423828125
-100.9841079711914
-108.86285400390625
-106.72334289550781
-111.71607971191406
-112.36456298828125
-109.10584259033203
-107.70101928710938
-101.64456176757812
-107.11946105957031
-111.88444519042969
-109.71452331542969
-105.76878356933594
-107.13115692138672
-112.1068344116211
-106.63829040527344
-103.89443969726562
-105.52279663085938
-107.77346801757812
-109.25558471679688
-107.24546813964844
-109.9513168334961
-104.23726654052734
-102.56182861328125
-113.20784759521484
-110.16690826416016
-110.20125579833984
-108.76290893554688
-106.23291015625
-107.12714385986328
-107.63935089111328
-102.35758972167969
-107.18355560302734
-102.55961608886719
-111.18616485595703
-104.01756286621094
-105.89727783203125
-111.19879150390625
-114.10305786132812
-103.06698608398438
-100.67926788330078
-107.63967895507812
-112.88216400146484
-111.89373779296875
-103.78092193603516
-110.64200592041016
-110.95743560791016
-109.51074981689453
-104.30679321289062
-106.040283203125
-104.98748016357422
-114.6109848022461
-112.17109680175781
-106.14685821533203
-108.01707458496094
-106.21574401855469
-112.98311614990234
-114.74655151367188
-109.53890228271484
-112.27327728271484
-106.78382110595703
-115.68731689453125
-102.03011322021484
-103.86039733886719
-106.29829406738281
-107.22267150878906
-115.69171905517578
-109.41452026367188
-111.35324096679688
-112.12641906738281
-111.22959899902344
-103.70381164550781
-110.08477020263672
-111.51557159423828
-111.92257690429688
-115.58696746826172
-109.2031478881836
-108.13053894042969
-112.00196838378906
-107.09593963623047
-113.30345916748047
-106.60823059082031
-107.5177230834961
-107.75288391113281
-105.80682373046875
-108.60540771484375
-108.60704803466797
-105.73519134521484
-107.56584167480469
-101.7193832397461
-114.50737762451172
-111.24778747558594
-111.94021606445312
-103.75945281982422
-107.25144958496094
-102.83304595947266
-104.86238861083984
-106.74063873291016
-102.08446502685547
-104.41195678710938
-103.62801361083984
-112.44993591308594
-106.72409057617188
-105.48081970214844
-107.87527465820312
-111.17556762695312
-104.78977966308594
-100.71562957763672
-105.30015563964844
-105.95269775390625
-103.67489624023438
-103.99046325683594
-104.49929809570312
-102.7985610961914
-113.62553405761719
-101.20821380615234
-106.21571350097656
-108.04000854492188
-106.33235931396484
-105.7080078125
-103.57767486572266
-104.47716522216797
-117.00779724121094
-101.30128479003906
-106.99202728271484
-108.58541870117188
-109.47677612304688
-116.31932830810547
-108.64199829101562
-108.54148864746094
-102.2404556274414
-103.96601867675781
-100.7132568359375
-114.15174102783203
-104.38601684570312
-102.93470001220703
-108.57782745361328
-111.53150177001953
-100.78289794921875
-105.15396881103516
-113.630126953125
-102.58331298828125
-106.00855255126953
-107.35964965820312
-106.39893341064453
-104.4693603515625
-111.52693176269531
-103.24429321289062
-114.8774185180664
-100.92710876464844
-102.7863998413086
-103.27217864990234
-109.21307373046875
-107.74021911621094
-106.118896484375
-112.02987670898438
-105.21824645996094
-108.2471923828125
-105.90290069580078
-109.21393585205078
-96.23555755615234
-109.03227996826172
-103.17410278320312
-108.10760498046875
-101.93882751464844
-102.97480773925781
-109.49561309814453
-103.9212646484375
-112.55494689941406
-106.04833984375
-105.19503021240234
-113.47258758544922
-107.48271179199219
-113.31057739257812
-110.39230346679688
-110.85346984863281
-100.58433532714844
-107.2916488647461
-103.65296936035156
-112.46525573730469
-97.65017700195312
-107.17767333984375
-112.08521270751953
-114.56515502929688
-110.62979125976562
-100.94180297851562
-100.171142578125
-110.00318908691406
-104.3375473022461
-105.23600769042969
-107.98287200927734
-103.87488555908203
-104.73307800292969
-105.99615478515625
-114.44123840332031
-102.4278564453125
-103.54386138916016
-97.04483032226562
-106.02880096435547
-107.67335510253906
-100.81732177734375
-108.70576477050781
-103.09878540039062
-105.76068115234375
-100.68602752685547
-110.25232696533203
-110.02789306640625
-105.06322479248047
-105.2657241821289
-103.26271057128906
-109.75550079345703
-104.69529724121094
-109.16590881347656
-103.27981567382812
-106.35818481445312
-98.56257629394531
-106.37293243408203
-106.53801727294922
-108.080810546875
-106.13614654541016
-100.518310546875
-109.74729919433594
-107.02436828613281
-108.32770538330078
-104.17686462402344
-107.88723754882812
-107.78594970703125
-106.37300872802734
-110.55848693847656
-113.01974487304688
-104.13714599609375
-104.2089614868164
-101.52191925048828
-101.26610565185547
-100.89952087402344
-110.74576568603516
-104.09857940673828
-108.00901794433594
-103.70268249511719
-107.41535949707031
-108.03925323486328
-102.78843688964844
-107.84064483642578
-104.97268676757812
-112.81040954589844
-104.30210876464844
-103.61151123046875
-106.75315856933594
-107.19953918457031
-107.1281967163086
-113.83405303955078
-112.39892578125
-105.02371215820312
-104.75839233398438
-107.86537170410156
-107.32133483886719
-106.20699310302734
-114.30782318115234
-104.42113494873047
-101.29212951660156
-110.08351135253906
-111.59117126464844
-102.60890197753906
-107.12811279296875
-102.49569702148438
-114.0400161743164
-110.21147918701172
-111.51496887207031
-102.03221130371094
-105.12958526611328
-105.96913146972656
-110.08303833007812
-109.10916900634766
-109.92739868164062
-111.44750213623047
-109.07907104492188
-105.20696258544922
-109.79170989990234
-108.38347625732422
-106.00613403320312
-109.32450866699219
-112.98509216308594
-113.6753921508789
-111.74617767333984
-102.98258209228516
-104.7679672241211
-112.47900390625
-104.5687255859375
-101.91088104248047
-102.3862533569336
-108.38858032226562
-98.13358306884766
-111.07515716552734
-102.14763641357422
-117.5463638305664
-112.82186889648438
-108.63748931884766
-109.51026153564453
-113.67803192138672
-111.94469451904297
-105.68603515625
-106.86542510986328
-108.45413970947266
-105.12098693847656
-98.38439178466797
-105.92680358886719
-101.51655578613281
-107.64093780517578
-105.32357788085938
-105.55484771728516
-109.52299499511719
-104.56059265136719
-106.36235046386719
-100.95890045166016
-103.77803039550781
-115.83981323242188
-112.93415832519531
-106.23473358154297
-106.25640106201172
-109.28848266601562
-110.08926391601562
-102.73054504394531
-103.45779418945312
-107.11767578125
-103.63214874267578
-108.93594360351562
-106.86444091796875
-102.94928741455078
-109.07101440429688
-107.34075164794922
-115.38970947265625
-109.2872314453125
-106.63348388671875
-105.59391784667969
-108.55062103271484
-104.90071868896484
-104.84526824951172
-105.60887908935547
-102.05279541015625
-104.58168029785156
-105.76099395751953
-102.42880249023438
-105.57957458496094
-112.21306610107422
-105.67778015136719
-107.55461883544922
-112.24435424804688
-106.92699432373047
-107.03209686279297
-112.02106475830078
-106.7991943359375
-101.19640350341797
-107.26993560791016
-109.0936508178711
-104.81311798095703
-101.43639373779297
-113.69245147705078
-108.71797180175781
-112.68437194824219
-111.01930236816406
-107.68678283691406
-106.0869140625
-97.8851547241211
-104.29815673828125
-104.37288665771484
-104.55543518066406
-104.86080169677734
-107.27095031738281
-119.94005584716797
-108.0971908569336
-113.62098693847656
-112.49614715576172
-109.59575653076172
-103.70853424072266
-108.62268829345703
-103.86729431152344
-104.00621032714844
-112.65461730957031
-102.75756072998047
-110.32017517089844
-106.98480987548828
-100.60173797607422
-105.67230224609375
-110.61827850341797
-105.62133026123047
-102.8099365234375
-108.9834976196289
-109.03082275390625
-111.35199737548828
-102.94181823730469
-105.13719177246094
-110.08751678466797
-102.33961486816406
-102.02464294433594
-110.8072738647461
-110.86860656738281
-111.07801818847656
-112.71112060546875
-107.31997680664062
-105.58302307128906
-110.9515151977539
-109.57433319091797
-104.26010131835938
-104.27784729003906
-105.5083236694336
-107.4848403930664
-106.1642074584961
-103.06088256835938
-111.98949432373047
-98.66498565673828
-105.91946411132812
-107.5815200805664
-108.97073364257812
-107.98503112792969
-104.86852264404297
-108.56715393066406
-107.08697509765625
-103.53793334960938
-106.69691467285156
-114.6202621459961
-110.36354064941406
-107.8622055053711
-106.24400329589844
-107.49192810058594
-108.10155487060547
-108.99050903320312
-107.4365463256836
-101.30096435546875
-107.91654205322266
-107.3455810546875
-103.7874526977539
-108.62137603759766
-105.59957122802734
-104.6524429321289
-104.485107421875
-105.60487365722656
-109.34146118164062
-116.22418975830078
-105.22789001464844
-107.16069793701172
-110.98291015625
-105.97541809082031
-110.94438934326172
-102.88648986816406
-107.55316162109375
-110.1269302368164
-100.55683135986328
-105.08452606201172
-111.42742156982422
-104.46977233886719
-107.31214141845703
-110.1449966430664
-112.23686981201172
-101.01664733886719
-106.92720794677734
-106.36129760742188
-101.34135437011719
-106.99153137207031
-107.7862319946289
-104.1746597290039
-103.08412170410156
-110.15526580810547
-109.36592102050781
-105.86355590820312
-106.95803833007812
-103.32730865478516
-108.84085845947266
-110.23953247070312
-107.65983581542969
-105.53204345703125
-106.60872650146484
-103.31561279296875
-105.82014465332031
-108.28968811035156
-108.20285034179688
-100.77657318115234
-113.55973815917969
-105.60890197753906
-106.01249694824219
-101.22893524169922
-103.88581848144531
-99.05811309814453
-104.7882080078125
-106.5255126953125
-98.14137268066406
-109.7955093383789
-111.11347961425781
-105.96501922607422
-105.80905151367188
-113.62068176269531
-115.3392333984375
-101.09808349609375
-103.95948028564453
-111.78205108642578
-109.93092346191406
-100.51189422607422
-107.01764678955078
-103.34627532958984
-107.479248046875
-102.31135559082031
-107.30622100830078
-109.19037628173828
-109.58908081054688
-103.51781463623047
-105.78536224365234
-110.08650970458984
-100.85853576660156
-96.26885223388672
-104.10698699951172
-106.73019409179688
-107.09102630615234
-104.20338439941406
-107.67237854003906
-110.98719024658203
-105.8239517211914
-104.73023986816406
-106.8975601196289
-107.39840698242188
-110.46185302734375
-105.73567962646484
-113.73600006103516
-101.50733947753906
-107.32559967041016
-107.088134765625
-112.29669952392578
-106.66157531738281
-110.4127426147461
-107.61113739013672
-106.69001007080078
-111.91937255859375
-101.90387725830078
-104.92622375488281
-108.53314208984375
-103.98973083496094
-109.2422103881836
-108.10819244384766
-112.91796112060547
-104.97615814208984
-109.21626281738281
-110.11840057373047
-106.81573486328125
-110.21592712402344
-106.8119125366211
-110.87509155273438
-104.66664123535156
-102.02588653564453
-102.291748046875
-109.97288513183594
-112.42929077148438
-109.85107421875
-101.22007751464844
-106.79017639160156
-110.1174545288086
-111.61121368408203
-108.71886444091797
-106.67437744140625
-104.3166732788086
-111.64989471435547
-107.22308349609375
-107.05232238769531
-105.71328735351562
-105.81283569335938
-104.99563598632812
-106.5152587890625
-99.64073181152344
-107.896484375
-109.5228271484375
-106.11012268066406
-106.40093231201172
-108.3853759765625
-104.06377410888672
-103.42415618896484
-110.64805603027344
-105.89291381835938
-110.20882415771484
-104.88936614990234
-107.92430114746094
-99.25215911865234
-103.5722885131836
-108.82220458984375
-104.27568817138672
-105.37886810302734
-110.12603759765625
-105.98353576660156
-108.47775268554688
-103.08049774169922
-103.63676452636719
-107.69552612304688
-109.04776000976562
-113.45661926269531
-112.31934356689453
-106.15902709960938
-106.14273071289062
-102.01577758789062
-111.75353240966797
-99.54971313476562
-115.54288482666016
-106.24285888671875
-113.81192016601562
-104.7344970703125
-100.41513061523438
-106.24906158447266
-104.41094970703125
-105.93122100830078
-113.88751983642578
-110.75397491455078
-108.41671752929688
-103.32467651367188
-114.36155700683594
-105.97673797607422
-112.8908920288086
-111.4930648803711
-109.61376190185547
-107.96404266357422
-113.73064422607422
-105.3508071899414
-108.48562622070312
-103.66761779785156
-104.91893768310547
-108.98778533935547
-110.61811828613281
-107.54631805419922
-110.88742065429688
-108.96284484863281
-103.8168716430664
-107.7406997680664
-110.3556900024414
-105.66485595703125
-110.83613586425781
-101.5827865600586
-113.52191925048828
-106.21776580810547
-104.65606689453125
-108.91204833984375
-107.87433624267578
-108.25276184082031
-104.45594787597656
-110.93948364257812
-109.22492218017578
-108.15768432617188
-112.02186584472656
-98.98528289794922
-107.8764877319336
-100.79344177246094
-110.35458374023438
-103.99473571777344
-103.47357177734375
-108.31195068359375
-108.82820892333984
-106.50867462158203
-110.91110229492188
-104.9285659790039
-107.12239837646484
-107.60269165039062
-106.40584564208984
