-102.76115417480469
-114.66800689697266
-105.07661437988281
-114.51567840576172
-110.5039291381836
-110.31778717041016
-105.38898468017578
-99.88159942626953
-111.50765228271484
-104.02684020996094
-110.33354187011719
-106.6012191772461
-110.70195007324219
-109.38021087646484
-106.96876525878906
-102.1941909790039
-102.77342987060547
-110.24066925048828
-108.03837585449219
-101.01953887939453
-106.10556030273438
-106.98670196533203
-107.7406234741211
-108.86944580078125
-107.66905975341797
-113.6766357421875
-101.07837677001953
-111.79653930664062
-101.06181335449219
-105.97201538085938
-110.1317367553711
-115.0125503540039
-110.68728637695312
-113.66876220703125
-110.11467742919922
-105.58369445800781
-103.07412719726562
-107.94090270996094
-107.15897369384766
-104.7060775756836
-101.2723159790039
-100.2121353149414
-109.45560455322266
-105.45317840576172
-103.52568054199219
-110.259033203125
-109.34100341796875
-105.28004455566406
-106.30591583251953
-105.59345245361328
-100.8638687133789
-103.12576293945312
-106.64325714111328
-116.72386932373047
-109.60314178466797
-108.00868225097656
-109.72496795654297
-99.95634460449219
-98.93571472167969
-112.14239501953125
-105.18596649169922
-106.78916931152344
-101.91800689697266
-105.77930450439453
-110.28790283203125
-100.00548553466797
-107.44803619384766
-106.98845672607422
-108.07872009277344
-102.1397705078125
-106.02742767333984
-102.2491683959961
-103.36975860595703
-112.29157257080078
-106.02703857421875
-109.9599838256836
-101.92344665527344
-108.68435668945312
-105.31906127929688
-110.8967056274414
-103.55303192138672
-106.99061584472656
-99.43777465820312
-104.35462188720703
-108.94429779052734
-106.52359771728516
-107.89154815673828
-100.4521713256836
-109.94740295410156
-99.44781494140625
-102.3990478515625
-107.85162353515625
-106.86537170410156
-109.64118194580078
-112.2520751953125
-104.29525756835938
-107.67378234863281
-104.13064575195312
-104.10975646972656
-111.26129913330078
-105.5714111328125
-96.95404815673828
-111.2223892211914
-109.45947265625
-105.80525970458984
-111.10162353515625
-110.18156433105469
-99.29861450195312
-104.56070709228516
-101.51899719238281
-110.49889373779297
-95.58101654052734
-107.3961410522461
-100.36621856689453
-106.27790069580078
-106.10557556152344
-107.90399932861328
-105.37828826904297
-102.08070373535156
-101.8675308227539
-115.32331848144531
-106.88773345947266
-104.31781768798828
-102.2937240600586
-97.63726806640625
-107.71256256103516
-104.56607055664062
-99.4278564453125
-106.52686309814453
-105.10563659667969
-100.26480865478516
-108.35729217529297
-99.76179504394531
-107.64514923095703
-101.70696258544922
-103.4653091430664
-103.88196563720703
-108.79476165771484
-106.6604232788086
-104.1242446899414
-108.32390594482422
-107.05941009521484
-105.47181701660156
-105.2430419921875
-106.03055572509766
-104.59195709228516
-105.16951751708984
-103.26225280761719
-108.05392456054688
-109.98491668701172
-113.54707336425781
-100.2772216796875
-111.0575942993164
-108.37420654296875
-111.45803833007812
-111.24971771240234
-114.43659210205078
-108.28717041015625
-108.64551544189453
-104.75761413574219
-107.00689697265625
-106.78472137451172
-106.98999786376953
-105.13683319091797
-104.79826354980469
-102.7672348022461
-107.04804992675781
-114.69796752929688
-111.25077056884766
-106.88473510742188
-106.25732421875
-97.4063491821289
-110.82433319091797
-101.8255844116211
-100.27411651611328
-106.69509887695312
-104.11609649658203
-105.77293395996094
-107.22229766845703
-100.98815155029297
-107.0115966796875
-112.17720031738281
-106.75212097167969
-106.32709503173828
-101.63742065429688
-106.23131561279297
-100.19168090820312
-107.43607330322266
-108.33245849609375
-110.04463958740234
-110.47062683105469
-103.65909576416016
-102.57830810546875
-107.6444091796875
-103.4095230102539
-104.60917663574219
-106.48741149902344
-111.05059814453125
-100.8409194946289
-105.23136138916016
-103.91078186035156
-104.91862487792969
-106.86660766601562
-100.3210220336914
-106.69432830810547
-107.04977416992188
-111.59605407714844
-102.17768859863281
-98.15299987792969
-109.4385757446289
-104.6634292602539
-108.30087280273438
-103.88368225097656
-113.60102081298828
-110.97351837158203
-106.54768371582031
-108.55473327636719
-102.31383514404297
-109.53356170654297
-103.41084289550781
-103.95979309082031
-113.13322448730469
-105.63678741455078
-110.76825714111328
-106.33309936523438
-109.30958557128906
-109.71206665039062
-108.90166473388672
-109.03759765625
-108.24076843261719
-112.94781494140625
-115.06220245361328
-109.20144653320312
-106.47161102294922
-109.44058227539062
-100.41424560546875
-108.29932403564453
-110.45986938476562
-109.66300201416016
-105.20518493652344
-109.7935562133789
-108.2062759399414
-106.16040802001953
-107.05217742919922
-105.60858917236328
-107.5259780883789
-107.91275024414062
-109.7931900024414
-103.78417205810547
-103.6847915649414
-108.70343780517578
-106.46417999267578
-103.49401092529297
-99.60518646240234
-106.2532730102539
-104.23760223388672
-108.08820343017578
-117.55575561523438
-105.32757568359375
-109.44627380371094
-110.18075561523438
-105.134765625
-107.88651275634766
-101.35746765136719
-102.71592712402344
-107.33816528320312
-107.61194610595703
-97.88616180419922
-101.62619018554688
-108.31415557861328
-106.31578063964844
-105.9289321899414
-105.0337905883789
-107.65449523925781
-101.58904266357422
-103.9388427734375
-106.05475616455078
-99.84251403808594
-106.2858657836914
-110.65908813476562
-101.00865173339844
-103.53968048095703
-107.0886001586914
-102.9288101196289
-98.40306091308594
-109.19387817382812
-105.91468811035156
-111.87965393066406
-111.04300689697266
-108.47099304199219
-105.8950424194336
-99.50247192382812
-106.15795135498047
-111.36516571044922
-109.12523651123047
-105.32245635986328
-105.50035095214844
-109.83293151855469
-106.43751525878906
-104.09943389892578
-104.07398223876953
-105.46539306640625
-108.8529281616211
-107.89401245117188
-108.5137939453125
-103.11140441894531
-102.66739654541016
-112.36123657226562
-108.27989959716797
-108.24906921386719
-107.54486846923828
-106.69160461425781
-105.65737915039062
-108.65387725830078
-102.18562316894531
-106.81953430175781
-102.84368133544922
-109.79904174804688
-103.80087280273438
-105.1447525024414
-109.07329559326172
-113.41984558105469
-101.53275299072266
-100.69253540039062
-106.45199584960938
-110.94549560546875
-113.47852325439453
-103.26289367675781
-110.63993835449219
-111.02967834472656
-108.87683868408203
-103.2933349609375
-106.75948333740234
-106.42864990234375
-112.37295532226562
-112.55160522460938
-105.2380599975586
-105.96778106689453
-104.76458740234375
-112.07720947265625
-113.4061050415039
-106.21295928955078
-110.6570053100586
-105.17091369628906
-113.51256561279297
-99.5098648071289
-102.14017486572266
-104.4295654296875
-106.33598327636719
-113.89436340332031
-106.20435333251953
-109.38904571533203
-111.56492614746094
-109.98824310302734
-102.23539733886719
-108.87010955810547
-113.63615417480469
-110.28085327148438
-116.16184997558594
-110.02848815917969
-107.62186431884766
-110.32798767089844
-107.6838150024414
-112.41043090820312
-107.81449890136719
-106.03860473632812
-106.40385437011719
-104.6125717163086
-108.00389862060547
-108.15328216552734
-103.91230773925781
-105.85974884033203
-99.80567169189453
-113.96080780029297
-110.56700134277344
-109.94359588623047
-102.84127807617188
-105.68415069580078
-101.1217269897461
-104.36622619628906
-106.97252655029297
-101.20115661621094
-104.10901641845703
-102.82617950439453
-111.2825927734375
-105.80866241455078
-104.3057861328125
-106.10234832763672
-110.60444641113281
-102.58157348632812
-99.86888122558594
-103.0591812133789
-106.0625
-104.52810668945312
-103.7885971069336
-104.68463134765625
-102.04438781738281
-112.66690826416016
-101.03169250488281
-104.38965606689453
-106.68990325927734
-105.35604095458984
-103.14823150634766
-103.02999114990234
-102.10026550292969
-114.98564910888672
-100.92022705078125
-105.66354370117188
-107.02407836914062
-109.85027313232422
-115.97398376464844
-108.2040786743164
-107.57770538330078
-101.12615966796875
-102.10909271240234
-100.43539428710938
-112.24853515625
-102.63783264160156
-103.09808349609375
-108.09303283691406
-112.17729187011719
-100.48899841308594
-104.67759704589844
-112.31756591796875
-101.92802429199219
-105.99609375
-107.65497589111328
-104.78192901611328
-102.56814575195312
-111.98780059814453
-103.05835723876953
-114.63728332519531
-100.95225524902344
-103.31098937988281
-104.05648803710938
-108.43878173828125
-106.01168823242188
-106.05944061279297
-110.30864715576172
-102.64004516601562
-106.4067611694336
-104.9922866821289
-108.60298156738281
-95.77116394042969
-106.9623794555664
-101.52025604248047
-108.332763671875
-101.45218658447266
-102.33427429199219
-109.14497375488281
-103.45539855957031
-109.9058609008789
-105.8570327758789
-104.37065887451172
-113.95378112792969
-107.62739562988281
-112.75057983398438
-109.26465606689453
-111.51707458496094
-100.51776123046875
-106.2829818725586
-104.2394790649414
-111.70458221435547
-96.45792388916016
-108.01854705810547
-112.01201629638672
-113.49256134033203
-110.46932220458984
-100.7948989868164
-99.0743637084961
-108.76705169677734
-104.28678131103516
-105.36245727539062
-106.22676086425781
-102.59904479980469
-103.48141479492188
-105.55060577392578
-114.17488861083984
-100.22222900390625
-103.39482879638672
-96.73296356201172
-105.96227264404297
-107.6196060180664
-100.14777374267578
-108.86286926269531
-103.11830139160156
-106.25080108642578
-100.87908935546875
-111.39485931396484
-109.91187286376953
-104.89798736572266
-105.51387786865234
-102.10205841064453
-109.31866455078125
-105.02230834960938
-109.38449096679688
-101.95396423339844
-105.59042358398438
-99.96509552001953
-104.46569061279297
-106.35449981689453
-107.88162994384766
-105.83441925048828
-101.84872436523438
-108.10143280029297
-104.11756134033203
-108.48468017578125
-103.25051879882812
-108.44618225097656
-106.69188690185547
-106.46365356445312
-110.41310119628906
-111.97080993652344
-102.2762451171875
-102.98938751220703
-100.71206665039062
-100.43494415283203
-99.91007232666016
-111.9095687866211
-103.13697814941406
-105.58500671386719
-104.61592102050781
-107.04118347167969
-107.86893463134766
-101.85308837890625
-105.8677978515625
-104.42755889892578
-112.43441009521484
-104.14864349365234
-102.92022705078125
-105.88455963134766
-105.43999481201172
-107.3151626586914
-113.81221771240234
-111.81822967529297
-104.15524291992188
-104.08995819091797
-106.8606948852539
-104.76339721679688
-105.68952178955078
-112.81444549560547
-104.26271057128906
-100.10049438476562
-108.32562255859375
-111.01626586914062
-101.4926986694336
-106.9415512084961
-102.78005981445312
-112.59661865234375
-108.90506744384766
-110.68155670166016
-101.542724609375
-104.80154418945312
-105.34007263183594
-108.9814224243164
-109.83229064941406
-107.81779479980469
-110.38455963134766
-108.18080139160156
-104.60969543457031
-109.13279724121094
-106.8851089477539
-104.74456787109375
-108.74266052246094
-112.9798355102539
-112.65277862548828
-111.12140655517578
-102.17505645751953
-104.91378784179688
-111.45647430419922
-103.68409729003906
-101.41077423095703
-101.4662857055664
-109.18240356445312
-98.14643859863281
-110.33509826660156
-101.09712219238281
-117.38233947753906
-110.93611907958984
-107.06517791748047
-109.2441177368164
-112.28167724609375
-109.9873275756836
-105.19503784179688
-106.81151580810547
-106.7304458618164
-105.82141876220703
-100.01791381835938
-104.9750747680664
-101.20010375976562
-107.3703384399414
-105.10372161865234
-103.80560302734375
-108.63924407958984
-104.54585266113281
-106.10968780517578
-101.96578979492188
-103.92359924316406
-112.94013977050781
-111.57988739013672
-105.33787536621094
-105.51560974121094
-108.6170425415039
-109.43219757080078
-102.61135864257812
-102.57174682617188
-107.46744537353516
-102.56726837158203
-108.08039855957031
-105.016357421875
-101.97911071777344
-109.10425567626953
-106.96846008300781
-115.1444091796875
-108.40040588378906
-105.38150024414062
-104.7877197265625
-108.28418731689453
-104.08354187011719
-104.24758911132812
-105.26598358154297
-101.83934020996094
-103.5428237915039
-104.14967346191406
-101.9093246459961
-105.52510070800781
-111.40413665771484
-105.26995849609375
-105.7584228515625
-112.31835174560547
-106.66120910644531
-106.09565734863281
-109.93309020996094
-105.32685089111328
-100.68203735351562
-107.268798828125
-108.38988494873047
-104.83869171142578
-102.75764465332031
-114.68025970458984
-107.64181518554688
-112.98116302490234
-112.1295166015625
-106.76171875
-105.11923217773438
-97.67311096191406
-103.3382797241211
-102.82575225830078
-102.41378784179688
-104.42294311523438
-105.56118774414062
-117.7485580444336
-108.78948211669922
-112.30353546142578
-111.91822052001953
-107.77312469482422
-102.15425872802734
-108.1449966430664
-104.97396087646484
-104.06956481933594
-111.53473663330078
-102.56805419921875
-109.17765808105469
-107.0048828125
-99.5104751586914
-105.11500549316406
-110.38788604736328
-104.60273742675781
-104.31316375732422
-108.65462493896484
-108.5569839477539
-109.9429931640625
-102.74868774414062
-103.97014617919922
-109.11829376220703
-101.24992370605469
-103.13343048095703
-110.21372985839844
-110.91230773925781
-112.09740447998047
-111.45275115966797
-105.74517822265625
-106.08296203613281
-110.63516235351562
-109.85746002197266
-102.8808364868164
-103.02452850341797
-104.00724029541016
-107.4864273071289
-105.63784790039062
-102.85924530029297
-110.2066650390625
-96.34510040283203
-104.94258880615234
-107.76055908203125
-108.40438079833984
-105.3283920288086
-103.39781951904297
-108.49787139892578
-106.46127319335938
-102.57742309570312
-105.54045867919922
-113.54369354248047
-108.88397979736328
-108.01868438720703
-106.45709991455078
-107.58661651611328
-107.41199493408203
-109.05520629882812
-106.97879791259766
-100.63213348388672
-106.69766998291016
-107.45970916748047
-103.28587341308594
-107.46053314208984
-104.13365936279297
-103.52981567382812
-102.50785827636719
-104.81698608398438
-108.69304656982422
-115.51119995117188
-105.41169738769531
-106.10482025146484
-108.49394226074219
-105.44141387939453
-109.40838623046875
-101.09861755371094
-104.89186096191406
-110.17039489746094
-98.98982238769531
-105.08336639404297
-111.06974029541016
-104.28692626953125
-106.96363067626953
-108.26393127441406
-111.39307403564453
-100.5350112915039
-106.64695739746094
-106.7206802368164
-99.64453125
-105.86163330078125
-107.19788360595703
-104.89556121826172
-101.13337707519531
-110.0248794555664
-108.7686996459961
-105.68972778320312
-106.18024444580078
-103.29334259033203
-109.75238800048828
-111.79291534423828
-107.06649017333984
-104.35052490234375
-104.80339813232422
-102.22735595703125
-105.9388427734375
-108.45913696289062
-107.3051528930664
-101.00077056884766
-113.50155639648438
-106.1700210571289
-105.22175598144531
-99.30274200439453
-104.01202392578125
-99.5029067993164
-102.88484191894531
-106.73079681396484
-96.73199462890625
-108.71605682373047
-109.95059204101562
-106.36736297607422
-102.38487243652344
-114.57122802734375
-114.77820587158203
-100.4786376953125
-101.75286865234375
-111.00238037109375
-109.42645263671875
-99.49080657958984
-106.74949645996094
-101.35980987548828
-106.17534637451172
-102.61386108398438
-106.33006286621094
-108.7421875
-108.59681701660156
-102.96800231933594
-104.93119049072266
-109.46687316894531
-100.47161865234375
-95.43528747558594
-101.9471206665039
-105.27268981933594
-104.86854553222656
-102.78919219970703
-107.47540283203125
-109.06523132324219
-106.11681365966797
-105.39736938476562
-106.52125549316406
-106.865966796875
-110.22235107421875
-105.45941925048828
-113.17411804199219
-102.14385986328125
-106.04615020751953
-107.4135513305664
-110.82185363769531
-106.74211120605469
-108.2783203125
-106.91842651367188
-106.03023529052734
-112.41014862060547
-102.75946044921875
-104.05026245117188
-107.0900650024414
-102.52311706542969
-109.83808135986328
-107.14056396484375
-112.71543884277344
-105.5614013671875
-107.5331802368164
-109.31807708740234
-105.34947967529297
-109.77935028076172
-106.86653900146484
-110.97864532470703
-102.61388397216797
-101.12889099121094
-101.83158111572266
-110.99259185791016
-112.43164825439453
-109.78736877441406
-101.12188720703125
-106.74589538574219
-109.37075805664062
-110.69972229003906
-108.64625549316406
-106.55583953857422
-103.43433380126953
-110.74641418457031
-106.64788055419922
-106.27444458007812
-105.11833190917969
-105.27770233154297
-104.85079956054688
-106.5443344116211
-97.8536148071289
-106.50213623046875
-108.40740966796875
-106.95256042480469
-107.47479248046875
-107.14885711669922
-103.83784484863281
-103.52265930175781
-109.55255889892578
-105.80138397216797
-110.56160736083984
-103.42594909667969
-105.81172943115234
-99.10067749023438
-103.58455657958984
-107.75238037109375
-103.60414123535156
-104.48748779296875
-109.00060272216797
-104.54188537597656
-107.2641830444336
-102.6693115234375
-103.98845672607422
-106.62630462646484
-109.44022369384766
-112.17849731445312
-112.00372314453125
-105.94059753417969
-105.30316162109375
-100.59548950195312
-111.45572662353516
-99.27032470703125
-113.8352279663086
-105.33336639404297
-110.76986694335938
-106.21265411376953
-99.90839385986328
-104.86471557617188
-103.79690551757812
-106.64679718017578
-111.9487075805664
-110.36294555664062
-107.62944030761719
-102.528564453125
-114.20965576171875
-105.71037292480469
-112.69955444335938
-110.20132446289062
-109.73681640625
-108.29861450195312
-112.82215881347656
-103.77892303466797
-110.96612548828125
-103.68803405761719
-104.98814392089844
-107.7237777709961
-108.2197494506836
-108.69024658203125
-109.60580444335938
-109.08389282226562
-103.78950500488281
-107.51610565185547
-108.50884246826172
-104.8773193359375
-110.75200653076172
-102.20309448242188
-112.60542297363281
-104.72364807128906
-101.95567321777344
-107.34004211425781
-106.72337341308594
-108.17542266845703
-104.17333221435547
-111.86601257324219
-108.12747955322266
-108.3373794555664
-111.70472717285156
-98.02458953857422
-106.19293975830078
-99.19258117675781
-108.59082794189453
-103.13938903808594
-102.05006408691406
-107.78996276855469
-107.2974624633789
-106.24803924560547
-108.8071060180664
-104.59967803955078
-106.77102661132812
-106.30655670166016
-106.43592834472656
