-101.96308898925781
-113.474609375
-105.27262115478516
-113.374267578125
-109.16841125488281
-109.02872467041016
-103.94865417480469
-98.20581817626953
-110.55166625976562
-102.7641830444336
-110.91002655029297
-105.8888168334961
-110.15823364257812
-109.06642150878906
-106.22666931152344
-100.59258270263672
-102.36729431152344
-109.6409912109375
-106.86578369140625
-100.21834564208984
-105.59941101074219
-106.64836120605469
-106.30257415771484
-108.5367431640625
-107.58799743652344
-112.75621032714844
-100.8326416015625
-110.6251220703125
-100.59811401367188
-104.81682586669922
-109.89204406738281
-115.54653930664062
-110.27740478515625
-112.94932556152344
-109.929443359375
-105.12553405761719
-102.81292724609375
-107.39363098144531
-106.98920440673828
-104.34326934814453
-99.08906555175781
-99.31129455566406
-108.07982635498047
-105.933837890625
-103.0097885131836
-109.43109130859375
-107.71528625488281
-105.23914337158203
-106.12959289550781
-103.86295318603516
-102.11016845703125
-105.66437530517578
-105.02434539794922
-116.63182067871094
-110.39183044433594
-107.3082046508789
-108.20968627929688
-100.41912841796875
-97.16719818115234
-112.9067611694336
-105.33769226074219
-107.1649169921875
-101.57725524902344
-105.97862243652344
-110.29719543457031
-100.30445098876953
-107.47389221191406
-107.31636047363281
-108.37676239013672
-102.87570190429688
-106.66014099121094
-102.03348541259766
-103.00155639648438
-111.62439727783203
-106.55445861816406
-108.44978332519531
-101.6331787109375
-108.61542510986328
-105.82437896728516
-110.96977996826172
-103.40258026123047
-108.34310150146484
-99.80561065673828
-104.72864532470703
-110.47110748291016
-105.60404968261719
-107.68756866455078
-100.58368682861328
-109.12394714355469
-100.30355072021484
-102.1175765991211
-106.9057388305664
-108.23065185546875
-109.4574966430664
-113.97743225097656
-103.849365234375
-106.46065521240234
-104.46504974365234
-103.9765396118164
-109.99493408203125
-104.73102569580078
-95.84337615966797
-111.79708862304688
-107.40430450439453
-105.8091049194336
-109.6575927734375
-110.90758514404297
-99.4389419555664
-105.21104431152344
-99.10597229003906
-108.31531524658203
-95.68260955810547
-107.1531982421875
-99.31053161621094
-104.47394561767578
-103.65409851074219
-106.80950927734375
-104.89079284667969
-101.82801818847656
-100.29259490966797
-114.35417175292969
-104.55746459960938
-104.20816040039062
-102.79520416259766
-96.849365234375
-108.46077728271484
-104.03710174560547
-98.24478149414062
-105.90753173828125
-104.84061431884766
-99.24095916748047
-107.66283416748047
-99.41497039794922
-106.1489028930664
-101.01761627197266
-102.34815979003906
-103.05355834960938
-108.85027313232422
-106.859375
-104.27731323242188
-109.52222442626953
-108.10124206542969
-104.0608139038086
-105.27183532714844
-105.00055694580078
-102.56937408447266
-105.98081970214844
-103.12767028808594
-107.48746490478516
-110.34483337402344
-112.17150115966797
-100.69127655029297
-110.46480560302734
-106.93976593017578
-110.57905578613281
-111.51042938232422
-114.66109466552734
-106.24931335449219
-108.95285034179688
-102.80052185058594
-105.8201675415039
-106.0190200805664
-106.62913513183594
-105.10428619384766
-103.68606567382812
-102.21109771728516
-107.14454650878906
-113.50630950927734
-110.72653198242188
-106.77233123779297
-106.10881042480469
-97.42491149902344
-109.34933471679688
-100.892822265625
-100.22825622558594
-104.60381317138672
-102.43936157226562
-104.44746398925781
-107.67509460449219
-100.51467895507812
-105.95865631103516
-111.6575698852539
-105.7711181640625
-105.54472351074219
-98.62047576904297
-104.95941925048828
-100.8791275024414
-107.41673278808594
-107.35707092285156
-110.03202819824219
-109.94343566894531
-102.54756164550781
-102.94471740722656
-109.0469970703125
-103.46639251708984
-103.96648406982422
-106.47464752197266
-108.0501480102539
-101.13860321044922
-106.47630310058594
-103.13080596923828
-104.6937255859375
-107.64962768554688
-100.58926391601562
-107.1701431274414
-107.40126037597656
-111.48507690429688
-101.18989562988281
-98.67926025390625
-110.1252212524414
-103.08792877197266
-107.39781188964844
-103.3551254272461
-112.7380599975586
-109.58096313476562
-107.04928588867188
-107.17670440673828
-101.44977569580078
-108.71443176269531
-103.8226547241211
-103.37225341796875
-112.07868957519531
-105.43946075439453
-111.74849700927734
-106.87116241455078
-109.77059173583984
-109.54716491699219
-108.4786376953125
-108.26202392578125
-107.92064666748047
-112.84983825683594
-113.80304718017578
-109.27190399169922
-107.09410095214844
-110.19245910644531
-99.75309753417969
-107.40571594238281
-108.70979309082031
-110.46467590332031
-104.27347564697266
-109.10489654541016
-107.90103912353516
-105.76392364501953
-106.99405670166016
-106.18474578857422
-108.13156127929688
-109.32496643066406
-110.28250122070312
-103.76953125
-104.26802062988281
-108.25981903076172
-105.97773742675781
-103.3582763671875
-98.17327117919922
-105.59912109375
-103.16522216796875
-106.53480529785156
-117.45223999023438
-103.08804321289062
-110.23584747314453
-111.01861572265625
-104.91962432861328
-106.58472442626953
-101.06287384033203
-102.32940673828125
-107.30740356445312
-108.4141845703125
-96.91282653808594
-101.23099517822266
-107.5772705078125
-106.98484802246094
-106.26368713378906
-105.07335662841797
-108.96475982666016
-100.94083404541016
-103.71524047851562
-105.59054565429688
-98.99813079833984
-106.21082305908203
-108.42696380615234
-99.57341766357422
-102.8084945678711
-105.24369049072266
-101.79290771484375
-98.9141616821289
-107.51628875732422
-103.77307891845703
-110.02069091796875
-112.0416030883789
-107.8490219116211
-106.8731918334961
-99.5434341430664
-104.83867645263672
-109.83721923828125
-109.3404769897461
-105.19456481933594
-105.04812622070312
-109.10956573486328
-106.43682098388672
-102.71306610107422
-103.32069396972656
-106.15109252929688
-108.64192962646484
-107.2977294921875
-107.41468048095703
-103.38220977783203
-102.85492706298828
-112.02254486083984
-108.44194793701172
-109.0344467163086
-106.88324737548828
-105.5570297241211
-105.55194091796875
-108.05460357666016
-101.13607025146484
-106.32304382324219
-101.88424682617188
-109.71080780029297
-102.25627899169922
-105.75125122070312
-108.88451385498047
-112.96837615966797
-101.21925354003906
-100.98429107666016
-104.7173843383789
-110.16175079345703
-112.64730834960938
-104.02145385742188
-110.23564147949219
-109.38280487060547
-107.611083984375
-104.76190185546875
-106.09764862060547
-106.01271057128906
-111.54615020751953
-111.62654113769531
-105.11573028564453
-107.58744812011719
-103.89714813232422
-111.66403198242188
-112.24964904785156
-106.06283569335938
-111.19140625
-103.92559814453125
-114.13497161865234
-99.10821533203125
-102.26055908203125
-102.76362609863281
-106.53199005126953
-115.22250366210938
-107.28374481201172
-109.79844665527344
-109.217041015625
-109.71774291992188
-102.8908462524414
-109.48526000976562
-111.32281494140625
-110.31281280517578
-113.8802261352539
-108.46359252929688
-106.699462890625
-110.65087127685547
-105.85608673095703
-111.22533416748047
-106.87603759765625
-105.8399658203125
-107.78584289550781
-105.28170776367188
-106.7701644897461
-107.61131286621094
-104.2670669555664
-106.70352935791016
-99.8557357788086
-113.62763977050781
-111.1069107055664
-110.30933380126953
-102.87849426269531
-105.92082977294922
-101.63536071777344
-102.10665893554688
-105.41344451904297
-101.0857162475586
-104.48609924316406
-101.57315826416016
-111.37958526611328
-105.171875
-103.76307678222656
-105.56497192382812
-109.93836212158203
-102.26415252685547
-100.0373764038086
-104.91938018798828
-103.53239440917969
-104.59420776367188
-103.06438446044922
-104.95687103271484
-100.7088851928711
-113.25763702392578
-100.78118133544922
-105.20353698730469
-106.79723358154297
-106.00243377685547
-104.18334197998047
-102.80131530761719
-103.15100860595703
-114.06029510498047
-101.93843078613281
-105.09542846679688
-107.10975646972656
-108.46480560302734
-115.92960357666016
-108.8690185546875
-107.63883972167969
-101.34666442871094
-103.45635986328125
-99.39989471435547
-111.96107482910156
-103.21862030029297
-103.06137084960938
-108.59768676757812
-111.10505676269531
-99.15845489501953
-104.31083679199219
-113.58777618408203
-102.08635711669922
-105.1901626586914
-104.08213806152344
-104.89851379394531
-102.6659927368164
-109.2938461303711
-102.00845336914062
-113.67396545410156
-101.43059539794922
-101.61012268066406
-102.62287139892578
-106.75056457519531
-108.142333984375
-107.13125610351562
-111.10053253173828
-102.61285400390625
-107.69348907470703
-105.33242797851562
-108.69927978515625
-95.53583526611328
-107.44107818603516
-102.10273742675781
-107.68610382080078
-100.68074035644531
-101.96910095214844
-109.94633483886719
-102.73238372802734
-109.56304168701172
-105.17022705078125
-104.48851776123047
-113.37454986572266
-107.089111328125
-111.91511535644531
-108.70161437988281
-110.04698181152344
-99.332275390625
-104.9111557006836
-103.37001037597656
-111.93280792236328
-96.3482437133789
-106.14469146728516
-111.6720962524414
-113.62446594238281
-110.11834716796875
-100.20207214355469
-98.37042236328125
-107.49923706054688
-102.7992172241211
-104.54692077636719
-106.20230865478516
-102.75054168701172
-102.52583312988281
-105.21055603027344
-113.1180191040039
-100.6598892211914
-104.18766784667969
-95.79767608642578
-104.13182830810547
-106.25540161132812
-99.6881103515625
-107.82926940917969
-101.1390151977539
-104.75318145751953
-100.90754699707031
-109.65279388427734
-109.93576049804688
-103.914306640625
-104.785888671875
-102.08431243896484
-108.57549285888672
-104.19178771972656
-108.31656646728516
-101.34428405761719
-105.42106628417969
-96.81999206542969
-105.36058807373047
-105.60131072998047
-107.14535522460938
-104.36672973632812
-100.84272766113281
-108.37818145751953
-104.4248046875
-108.00354766845703
-103.87867736816406
-105.94490814208984
-106.26576232910156
-105.6367416381836
-109.06109619140625
-110.8219985961914
-102.25135040283203
-102.3454818725586
-100.1182632446289
-101.65753173828125
-100.4300308227539
-110.78876495361328
-102.72298431396484
-105.5791244506836
-103.08892059326172
-106.84806823730469
-107.7022933959961
-100.54772186279297
-106.24398040771484
-104.10095977783203
-112.01393127441406
-103.71976470947266
-102.31031799316406
-105.90126037597656
-104.03767395019531
-106.1804428100586
-113.16996765136719
-112.85215759277344
-104.19359588623047
-102.56239318847656
-106.35887908935547
-104.68917846679688
-104.9930191040039
-113.20061492919922
-103.57038879394531
-99.47885131835938
-107.67178344726562
-112.4129409790039
-102.1728744506836
-105.6479263305664
-102.19705963134766
-114.02546691894531
-108.5965805053711
-109.48135375976562
-100.41954040527344
-104.19347381591797
-104.73406219482422
-107.92866516113281
-107.94232177734375
-107.49836730957031
-111.15966033935547
-108.24726104736328
-103.62948608398438
-109.31343078613281
-107.06275939941406
-104.16168212890625
-109.4958267211914
-112.68063354492188
-112.5052261352539
-111.55137634277344
-101.82437133789062
-104.33607482910156
-110.81107330322266
-102.5277099609375
-100.99378204345703
-101.10424041748047
-107.68800354003906
-97.40090942382812
-109.1572265625
-100.69148254394531
-116.76473236083984
-110.26737213134766
-105.50442504882812
-108.52964782714844
-112.7668685913086
-109.3517074584961
-104.51260375976562
-106.69113159179688
-108.16989135742188
-105.09053039550781
-99.60116577148438
-104.58637237548828
-100.74067687988281
-106.28094482421875
-104.77479553222656
-103.99658203125
-108.75697326660156
-105.1777572631836
-105.5894546508789
-99.9045639038086
-102.79515838623047
-112.44993591308594
-111.45062255859375
-105.11921691894531
-103.4906234741211
-107.54035949707031
-108.25824737548828
-101.53129577636719
-102.10951232910156
-105.98492431640625
-101.87944030761719
-108.60752868652344
-104.6510009765625
-101.0258560180664
-106.54639434814453
-104.9285659790039
-115.3747787475586
-108.20452880859375
-104.4303207397461
-104.40768432617188
-106.21690368652344
-103.40196228027344
-104.15092468261719
-104.57366943359375
-100.79740905761719
-103.97135162353516
-104.79971313476562
-101.25884246826172
-105.17448425292969
-110.90965270996094
-104.37301635742188
-105.88450622558594
-112.73049926757812
-105.76480102539062
-105.11717987060547
-110.16607666015625
-105.20635986328125
-100.91328430175781
-106.5889663696289
-108.32098388671875
-105.35814666748047
-100.91629028320312
-115.08185577392578
-107.52186584472656
-112.07349395751953
-111.685546875
-107.68978881835938
-105.25222778320312
-98.91215515136719
-103.09426879882812
-103.22505950927734
-102.4059829711914
-103.722900390625
-106.15007019042969
-118.25037384033203
-108.596923828125
-114.6011962890625
-113.10513305664062
-108.12120056152344
-102.80147552490234
-108.68341827392578
-103.97592163085938
-103.36805725097656
-111.73124694824219
-102.48955535888672
-107.83789825439453
-106.57367706298828
-100.45698547363281
-105.1738510131836
-111.80525970458984
-104.60269165039062
-103.39872741699219
-106.636474609375
-108.05513763427734
-110.49827575683594
-102.73397827148438
-104.25731658935547
-109.64933776855469
-101.99772644042969
-101.89717864990234
-108.95147705078125
-111.55948638916016
-110.57493591308594
-111.1564712524414
-105.57414245605469
-104.2764892578125
-109.9468002319336
-109.0604019165039
-102.8209228515625
-103.30270385742188
-103.31472778320312
-107.2682876586914
-104.09700775146484
-102.5019760131836
-111.54357147216797
-97.89019012451172
-104.62356567382812
-108.20040893554688
-108.79397583007812
-105.23799133300781
-102.84232330322266
-107.0784683227539
-105.81586456298828
-101.87074279785156
-105.04537963867188
-113.9692611694336
-108.68451690673828
-106.62093353271484
-105.80094146728516
-106.90074157714844
-106.88603210449219
-109.74530029296875
-106.39608001708984
-101.5387954711914
-107.30176544189453
-106.20972442626953
-102.17085266113281
-106.27694702148438
-103.16072082519531
-103.3906478881836
-102.43444061279297
-104.90925598144531
-109.4757080078125
-113.92008972167969
-103.5916748046875
-106.31002044677734
-108.43352508544922
-104.92802429199219
-109.86666870117188
-101.07542419433594
-104.76728057861328
-108.55622863769531
-98.07508087158203
-104.27366638183594
-110.55227661132812
-105.30136108398438
-105.96942901611328
-108.52339935302734
-110.36144256591797
-100.22732543945312
-105.88487243652344
-105.92111206054688
-98.9157943725586
-106.04631805419922
-107.23269653320312
-104.4344711303711
-102.47374725341797
-109.15076446533203
-111.11564636230469
-104.80143737792969
-105.71769714355469
-102.38565063476562
-108.19501495361328
-109.57260131835938
-106.6075439453125
-104.15066528320312
-105.80657958984375
-103.2328109741211
-104.96830749511719
-108.13665771484375
-106.62498474121094
-100.54595947265625
-112.63209533691406
-105.37287139892578
-104.95551300048828
-98.39051818847656
-103.55402374267578
-99.0748291015625
-103.79373931884766
-106.4833984375
-96.58869934082031
-109.14710235595703
-110.44348907470703
-105.42334747314453
-104.69364166259766
-114.64058685302734
-113.15817260742188
-101.46560668945312
-101.33609771728516
-111.57105255126953
-107.54933166503906
-100.28272247314453
-107.21066284179688
-101.40740966796875
-106.04203796386719
-101.6705093383789
-104.70304870605469
-109.03736114501953
-108.4989242553711
-100.6422119140625
-102.6626205444336
-109.23526763916016
-98.66670989990234
-95.15673065185547
-101.78114318847656
-103.71011352539062
-105.70591735839844
-102.90389251708984
-106.61425018310547
-107.57630920410156
-105.65943145751953
-103.95416259765625
-105.881103515625
-106.0124740600586
-109.26312255859375
-105.90807342529297
-112.72166442871094
-100.35469055175781
-105.99127960205078
-106.93820190429688
-110.40460205078125
-105.72864532470703
-109.14158630371094
-105.85088348388672
-104.510498046875
-112.16165924072266
-101.65745544433594
-102.7863540649414
-107.77301788330078
-102.35630798339844
-108.20289611816406
-106.96347045898438
-112.52485656738281
-105.16419219970703
-107.0806884765625
-108.84906005859375
-105.48003387451172
-109.10406494140625
-105.60700225830078
-109.0486068725586
-103.61038208007812
-99.67829895019531
-101.62528991699219
-110.03119659423828
-112.65235137939453
-106.6346664428711
-99.62870788574219
-105.8247299194336
-109.9057388305664
-109.98699951171875
-107.66275024414062
-106.07196807861328
-102.4358901977539
-111.39482116699219
-105.4643783569336
-105.51972198486328
-105.92025756835938
-104.34944915771484
-104.21955871582031
-104.22089385986328
-97.3808822631836
-106.86064147949219
-109.10879516601562
-106.79498291015625
-106.05938720703125
-106.583251953125
-103.93954467773438
-102.19297790527344
-110.35344696044922
-106.54065704345703
-110.40465545654297
-103.72489929199219
-107.60859680175781
-99.07478332519531
-104.2376480102539
-106.96753692626953
-103.19393920898438
-103.51941680908203
-109.99540710449219
-103.3272933959961
-107.8843765258789
-101.44046020507812
-102.96127319335938
-107.94939422607422
-107.20934295654297
-111.96228790283203
-111.32189178466797
-106.51773071289062
-104.54588317871094
-100.27178955078125
-110.31180572509766
-98.93069458007812
-113.38179779052734
-103.9683837890625
-110.3219223022461
-103.87326049804688
-99.2234878540039
-104.4322509765625
-103.33182525634766
-104.08505249023438
-112.79105377197266
-108.90715026855469
-106.8156967163086
-102.63331604003906
-113.34150695800781
-106.11173248291016
-111.07122039794922
-109.2625503540039
-109.68834686279297
-107.43818664550781
-111.81449890136719
-104.6591796875
-108.1660385131836
-103.26573181152344
-104.86272430419922
-107.72142028808594
-108.47821044921875
-107.27050018310547
-108.08378601074219
-108.69522857666016
-102.90475463867188
-105.46260833740234
-108.95147705078125
-104.8577880859375
-111.0143814086914
-101.33055877685547
-111.31901550292969
-105.49645233154297
-101.99434661865234
-107.38787841796875
-105.85476684570312
-107.00733184814453
-104.98472595214844
-109.7705307006836
-106.76136016845703
-108.17095947265625
-111.25080108642578
-98.73941802978516
-106.49667358398438
-99.7103042602539
-109.09910583496094
-103.2206802368164
-102.50518035888672
-108.10176849365234
-109.16517639160156
-105.67757415771484
-108.240478515625
-105.02296447753906
-107.49385070800781
-106.29816436767578
-105.83391571044922
