-110.14073944091797
-123.1187515258789
-114.78459167480469
-121.0694808959961
-119.38469696044922
-117.99398803710938
-115.6306381225586
-106.94424438476562
-118.57278442382812
-110.17560577392578
-118.99253845214844
-115.74091339111328
-121.49288177490234
-117.49341583251953
-116.3271255493164
-109.46722412109375
-111.87115478515625
-118.85295104980469
-116.56075286865234
-108.76493835449219
-114.90184020996094
-113.38917541503906
-115.08826446533203
-115.95565032958984
-117.91128540039062
-121.7255859375
-109.72564697265625
-121.1600112915039
-110.20435333251953
-112.90508270263672
-119.5829086303711
-125.1390609741211
-120.61325073242188
-123.24615478515625
-117.75215911865234
-111.77689361572266
-112.65210723876953
-114.97319793701172
-115.40419006347656
-114.12437438964844
-107.12588500976562
-107.78356170654297
-119.36807250976562
-113.0528335571289
-111.503173828125
-120.02819061279297
-116.1010971069336
-114.25614929199219
-113.51805877685547
-114.82019805908203
-108.86969757080078
-113.6987075805664
-114.10377502441406
-126.22633361816406
-119.27722930908203
-117.22616577148438
-117.3282241821289
-107.25091552734375
-106.21698760986328
-121.40251922607422
-115.03472900390625
-116.79446411132812
-111.093017578125
-117.57462310791016
-120.66453552246094
-109.68516540527344
-115.08998107910156
-115.14839935302734
-115.66087341308594
-110.14788055419922
-114.3615493774414
-111.3512191772461
-110.12882995605469
-121.79885864257812
-114.27201080322266
-118.53032684326172
-111.62328338623047
-117.61548614501953
-113.09352111816406
-120.52360534667969
-110.1283187866211
-116.05797576904297
-107.91947174072266
-114.45484161376953
-118.42402648925781
-114.96560668945312
-117.24176025390625
-107.86917877197266
-116.6039047241211
-109.49193572998047
-111.05162811279297
-115.44465637207031
-115.84620666503906
-117.51297760009766
-122.02780151367188
-112.8277816772461
-114.65602111816406
-113.64186096191406
-113.4307632446289
-116.6075439453125
-114.08966064453125
-103.16647338867188
-119.69781494140625
-116.43521881103516
-113.36454010009766
-119.70606994628906
-118.4048843383789
-108.4107437133789
-114.48406219482422
-106.66426849365234
-116.67369842529297
-102.69425964355469
-116.3687515258789
-108.91695404052734
-111.8722915649414
-111.83737182617188
-115.49312591552734
-113.0429458618164
-109.53265380859375
-109.55579376220703
-123.51870727539062
-112.9089584350586
-114.56511688232422
-112.99595642089844
-105.55624389648438
-117.75792694091797
-113.36988067626953
-106.70236206054688
-112.65895080566406
-112.77798461914062
-108.0112075805664
-116.74104309082031
-106.72718811035156
-117.64743041992188
-109.3139419555664
-113.02552032470703
-113.28398132324219
-116.05023956298828
-114.11016845703125
-111.52436065673828
-116.5234375
-117.2101058959961
-111.39567565917969
-113.94269561767578
-114.0662612915039
-111.91190338134766
-115.96858978271484
-113.73387908935547
-115.06471252441406
-118.43898010253906
-121.90541076660156
-107.73552703857422
-118.35880279541016
-116.58448791503906
-120.15814208984375
-119.87184143066406
-122.6632308959961
-117.3277359008789
-117.71461486816406
-110.54142761230469
-114.38956451416016
-114.10323333740234
-114.56868743896484
-111.31624603271484
-112.44922637939453
-110.7851333618164
-115.51040649414062
-121.09087371826172
-118.43535614013672
-113.98774719238281
-114.3140640258789
-104.02436065673828
-119.33477020263672
-109.6145248413086
-109.22087860107422
-114.08160400390625
-110.15145874023438
-113.08307647705078
-116.66764068603516
-108.28768157958984
-113.61250305175781
-117.94829559326172
-115.47813415527344
-112.89774322509766
-107.73365783691406
-114.4493179321289
-109.81434631347656
-115.36542510986328
-115.2747802734375
-116.7816390991211
-118.06940460205078
-110.63687896728516
-109.64384460449219
-115.5378189086914
-110.47915649414062
-111.75934600830078
-111.6827392578125
-117.3975601196289
-107.49189758300781
-114.62423706054688
-112.0577621459961
-112.29365539550781
-116.79501342773438
-108.82524108886719
-115.59117126464844
-116.79438781738281
-117.93187713623047
-110.10216522216797
-106.07579803466797
-118.97767639160156
-110.80150604248047
-114.4655990600586
-112.14210510253906
-121.58744049072266
-117.02820587158203
-115.24411010742188
-114.72554779052734
-111.63607025146484
-116.7409439086914
-112.34528350830078
-109.44695281982422
-121.7921142578125
-113.22327423095703
-121.01262664794922
-115.11044311523438
-119.50005340576172
-117.75013732910156
-116.4557876586914
-117.1116943359375
-117.54132843017578
-123.07307434082031
-123.91018676757812
-116.93547058105469
-115.4888916015625
-117.37499237060547
-109.40869903564453
-116.99556732177734
-118.45791625976562
-117.76805877685547
-112.31826782226562
-118.41409301757812
-114.84696197509766
-112.61837005615234
-115.935302734375
-115.20211791992188
-114.58927154541016
-116.65898132324219
-117.45942687988281
-111.24224090576172
-112.70169067382812
-116.03224182128906
-113.03500366210938
-112.56546020507812
-106.810791015625
-113.09017181396484
-112.47172546386719
-115.43050384521484
-126.63691711425781
-111.75786590576172
-117.8082046508789
-119.03245544433594
-113.1424560546875
-114.3874282836914
-109.8725357055664
-110.15709686279297
-116.55838775634766
-117.57734680175781
-106.26605987548828
-108.33304595947266
-116.62797546386719
-112.38400268554688
-114.75377655029297
-112.7857894897461
-118.7471923828125
-108.4173583984375
-113.79520416259766
-115.85954284667969
-106.74671936035156
-115.41065979003906
-117.13725280761719
-107.84376525878906
-112.83326721191406
-116.70685577392578
-110.8592529296875
-106.1422348022461
-116.8289794921875
-112.67063903808594
-120.76731872558594
-118.41633605957031
-114.22601318359375
-114.96134185791016
-107.98054504394531
-112.92584991455078
-116.99285888671875
-114.57533264160156
-113.27733612060547
-113.11802673339844
-118.19571685791016
-114.67745208740234
-110.87033081054688
-111.55813598632812
-113.49386596679688
-116.266357421875
-114.71155548095703
-118.04142761230469
-110.91034698486328
-107.65458679199219
-118.7580337524414
-117.9466552734375
-116.37065124511719
-115.72481536865234
-112.54864501953125
-113.78421020507812
-116.03921508789062
-109.79340362548828
-114.7500228881836
-110.67481231689453
-118.97696685791016
-110.02458953857422
-113.09890747070312
-117.91708374023438
-121.95441436767578
-110.38291931152344
-106.63154602050781
-113.07220458984375
-119.25691223144531
-120.79987335205078
-109.1339111328125
-120.2335205078125
-116.5068359375
-115.2023696899414
-112.33007049560547
-113.03614044189453
-112.5235824584961
-121.63302612304688
-119.62959289550781
-112.84117889404297
-113.2352066040039
-112.20938873291016
-119.21418762207031
-120.66242218017578
-115.52629852294922
-118.60254669189453
-112.07901000976562
-121.31486511230469
-108.02139282226562
-110.58876037597656
-111.95227813720703
-114.64104461669922
-122.94813537597656
-115.12619018554688
-117.79771423339844
-119.22409057617188
-117.53775787353516
-110.70925903320312
-119.28998565673828
-118.3974838256836
-117.78557586669922
-122.1842041015625
-117.14115142822266
-115.12813568115234
-117.61480712890625
-113.14409637451172
-120.80851745605469
-116.55694580078125
-113.72013092041016
-115.49030303955078
-112.74214935302734
-114.65689086914062
-114.80876922607422
-110.98767852783203
-112.81208038330078
-106.83854675292969
-122.65534973144531
-117.68022155761719
-118.36692810058594
-109.44635009765625
-113.03497314453125
-108.31988525390625
-110.88953399658203
-115.7912826538086
-108.12387084960938
-110.57630920410156
-109.30734252929688
-118.26815795898438
-114.240966796875
-110.64126586914062
-114.79998779296875
-119.32445526123047
-110.30714416503906
-108.0007095336914
-111.87303924560547
-114.40498352050781
-111.94116973876953
-111.79683685302734
-112.20440673828125
-108.32737731933594
-120.8031234741211
-107.83873748779297
-112.84127044677734
-114.86515808105469
-111.70553588867188
-112.60380554199219
-110.45291900634766
-107.75373840332031
-123.1711196899414
-109.15106201171875
-113.59336853027344
-114.61180877685547
-117.70722198486328
-124.77885437011719
-115.95828247070312
-115.17833709716797
-108.06317901611328
-108.23133850097656
-107.50203704833984
-122.28556060791016
-110.33589935302734
-108.88602447509766
-115.44596862792969
-117.38047790527344
-107.92723083496094
-111.9858627319336
-120.98719787597656
-109.973388671875
-113.72727966308594
-114.32939147949219
-111.01582336425781
-110.53292083740234
-118.80892944335938
-110.37592315673828
-121.86280059814453
-107.61209869384766
-109.25244903564453
-108.96036529541016
-115.56849670410156
-113.49585723876953
-112.50121307373047
-118.75990295410156
-109.3560791015625
-114.02068328857422
-111.64337158203125
-116.31829071044922
-102.38355255126953
-114.96831512451172
-109.45053100585938
-114.3403549194336
-108.76873016357422
-108.02936553955078
-115.7820816040039
-111.47943878173828
-119.51416778564453
-114.4183120727539
-113.40418243408203
-121.69161224365234
-115.70228576660156
-120.34551239013672
-115.46287536621094
-118.17281341552734
-105.89087677001953
-113.26741027832031
-111.1130142211914
-119.02510833740234
-103.91302490234375
-113.80130004882812
-119.96073150634766
-120.41230773925781
-117.7603530883789
-107.49569702148438
-106.06182098388672
-116.18122100830078
-112.12542724609375
-113.41305541992188
-114.11920166015625
-111.45956420898438
-110.80619049072266
-112.18102264404297
-122.6351547241211
-107.98617553710938
-109.98859405517578
-103.30022430419922
-112.709228515625
-114.17164611816406
-105.0040283203125
-116.77255249023438
-107.67799377441406
-113.1719970703125
-106.64031219482422
-117.43523406982422
-115.10601043701172
-111.28394317626953
-111.17317962646484
-109.34323120117188
-117.17664337158203
-111.06865692138672
-115.50886535644531
-107.42076110839844
-113.09358215332031
-107.0218734741211
-110.93696594238281
-113.55047607421875
-112.10082244873047
-111.33407592773438
-108.32106018066406
-116.06163787841797
-112.36754608154297
-116.49422454833984
-111.86685180664062
-115.21156311035156
-115.02171325683594
-114.20245361328125
-117.57470703125
-118.39125061035156
-109.01750183105469
-108.15257263183594
-109.49369812011719
-107.59503936767578
-108.72647857666016
-118.81134796142578
-111.43754577636719
-113.81124114990234
-110.53556060791016
-114.57292175292969
-114.48335266113281
-108.96577453613281
-114.31321716308594
-112.45889282226562
-119.17715454101562
-110.49819946289062
-110.88681030273438
-113.37173461914062
-112.90950775146484
-113.3039779663086
-122.0792007446289
-119.96966552734375
-111.89927673339844
-112.04495239257812
-114.2189712524414
-112.7537841796875
-113.2575454711914
-120.37787628173828
-111.25475311279297
-106.31515502929688
-117.2580337524414
-118.70941925048828
-108.12090301513672
-114.82771301269531
-109.65644836425781
-121.17585754394531
-116.22422790527344
-116.9452133178711
-107.25489044189453
-110.68244934082031
-113.2659683227539
-116.39395904541016
-115.48267364501953
-113.41864013671875
-117.57637786865234
-116.72381591796875
-110.1406021118164
-116.19420623779297
-114.05746459960938
-111.59407043457031
-116.06730651855469
-121.92959594726562
-120.92488861083984
-118.65715026855469
-107.08013153076172
-111.5383529663086
-118.62763977050781
-110.63401794433594
-108.7414321899414
-108.48037719726562
-115.10836029052734
-104.02558135986328
-117.52547454833984
-108.27096557617188
-125.50704193115234
-119.01700592041016
-114.97718811035156
-117.04341888427734
-120.57745361328125
-118.21855163574219
-112.51964569091797
-112.61296081542969
-115.48262786865234
-111.58663177490234
-103.73870086669922
-112.8416748046875
-107.63422393798828
-113.99015045166016
-114.18148803710938
-110.85771179199219
-117.17282104492188
-109.68740844726562
-112.66535186767578
-106.74298858642578
-110.3871078491211
-121.54258728027344
-118.65708923339844
-113.41259765625
-113.28459930419922
-115.17243194580078
-115.33076477050781
-108.62163543701172
-110.23326873779297
-112.67735290527344
-109.0628662109375
-115.7778549194336
-112.93201446533203
-109.3376235961914
-115.38705444335938
-113.52696228027344
-123.04058074951172
-116.42106628417969
-114.31989288330078
-110.1684799194336
-114.66481018066406
-111.1829833984375
-111.6905517578125
-111.8403091430664
-107.57728576660156
-110.70525360107422
-111.94088745117188
-108.12374114990234
-112.53816986083984
-118.6552505493164
-112.85209655761719
-113.25221252441406
-119.8407974243164
-114.0589828491211
-113.92953491210938
-118.40141296386719
-112.7378921508789
-107.18785095214844
-114.8801040649414
-115.29253387451172
-112.46253967285156
-108.52497863769531
-119.71728515625
-115.16539764404297
-120.43641662597656
-118.60720825195312
-111.95916748046875
-113.09754943847656
-102.71308135986328
-111.2042236328125
-109.11046600341797
-109.47882843017578
-111.39971923828125
-113.19404602050781
-124.93754577636719
-113.99179077148438
-119.76731872558594
-117.89030456542969
-115.22004699707031
-109.21614837646484
-113.99453735351562
-109.2031478881836
-110.8630142211914
-120.11544036865234
-108.70114135742188
-117.74620056152344
-112.9469985961914
-105.59746551513672
-112.36661529541016
-116.34256744384766
-112.18441009521484
-111.33223724365234
-115.81620788574219
-115.65145874023438
-117.15119934082031
-110.80005645751953
-110.50052642822266
-115.051513671875
-106.51586151123047
-108.27739715576172
-117.66509246826172
-116.24649810791016
-117.64850616455078
-117.69071197509766
-113.24626922607422
-110.23775482177734
-115.72989654541016
-115.85200500488281
-109.61474609375
-107.09852600097656
-110.84683990478516
-114.51646423339844
-112.60356140136719
-109.7145004272461
-118.64568328857422
-103.25125122070312
-112.47660827636719
-114.11011505126953
-113.58820343017578
-114.0423812866211
-110.3917465209961
-113.81951141357422
-113.1663818359375
-109.43181610107422
-112.0087661743164
-121.26083374023438
-114.82574462890625
-114.80211639404297
-114.8065414428711
-112.5932388305664
-113.54043579101562
-115.78215789794922
-114.06570434570312
-107.15264129638672
-113.78369903564453
-114.4575424194336
-108.93640899658203
-112.69660949707031
-111.2547836303711
-111.27007293701172
-109.36473083496094
-110.91194152832031
-114.00333404541016
-122.39263916015625
-111.77440643310547
-112.67583465576172
-116.60661315917969
-111.00102996826172
-115.65101623535156
-109.20691680908203
-112.08142852783203
-115.08457946777344
-104.39115905761719
-111.35173034667969
-119.6751937866211
-110.40487670898438
-113.54293060302734
-116.11359405517578
-116.2840576171875
-106.59127807617188
-112.68665313720703
-110.64300537109375
-105.52198791503906
-113.11740112304688
-113.14790344238281
-110.07048034667969
-107.90299224853516
-115.80036163330078
-114.88006591796875
-112.28022003173828
-113.09219360351562
-108.45195007324219
-115.56727600097656
-115.56735229492188
-113.08792877197266
-111.04356384277344
-111.94917297363281
-107.39054870605469
-111.78726959228516
-115.0816421508789
-114.42159271240234
-107.3887710571289
-119.03067779541016
-111.54145812988281
-110.61661529541016
-107.21212005615234
-110.68653869628906
-105.06558990478516
-110.80367279052734
-113.53800964355469
-103.32392883300781
-114.0289077758789
-117.10041046142578
-112.3452377319336
-110.40257263183594
-120.83446502685547
-121.14563751220703
-108.76963806152344
-108.4347152709961
-118.85256958007812
-114.27655792236328
-108.40608978271484
-114.17227935791016
-110.64350891113281
-112.96216583251953
-108.50856018066406
-112.25858306884766
-114.20306396484375
-115.24533081054688
-108.95416259765625
-110.94353485107422
-117.52349090576172
-107.11222076416016
-101.70137023925781
-107.9555435180664
-111.39099884033203
-113.24822998046875
-109.39440155029297
-113.35621643066406
-116.12017059326172
-112.32460021972656
-110.74427032470703
-112.8239517211914
-113.40824890136719
-116.4051742553711
-113.79815673828125
-121.3902816772461
-109.51493835449219
-111.93617248535156
-114.55290222167969
-117.35124206542969
-112.23526763916016
-114.88652801513672
-111.98919677734375
-111.7071762084961
-119.19647979736328
-108.83692932128906
-109.9268798828125
-113.41893768310547
-108.52984619140625
-114.94108581542969
-111.67103576660156
-119.6238021850586
-111.71150207519531
-113.36195373535156
-115.60993194580078
-112.6229476928711
-116.97940063476562
-113.70481872558594
-116.29308319091797
-108.7396240234375
-106.64104461669922
-108.36034393310547
-116.77445983886719
-119.26683044433594
-114.91477966308594
-105.54796600341797
-112.8055191040039
-116.35686492919922
-118.69287109375
-115.64210510253906
-112.99856567382812
-109.75267028808594
-118.30142974853516
-111.8697509765625
-112.87313079833984
-111.23519897460938
-111.2217025756836
-110.70407104492188
-112.65916442871094
-105.47435760498047
-112.96623992919922
-116.79756927490234
-114.19364166259766
-112.24348449707031
-114.73236846923828
-109.3624038696289
-109.391357421875
-116.9736099243164
-111.91416931152344
-116.50043487548828
-110.93597412109375
-112.32539367675781
-104.71234893798828
-109.54100799560547
-114.51962280273438
-110.62279510498047
-111.08404541015625
-114.41557312011719
-111.381591796875
-112.96173095703125
-110.2279052734375
-110.1459732055664
-111.53156280517578
-114.96662902832031
-119.09130096435547
-119.23702239990234
-113.22472381591797
-110.21197509765625
-107.07878112792969
-116.63294219970703
-105.81702423095703
-121.29888916015625
-112.49159240722656
-118.33336639404297
-111.05084228515625
-107.79583740234375
-111.32728576660156
-110.9581069946289
-114.19393920898438
-119.05369567871094
-116.26725006103516
-114.08843231201172
-110.63607788085938
-120.0512466430664
-110.58223724365234
-117.4156494140625
-116.91034698486328
-116.07003784179688
-114.158447265625
-119.9100112915039
-112.04774475097656
-116.95825958251953
-108.28765869140625
-110.3843765258789
-115.82344818115234
-116.09809112548828
-116.37120056152344
-115.4018325805664
-115.75397491455078
-108.63468170166016
-114.90831756591797
-114.43661499023438
-110.86917114257812
-116.93649291992188
-107.37752532958984
-119.554931640625
-112.11455535888672
-109.87228393554688
-113.99845886230469
-113.51127624511719
-113.25360107421875
-111.6936264038086
-117.33617401123047
-114.46861267089844
-114.66722106933594
-121.27252197265625
-103.88542175292969
-113.25645446777344
-104.26777648925781
-116.07635498046875
-109.27189636230469
-108.69800567626953
-113.8389663696289
-116.51838684082031
-113.84656524658203
-114.95799255371094
-111.84971618652344
-113.72295379638672
-114.62517547607422
-112.894287109375
