-105.82909393310547
-118.8272705078125
-110.0984115600586
-117.42739868164062
-115.45854949951172
-115.08123779296875
-111.17096710205078
-102.91856384277344
-115.94668579101562
-106.99137878417969
-116.05242919921875
-111.6561050415039
-117.04310607910156
-114.41002655029297
-111.69163513183594
-106.69673156738281
-108.37899017333984
-113.56703186035156
-112.7483139038086
-104.97311401367188
-111.89651489257812
-111.65483856201172
-109.8243179321289
-112.79594421386719
-114.72909545898438
-117.85877990722656
-106.21293640136719
-116.95990753173828
-106.49729919433594
-111.74658203125
-115.8360595703125
-119.39944458007812
-115.37445831298828
-119.14387512207031
-115.41691589355469
-109.5326156616211
-107.5179672241211
-111.73746490478516
-111.90705871582031
-110.23916625976562
-104.79174041748047
-103.570068359375
-113.57054138183594
-109.68164825439453
-108.11327362060547
-114.2044906616211
-112.50240325927734
-109.44088745117188
-110.50981140136719
-109.68305969238281
-106.9482192993164
-109.72552490234375
-110.59071350097656
-121.94654846191406
-114.94606018066406
-113.48771667480469
-112.59550476074219
-104.54965209960938
-102.16424560546875
-117.9693832397461
-110.84945678710938
-112.12110900878906
-107.26882934570312
-111.1334457397461
-114.74554443359375
-105.4381332397461
-110.01814270019531
-110.81309509277344
-112.62969970703125
-107.38023376464844
-108.87230682373047
-106.53661346435547
-106.31222534179688
-118.11176300048828
-110.7535400390625
-114.33045196533203
-107.20205688476562
-114.48387908935547
-109.59268951416016
-114.99042510986328
-107.2748031616211
-112.56795501708984
-105.20258331298828
-110.30582427978516
-114.92684173583984
-110.82491302490234
-114.28257751464844
-103.94407653808594
-112.84940338134766
-104.5802993774414
-107.34324645996094
-112.21849822998047
-113.71027374267578
-114.09143829345703
-118.60020446777344
-110.5823974609375
-111.12474060058594
-110.68570709228516
-109.47526550292969
-113.05601501464844
-111.54936981201172
-101.65432739257812
-116.1151123046875
-112.64839172363281
-109.85555267333984
-115.36323547363281
-115.96708679199219
-104.49248504638672
-111.21843719482422
-104.90477752685547
-112.81466674804688
-99.65434265136719
-111.73957824707031
-104.79389190673828
-109.02544403076172
-109.01904296875
-111.97412872314453
-109.77093505859375
-108.21959686279297
-105.99569702148438
-119.06332397460938
-109.8816146850586
-110.69767761230469
-107.3871841430664
-102.2901840209961
-113.63074493408203
-110.25009155273438
-103.73054504394531
-111.85643005371094
-107.80133056640625
-102.88738250732422
-112.5422134399414
-103.24856567382812
-112.3253402709961
-105.41316223144531
-109.9262466430664
-110.41741943359375
-112.52052307128906
-111.11768341064453
-108.61656188964844
-113.28855895996094
-112.37115478515625
-108.21897888183594
-109.76824951171875
-110.76407623291016
-108.18836212158203
-111.724853515625
-108.64281463623047
-112.01738739013672
-114.84364318847656
-117.13790130615234
-104.05885314941406
-114.58048248291016
-112.54592895507812
-115.88028717041016
-115.59829711914062
-118.55899810791016
-112.24224853515625
-114.07785034179688
-107.86795806884766
-111.99539184570312
-109.52306365966797
-110.8186264038086
-108.54972076416016
-108.12508392333984
-107.82604217529297
-111.07067108154297
-117.93112182617188
-114.2298812866211
-111.21752166748047
-110.14175415039062
-100.5421371459961
-116.31531524658203
-105.8670883178711
-104.80199432373047
-110.31393432617188
-107.78044891357422
-108.898193359375
-112.8111572265625
-105.86921691894531
-110.483642578125
-115.93368530273438
-111.50625610351562
-110.45600891113281
-105.18928527832031
-110.5354995727539
-106.52018737792969
-112.9873275756836
-111.20632934570312
-113.05599212646484
-114.74207305908203
-106.73104858398438
-106.28993225097656
-112.49681091308594
-107.9224624633789
-108.97024536132812
-109.90342712402344
-115.25887298583984
-104.45318603515625
-110.85021209716797
-108.27664184570312
-109.15206909179688
-113.10528564453125
-103.51516723632812
-111.33600616455078
-112.2353744506836
-115.56342315673828
-106.69274139404297
-101.9933090209961
-116.06243896484375
-106.98538208007812
-112.18312072753906
-107.93354034423828
-116.60782623291016
-114.37337493896484
-113.315185546875
-111.97411346435547
-108.2709732055664
-112.80636596679688
-107.21601867675781
-107.26396179199219
-117.29602813720703
-108.65543365478516
-117.31417083740234
-111.21476745605469
-115.72264862060547
-113.82062530517578
-112.27033996582031
-112.86396026611328
-112.69480895996094
-118.43497467041016
-121.02993774414062
-113.65189361572266
-112.60840606689453
-114.47254943847656
-105.3329086303711
-113.02571868896484
-113.99610137939453
-113.81419372558594
-109.13224792480469
-113.7700424194336
-111.98350524902344
-110.06747436523438
-111.89546203613281
-110.7996826171875
-111.57170104980469
-112.8559799194336
-112.75807189941406
-107.8467788696289
-107.84712219238281
-113.17498779296875
-109.65386962890625
-107.48597717285156
-102.99877166748047
-109.50516510009766
-107.86564636230469
-112.60157775878906
-120.6233139038086
-107.6370849609375
-115.23933410644531
-115.9574966430664
-109.22193145751953
-112.654541015625
-106.21749114990234
-106.36714172363281
-113.02043151855469
-112.69170379638672
-102.45044708251953
-105.1864242553711
-111.55377960205078
-109.98217010498047
-111.43501281738281
-109.70987701416016
-113.71894836425781
-106.260986328125
-109.8592758178711
-111.07232666015625
-102.99742126464844
-111.19019317626953
-113.88430786132812
-104.58636474609375
-108.20731353759766
-112.00947570800781
-107.36905670166016
-102.965087890625
-112.82621002197266
-109.09129333496094
-115.47775268554688
-115.3238525390625
-112.29275512695312
-111.20376586914062
-104.06133270263672
-108.96501159667969
-114.7007827758789
-112.96198272705078
-109.34283447265625
-109.02925109863281
-114.91683959960938
-110.60358428955078
-107.66535186767578
-108.68362426757812
-109.42293548583984
-112.45181274414062
-111.32012939453125
-113.5907211303711
-108.26123809814453
-105.50093841552734
-116.50762939453125
-114.38610076904297
-112.96216583251953
-111.66722106933594
-109.32311248779297
-109.98008728027344
-110.72314453125
-106.25179290771484
-111.0350112915039
-105.81497192382812
-114.55681610107422
-108.61978912353516
-109.3273696899414
-113.12034606933594
-117.3059310913086
-105.16392517089844
-104.30237579345703
-109.95146942138672
-115.10060119628906
-117.76022338867188
-106.7144775390625
-117.35040283203125
-114.52445983886719
-112.31324768066406
-107.4329605102539
-110.20931243896484
-109.2891845703125
-117.84712219238281
-115.692138671875
-110.20051574707031
-110.50161743164062
-107.96316528320312
-116.67001342773438
-118.77688598632812
-111.55197143554688
-116.23665618896484
-110.21385955810547
-118.04266357421875
-105.1259994506836
-107.0610122680664
-108.36094665527344
-111.48094177246094
-118.64090728759766
-110.80299377441406
-114.75201416015625
-115.04744720458984
-113.59671020507812
-107.15345001220703
-114.05573272705078
-115.16588592529297
-113.48812103271484
-118.06487274169922
-112.17572021484375
-112.16480255126953
-114.84735107421875
-110.53793334960938
-118.21040344238281
-113.45260620117188
-111.3296127319336
-111.76905822753906
-109.25725555419922
-113.29546356201172
-112.24919128417969
-107.6694107055664
-110.0012435913086
-105.5279541015625
-118.62915802001953
-116.18974304199219
-115.7384033203125
-107.5086441040039
-109.15132904052734
-104.5265884399414
-107.88241577148438
-111.45490264892578
-105.43778228759766
-107.1449203491211
-106.26631927490234
-116.78813171386719
-110.03389739990234
-107.2552490234375
-110.65727996826172
-117.51943969726562
-107.3058853149414
-104.31428527832031
-108.42750549316406
-109.84290313720703
-108.72608184814453
-107.8860092163086
-108.01866912841797
-105.13064575195312
-118.16816711425781
-105.26505279541016
-111.32691955566406
-111.61175537109375
-110.0801010131836
-108.52474975585938
-106.3126449584961
-105.99038696289062
-120.79061126708984
-106.55831909179688
-110.15045928955078
-112.2765884399414
-112.56791687011719
-120.11907958984375
-112.35765075683594
-111.56211853027344
-105.88176727294922
-105.8105697631836
-104.5381088256836
-118.6977767944336
-107.31798553466797
-106.87062072753906
-112.28669738769531
-114.40892028808594
-103.77622985839844
-109.70794677734375
-117.57842254638672
-106.41513061523438
-111.04925537109375
-112.02632141113281
-108.20287322998047
-107.59423828125
-116.00346374511719
-106.43231201171875
-118.49687957763672
-105.5879898071289
-107.06105041503906
-106.90577697753906
-112.82633972167969
-111.11133575439453
-109.79843139648438
-116.0776596069336
-107.33582305908203
-111.44080352783203
-108.56416320800781
-113.97370910644531
-100.00077819824219
-111.14124298095703
-106.84854125976562
-112.1511459350586
-105.5824203491211
-105.1158447265625
-114.5107421875
-107.03288269042969
-116.90796661376953
-111.13523864746094
-109.24068450927734
-118.1148452758789
-112.29061126708984
-117.94825744628906
-112.69863891601562
-114.43144989013672
-104.78167724609375
-109.91673278808594
-107.46046447753906
-116.48887634277344
-100.78486633300781
-110.09148406982422
-116.0108413696289
-117.90731048583984
-114.39215850830078
-104.15607452392578
-102.51531219482422
-112.64852142333984
-107.42675018310547
-108.34102630615234
-111.55168914794922
-107.12947082519531
-108.0488510131836
-109.03047943115234
-118.13508605957031
-106.2336654663086
-106.93671417236328
-99.20552825927734
-109.15782165527344
-111.1646728515625
-103.34638214111328
-112.17671203613281
-105.05343627929688
-109.69924926757812
-103.60012817382812
-114.1703872680664
-112.5045394897461
-107.64191436767578
-107.61224365234375
-104.73089599609375
-112.9168930053711
-108.11152648925781
-112.33322143554688
-105.97425842285156
-109.45169067382812
-101.95497131347656
-107.61148071289062
-109.33184051513672
-109.746826171875
-109.82207489013672
-104.56864929199219
-112.75077819824219
-108.47307586669922
-111.50533294677734
-107.63565826416016
-111.61547088623047
-111.60457611083984
-110.12476348876953
-114.69483947753906
-114.95857238769531
-106.36072540283203
-105.01514434814453
-104.55088806152344
-104.73072052001953
-105.92607116699219
-114.18832397460938
-108.23948669433594
-110.26683044433594
-107.0218505859375
-111.58733367919922
-112.0063247680664
-105.00760650634766
-111.09178161621094
-109.51964569091797
-116.8062744140625
-107.23223876953125
-107.28058624267578
-111.10282897949219
-108.72007751464844
-110.73633575439453
-118.13410186767578
-116.84611511230469
-108.27487182617188
-108.37390899658203
-111.0571517944336
-109.52355194091797
-110.385009765625
-117.07862091064453
-107.787109375
-102.5878677368164
-113.80291748046875
-117.04527282714844
-106.59568786621094
-110.55950164794922
-106.33821868896484
-118.96858215332031
-112.54670715332031
-114.9684829711914
-105.16213989257812
-107.13642883300781
-109.58332824707031
-113.87423706054688
-112.66567993164062
-111.64016723632812
-116.57240295410156
-113.20155334472656
-107.85315704345703
-113.14678192138672
-111.20264434814453
-107.82957458496094
-112.4980697631836
-117.73246765136719
-117.87267303466797
-115.49951171875
-105.5176773071289
-109.0020980834961
-115.26200103759766
-106.49461364746094
-105.4692611694336
-105.2153549194336
-111.96498107910156
-101.2626724243164
-113.98247528076172
-104.84905242919922
-122.06085205078125
-116.02198791503906
-111.10983276367188
-113.907958984375
-115.73945617675781
-114.32203674316406
-109.62826538085938
-110.50567626953125
-111.89015197753906
-108.00685119628906
-102.43938446044922
-109.88973999023438
-103.62274932861328
-110.34701538085938
-110.39899444580078
-107.83917999267578
-113.76881408691406
-107.58555603027344
-109.0955810546875
-103.49652099609375
-106.12017822265625
-117.13355255126953
-115.09693145751953
-108.79207611083984
-109.78298950195312
-111.74112701416016
-111.67021179199219
-105.39847564697266
-106.65188598632812
-110.90477752685547
-107.26885223388672
-111.20327758789062
-109.12921142578125
-106.18272399902344
-111.90357971191406
-110.09451293945312
-121.57355499267578
-113.11872100830078
-111.69828796386719
-107.51116943359375
-111.43463134765625
-108.48111724853516
-107.92245483398438
-108.58121490478516
-104.38543701171875
-107.86607360839844
-108.97527313232422
-105.35374450683594
-109.56095123291016
-115.15718078613281
-111.38146209716797
-110.22252655029297
-116.84046936035156
-110.72315979003906
-110.59718322753906
-115.16819763183594
-108.93850708007812
-104.52169799804688
-110.70494842529297
-113.59241485595703
-108.55265808105469
-106.5087661743164
-117.37767028808594
-112.1539077758789
-118.09933471679688
-115.35719299316406
-111.27033996582031
-108.43901062011719
-102.70057678222656
-109.19550323486328
-107.93502807617188
-106.8508529663086
-108.01069641113281
-110.02044677734375
-122.16883087158203
-110.71466827392578
-118.23394775390625
-116.50836181640625
-112.6312255859375
-106.45439147949219
-113.44781494140625
-108.01388549804688
-109.17450714111328
-116.73210144042969
-105.7799301147461
-114.9342269897461
-111.5859146118164
-102.87981414794922
-109.6299057006836
-114.80967712402344
-110.16703796386719
-107.86549377441406
-112.0229721069336
-114.10794067382812
-115.01326751708984
-107.35853576660156
-107.9208755493164
-112.05217742919922
-105.38238525390625
-106.70389556884766
-113.15575408935547
-113.24185943603516
-114.81729125976562
-115.41333770751953
-109.48002624511719
-108.15312194824219
-112.65569305419922
-113.73062896728516
-107.06900024414062
-106.8652114868164
-107.96957397460938
-111.72566986083984
-109.33030700683594
-106.4859848022461
-114.16372680664062
-100.70389556884766
-109.58702087402344
-111.31847381591797
-109.5188980102539
-110.8739013671875
-108.08045196533203
-110.79844665527344
-109.21475982666016
-105.2529067993164
-109.12904357910156
-117.16997528076172
-112.23423767089844
-111.04534149169922
-109.9468002319336
-112.03067779541016
-109.66214752197266
-113.10399627685547
-111.71810150146484
-104.32356262207031
-111.60368347167969
-110.74099731445312
-106.27191925048828
-110.26399993896484
-108.93901062011719
-107.84180450439453
-106.98075103759766
-107.7807388305664
-111.98114776611328
-119.68821716308594
-109.24613952636719
-109.601806640625
-113.30257415771484
-108.21880340576172
-114.31779479980469
-105.78455352783203
-109.56028747558594
-112.73109436035156
-101.6968002319336
-107.7346420288086
-116.34298706054688
-107.81420135498047
-110.0852279663086
-111.94062042236328
-114.27877807617188
-104.22258758544922
-109.46393585205078
-108.50122833251953
-102.44183349609375
-109.85466003417969
-111.5126724243164
-107.9747543334961
-105.31932067871094
-114.42927551269531
-111.58477020263672
-109.71420288085938
-109.09017944335938
-106.05152893066406
-112.45340728759766
-114.34746551513672
-111.49779510498047
-108.76768493652344
-110.15003204345703
-105.90782165527344
-110.25827026367188
-112.34211730957031
-110.73394012451172
-106.0198974609375
-117.35855102539062
-109.66394805908203
-106.03897094726562
-104.85296630859375
-108.47755432128906
-103.25379943847656
-107.14261627197266
-108.83977508544922
-100.72219848632812
-112.20569610595703
-113.55714416503906
-109.22891998291016
-109.30247497558594
-117.45743560791016
-117.817626953125
-105.25247192382812
-105.79399871826172
-116.17382049560547
-112.19182586669922
-104.92735290527344
-111.69487762451172
-106.21846771240234
-109.54753875732422
-106.29202270507812
-110.1489486694336
-112.09091186523438
-112.19142150878906
-106.78592681884766
-108.76274108886719
-114.09442138671875
-103.93209075927734
-98.4765625
-107.07568359375
-108.12566375732422
-109.99256896972656
-107.21353912353516
-111.05280303955078
-112.78204345703125
-109.83314514160156
-107.54121398925781
-111.3193359375
-110.5584945678711
-113.53186798095703
-108.71497344970703
-117.7887191772461
-106.00497436523438
-111.70270538330078
-111.56668090820312
-116.5039291381836
-110.39080047607422
-113.48149871826172
-112.44475555419922
-110.03726196289062
-116.68978881835938
-105.73393249511719
-108.77564239501953
-112.59554290771484
-106.5094223022461
-113.9744644165039
-109.30452728271484
-116.81074523925781
-108.90868377685547
-110.83333587646484
-114.17229461669922
-109.22306823730469
-113.88873291015625
-110.8559341430664
-113.39988708496094
-106.98729705810547
-104.61402893066406
-106.55410766601562
-115.49689483642578
-116.24183654785156
-112.32957458496094
-104.82803344726562
-111.01815795898438
-114.57470703125
-115.6987533569336
-110.32624053955078
-110.3901596069336
-107.08656311035156
-115.63467407226562
-108.27503204345703
-110.19478607177734
-110.71760559082031
-108.85169982910156
-107.53012084960938
-109.54010772705078
-102.01806640625
-110.34248352050781
-113.82295989990234
-110.97623443603516
-109.24173736572266
-112.26963806152344
-107.2510757446289
-106.36282348632812
-113.86180877685547
-109.03221893310547
-113.65730285644531
-108.4361801147461
-109.9035873413086
-101.8416748046875
-106.5488052368164
-111.20439147949219
-108.083984375
-107.03076171875
-110.26966094970703
-108.49507141113281
-111.02862548828125
-106.39826965332031
-107.11885833740234
-109.72367858886719
-112.40052032470703
-115.25384521484375
-115.46614074707031
-109.99313354492188
-108.69602966308594
-103.26899719238281
-113.52143859863281
-103.91567993164062
-117.70098876953125
-109.1888656616211
-115.18624877929688
-109.36831665039062
-104.58936309814453
-107.71626281738281
-107.78177642822266
-110.11953735351562
-116.83494567871094
-114.26482391357422
-111.0660400390625
-107.18726348876953
-117.95504760742188
-108.19992065429688
-115.13638305664062
-114.04528045654297
-112.5803451538086
-112.17821502685547
-116.90330505371094
-109.59095764160156
-112.32266235351562
-106.43147277832031
-107.8478012084961
-112.09690856933594
-112.5589599609375
-113.59133911132812
-113.66636657714844
-113.74996948242188
-105.58731079101562
-111.40569305419922
-112.63453674316406
-108.9303970336914
-113.42716217041016
-104.99311828613281
-116.1976318359375
-110.21893310546875
-105.32830810546875
-112.08384704589844
-112.25286865234375
-111.96511840820312
-108.0074462890625
-113.74687194824219
-112.89275360107422
-113.25169372558594
-117.31657409667969
-102.39532470703125
-110.21663665771484
-103.1251449584961
-113.57331848144531
-107.36627960205078
-107.28783416748047
-112.17424011230469
-113.8421401977539
-111.22920227050781
-112.7642593383789
-108.4593505859375
-111.32001495361328
-111.24974060058594
-109.76702880859375
