-104.29105377197266
-114.02110290527344
-106.57221984863281
-114.07177734375
-112.52556610107422
-112.71516418457031
-106.6521224975586
-100.2367935180664
-112.29854583740234
-104.42626953125
-113.25172424316406
-110.11265563964844
-112.63829040527344
-110.09626770019531
-108.57466125488281
-103.29166412353516
-105.91902923583984
-112.32921600341797
-110.79754638671875
-103.28192138671875
-109.18302154541016
-108.88506317138672
-108.22344207763672
-111.68614196777344
-110.89010620117188
-116.16781616210938
-103.25961303710938
-113.47447967529297
-104.27859497070312
-108.5672607421875
-113.3436508178711
-117.24717712402344
-112.24763488769531
-118.1210708618164
-112.8159408569336
-106.9957275390625
-105.90977478027344
-110.10319519042969
-110.41978454589844
-109.84917449951172
-103.04090118408203
-101.6810073852539
-112.52114868164062
-107.27872467041016
-105.98809814453125
-112.27840423583984
-110.61521911621094
-107.18489837646484
-109.42041778564453
-108.10214233398438
-104.71531677246094
-107.08275604248047
-108.31879425048828
-120.2234878540039
-112.61808776855469
-110.86096954345703
-111.00811767578125
-102.36097717285156
-100.175537109375
-115.43264770507812
-107.24545288085938
-109.64079284667969
-103.18185424804688
-109.66049194335938
-112.91502380371094
-102.359375
-109.72248840332031
-109.31673431396484
-110.01603698730469
-104.40800476074219
-108.17593383789062
-105.38226318359375
-104.9446792602539
-114.78900909423828
-108.03916931152344
-111.63582611083984
-104.96282196044922
-110.27523040771484
-107.53424835205078
-113.39927673339844
-105.642578125
-109.28036499023438
-102.1121826171875
-106.86256408691406
-111.93360900878906
-107.73555755615234
-111.62462615966797
-103.04007720947266
-111.1072006225586
-102.15846252441406
-105.05416107177734
-108.74461364746094
-109.13800048828125
-111.01017761230469
-114.87297821044922
-105.57019805908203
-108.94686889648438
-106.9944076538086
-107.00553894042969
-111.62625122070312
-108.11863708496094
-99.4161376953125
-115.02540588378906
-110.955322265625
-108.11807250976562
-113.47356414794922
-114.11849975585938
-102.45252227783203
-107.7619400024414
-101.94186401367188
-111.10246276855469
-98.73152923583984
-110.41509246826172
-102.54534149169922
-107.68408203125
-106.50481414794922
-110.6337890625
-107.63341522216797
-104.26453399658203
-103.4472427368164
-118.04075622558594
-108.21755981445312
-107.55360412597656
-105.40656280517578
-100.32701873779297
-110.37813568115234
-106.78655242919922
-102.149169921875
-109.07644653320312
-106.17681884765625
-100.66197967529297
-110.04995727539062
-101.4578857421875
-109.2307357788086
-102.31963348388672
-105.05570220947266
-107.13894653320312
-110.93685150146484
-107.98400115966797
-105.89111328125
-110.2691879272461
-108.93694305419922
-106.507568359375
-108.23811340332031
-107.63164520263672
-104.6833724975586
-110.20769500732422
-107.14822387695312
-110.64380645751953
-111.50227355957031
-114.9654541015625
-101.7763671875
-111.68269348144531
-111.63912200927734
-113.43120574951172
-114.11199188232422
-116.80685424804688
-110.8582763671875
-112.0324935913086
-105.56645202636719
-109.85941314697266
-107.55384826660156
-110.66029357910156
-107.86919403076172
-106.35508728027344
-105.73036193847656
-109.4212417602539
-117.1264419555664
-111.99340057373047
-109.3946762084961
-110.62025451660156
-98.56492614746094
-114.16886901855469
-104.11016082763672
-103.43876647949219
-107.20458221435547
-105.05094146728516
-107.01422882080078
-109.681396484375
-103.74679565429688
-107.40733337402344
-114.193603515625
-108.36569213867188
-106.8773193359375
-102.76094818115234
-108.51372528076172
-104.04371643066406
-111.51273345947266
-110.13423156738281
-110.84468841552734
-112.94705200195312
-105.75074768066406
-104.18910217285156
-111.0171890258789
-105.63030242919922
-105.90037536621094
-108.97273254394531
-111.5097427368164
-103.08002471923828
-108.47553253173828
-105.0597152709961
-107.52970886230469
-109.97152709960938
-101.94084930419922
-108.8320083618164
-110.16632843017578
-112.92239379882812
-103.83443450927734
-99.43968963623047
-112.63568115234375
-106.1821060180664
-110.0855712890625
-104.4306640625
-114.73792266845703
-112.08055877685547
-108.86886596679688
-111.16337585449219
-104.94324493408203
-110.41788482666016
-106.03839874267578
-105.47403717041016
-114.66380310058594
-107.52870178222656
-113.7046127319336
-108.59634399414062
-113.6817855834961
-112.40467071533203
-110.72258758544922
-110.45513916015625
-111.20626068115234
-117.55146026611328
-117.228759765625
-110.88731384277344
-109.52754974365234
-111.95015716552734
-102.86695098876953
-110.8069839477539
-112.2403793334961
-112.44579315185547
-107.31058502197266
-111.18861389160156
-109.24282836914062
-107.95640563964844
-109.33702850341797
-107.86495971679688
-109.44242095947266
-111.30256652832031
-111.01478576660156
-106.82369232177734
-106.15005493164062
-110.13619232177734
-107.43490600585938
-105.32821655273438
-101.24678039550781
-108.15650177001953
-106.67115783691406
-110.04278564453125
-119.516845703125
-105.77735137939453
-111.60391235351562
-113.89460754394531
-108.54449462890625
-110.29129028320312
-104.04566192626953
-105.04420471191406
-111.05963134765625
-110.49189758300781
-100.91123962402344
-103.19739532470703
-110.73946380615234
-109.1716079711914
-109.80174255371094
-106.66969299316406
-111.60118865966797
-104.98625183105469
-107.32542419433594
-108.51905059814453
-101.44808197021484
-108.85482025146484
-111.22502136230469
-102.42845916748047
-105.92137145996094
-107.93215942382812
-104.2852554321289
-101.78119659423828
-111.27955627441406
-107.27741241455078
-112.33171081542969
-111.5826187133789
-110.42550659179688
-108.5457763671875
-102.12639617919922
-107.89408874511719
-112.25048828125
-110.93894958496094
-107.21159362792969
-108.78364562988281
-113.18878936767578
-108.46266174316406
-106.05540466308594
-105.15614318847656
-108.87252807617188
-111.93798065185547
-109.18299865722656
-111.15262603759766
-105.84065246582031
-103.65036010742188
-113.64825439453125
-112.78743743896484
-112.25191497802734
-110.7604751586914
-108.72421264648438
-106.24991607666016
-109.21952819824219
-104.81558227539062
-108.13468170166016
-104.078125
-112.9542465209961
-105.5578842163086
-106.40760803222656
-110.57235717773438
-115.45423126220703
-103.91773223876953
-102.48698425292969
-108.22240447998047
-113.9193115234375
-115.04763793945312
-105.67573547363281
-113.182373046875
-112.62721252441406
-110.0274429321289
-107.10201263427734
-108.0074691772461
-107.8982925415039
-115.1984634399414
-114.11808776855469
-108.00701141357422
-108.93820190429688
-107.07608032226562
-113.52890014648438
-116.95841217041016
-108.60614776611328
-113.92520904541016
-106.47212219238281
-116.55480194091797
-102.57767486572266
-104.7890396118164
-105.87598419189453
-108.08372497558594
-116.55731201171875
-110.08094787597656
-111.7696762084961
-112.49826049804688
-111.15766143798828
-103.81005859375
-112.22384643554688
-112.08914947509766
-112.81244659423828
-118.2708511352539
-110.77520751953125
-109.00296783447266
-113.98941040039062
-107.94172668457031
-114.49529266357422
-110.04329681396484
-108.553955078125
-109.82840728759766
-106.20894622802734
-109.32678985595703
-111.27267456054688
-105.19442749023438
-107.98042297363281
-101.05608367919922
-116.41014099121094
-112.57839965820312
-114.12139129638672
-104.7739028930664
-108.10346221923828
-104.01248931884766
-105.60122680664062
-108.10071563720703
-101.97208404541016
-105.62405395507812
-104.56443786621094
-114.64633178710938
-107.84193420410156
-106.84461212158203
-109.5616683959961
-113.76863098144531
-105.89745330810547
-102.467041015625
-106.41748046875
-107.42047119140625
-105.85795593261719
-105.0824203491211
-106.69342041015625
-104.45896911621094
-113.7879867553711
-102.48698425292969
-108.14144134521484
-110.66251373291016
-107.52674865722656
-106.40129089355469
-105.02110290527344
-103.75236511230469
-117.771240234375
-103.89282989501953
-107.21570587158203
-109.4837417602539
-113.13630676269531
-118.4013442993164
-110.28592681884766
-109.83792114257812
-103.70610046386719
-105.50643920898438
-102.75647735595703
-115.64694213867188
-104.82931518554688
-104.74456787109375
-110.32809448242188
-112.78759002685547
-101.34944915771484
-107.16744995117188
-116.28520202636719
-103.240234375
-107.2557601928711
-107.57553100585938
-107.37776947021484
-105.11201477050781
-113.73555755615234
-104.94745635986328
-117.04906463623047
-101.87651824951172
-103.46463775634766
-104.96611022949219
-110.01301574707031
-109.56718444824219
-108.02513885498047
-112.80972290039062
-106.03014373779297
-109.2665023803711
-106.49246215820312
-110.9283676147461
-97.97177124023438
-108.61910247802734
-104.38021850585938
-109.14325714111328
-104.08091735839844
-103.26509857177734
-111.20782470703125
-105.37178039550781
-113.45076751708984
-108.36567687988281
-107.44610595703125
-115.69947052001953
-109.3015365600586
-115.43096923828125
-110.17109680175781
-112.17866516113281
-102.2825698852539
-108.06161499023438
-105.12596893310547
-113.72543334960938
-98.51782989501953
-109.09681701660156
-114.55705261230469
-115.33966064453125
-112.57879638671875
-103.32435607910156
-102.1324462890625
-109.67498779296875
-105.40045166015625
-106.93822479248047
-108.55335998535156
-105.74282836914062
-105.58867645263672
-107.80628967285156
-115.51797485351562
-104.14430236816406
-105.04117584228516
-98.38336181640625
-106.91130065917969
-108.62528228759766
-100.44001007080078
-111.313232421875
-103.32608032226562
-107.85247802734375
-101.9791259765625
-111.72042846679688
-112.34195709228516
-108.35906982421875
-105.70442199707031
-103.96517944335938
-111.81198120117188
-105.48213958740234
-109.48615264892578
-102.70947265625
-106.3948745727539
-101.3310546875
-106.04015350341797
-107.2616195678711
-108.89498901367188
-107.32674407958984
-101.77484893798828
-109.79520416259766
-105.16999053955078
-108.77784729003906
-105.0543212890625
-108.96932983398438
-109.8453140258789
-107.43565368652344
-112.70794677734375
-111.7001953125
-104.2506332397461
-103.93836212158203
-102.97079467773438
-102.61566162109375
-102.53692626953125
-112.38703918457031
-105.46458435058594
-107.08442687988281
-105.06585693359375
-109.34659576416016
-109.01069641113281
-103.680908203125
-109.06696319580078
-107.33275604248047
-114.03622436523438
-104.65933227539062
-105.14119720458984
-108.23744201660156
-107.57398223876953
-108.61784362792969
-115.26500701904297
-114.10672760009766
-107.53106689453125
-106.6321029663086
-107.81412506103516
-107.37171173095703
-107.6761703491211
-115.45024108886719
-107.11024475097656
-101.148681640625
-110.98818969726562
-114.93250274658203
-104.11659240722656
-107.51263427734375
-103.313720703125
-116.07567596435547
-111.86973571777344
-112.91246795654297
-102.60015869140625
-106.16987609863281
-108.19972229003906
-111.41507720947266
-111.58427429199219
-109.73910522460938
-113.74202728271484
-110.33267211914062
-104.97803497314453
-110.50619506835938
-109.28543853759766
-105.25942993164062
-111.0805892944336
-115.58087921142578
-116.39017486572266
-112.0005111694336
-103.116943359375
-105.07414245605469
-113.53771209716797
-105.57860565185547
-103.2953109741211
-103.24332427978516
-108.5234146118164
-100.27709197998047
-112.95182800292969
-103.0617446899414
-119.8529281616211
-113.55381774902344
-108.49951934814453
-110.78846740722656
-114.46674346923828
-112.48612213134766
-106.64569091796875
-108.03787994384766
-109.59428405761719
-105.74868774414062
-101.59964752197266
-106.72356414794922
-102.6920394897461
-108.08160400390625
-107.39533996582031
-106.29075622558594
-112.11719512939453
-105.7449951171875
-106.66630554199219
-102.46299743652344
-104.27537536621094
-116.14105224609375
-113.44927215576172
-107.34111785888672
-107.92139434814453
-109.73277282714844
-109.83203887939453
-103.85162353515625
-104.00720977783203
-109.04032897949219
-104.10130310058594
-111.66173553466797
-106.70103454589844
-104.70921325683594
-111.37139129638672
-109.40827178955078
-118.30816650390625
-110.97672271728516
-108.41068267822266
-106.47932434082031
-109.15815734863281
-106.38822174072266
-106.75020599365234
-106.81849670410156
-102.18710327148438
-104.96781921386719
-106.71405792236328
-103.2577133178711
-106.65666198730469
-112.98929595947266
-107.28562927246094
-108.28813171386719
-113.0625228881836
-108.81668090820312
-107.95176696777344
-113.71949768066406
-107.11026763916016
-101.42816925048828
-108.71392822265625
-110.55864715576172
-106.67488098144531
-103.32457733154297
-116.57100677490234
-108.91964721679688
-114.35888671875
-112.8812026977539
-107.45529174804688
-106.76600646972656
-99.97542572021484
-106.30669403076172
-104.19747924804688
-105.2482681274414
-105.52449035644531
-107.69710540771484
-120.78131103515625
-109.54721069335938
-115.47691345214844
-113.82020568847656
-110.99130249023438
-104.60576629638672
-109.99803161621094
-106.86265563964844
-105.57939147949219
-113.65010070800781
-103.55059814453125
-112.41741180419922
-109.27851867675781
-100.79055786132812
-107.08451843261719
-113.21703338623047
-106.92942810058594
-106.25296783447266
-110.7481689453125
-111.46293640136719
-112.30322265625
-105.1487808227539
-106.29012298583984
-111.06499481201172
-104.13424682617188
-103.2264175415039
-113.0204086303711
-111.35711669921875
-111.93573760986328
-113.29302978515625
-106.83720397949219
-104.93797302246094
-111.16757202148438
-112.10557556152344
-104.86817932128906
-104.04527282714844
-106.81520080566406
-108.4501724243164
-108.14775085449219
-105.3880386352539
-112.60581970214844
-98.71768951416016
-106.50049591064453
-109.27460479736328
-109.2857437133789
-107.33375549316406
-105.69479370117188
-108.93061065673828
-106.65435028076172
-104.17516326904297
-107.84407806396484
-116.6636962890625
-110.99849700927734
-108.47779846191406
-109.14642333984375
-109.86467742919922
-108.39677429199219
-111.74214172363281
-110.20931243896484
-102.39192199707031
-108.99480438232422
-109.21589660644531
-104.3733901977539
-109.03274536132812
-105.85565948486328
-105.89213562011719
-105.59059143066406
-105.53678894042969
-110.10971069335938
-117.62828826904297
-106.4311294555664
-108.72404479980469
-111.72506713867188
-107.84565734863281
-111.68336486816406
-103.71046447753906
-106.65482330322266
-109.63511657714844
-100.72948455810547
-106.06084442138672
-113.04174041748047
-104.98674774169922
-108.10523986816406
-109.8045654296875
-112.49369812011719
-102.60270690917969
-107.99967193603516
-107.64753723144531
-100.58708190917969
-108.26007080078125
-109.9451904296875
-106.72355651855469
-103.93232727050781
-112.62503051757812
-110.4341049194336
-108.26419067382812
-107.57483673095703
-105.15811920166016
-111.22774505615234
-112.38744354248047
-108.37339782714844
-107.14985656738281
-106.5704345703125
-103.40785217285156
-107.98804473876953
-109.68646240234375
-109.34310913085938
-102.72356414794922
-114.99742126464844
-107.49822235107422
-106.34265899658203
-100.89757537841797
-106.17637634277344
-101.09510803222656
-105.95289611816406
-107.42483520507812
-98.90450286865234
-110.44393157958984
-111.59107971191406
-106.38409423828125
-106.23014831542969
-116.22662353515625
-116.15792083740234
-103.34613800048828
-103.99807739257812
-113.41761016845703
-110.62156677246094
-103.740478515625
-108.82403564453125
-103.396240234375
-108.54788970947266
-103.79888916015625
-107.76531219482422
-109.62029266357422
-109.93578338623047
-105.18699645996094
-105.86383819580078
-111.2266845703125
-102.17306518554688
-97.22734069824219
-104.75819396972656
-106.68632507324219
-108.05187225341797
-105.23523712158203
-109.6258316040039
-111.69700622558594
-107.26396179199219
-104.74845123291016
-107.84567260742188
-107.77426147460938
-112.83531951904297
-107.20037841796875
-114.27759552001953
-103.30521392822266
-109.52970123291016
-109.40168762207031
-112.33106231689453
-108.72075653076172
-109.67296600341797
-108.25804901123047
-107.65141296386719
-114.32508087158203
-104.26283264160156
-105.12513732910156
-109.85570526123047
-103.67957305908203
-110.41133117675781
-108.5260238647461
-114.99005889892578
-107.27696990966797
-109.71369934082031
-111.2187728881836
-107.41392517089844
-111.98423767089844
-107.64474487304688
-111.36969757080078
-104.84747314453125
-101.50732421875
-104.4691390991211
-111.62791442871094
-114.33231353759766
-111.11475372314453
-102.32566833496094
-107.92992401123047
-110.98358154296875
-112.96353912353516
-108.47074890136719
-108.68623352050781
-105.15910339355469
-114.1105728149414
-108.84231567382812
-107.44966125488281
-107.93836212158203
-106.59713745117188
-106.7066650390625
-107.93136596679688
-99.25505065917969
-107.9563980102539
-110.72966766357422
-109.16766357421875
-107.41284942626953
-110.5057373046875
-105.7166748046875
-104.44390106201172
-112.80887603759766
-107.28041076660156
-111.69989776611328
-104.8161392211914
-109.15284729003906
-99.71163940429688
-104.39155578613281
-108.64863586425781
-106.53997802734375
-106.3829345703125
-110.53387451171875
-106.59188842773438
-109.45137023925781
-104.90213775634766
-104.86219787597656
-108.51840209960938
-111.36471557617188
-114.93644714355469
-113.42640686035156
-109.18586730957031
-107.36293029785156
-101.82626342773438
-112.47955322265625
-101.06358337402344
-115.40200805664062
-107.0542221069336
-112.32127380371094
-107.30343627929688
-104.56646728515625
-106.59690856933594
-104.29851531982422
-108.107666015625
-113.21041107177734
-111.49027252197266
-108.29832458496094
-104.00497436523438
-115.56781005859375
-107.43606567382812
-114.31385803222656
-112.05513763427734
-111.53764343261719
-108.77603149414062
-114.89129638671875
-106.71527099609375
-109.54922485351562
-105.6259994506836
-106.25328063964844
-109.15164947509766
-110.7840347290039
-110.0275650024414
-112.02647399902344
-110.75748443603516
-103.29619598388672
-108.38641357421875
-111.06835174560547
-108.3839340209961
-113.10726928710938
-103.71717071533203
-113.86725616455078
-106.28766632080078
-104.67047882080078
-110.0232162475586
-110.23506164550781
-108.72883605957031
-106.21099090576172
-111.331298828125
-109.973388671875
-110.00033569335938
-114.55593872070312
-100.05665588378906
-108.83979034423828
-101.33810424804688
-110.93485260009766
-104.90930938720703
-105.00728607177734
-109.96712493896484
-109.92594909667969
-108.1429443359375
-111.98497009277344
-106.57054138183594
-107.54884338378906
-108.53965759277344
-109.08736419677734
