-102.17115783691406
-112.68461608886719
-105.0106430053711
-114.02987670898438
-110.7668228149414
-111.45234680175781
-104.70059967041016
-98.86962127685547
-113.00227355957031
-104.71471405029297
-110.62548065185547
-108.33667755126953
-111.45316314697266
-109.6077651977539
-106.46742248535156
-101.87513732910156
-103.45170593261719
-111.4878158569336
-109.85086822509766
-102.32264709472656
-107.39691162109375
-107.92817687988281
-105.99858093261719
-108.832763671875
-109.47004699707031
-114.34446716308594
-103.30421447753906
-111.83755493164062
-102.11431884765625
-106.4534683227539
-110.87628936767578
-115.97779083251953
-110.71611022949219
-115.2487564086914
-110.74034881591797
-105.52059936523438
-102.66968536376953
-109.80038452148438
-109.11079406738281
-106.87752532958984
-100.8962173461914
-100.23587799072266
-109.33834838867188
-105.23916625976562
-104.96176147460938
-110.47992706298828
-109.95436096191406
-106.73406982421875
-107.48341369628906
-105.73987579345703
-102.44225311279297
-105.23139190673828
-106.30009460449219
-117.23621368408203
-110.87635803222656
-108.42375183105469
-108.84445190429688
-101.58821105957031
-99.14710235595703
-114.41405487060547
-105.55590057373047
-107.18097686767578
-102.72371673583984
-106.96421813964844
-111.09696197509766
-100.5998764038086
-107.97863006591797
-107.79739379882812
-109.09647369384766
-103.75360870361328
-106.5131607055664
-103.53422546386719
-102.32380676269531
-112.33407592773438
-106.74028778076172
-110.52252197265625
-102.4034652709961
-108.85979461669922
-106.29241180419922
-111.0338134765625
-103.69515991210938
-108.16889190673828
-101.0007095336914
-105.06523895263672
-110.27877044677734
-107.296142578125
-110.42858123779297
-101.8033218383789
-109.17071533203125
-100.35211944580078
-103.05847930908203
-107.37118530273438
-108.522216796875
-109.16056823730469
-113.9596176147461
-104.5483169555664
-106.88700103759766
-106.25839233398438
-105.48070526123047
-108.83857727050781
-106.83802795410156
-97.7764663696289
-112.53187561035156
-109.03508758544922
-107.52574157714844
-111.38291931152344
-110.67899322509766
-100.06352996826172
-106.90887451171875
-101.4220962524414
-109.64610290527344
-96.51549530029297
-108.27043151855469
-101.40340423583984
-105.43538665771484
-105.50010681152344
-106.92095947265625
-105.00517272949219
-102.59644317626953
-102.18010711669922
-115.00572967529297
-106.16958618164062
-105.12476348876953
-103.56920623779297
-97.89482879638672
-109.41777801513672
-104.639892578125
-99.48428344726562
-106.29863739013672
-106.41064453125
-100.18388366699219
-108.94609069824219
-99.47730255126953
-108.48040008544922
-101.96707153320312
-104.07074737548828
-105.9258041381836
-108.93111419677734
-106.90909576416016
-104.13722229003906
-110.85157775878906
-107.43867492675781
-105.11568450927734
-105.04520416259766
-106.85781860351562
-103.27852630615234
-106.68620300292969
-103.6138916015625
-108.78362274169922
-110.54898834228516
-111.32267761230469
-101.42294311523438
-110.9211196899414
-108.73115539550781
-112.14482116699219
-112.32431030273438
-114.29136657714844
-108.11117553710938
-110.47659301757812
-104.33895874023438
-106.54033660888672
-105.61801147460938
-108.23503112792969
-104.99510955810547
-105.23751068115234
-102.3764419555664
-106.8864517211914
-114.04830932617188
-111.60688018798828
-106.66536712646484
-106.77704620361328
-96.80814361572266
-111.530517578125
-101.51189422607422
-102.42028045654297
-106.26000213623047
-103.53948211669922
-105.75749206542969
-109.049072265625
-101.19769287109375
-104.93718719482422
-112.20248413085938
-106.3884048461914
-106.34932708740234
-100.40666961669922
-105.0515365600586
-100.851318359375
-108.56204223632812
-107.88121032714844
-111.06998443603516
-110.42143249511719
-102.30024719238281
-103.70491790771484
-109.98135375976562
-104.67671966552734
-104.5707015991211
-107.34410095214844
-109.91172790527344
-100.76980590820312
-106.91801452636719
-105.18132019042969
-107.40247344970703
-109.10289764404297
-101.59707641601562
-106.37288665771484
-109.05438232421875
-113.59732055664062
-102.2334976196289
-98.46998596191406
-110.75055694580078
-104.51152801513672
-108.60021209716797
-105.08033752441406
-114.8892822265625
-110.38729858398438
-109.10079956054688
-108.99688720703125
-103.7655029296875
-109.3166732788086
-104.02205657958984
-103.33920288085938
-113.35924530029297
-106.87553405761719
-111.50016784667969
-107.15596008300781
-112.12271118164062
-111.16642761230469
-108.22936248779297
-109.13218688964844
-108.69263458251953
-113.45537567138672
-115.4969253540039
-110.71910858154297
-108.0975341796875
-108.959716796875
-100.41371154785156
-109.67406463623047
-110.3229751586914
-111.72208404541016
-105.86788177490234
-111.16651153564453
-108.79114532470703
-107.134765625
-108.10292053222656
-108.00042724609375
-107.92884063720703
-108.5874252319336
-109.83749389648438
-105.08456420898438
-105.74756622314453
-109.81877899169922
-106.8919448852539
-104.10039520263672
-100.8561782836914
-106.59580993652344
-103.93441772460938
-107.98070526123047
-117.77651977539062
-104.81063079833984
-109.13081359863281
-112.22944641113281
-106.36164855957031
-108.37928009033203
-102.5585708618164
-104.18490600585938
-109.27721405029297
-109.02970886230469
-97.56563568115234
-102.0970687866211
-109.62415313720703
-106.7807388305664
-106.71612548828125
-106.31976318359375
-110.35851287841797
-101.83513641357422
-104.5982437133789
-106.3766860961914
-99.72061920166016
-106.61646270751953
-110.42017364501953
-100.5830307006836
-103.59005737304688
-106.47959899902344
-103.4197006225586
-99.99212646484375
-107.62023162841797
-105.01175689697266
-111.6844482421875
-112.631591796875
-108.88600158691406
-107.47057342529297
-100.57244873046875
-106.99180603027344
-111.33972930908203
-109.14053344726562
-106.5207748413086
-105.94023132324219
-110.79918670654297
-106.45144653320312
-105.39910888671875
-105.45170593261719
-106.56119537353516
-108.35091400146484
-108.80877685546875
-109.19682312011719
-104.68946838378906
-103.26528930664062
-111.98681640625
-107.902099609375
-109.864501953125
-109.036865234375
-105.70608520507812
-106.18872833251953
-108.65044403076172
-103.14915466308594
-108.06300354003906
-103.39967346191406
-110.55533599853516
-103.81864929199219
-105.53822326660156
-110.79955291748047
-114.17861938476562
-102.6031494140625
-100.67450714111328
-107.47044372558594
-112.06904602050781
-110.7378158569336
-103.54531860351562
-111.32101440429688
-110.16580963134766
-109.09323120117188
-104.82622528076172
-106.94978332519531
-107.26828002929688
-114.29705810546875
-112.32302856445312
-105.65123748779297
-107.2839126586914
-105.5986328125
-112.31863403320312
-112.56147766113281
-107.75418090820312
-112.0807876586914
-105.93869018554688
-114.32839965820312
-100.92317199707031
-103.66100311279297
-104.61412811279297
-107.39507293701172
-115.595703125
-106.82778930664062
-111.51434326171875
-111.41104125976562
-110.30386352539062
-101.87671661376953
-110.81488800048828
-111.49383544921875
-110.80403900146484
-114.63761901855469
-109.64250946044922
-107.91471862792969
-111.94352722167969
-106.32923126220703
-113.03475189208984
-108.30453491210938
-107.05016326904297
-107.17263793945312
-104.86106872558594
-107.2494888305664
-108.48882293701172
-104.4796371459961
-105.46730041503906
-100.4276351928711
-113.74317932128906
-110.07427215576172
-110.72357177734375
-104.6711196899414
-107.4043960571289
-103.18708038330078
-105.46102905273438
-105.91211700439453
-101.2978744506836
-105.43058776855469
-102.41357421875
-111.46882629394531
-106.47979736328125
-104.87818145751953
-108.05219268798828
-111.37081146240234
-104.28047943115234
-99.97071838378906
-104.63936614990234
-107.07659912109375
-105.21495819091797
-103.75619506835938
-105.44014739990234
-103.16217041015625
-112.62510681152344
-101.60875701904297
-106.78038024902344
-108.5003890991211
-106.88526916503906
-106.4834976196289
-103.3720474243164
-103.82032775878906
-116.66307067871094
-101.2964096069336
-105.6991958618164
-108.93739318847656
-109.24442291259766
-118.20346069335938
-108.66337585449219
-109.41911315917969
-102.32328033447266
-103.9244613647461
-101.37522888183594
-113.97230529785156
-102.76535034179688
-102.66424560546875
-109.54544830322266
-111.20268249511719
-101.00843811035156
-105.42979431152344
-113.66942596435547
-101.94824981689453
-106.37076568603516
-106.96287536621094
-105.70199584960938
-103.37659454345703
-111.95462799072266
-103.35005187988281
-113.92083740234375
-101.04694366455078
-103.05069732666016
-103.49768829345703
-109.29818725585938
-107.88562774658203
-106.50467681884766
-110.69969177246094
-104.45106506347656
-108.04779052734375
-105.30339813232422
-109.22782135009766
-95.76814270019531
-107.04361724853516
-102.0463638305664
-107.91323852539062
-102.22412109375
-102.46533966064453
-109.56515502929688
-103.71559143066406
-111.84980010986328
-106.13275146484375
-105.43675994873047
-114.34538269042969
-107.02912139892578
-112.52039337158203
-109.85580444335938
-111.3442153930664
-100.30921173095703
-107.27291870117188
-103.97750854492188
-111.9199447631836
-98.00186920166016
-108.41522979736328
-112.49406433105469
-113.89543151855469
-111.69969177246094
-101.20899200439453
-99.91051483154297
-108.59255981445312
-103.88898468017578
-105.34690856933594
-107.5092544555664
-103.5327377319336
-103.88392639160156
-105.972412109375
-113.82316589355469
-102.24971008300781
-104.58253479003906
-96.584228515625
-107.31918334960938
-106.92029571533203
-100.2314453125
-107.73213195800781
-102.66838073730469
-106.13166809082031
-100.56302642822266
-109.77909088134766
-109.32659149169922
-105.26154327392578
-105.85551452636719
-102.97261810302734
-110.34918212890625
-105.12747955322266
-108.98149871826172
-101.95921325683594
-104.69363403320312
-99.36028289794922
-106.78643035888672
-105.61530303955078
-107.87065124511719
-105.9111099243164
-101.87435913085938
-108.48052978515625
-105.13511657714844
-107.76850128173828
-103.01021575927734
-107.22782135009766
-107.27012634277344
-106.17105102539062
-110.05030822753906
-110.88606262207031
-102.72161865234375
-103.17666625976562
-101.33955383300781
-100.09762573242188
-101.37734985351562
-112.4119873046875
-102.69213104248047
-105.92367553710938
-104.79679107666016
-108.59969329833984
-109.51677703857422
-101.71712493896484
-108.7560043334961
-105.56108093261719
-114.82598876953125
-103.37625122070312
-103.41309356689453
-106.28108978271484
-105.89450073242188
-106.87983703613281
-114.03607177734375
-112.46198272705078
-103.95970153808594
-104.67706298828125
-107.06988525390625
-105.91707611083984
-106.13003540039062
-112.99972534179688
-104.98396301269531
-101.14863586425781
-109.3749771118164
-112.96676635742188
-102.58323669433594
-107.4313735961914
-102.69742584228516
-114.92982482910156
-108.82328033447266
-111.61882019042969
-101.70803833007812
-104.92137908935547
-104.98995208740234
-109.49819946289062
-109.64794921875
-108.771240234375
-112.000244140625
-110.6432876586914
-105.3783950805664
-108.04508972167969
-109.00132751464844
-104.47320556640625
-108.99274444580078
-114.10426330566406
-112.76215362548828
-110.9661865234375
-102.02354431152344
-105.75395202636719
-112.06439208984375
-103.79214477539062
-101.38908386230469
-102.42816925048828
-108.10684204101562
-98.55349731445312
-110.35273742675781
-101.65155029296875
-117.65567779541016
-111.15851593017578
-107.17194366455078
-110.19810485839844
-113.83638000488281
-111.19689178466797
-106.87641143798828
-107.2085952758789
-107.96587371826172
-106.1216049194336
-99.81766510009766
-106.60267639160156
-100.93315124511719
-108.39083862304688
-105.687255859375
-104.4454574584961
-110.18875122070312
-106.38754272460938
-106.17086791992188
-100.88384246826172
-103.27339935302734
-113.81543731689453
-111.92053985595703
-105.30706024169922
-106.14591217041016
-109.68910217285156
-108.46702575683594
-102.2091293334961
-102.56050872802734
-106.81053161621094
-103.08051300048828
-109.26903533935547
-106.05985260009766
-102.08196258544922
-110.89505004882812
-106.75481414794922
-116.30699920654297
-109.64152526855469
-106.234375
-105.50251007080078
-107.4319076538086
-105.39451599121094
-105.3440170288086
-105.35212707519531
-102.29552459716797
-103.5482177734375
-105.36515045166016
-101.44976043701172
-106.01467895507812
-111.94183349609375
-106.51265716552734
-106.76419067382812
-113.0494384765625
-106.46390533447266
-105.49775695800781
-111.54651641845703
-105.48395538330078
-102.13484954833984
-106.25080871582031
-108.6205825805664
-105.47418975830078
-102.6886978149414
-114.41625213623047
-107.17163848876953
-113.82073211669922
-112.82777404785156
-107.47787475585938
-105.86748504638672
-98.86901092529297
-104.85829162597656
-104.059814453125
-103.50114440917969
-103.28775787353516
-107.3850326538086
-120.04869079589844
-108.61572265625
-112.81812286376953
-111.88480377197266
-107.69654846191406
-104.2332763671875
-107.96669006347656
-104.81585693359375
-105.1473159790039
-111.93865203857422
-103.15648651123047
-110.43395233154297
-106.82386779785156
-100.3836669921875
-105.50973510742188
-111.70211791992188
-105.10456085205078
-104.8839340209961
-108.76594543457031
-109.6009521484375
-110.44517517089844
-103.50284576416016
-106.05130767822266
-109.52303314208984
-102.62149047851562
-103.20673370361328
-109.6998291015625
-112.28997039794922
-111.10020446777344
-112.26483154296875
-107.07129669189453
-104.26707458496094
-110.05267333984375
-109.71029663085938
-103.42276763916016
-103.78256225585938
-104.76237487792969
-108.47723388671875
-105.81196594238281
-103.55274200439453
-110.48954772949219
-97.20657348632812
-106.76506042480469
-108.04434204101562
-108.31232452392578
-106.04400634765625
-104.42473602294922
-108.02549743652344
-105.61861419677734
-103.40470123291016
-106.02637481689453
-114.66064453125
-109.86500549316406
-107.29842376708984
-107.13459014892578
-106.74512481689453
-108.28176879882812
-110.29012298583984
-107.6113510131836
-101.44784545898438
-108.02311706542969
-107.31163024902344
-104.34270477294922
-107.98624420166016
-104.60478973388672
-103.809814453125
-103.13237762451172
-104.7845230102539
-110.71585083007812
-114.32469177246094
-104.96106719970703
-106.78299713134766
-109.68401336669922
-105.45081329345703
-109.7152099609375
-102.19129943847656
-106.43631744384766
-109.38457489013672
-99.52519226074219
-105.09040832519531
-110.1767349243164
-104.23797607421875
-108.09685516357422
-108.53015899658203
-111.24591064453125
-100.178955078125
-108.16426849365234
-107.1163558959961
-98.59622192382812
-107.25834655761719
-109.4127197265625
-106.57599639892578
-102.4509506225586
-109.78363037109375
-110.5047378540039
-107.17403411865234
-106.23468780517578
-103.78347778320312
-110.4026107788086
-110.8076400756836
-107.43896484375
-105.32215881347656
-105.80119323730469
-102.17569732666016
-106.21492767333984
-108.81019592285156
-107.6203842163086
-101.75715637207031
-114.39983367919922
-106.65523529052734
-105.00943756103516
-100.62096405029297
-103.79158020019531
-99.99663543701172
-103.44596862792969
-106.49601745605469
-97.78240966796875
-109.34529113769531
-110.41349792480469
-105.56111907958984
-104.85791015625
-113.13784790039062
-115.35030364990234
-102.1746826171875
-103.15824127197266
-111.71409606933594
-109.34022521972656
-100.6689682006836
-107.92595672607422
-102.80537414550781
-108.25664520263672
-101.77900695800781
-106.31851196289062
-109.70733642578125
-109.56205749511719
-102.64859771728516
-104.96047973632812
-109.93831634521484
-100.62151336669922
-96.45464324951172
-103.75517272949219
-104.17542266845703
-106.69837951660156
-104.85043334960938
-106.2257080078125
-108.25369262695312
-106.0792236328125
-104.66090393066406
-106.76528930664062
-107.05337524414062
-109.47896575927734
-106.05935668945312
-113.90275573730469
-102.53695678710938
-107.1497802734375
-107.6761474609375
-111.78260803222656
-107.91375732421875
-109.66526794433594
-107.79735565185547
-104.74626159667969
-112.74928283691406
-101.96147155761719
-105.03457641601562
-108.32791900634766
-103.52007293701172
-107.7087173461914
-108.00634002685547
-113.06205749511719
-106.08776092529297
-107.91603088378906
-109.28079986572266
-105.25530242919922
-110.54545593261719
-106.46429443359375
-111.67704772949219
-105.36328887939453
-100.52416229248047
-102.97125244140625
-111.25318145751953
-112.67044067382812
-110.28582763671875
-101.15020751953125
-109.04130554199219
-109.66395568847656
-113.14990997314453
-108.86927032470703
-108.4708023071289
-104.04303741455078
-111.90001678466797
-106.23463439941406
-107.29496002197266
-106.9931640625
-105.62351989746094
-104.36061096191406
-105.48291015625
-99.95497131347656
-107.76298522949219
-109.36066436767578
-106.79727172851562
-106.2447509765625
-108.42754364013672
-104.40631103515625
-103.02342224121094
-110.09153747558594
-107.33138275146484
-111.79542541503906
-104.76538848876953
-107.08123779296875
-97.90985107421875
-103.52235412597656
-107.71247863769531
-104.5870361328125
-104.78265380859375
-109.4235610961914
-104.3837890625
-107.35118103027344
-103.07930755615234
-103.96786499023438
-107.80038452148438
-109.05720520019531
-113.53181457519531
-109.50679016113281
-107.82276153564453
-105.43363952636719
-100.77774810791016
-112.15718841552734
-101.58317565917969
-114.43212127685547
-106.32206726074219
-110.8289566040039
-105.56918334960938
-101.98524475097656
-106.16270446777344
-104.21348571777344
-106.74452209472656
-111.89276123046875
-109.32495880126953
-107.67693328857422
-103.75151824951172
-114.3113021850586
-104.97695922851562
-112.0831298828125
-111.22783660888672
-110.24111938476562
-108.45919799804688
-113.1921615600586
-105.3692398071289
-109.13166046142578
-103.63582611083984
-105.36538696289062
-108.21673583984375
-109.1273193359375
-108.82793426513672
-110.02857208251953
-108.64196014404297
-103.42733764648438
-105.88786315917969
-109.21856689453125
-106.11992645263672
-111.92737579345703
-102.06537628173828
-111.52923583984375
-105.33782958984375
-102.43486022949219
-108.39653015136719
-107.57267761230469
-107.39342498779297
-105.7561264038086
-110.17276763916016
-108.11520385742188
-108.94834899902344
-112.15554809570312
-98.84397888183594
-106.67723083496094
-100.59435272216797
-110.216064453125
-103.14726257324219
-103.33548736572266
-108.8541259765625
-108.3574447631836
-107.24337768554688
-110.58895874023438
-104.54070281982422
-106.35640716552734
-107.87907409667969
-106.77691650390625
