-116.05767059326172
-131.02825927734375
-120.27375030517578
-127.12919616699219
-125.43216705322266
-124.2858657836914
-123.24726867675781
-113.13448333740234
-125.45327758789062
-114.8769760131836
-125.23712158203125
-122.53520202636719
-128.29859924316406
-123.38401794433594
-121.00385284423828
-114.38165283203125
-118.93428039550781
-124.85325622558594
-122.57171630859375
-113.24828338623047
-122.35972595214844
-120.72172546386719
-121.29154205322266
-121.57666015625
-125.3570327758789
-129.4249725341797
-114.98910522460938
-128.71511840820312
-117.62102508544922
-119.00706481933594
-128.41529846191406
-130.60003662109375
-126.69407653808594
-130.9793701171875
-124.18484497070312
-118.48395538330078
-117.83973693847656
-122.2456283569336
-122.25196838378906
-119.43134307861328
-112.82106018066406
-112.60050964355469
-126.75289154052734
-119.54045104980469
-117.28024291992188
-125.66526794433594
-122.07388305664062
-120.93391418457031
-120.98202514648438
-119.64131164550781
-114.87187957763672
-120.26373291015625
-119.00006103515625
-132.70086669921875
-126.65503692626953
-123.78714752197266
-123.5306625366211
-111.9918212890625
-112.53641510009766
-127.27397155761719
-120.2708740234375
-123.8431396484375
-117.1749267578125
-122.47035217285156
-124.8697280883789
-115.7413330078125
-119.61360931396484
-120.3297348022461
-120.32290649414062
-115.24800872802734
-118.82013702392578
-114.57447814941406
-115.0197982788086
-127.52490997314453
-118.29395294189453
-123.95834350585938
-117.32158660888672
-124.54896545410156
-117.56756591796875
-126.16229248046875
-115.70343780517578
-121.4193344116211
-112.54362487792969
-119.69647216796875
-125.27156066894531
-120.67809295654297
-123.72840881347656
-112.079345703125
-121.53025817871094
-114.81507873535156
-116.01753997802734
-120.97663879394531
-120.17642974853516
-121.22550964355469
-127.69755554199219
-117.27108001708984
-121.37799835205078
-119.32408905029297
-118.75164031982422
-121.43094635009766
-120.45701599121094
-109.68180084228516
-124.51174926757812
-122.99398040771484
-119.20832824707031
-124.68930053710938
-122.80532836914062
-112.89674377441406
-121.95701599121094
-111.92488098144531
-121.24365234375
-107.75129699707031
-121.46743774414062
-114.1767578125
-116.37437438964844
-117.44699096679688
-120.75027465820312
-117.45027160644531
-114.40011596679688
-115.17701721191406
-129.11325073242188
-118.88493347167969
-120.02571868896484
-117.22740173339844
-110.42059326171875
-123.62591552734375
-116.8946762084961
-112.69770050048828
-119.64728546142578
-117.42450714111328
-112.19922637939453
-123.00296783447266
-110.64899444580078
-122.61710357666016
-114.70953369140625
-117.29121398925781
-116.97810363769531
-121.47388458251953
-119.66251373291016
-117.20265197753906
-120.78012084960938
-121.95379638671875
-116.22382354736328
-119.63465118408203
-118.8880844116211
-116.84940338134766
-120.7291259765625
-118.52637481689453
-120.61126708984375
-122.85440826416016
-127.75328826904297
-113.47854614257812
-123.4180908203125
-122.13249969482422
-124.23311614990234
-126.1707992553711
-128.08885192871094
-123.3298110961914
-123.06543731689453
-115.98217010498047
-117.61969757080078
-118.49461364746094
-119.4151840209961
-115.52487182617188
-115.81501007080078
-115.34744262695312
-120.20915222167969
-125.89423370361328
-122.94378662109375
-118.87531280517578
-119.99397277832031
-108.13055419921875
-124.81346130371094
-116.89459228515625
-114.1897964477539
-120.29444885253906
-115.60521697998047
-117.7659912109375
-121.06807708740234
-111.82598114013672
-118.61524963378906
-123.59228515625
-119.54791259765625
-117.3622817993164
-111.88388061523438
-119.13219451904297
-113.9870834350586
-121.74525451660156
-119.0297622680664
-122.0311508178711
-123.38325500488281
-114.82144165039062
-114.70154571533203
-120.95281219482422
-114.27108764648438
-117.72028350830078
-117.29112243652344
-123.00257110595703
-112.11518859863281
-120.12403106689453
-116.32615661621094
-118.396240234375
-120.93586730957031
-112.5854721069336
-118.84160614013672
-121.02378845214844
-123.18798065185547
-114.84468841552734
-110.59801483154297
-125.45502471923828
-115.48786163330078
-118.8672103881836
-117.5926513671875
-126.70244598388672
-121.38878631591797
-119.56461334228516
-120.5267333984375
-118.73637390136719
-122.14631652832031
-115.74444580078125
-113.11251068115234
-126.78250122070312
-116.5605697631836
-126.0870132446289
-121.55452728271484
-123.05491638183594
-121.9106674194336
-121.78973388671875
-121.15975952148438
-121.71730041503906
-128.8651123046875
-127.71781921386719
-122.43225860595703
-119.46943664550781
-122.42061614990234
-115.18759155273438
-121.7745361328125
-122.16899108886719
-121.87987518310547
-116.98854064941406
-122.68916320800781
-118.43132019042969
-118.28369903564453
-120.21136474609375
-118.46598052978516
-118.85562896728516
-122.98338317871094
-120.5735855102539
-115.60951232910156
-115.68766784667969
-121.89176940917969
-117.96180725097656
-117.73786163330078
-110.87104034423828
-117.27919006347656
-116.51821899414062
-120.41649627685547
-131.6428985595703
-116.6751937866211
-122.03157806396484
-123.55215454101562
-118.25279235839844
-119.30799865722656
-114.80274963378906
-114.41810607910156
-120.0234375
-121.22695922851562
-111.13005828857422
-111.91957092285156
-119.85382080078125
-117.0193099975586
-120.23588562011719
-116.57244110107422
-120.40031433105469
-112.75770568847656
-117.9406509399414
-120.62483215332031
-109.89561462402344
-119.49790954589844
-121.75074768066406
-112.01734924316406
-116.64847564697266
-119.83172607421875
-114.55548858642578
-111.64310455322266
-119.41027069091797
-116.63775634765625
-124.77920532226562
-122.21910095214844
-118.62059783935547
-119.4037094116211
-112.80392456054688
-117.07825469970703
-120.93135833740234
-118.94464111328125
-117.98345184326172
-118.10228729248047
-120.34575653076172
-119.43270874023438
-114.22261810302734
-115.09843444824219
-119.07632446289062
-120.85562896728516
-118.52642059326172
-121.88211059570312
-114.50807189941406
-111.83076477050781
-123.95320892333984
-121.20858764648438
-119.2423095703125
-120.92601013183594
-117.88013458251953
-119.26831817626953
-118.94277954101562
-115.27615356445312
-118.89688110351562
-114.83937072753906
-124.40657806396484
-115.37632751464844
-117.49070739746094
-121.60494232177734
-125.39933013916016
-112.37088012695312
-110.15472412109375
-115.9176254272461
-124.01917266845703
-124.18234252929688
-112.6939468383789
-125.5833969116211
-119.56351470947266
-120.27982330322266
-115.60356140136719
-118.82717895507812
-117.29871368408203
-124.14937591552734
-123.80850982666016
-118.4169921875
-117.46813201904297
-116.43936157226562
-124.10400390625
-124.8154067993164
-119.75591278076172
-123.15771484375
-117.72501373291016
-125.65914916992188
-114.16596221923828
-115.09475708007812
-115.96794891357422
-118.24980926513672
-126.69046783447266
-119.93770599365234
-122.3050537109375
-122.92750549316406
-120.97959899902344
-113.7443618774414
-121.99754333496094
-120.96894836425781
-121.90703582763672
-125.12020111083984
-120.95613098144531
-119.04881286621094
-121.71331024169922
-117.83465576171875
-124.92201232910156
-120.31578826904297
-117.2412109375
-119.67610168457031
-116.5247802734375
-119.32157135009766
-118.88520812988281
-114.94242095947266
-118.59848022460938
-111.94105529785156
-127.73664093017578
-122.24549102783203
-122.86101531982422
-112.3563461303711
-116.42743682861328
-112.81746673583984
-115.4658203125
-118.225341796875
-111.95347595214844
-114.954345703125
-112.0640869140625
-121.21410369873047
-117.55447387695312
-114.7840805053711
-118.88174438476562
-124.52436065673828
-113.92658233642578
-112.2030258178711
-115.01531982421875
-117.68501281738281
-116.48387908935547
-115.60128784179688
-115.270751953125
-110.84934997558594
-125.26296997070312
-112.59176635742188
-117.28752136230469
-117.23152160644531
-115.59004974365234
-117.95768737792969
-112.4065170288086
-112.85807800292969
-128.0493927001953
-112.83782958984375
-118.07425689697266
-118.73945617675781
-121.45740509033203
-128.39810180664062
-120.86516571044922
-120.53137969970703
-111.77519989013672
-112.82392883300781
-111.15263366699219
-126.69261169433594
-112.86868286132812
-113.12238311767578
-119.42204284667969
-121.10628509521484
-112.26505279541016
-117.00995635986328
-125.16206359863281
-113.35729217529297
-116.02519226074219
-119.11911010742188
-114.17865753173828
-113.59502410888672
-123.04686737060547
-113.81295776367188
-125.17919158935547
-111.53479766845703
-111.68284606933594
-111.84567260742188
-120.4255142211914
-118.0118408203125
-115.54073333740234
-122.646484375
-115.04249572753906
-118.3963623046875
-115.30266571044922
-118.74169158935547
-106.18743133544922
-119.17919921875
-113.33194732666016
-117.40746307373047
-111.94799041748047
-112.32040405273438
-120.10523986816406
-115.30220031738281
-122.20427703857422
-117.1290283203125
-115.82144165039062
-125.24311828613281
-119.4688491821289
-123.8655014038086
-118.9164047241211
-122.73580932617188
-110.62065124511719
-116.68421936035156
-115.92271423339844
-125.64332580566406
-108.06109619140625
-119.09661102294922
-123.82330322265625
-124.04071807861328
-122.65823364257812
-110.14871215820312
-108.49893188476562
-119.95747375488281
-116.17764282226562
-117.26577758789062
-117.6396255493164
-114.47520446777344
-112.80268859863281
-116.43222045898438
-125.21566009521484
-111.70645141601562
-113.6181869506836
-105.29113006591797
-116.6971435546875
-118.21991729736328
-108.62145233154297
-120.44676208496094
-111.01627349853516
-115.69461822509766
-110.41029357910156
-121.44853210449219
-120.66901397705078
-114.88811492919922
-114.98616027832031
-113.83124542236328
-120.98893737792969
-114.69084930419922
-119.43604278564453
-111.75241088867188
-116.81018829345703
-110.91463470458984
-115.20011901855469
-114.86482238769531
-115.62580871582031
-114.3782958984375
-111.2059097290039
-118.74272155761719
-115.29545593261719
-118.87290954589844
-113.93696594238281
-119.21240997314453
-118.91368865966797
-117.52056121826172
-121.58966064453125
-121.42166900634766
-113.1670913696289
-111.08500671386719
-111.65605926513672
-111.66573333740234
-112.20037841796875
-122.53231048583984
-114.93895721435547
-117.06927490234375
-112.8692626953125
-117.54753875732422
-118.23604583740234
-112.60820770263672
-116.99095916748047
-115.67076110839844
-122.20235443115234
-114.86038970947266
-113.47029113769531
-116.39479064941406
-116.67401123046875
-118.1498031616211
-127.78156280517578
-123.1865005493164
-114.17564392089844
-116.07447052001953
-117.34337615966797
-115.93666076660156
-116.34898376464844
-123.12374114990234
-114.86090087890625
-108.32655334472656
-120.98338317871094
-122.36626434326172
-113.18780517578125
-117.0544662475586
-111.71932983398438
-123.75035095214844
-119.66357421875
-121.65135955810547
-111.83102416992188
-114.37921142578125
-115.67113494873047
-120.11026763916016
-120.3553466796875
-117.08931732177734
-121.00407409667969
-119.87683868408203
-114.11282348632812
-120.67513275146484
-118.27100372314453
-116.59036254882812
-119.73590087890625
-124.3908920288086
-124.00270080566406
-122.42304992675781
-110.48737335205078
-114.729248046875
-122.9259033203125
-114.45691680908203
-111.6034164428711
-110.4201889038086
-118.59654235839844
-108.59979248046875
-121.14582824707031
-111.65719604492188
-130.11947631835938
-121.85729217529297
-117.48528289794922
-119.79513549804688
-123.61225891113281
-121.31116485595703
-115.52442932128906
-117.58927917480469
-118.22212219238281
-114.4094467163086
-106.7075424194336
-115.93380737304688
-112.46918487548828
-117.38774108886719
-117.09248352050781
-115.42589569091797
-119.65785217285156
-113.1223373413086
-115.0810546875
-111.1195068359375
-111.39939880371094
-124.00656127929688
-120.83081817626953
-115.7458267211914
-117.30282592773438
-118.3137435913086
-117.82860565185547
-111.04425811767578
-112.38497924804688
-119.17073822021484
-112.61983489990234
-119.29402160644531
-116.04320526123047
-111.12295532226562
-118.26576232910156
-118.47808074951172
-126.86991882324219
-120.0440902709961
-117.56831359863281
-113.67662048339844
-116.49729919433594
-114.07665252685547
-114.0812759399414
-113.93529510498047
-112.58612060546875
-113.07439422607422
-114.26243591308594
-111.38850402832031
-114.92984771728516
-121.94229125976562
-116.82681274414062
-115.35604095458984
-121.9539566040039
-117.26525115966797
-115.97502136230469
-122.66988372802734
-115.70714569091797
-109.77985382080078
-117.8980484008789
-118.86355590820312
-115.71661376953125
-110.77635955810547
-121.96019744873047
-119.48564147949219
-122.59281158447266
-121.3604507446289
-115.01512145996094
-115.92451477050781
-107.9934310913086
-113.33150482177734
-113.63311767578125
-112.30332946777344
-114.12553405761719
-116.61314392089844
-128.25955200195312
-116.43343353271484
-121.88774871826172
-121.62046813964844
-117.47620391845703
-112.99504089355469
-119.4478988647461
-112.77603149414062
-114.15928649902344
-123.70524597167969
-112.12601470947266
-120.9107894897461
-116.05711364746094
-107.64065551757812
-115.02499389648438
-121.29393768310547
-115.51314544677734
-114.34823608398438
-119.10747528076172
-118.4653549194336
-121.2011947631836
-114.90255737304688
-113.98522186279297
-118.59496307373047
-109.81067657470703
-113.4050064086914
-120.99223327636719
-120.3729019165039
-119.7446060180664
-120.99349975585938
-116.72613525390625
-113.7158203125
-117.96478271484375
-118.92833709716797
-111.6479721069336
-110.77799987792969
-113.5724105834961
-116.8486557006836
-116.24713897705078
-112.21334075927734
-122.4849624633789
-105.19992065429688
-114.01373291015625
-116.31495666503906
-116.48987579345703
-118.77850341796875
-113.23353576660156
-117.29771423339844
-117.2435531616211
-112.09976959228516
-114.46231842041016
-123.55022430419922
-118.38994598388672
-117.10706329345703
-116.17152404785156
-116.75421905517578
-115.7739486694336
-118.35504913330078
-118.45526885986328
-111.57830047607422
-116.59369659423828
-117.73497772216797
-112.3152084350586
-116.50732421875
-114.08638763427734
-115.06636810302734
-112.52777099609375
-113.62544250488281
-117.73336029052734
-127.03778076171875
-114.64471435546875
-117.6115951538086
-119.59268951416016
-116.1953353881836
-118.50963592529297
-111.75070190429688
-116.83724975585938
-119.12913513183594
-107.89314270019531
-113.58348846435547
-122.66962432861328
-114.27637481689453
-115.37698364257812
-118.03378295898438
-119.85243225097656
-110.09752655029297
-117.17768859863281
-114.11278533935547
-108.15270233154297
-116.39347839355469
-116.5269546508789
-113.55039978027344
-110.17620849609375
-118.93379974365234
-118.11492919921875
-116.11066436767578
-115.51025390625
-111.09711456298828
-117.65953063964844
-120.08543395996094
-115.07505798339844
-114.06076049804688
-115.18571472167969
-110.55636596679688
-115.74195861816406
-118.57545471191406
-118.19496154785156
-109.85491943359375
-124.21088409423828
-115.48896026611328
-114.01634216308594
-110.51451110839844
-114.70377349853516
-108.01266479492188
-113.94706726074219
-117.62751770019531
-105.02535247802734
-118.23837280273438
-119.4201431274414
-116.22850036621094
-113.10205841064453
-124.25891876220703
-124.63416290283203
-110.63285827636719
-111.26061248779297
-121.81573486328125
-116.87574768066406
-111.76690673828125
-116.55195617675781
-112.28246307373047
-115.629638671875
-111.69967651367188
-115.38220977783203
-118.10018157958984
-115.8418197631836
-110.77534484863281
-114.00688171386719
-121.27346801757812
-109.43826293945312
-103.97325134277344
-111.38530731201172
-114.52400207519531
-116.784423828125
-113.16551208496094
-116.36353302001953
-119.13754272460938
-115.55607604980469
-113.447021484375
-116.6313247680664
-115.74346160888672
-119.60877227783203
-117.02278137207031
-123.94153594970703
-110.46480560302734
-114.56437683105469
-117.66629791259766
-120.57609558105469
-116.57662963867188
-116.14305877685547
-114.69261932373047
-113.28815460205078
-122.2588882446289
-111.3845443725586
-112.80013275146484
-116.09525299072266
-111.00316619873047
-117.9979019165039
-113.64462280273438
-122.416259765625
-113.81641387939453
-115.04899597167969
-117.07744598388672
-114.03466033935547
-118.23505401611328
-113.73413848876953
-118.77293395996094
-111.08009338378906
-109.87747192382812
-110.89827728271484
-119.28772735595703
-122.24363708496094
-117.95490264892578
-107.8088150024414
-115.99097442626953
-119.12019348144531
-119.68123626708984
-116.6220474243164
-115.68449401855469
-110.58336639404297
-118.45706939697266
-113.10528564453125
-115.3697738647461
-114.09445190429688
-112.87287902832031
-111.75949096679688
-114.73492431640625
-107.01953125
-116.31227111816406
-120.26970672607422
-117.44535064697266
-114.88566589355469
-118.49418640136719
-112.55235290527344
-111.59663391113281
-119.36200714111328
-113.33260345458984
-119.5235595703125
-112.95121002197266
-114.3606948852539
-105.98332977294922
-112.4966049194336
-116.42056274414062
-112.21914672851562
-113.3172607421875
-115.90777587890625
-114.48027038574219
-116.54586791992188
-112.47346496582031
-113.33124542236328
-113.83064270019531
-117.18399810791016
-120.91425323486328
-120.52518463134766
-115.47050476074219
-113.10972595214844
-108.77745056152344
-118.9664535522461
-108.41970825195312
-125.34065246582031
-114.97821044921875
-119.84881591796875
-112.66170501708984
-110.39417266845703
-114.49803161621094
-113.90130615234375
-115.98941040039062
-122.11249542236328
-118.59784698486328
-116.14193725585938
-112.93656921386719
-121.86701965332031
-113.58700561523438
-120.47160339355469
-119.00057983398438
-117.69839477539062
-116.39595794677734
-120.31916809082031
-114.76153564453125
-118.44741821289062
-110.7535171508789
-113.6890869140625
-117.26152038574219
-117.66835021972656
-116.35472106933594
-118.8695297241211
-116.9537353515625
-110.63813018798828
-116.90834045410156
-118.11139678955078
-114.486328125
-119.32206726074219
-110.49885559082031
-121.76585388183594
-113.86994934082031
-110.42086029052734
-116.55219268798828
-116.17049407958984
-115.9430160522461
-114.53184509277344
-119.18843841552734
-117.29095458984375
-117.67113494873047
-123.05638885498047
-105.95124816894531
-114.30403900146484
-107.02552032470703
-118.82676696777344
-110.63907623291016
-110.55061340332031
-118.4127197265625
-119.78494262695312
-116.27974700927734
-117.42337799072266
-114.5262222290039
-116.20626831054688
-116.72607421875
-117.0986099243164
