-102.2577896118164
-113.13369750976562
-105.1672592163086
-112.71377563476562
-109.37638854980469
-110.38268280029297
-103.60697937011719
-98.44225311279297
-109.49844360351562
-102.36161804199219
-109.93097686767578
-106.93429565429688
-109.5189208984375
-107.18971252441406
-106.86339569091797
-101.55824279785156
-101.54747772216797
-109.4906997680664
-106.86066436767578
-100.52737426757812
-105.19329071044922
-106.59310150146484
-106.52436828613281
-107.41915893554688
-107.37574005126953
-112.52521514892578
-100.79190063476562
-110.5389175415039
-100.4529800415039
-105.68055725097656
-109.96451568603516
-114.48634338378906
-109.7406997680664
-112.910888671875
-110.25624084472656
-103.86983489990234
-102.4542236328125
-106.96865844726562
-105.68553924560547
-104.77485656738281
-100.26300811767578
-98.76838684082031
-108.9939956665039
-104.76146697998047
-102.46744537353516
-110.3567886352539
-107.91819763183594
-105.19263458251953
-105.73268127441406
-103.62015533447266
-102.71570587158203
-104.69146728515625
-105.58826446533203
-115.79507446289062
-110.90890502929688
-107.31712341308594
-108.09583282470703
-100.65209197998047
-96.95453643798828
-112.2814712524414
-105.93094635009766
-106.08004760742188
-100.95440673828125
-105.73858642578125
-109.46388244628906
-99.93832397460938
-106.87079620361328
-106.14111328125
-107.2049789428711
-101.95111083984375
-104.36102294921875
-102.08806610107422
-102.53861999511719
-110.90673065185547
-106.05851745605469
-107.93955993652344
-102.07899475097656
-107.46231079101562
-104.98831176757812
-112.23390197753906
-103.84671020507812
-108.51882934570312
-98.77389526367188
-104.04753112792969
-108.77678680419922
-105.0796127319336
-108.24919891357422
-100.5416030883789
-109.09746551513672
-99.43131256103516
-101.47069549560547
-106.7735824584961
-107.97754669189453
-107.41124725341797
-114.1253662109375
-102.66134643554688
-106.67919921875
-104.34208679199219
-104.52748107910156
-108.69804382324219
-104.22198486328125
-96.70158386230469
-112.13013458251953
-106.86711120605469
-103.8994140625
-109.10131072998047
-110.72026062011719
-99.91902923583984
-104.33351135253906
-99.62797546386719
-108.8375244140625
-95.68077087402344
-108.4662857055664
-99.96871948242188
-103.68948364257812
-103.91435241699219
-106.72554779052734
-104.40754699707031
-102.29505157470703
-101.22059631347656
-112.81498718261719
-104.70012664794922
-104.79669952392578
-102.35475158691406
-96.6915054321289
-106.42062377929688
-102.82593536376953
-98.90001678466797
-106.0840072631836
-104.72964477539062
-98.90923309326172
-106.69181823730469
-99.39488983154297
-105.79656219482422
-100.76068115234375
-102.65547943115234
-102.89447021484375
-108.23428344726562
-106.39636993408203
-103.55995178222656
-109.43760681152344
-106.31771087646484
-103.76543426513672
-104.47532653808594
-104.62252044677734
-103.20690155029297
-104.20738983154297
-101.98365783691406
-107.58158874511719
-108.58575439453125
-111.505615234375
-100.09949493408203
-109.5270004272461
-107.9113998413086
-111.16585540771484
-110.30760955810547
-114.41362762451172
-107.15972900390625
-109.20767211914062
-103.13334655761719
-107.39285278320312
-105.38518524169922
-108.09258270263672
-104.00761413574219
-104.76713562011719
-102.4815444946289
-106.88650512695312
-114.24987030029297
-109.89692687988281
-106.29424285888672
-105.35698699951172
-96.13737487792969
-110.86068725585938
-100.2855453491211
-100.91170501708984
-104.89472961425781
-103.39293670654297
-104.27345275878906
-107.22473907470703
-100.32576751708984
-104.92869567871094
-111.1161880493164
-106.17098236083984
-104.96373748779297
-99.5701904296875
-105.83219146728516
-99.98846435546875
-106.94564819335938
-107.27870178222656
-108.56519317626953
-108.98535919189453
-102.73712158203125
-102.42928314208984
-108.14659881591797
-103.59586334228516
-103.94525146484375
-105.61839294433594
-107.63821411132812
-101.2730484008789
-105.44759368896484
-103.50515747070312
-102.94174194335938
-107.4494400024414
-100.64570617675781
-104.91651916503906
-106.22002410888672
-111.93232727050781
-102.33426666259766
-97.14260864257812
-111.09138488769531
-104.05638885498047
-106.40921783447266
-103.33685302734375
-111.23725128173828
-108.36219787597656
-105.65235137939453
-107.42256164550781
-101.38591003417969
-107.0263442993164
-102.5721206665039
-102.3420639038086
-111.7787857055664
-102.80476379394531
-110.13311767578125
-105.6741714477539
-109.71058654785156
-108.19639587402344
-106.9864273071289
-106.30885314941406
-106.70825958251953
-111.68698120117188
-113.01141357421875
-108.63895416259766
-106.42340087890625
-108.49288177490234
-99.0645523071289
-108.90869903564453
-107.50643920898438
-108.0489273071289
-105.80742645263672
-108.93364715576172
-107.78472137451172
-105.381103515625
-106.85565185546875
-106.2171401977539
-106.99500274658203
-106.76004028320312
-109.12376403808594
-103.19693756103516
-102.88914489746094
-108.22785949707031
-104.8670425415039
-102.17691802978516
-98.57427978515625
-105.27307891845703
-102.83657836914062
-107.14884948730469
-115.94434356689453
-103.35892486572266
-108.73530578613281
-110.35652160644531
-104.53427124023438
-106.64338684082031
-101.38227081298828
-102.82135009765625
-106.56816101074219
-107.25288391113281
-96.75845336914062
-101.392578125
-107.6704330444336
-104.99333190917969
-105.61473083496094
-104.81387329101562
-108.50175476074219
-100.63134002685547
-103.99053192138672
-105.2012710571289
-99.01741027832031
-105.2577133178711
-108.1202163696289
-99.7392807006836
-103.47679901123047
-105.86031341552734
-100.73910522460938
-97.4830093383789
-107.03379821777344
-103.88616180419922
-108.58240509033203
-109.74223327636719
-106.07976531982422
-105.98943328857422
-98.81965637207031
-104.6376724243164
-109.96836853027344
-108.16638946533203
-106.84847259521484
-104.1276626586914
-108.70475769042969
-104.11253356933594
-102.46066284179688
-103.20319366455078
-104.99078369140625
-108.3390884399414
-107.96736907958984
-107.16744232177734
-103.66265869140625
-102.67732238769531
-112.09073638916016
-107.06605529785156
-108.64096069335938
-107.57788848876953
-105.38882446289062
-106.08125305175781
-107.39653778076172
-100.91497039794922
-107.40703582763672
-101.97051239013672
-110.26288604736328
-103.27450561523438
-104.35993194580078
-109.072265625
-112.35905456542969
-102.17642974853516
-99.533203125
-104.85281372070312
-109.95771026611328
-111.65663146972656
-102.80097198486328
-110.08895874023438
-109.83493041992188
-107.39228057861328
-103.2818374633789
-105.24562072753906
-104.28579711914062
-112.2562484741211
-110.63488006591797
-105.1589584350586
-106.2826919555664
-103.37167358398438
-112.60301208496094
-112.53224182128906
-106.13009643554688
-110.00733184814453
-103.98988342285156
-113.53334045410156
-99.78337097167969
-102.19036865234375
-104.11097717285156
-106.02896881103516
-115.5056381225586
-105.88611602783203
-108.73529815673828
-109.66570281982422
-109.61113739013672
-102.16863250732422
-109.91102600097656
-110.78282928466797
-109.95087432861328
-113.35272979736328
-107.67317962646484
-106.0100326538086
-110.4471206665039
-106.29576110839844
-110.97821044921875
-106.66336822509766
-105.92122650146484
-106.57689666748047
-104.8050308227539
-106.25361633300781
-107.5771255493164
-103.58938598632812
-103.63725280761719
-99.54197692871094
-113.01285552978516
-109.27371215820312
-109.59136199951172
-102.62891387939453
-105.5345458984375
-99.60543823242188
-102.61263275146484
-105.29528045654297
-100.6903305053711
-104.71774291992188
-102.19737243652344
-110.34717559814453
-105.31551361083984
-102.31693267822266
-105.9036865234375
-109.56724548339844
-102.3631591796875
-99.4626693725586
-103.6076889038086
-105.0082015991211
-105.16082763671875
-102.74431610107422
-103.91255187988281
-100.69603729248047
-112.06858825683594
-99.17706298828125
-102.92996215820312
-107.08392333984375
-105.14002990722656
-104.31814575195312
-102.3666763305664
-102.54750061035156
-115.93901062011719
-100.77870178222656
-104.20149993896484
-106.5463638305664
-108.31815338134766
-116.00301361083984
-109.31605529785156
-107.18350219726562
-102.01811218261719
-102.62435150146484
-100.30740356445312
-111.67002868652344
-103.08905792236328
-100.8421401977539
-108.25763702392578
-109.44942474365234
-99.29078674316406
-104.0561294555664
-112.37430572509766
-101.70330047607422
-105.63643646240234
-104.30487060546875
-104.52523040771484
-100.98056030273438
-109.39310455322266
-101.7471694946289
-113.92236328125
-99.52111053466797
-101.91545104980469
-102.11029815673828
-107.86200714111328
-105.87114715576172
-105.84296417236328
-109.61804962158203
-101.79736328125
-107.16577911376953
-103.20252990722656
-108.1568603515625
-95.44415283203125
-105.94001770019531
-101.49714660644531
-107.16867065429688
-100.80419158935547
-101.30545043945312
-108.91912078857422
-101.75945281982422
-107.86553192138672
-103.94587707519531
-105.0141830444336
-111.22657775878906
-107.22472381591797
-111.32403564453125
-108.25223541259766
-110.3171157836914
-99.71273040771484
-105.05303192138672
-102.2562255859375
-110.38030242919922
-96.54118347167969
-105.7525863647461
-111.68429565429688
-111.17565155029297
-108.55843353271484
-99.64153289794922
-99.05034637451172
-107.2967529296875
-101.41087341308594
-104.7350845336914
-106.10887908935547
-101.45494842529297
-102.66826629638672
-104.7762451171875
-111.44598388671875
-100.83102416992188
-103.0393295288086
-95.43585205078125
-104.1927261352539
-106.77714538574219
-97.83805084228516
-106.93711853027344
-101.21314239501953
-105.20170593261719
-100.20128631591797
-108.6070556640625
-107.95906066894531
-103.81461334228516
-102.9350357055664
-101.05443572998047
-109.11054229736328
-103.82958221435547
-107.22003936767578
-100.06980895996094
-105.41653442382812
-96.97521209716797
-104.869384765625
-104.7918930053711
-105.57971954345703
-104.8309326171875
-99.89646911621094
-108.59187316894531
-103.38078308105469
-107.607421875
-103.0226821899414
-106.50965881347656
-107.65557098388672
-104.92066955566406
-109.52684783935547
-110.33631896972656
-101.8394546508789
-102.43285369873047
-99.8084716796875
-100.14204406738281
-99.15926361083984
-109.28099822998047
-100.59793853759766
-105.52940368652344
-102.41996002197266
-106.21819305419922
-107.82438659667969
-100.42388153076172
-105.60884094238281
-103.77877044677734
-111.96343994140625
-102.50702667236328
-101.87614440917969
-104.15689849853516
-104.07839965820312
-104.88468933105469
-111.18634033203125
-111.136474609375
-103.52543640136719
-102.8604965209961
-105.99005126953125
-104.71614837646484
-105.54158782958984
-111.8664321899414
-103.53152465820312
-98.76111602783203
-107.28726196289062
-109.92030334472656
-101.5580825805664
-105.10478973388672
-101.84595489501953
-113.48043823242188
-107.68113708496094
-109.23696899414062
-100.4207534790039
-104.04296112060547
-103.9357681274414
-107.89089965820312
-107.59856414794922
-106.62925720214844
-110.39427947998047
-108.15838623046875
-103.09880828857422
-107.14828491210938
-105.80233764648438
-103.5788345336914
-107.13876342773438
-111.23593139648438
-112.51555633544922
-110.89683532714844
-102.12805938720703
-104.61253356933594
-110.3898696899414
-100.99449157714844
-101.43803405761719
-100.93704223632812
-107.86329650878906
-97.24947357177734
-109.85356903076172
-101.12711334228516
-116.95872497558594
-109.90406036376953
-106.07353210449219
-107.51363372802734
-112.34241485595703
-109.72465515136719
-103.3595199584961
-107.06298828125
-108.1971206665039
-105.1346206665039
-98.2052993774414
-104.83641815185547
-100.03260803222656
-106.49469757080078
-103.41017150878906
-104.22845458984375
-109.39373016357422
-103.55580139160156
-105.07202911376953
-100.89894104003906
-102.10194396972656
-113.08792114257812
-111.93770599365234
-103.9915771484375
-103.33930969238281
-107.21331787109375
-107.06737518310547
-100.75595092773438
-102.86396789550781
-105.15959167480469
-101.82472229003906
-107.53218841552734
-104.031982421875
-101.26263427734375
-106.24723052978516
-104.33712768554688
-113.89513397216797
-107.93510437011719
-105.03184509277344
-102.83246612548828
-106.36865997314453
-103.9793930053711
-103.6491928100586
-104.4693832397461
-100.93036651611328
-103.93596649169922
-105.60455322265625
-101.54393005371094
-104.13534545898438
-110.09257507324219
-105.279541015625
-107.48883056640625
-111.96414947509766
-105.3402099609375
-105.09686279296875
-110.2921142578125
-104.78705596923828
-100.5958251953125
-104.68588256835938
-106.93353271484375
-104.38418579101562
-101.42899322509766
-113.49028778076172
-107.43492126464844
-111.372314453125
-111.33165740966797
-105.9117431640625
-104.02296447753906
-97.60950469970703
-102.12449645996094
-102.78034973144531
-101.45469665527344
-104.2994613647461
-105.9756088256836
-118.64341735839844
-107.7430648803711
-111.74311065673828
-110.98704528808594
-107.61805725097656
-102.5775146484375
-106.02233123779297
-103.14103698730469
-103.1683349609375
-111.16852569580078
-102.97596740722656
-108.66590881347656
-105.22835540771484
-98.76166534423828
-104.58258819580078
-110.65995788574219
-104.88970947265625
-104.46417236328125
-108.2679672241211
-106.86894226074219
-109.12902069091797
-103.62901306152344
-103.14192199707031
-109.48407745361328
-100.39185333251953
-101.68119812011719
-109.18867492675781
-109.8635482788086
-110.13951110839844
-110.83412170410156
-104.59599304199219
-103.22171783447266
-110.34724426269531
-108.11427307128906
-102.71619415283203
-102.54541015625
-102.43170166015625
-105.91404724121094
-104.52011108398438
-102.9048843383789
-111.06706237792969
-95.77337646484375
-104.43756103515625
-106.71564483642578
-107.55196380615234
-103.62493133544922
-102.54627990722656
-107.92818450927734
-104.93817901611328
-101.76180267333984
-104.51803588867188
-112.71473693847656
-107.5904312133789
-106.88432312011719
-105.39606475830078
-106.22144317626953
-105.82821655273438
-108.23214721679688
-106.45079803466797
-100.98171997070312
-105.13717651367188
-105.3660659790039
-102.27821350097656
-106.05953979492188
-104.13467407226562
-103.01239776611328
-102.71044158935547
-102.71559143066406
-108.52806854248047
-113.86650848388672
-103.44671630859375
-106.12664031982422
-107.28157043457031
-106.07463836669922
-109.38224029541016
-101.30249786376953
-104.68051147460938
-108.20944213867188
-98.86258697509766
-104.01627349853516
-110.33818817138672
-103.55181884765625
-105.25055694580078
-108.46400451660156
-111.16368103027344
-99.579833984375
-105.45564270019531
-105.37623596191406
-98.94992065429688
-105.75912475585938
-106.46294403076172
-103.27342987060547
-101.64777374267578
-108.37202453613281
-108.37430572509766
-104.64358520507812
-105.7357177734375
-102.24356842041016
-107.61485290527344
-108.55359649658203
-105.54090118408203
-103.47612762451172
-103.65098571777344
-101.58103942871094
-104.63584899902344
-105.81017303466797
-108.13165283203125
-100.41223907470703
-110.2635498046875
-103.2945327758789
-105.13053131103516
-98.14154052734375
-102.89311218261719
-99.28300476074219
-102.7928466796875
-106.75685119628906
-96.21427917480469
-108.8664321899414
-109.67472076416016
-105.57952117919922
-102.25407409667969
-112.38868713378906
-113.06414031982422
-100.62200927734375
-100.729248046875
-109.90660858154297
-107.94459533691406
-98.85855865478516
-106.21638488769531
-100.43428039550781
-106.07366943359375
-101.29447174072266
-105.2218246459961
-108.77739715576172
-108.00204467773438
-101.08206939697266
-103.56432342529297
-107.24272155761719
-99.29341125488281
-94.15420532226562
-101.39657592773438
-104.34978485107422
-104.98648834228516
-101.09459686279297
-106.2276611328125
-106.40135192871094
-105.2645492553711
-102.45221710205078
-105.7550048828125
-105.76789093017578
-108.15713500976562
-105.0730972290039
-111.90894317626953
-99.3804931640625
-106.09912109375
-105.51251983642578
-109.6675033569336
-105.38349914550781
-108.49990844726562
-105.410400390625
-104.55220794677734
-111.60379028320312
-100.90325164794922
-100.90480041503906
-106.1878433227539
-101.6111068725586
-107.23194122314453
-106.19225311279297
-110.580078125
-104.9007797241211
-105.892578125
-107.1943588256836
-104.37208557128906
-109.11262512207031
-105.06075286865234
-108.58473205566406
-102.67789459228516
-98.7525634765625
-101.47234344482422
-108.01837158203125
-111.5944595336914
-107.06350708007812
-99.28569793701172
-106.72514343261719
-108.06581115722656
-108.93287658691406
-107.39827728271484
-106.50132751464844
-103.81137084960938
-110.55091094970703
-105.1239013671875
-106.0201644897461
-104.88687896728516
-103.96048736572266
-103.45541381835938
-104.79296112060547
-97.74201202392578
-106.20027923583984
-107.79338073730469
-104.91766357421875
-105.32890319824219
-107.18147277832031
-103.41011047363281
-102.20905303955078
-109.2392349243164
-104.78884887695312
-109.66830444335938
-103.07543182373047
-105.42658996582031
-97.5206527709961
-102.48873901367188
-105.93071746826172
-102.5383071899414
-104.13446044921875
-107.30323791503906
-103.14463806152344
-107.6208267211914
-101.04122161865234
-102.86251831054688
-105.81627655029297
-107.30174255371094
-112.0241470336914
-110.53289794921875
-105.7203140258789
-104.31678009033203
-100.29063415527344
-109.75250244140625
-99.16242980957031
-112.53007507324219
-105.24039459228516
-110.32215881347656
-103.12773895263672
-100.280517578125
-103.3016128540039
-102.41971588134766
-103.90998840332031
-112.35326385498047
-109.20887756347656
-106.28872680664062
-101.86518096923828
-111.17961883544922
-104.60428619384766
-110.46458435058594
-109.1403579711914
-108.32240295410156
-106.77691650390625
-112.36815643310547
-103.166748046875
-107.98980712890625
-102.84762573242188
-103.6672134399414
-107.51864624023438
-108.31903839111328
-108.1552963256836
-108.072021484375
-107.57139587402344
-100.70138549804688
-105.43136596679688
-107.34258270263672
-104.66209411621094
-109.82989501953125
-100.74466705322266
-111.3526382446289
-105.4581527709961
-101.4120101928711
-107.54662322998047
-107.12452697753906
-106.07463073730469
-103.50438690185547
-109.21562957763672
-106.67447662353516
-108.66517639160156
-110.99434661865234
-97.95243835449219
-105.58775329589844
-98.41027069091797
-108.3944091796875
-102.03981018066406
-102.94842529296875
-105.9141845703125
-107.13701629638672
-104.68309020996094
-109.04032135009766
-103.50231170654297
-104.1910171508789
-106.07762145996094
-105.07039642333984
