-102.78131866455078
-113.3522720336914
-105.32698059082031
-113.68280792236328
-111.63007354736328
-110.95545196533203
-104.32623291015625
-98.67691802978516
-111.60375213623047
-103.03248596191406
-111.19905853271484
-107.4302749633789
-111.06228637695312
-108.54562377929688
-105.89119720458984
-102.2696304321289
-102.79110717773438
-109.69261932373047
-107.26566314697266
-100.95484924316406
-106.81320190429688
-106.42735290527344
-105.68892669677734
-109.7267837524414
-108.34133911132812
-113.97068786621094
-100.97137451171875
-111.51834106445312
-101.8122329711914
-106.73689270019531
-111.28936004638672
-115.61138153076172
-111.77510833740234
-115.22593688964844
-110.70690155029297
-104.89028930664062
-101.93043518066406
-108.11050415039062
-107.14439392089844
-104.93859100341797
-101.5726318359375
-100.77411651611328
-109.48011016845703
-106.59068298339844
-104.13826751708984
-111.11036682128906
-108.37448120117188
-107.20105743408203
-108.7785415649414
-104.53797149658203
-102.57774353027344
-105.21897888183594
-105.70065307617188
-117.01122283935547
-110.56777954101562
-107.93067932128906
-109.0617446899414
-101.42314910888672
-98.33201599121094
-112.2669448852539
-106.7807388305664
-107.13862609863281
-101.89131164550781
-105.8686294555664
-110.14923858642578
-100.79119873046875
-106.77684020996094
-106.47171783447266
-107.2357177734375
-103.5638656616211
-108.19749450683594
-103.9417724609375
-103.51036834716797
-112.92626953125
-107.3532943725586
-109.17947387695312
-103.66954803466797
-109.3191909790039
-106.16771697998047
-111.46894836425781
-104.16192626953125
-108.74647521972656
-99.91051483154297
-105.2343521118164
-111.14067077636719
-107.48429870605469
-109.94288635253906
-102.31624603271484
-109.31928253173828
-99.210205078125
-104.2599868774414
-108.01740264892578
-108.0211410522461
-109.86669921875
-112.89276885986328
-104.25666046142578
-106.94290161132812
-106.01425170898438
-106.35972595214844
-110.02513122558594
-105.27861022949219
-99.79584503173828
-113.56522369384766
-109.06776428222656
-106.81547546386719
-112.08370208740234
-111.41525268554688
-101.04724884033203
-106.51008605957031
-102.24343872070312
-109.83670043945312
-97.1771240234375
-109.29109191894531
-101.34075927734375
-106.24824523925781
-105.83690643310547
-108.15079498291016
-105.26405334472656
-102.13646697998047
-102.45601654052734
-115.58653259277344
-106.67943572998047
-106.43529510498047
-103.31942749023438
-98.45488739013672
-109.25633239746094
-104.80517578125
-99.86901092529297
-106.6463623046875
-105.86908721923828
-100.27057647705078
-108.60636138916016
-101.03314971923828
-108.13227081298828
-101.98880767822266
-104.4275894165039
-104.21610260009766
-109.32410430908203
-106.36239624023438
-104.81330108642578
-109.546142578125
-107.99716186523438
-104.25856018066406
-105.09691619873047
-105.84931182861328
-102.83815002441406
-105.64434814453125
-102.90977478027344
-107.54276275634766
-110.3974380493164
-111.92720794677734
-100.2411880493164
-111.65827178955078
-108.02669525146484
-111.32759094238281
-113.45162200927734
-114.53662872314453
-107.36279296875
-110.09861755371094
-103.37540435791016
-106.55529022216797
-105.92108917236328
-107.82386779785156
-104.32162475585938
-103.3580551147461
-103.9576644897461
-107.70558166503906
-114.60319519042969
-110.46293640136719
-107.88742065429688
-106.06395721435547
-97.15231323242188
-110.29515838623047
-100.44866943359375
-102.35613250732422
-106.93203735351562
-103.08512115478516
-105.63322448730469
-107.26516723632812
-101.39813232421875
-106.52550506591797
-113.17190551757812
-107.09932708740234
-106.16783905029297
-100.96825408935547
-107.81141662597656
-100.91357421875
-107.5772933959961
-108.46133422851562
-109.79691314697266
-110.25226593017578
-103.51982116699219
-101.93367004394531
-109.23123931884766
-104.00827026367188
-103.33631134033203
-106.95262908935547
-110.42972564697266
-101.22992706298828
-106.24496459960938
-102.9985122680664
-105.7159652709961
-108.8909912109375
-100.73409271240234
-106.06830596923828
-108.06059265136719
-112.49520874023438
-100.5436782836914
-99.22650146484375
-110.65995788574219
-104.14424896240234
-106.86517333984375
-105.3205795288086
-113.41832733154297
-110.71954345703125
-107.4485092163086
-107.75999450683594
-102.62189483642578
-110.23082733154297
-104.53915405273438
-104.61858367919922
-113.16529083251953
-103.51716613769531
-111.84444427490234
-107.26473236083984
-111.7668228149414
-109.70414733886719
-108.47886657714844
-108.1436996459961
-109.21588897705078
-114.80553436279297
-113.6512222290039
-108.74146270751953
-107.36900329589844
-110.32838439941406
-100.84833526611328
-108.73456573486328
-110.29850769042969
-110.9556884765625
-105.63750457763672
-109.63186645507812
-109.43871307373047
-105.78463745117188
-106.09032440185547
-107.51776123046875
-107.86489868164062
-107.83094787597656
-109.44572448730469
-104.62743377685547
-105.36689758300781
-108.6441879272461
-105.56133270263672
-102.4924545288086
-99.55751037597656
-106.4227523803711
-104.1335220336914
-107.96144104003906
-117.44043731689453
-103.89288330078125
-108.74901580810547
-111.0986328125
-104.74235534667969
-107.81021881103516
-101.7720718383789
-102.42788696289062
-106.92081451416016
-108.8973388671875
-97.9185791015625
-101.1818618774414
-108.56460571289062
-106.78054809570312
-106.63042449951172
-104.9751968383789
-109.52510833740234
-102.28209686279297
-104.54621887207031
-106.50623321533203
-98.88931274414062
-106.33605194091797
-109.59110260009766
-99.06210327148438
-103.57171630859375
-106.29125213623047
-102.07647705078125
-99.24545288085938
-107.7615966796875
-104.7435302734375
-110.51490783691406
-109.91768646240234
-108.1187744140625
-106.1813735961914
-99.76531982421875
-105.33670806884766
-110.4127197265625
-109.39276123046875
-106.56855010986328
-105.37004852294922
-109.27503204345703
-105.82350158691406
-103.51697540283203
-103.99468994140625
-105.53658294677734
-108.62686920166016
-106.81977081298828
-109.33783721923828
-102.37735748291016
-102.7928237915039
-112.10147094726562
-108.8397445678711
-109.24687194824219
-107.36924743652344
-106.82176971435547
-106.79346466064453
-108.6591567993164
-102.11001586914062
-105.57842254638672
-102.42188262939453
-110.74274444580078
-104.12469482421875
-105.19174194335938
-108.33078002929688
-113.50552368164062
-102.73978424072266
-100.4219970703125
-106.24481964111328
-111.59230041503906
-112.79671478271484
-102.4990234375
-111.9947280883789
-109.80789947509766
-108.92639923095703
-104.70635223388672
-106.5494155883789
-106.18182373046875
-113.66650390625
-111.62360382080078
-105.10134887695312
-106.2068099975586
-103.78752899169922
-112.19778442382812
-113.62104797363281
-107.45572662353516
-111.49411010742188
-105.30084228515625
-113.55084228515625
-100.71524810791016
-103.5609359741211
-104.87626647949219
-107.18377685546875
-115.15119934082031
-106.89884948730469
-109.88080596923828
-110.85350036621094
-111.6666488647461
-102.2991714477539
-110.56863403320312
-111.7535629272461
-110.75468444824219
-115.04000091552734
-110.08600616455078
-107.44807434082031
-110.20223999023438
-106.86616516113281
-113.30940246582031
-108.2551498413086
-105.93873596191406
-107.1380844116211
-105.46985626220703
-108.69463348388672
-108.08451080322266
-104.13614654541016
-105.25926971435547
-99.63750457763672
-114.60997772216797
-111.73104095458984
-110.22816467285156
-103.7767105102539
-106.13133239746094
-101.6194076538086
-104.19447326660156
-105.40055847167969
-102.5135269165039
-105.12471008300781
-102.82203674316406
-110.34212493896484
-107.4158935546875
-104.83621978759766
-107.3161392211914
-111.4791488647461
-104.65658569335938
-99.4167251586914
-103.7266845703125
-105.00643157958984
-105.62095642089844
-103.28802490234375
-104.05570220947266
-101.46251678466797
-112.5014877319336
-101.24752044677734
-105.8913345336914
-108.30354309082031
-105.82315063476562
-105.04742431640625
-103.0270767211914
-103.23857116699219
-115.56436157226562
-102.19303894042969
-105.29056549072266
-106.875
-108.5698471069336
-115.9019546508789
-108.11185455322266
-109.12117767333984
-100.98143005371094
-102.7042465209961
-100.51097869873047
-113.46409606933594
-103.70677947998047
-101.40115356445312
-108.03418731689453
-110.35922241210938
-99.88841247558594
-104.59374237060547
-113.70339965820312
-102.44097137451172
-105.51781463623047
-106.966552734375
-104.55740356445312
-102.9256362915039
-111.53499603271484
-103.1453857421875
-113.82027435302734
-99.98065185546875
-102.7784194946289
-103.70155334472656
-107.91463470458984
-107.80952453613281
-106.6198501586914
-111.53487396240234
-104.17021179199219
-108.14588165283203
-105.08380126953125
-109.09020233154297
-95.47486877441406
-107.46949005126953
-102.06798553466797
-107.03330993652344
-102.30256652832031
-101.45549774169922
-108.53488159179688
-103.79834747314453
-110.84420776367188
-105.88227844238281
-104.33167266845703
-112.86188507080078
-109.26060485839844
-112.45848846435547
-108.92022705078125
-111.32288360595703
-99.94080352783203
-105.11212158203125
-103.86553955078125
-111.7627944946289
-97.23097229003906
-107.00215148925781
-112.5870132446289
-114.31829071044922
-110.22295379638672
-101.48807525634766
-99.21745300292969
-109.9561996459961
-104.83317565917969
-105.61007690429688
-107.34735870361328
-102.93512725830078
-104.72872161865234
-105.67889404296875
-113.42811584472656
-101.51588439941406
-104.13420104980469
-95.56865692138672
-105.99508666992188
-107.17573547363281
-100.26348114013672
-108.75396728515625
-103.14420318603516
-105.57111358642578
-101.43896484375
-110.87773895263672
-110.92302703857422
-105.48348236083984
-105.34809112548828
-103.43809509277344
-109.15834045410156
-104.17298889160156
-109.75275421142578
-102.45781707763672
-105.90129089355469
-98.91686248779297
-107.132080078125
-105.68695068359375
-107.3832778930664
-105.11264038085938
-101.9145278930664
-108.87944793701172
-105.86327362060547
-108.06485748291016
-104.23304748535156
-108.58685302734375
-107.74262237548828
-104.72711181640625
-110.44227600097656
-111.71825408935547
-102.39668273925781
-103.04944610595703
-100.8154525756836
-100.2477035522461
-100.9738540649414
-111.218994140625
-103.34576416015625
-106.60794067382812
-104.90824127197266
-108.22721099853516
-107.71660614013672
-102.07081604003906
-107.3735122680664
-104.6600112915039
-113.38453674316406
-103.43862915039062
-102.88715362548828
-105.17544555664062
-105.14952850341797
-106.93476867675781
-113.7737045288086
-113.8858642578125
-106.11621856689453
-104.57394409179688
-106.2226791381836
-104.95158386230469
-107.85427856445312
-111.9422836303711
-105.17031860351562
-101.29415130615234
-110.09127044677734
-112.28192901611328
-103.00858306884766
-107.55774688720703
-103.7579345703125
-114.08973693847656
-109.53691101074219
-112.0226058959961
-101.93354034423828
-105.41961669921875
-104.79667663574219
-109.51994323730469
-109.29794311523438
-107.30186462402344
-111.12315368652344
-109.0169677734375
-104.90380859375
-109.22345733642578
-107.99545288085938
-104.14592742919922
-108.52677154541016
-113.20382690429688
-112.35709381103516
-112.0641098022461
-102.6932144165039
-103.90379333496094
-111.2049560546875
-104.14730072021484
-102.22666931152344
-101.64772033691406
-108.60255432128906
-97.07830047607422
-110.33544921875
-101.29096984863281
-117.33809661865234
-111.89315795898438
-106.9350357055664
-109.7677230834961
-112.83024597167969
-110.16210174560547
-105.64112091064453
-107.20020294189453
-108.70970916748047
-105.47846221923828
-99.3442153930664
-105.09859466552734
-101.20429992675781
-107.56856536865234
-104.90821075439453
-104.57595825195312
-108.25364685058594
-104.32217407226562
-105.75201416015625
-101.57747650146484
-102.67669677734375
-112.73844909667969
-111.08430480957031
-106.63328552246094
-105.99962615966797
-109.34966278076172
-108.6494140625
-102.06065368652344
-103.40811920166016
-106.5057601928711
-102.31398010253906
-108.52632904052734
-105.53750610351562
-102.43455505371094
-107.92965698242188
-105.15113830566406
-115.89579772949219
-109.65653991699219
-106.51667785644531
-104.63652038574219
-107.75715637207031
-104.1204605102539
-104.79316711425781
-104.65018463134766
-100.85530853271484
-103.04886627197266
-105.85099792480469
-102.28850555419922
-105.77840423583984
-109.62952423095703
-107.32577514648438
-106.64205932617188
-112.46977996826172
-106.18708801269531
-104.85855102539062
-111.05419158935547
-105.00806427001953
-101.993896484375
-105.68424987792969
-108.99248504638672
-106.825439453125
-102.50772094726562
-113.29788970947266
-107.83126831054688
-112.08573913574219
-111.46747589111328
-106.53828430175781
-104.46491241455078
-97.7168960571289
-102.97882843017578
-102.48432159423828
-102.24063873291016
-103.40650939941406
-106.11634826660156
-118.4909896850586
-108.01953125
-112.52494812011719
-112.65351867675781
-109.46207427978516
-104.13796997070312
-108.45711517333984
-103.97388458251953
-103.8827133178711
-112.66295623779297
-100.90225219726562
-111.14671325683594
-106.392578125
-100.07366943359375
-104.28914642333984
-111.0252914428711
-105.13794708251953
-104.40817260742188
-108.61006927490234
-107.71884155273438
-110.6629638671875
-102.84442138671875
-104.74716186523438
-109.54432678222656
-101.5052261352539
-103.1888427734375
-110.86571502685547
-110.55646514892578
-111.10289764404297
-112.36463928222656
-106.46926879882812
-104.60552215576172
-109.9510498046875
-108.25489044189453
-102.92948150634766
-102.9879379272461
-106.032470703125
-108.14256286621094
-105.67625427246094
-103.9972152709961
-110.72149658203125
-96.59532165527344
-105.92540740966797
-107.0189437866211
-108.01854705810547
-105.60479736328125
-102.81684875488281
-108.16039276123047
-106.99036407470703
-101.74009704589844
-105.16039276123047
-114.23601531982422
-108.34781646728516
-107.14320373535156
-106.54183959960938
-108.03951263427734
-106.4485855102539
-110.4632568359375
-108.02597045898438
-101.13945770263672
-105.42399597167969
-107.1543197631836
-103.69453430175781
-107.8520278930664
-104.7807388305664
-104.19261932373047
-102.7467269897461
-104.39302062988281
-109.81500244140625
-114.40190887451172
-106.0184097290039
-106.23726654052734
-109.31094360351562
-104.92864227294922
-110.32032012939453
-102.96917724609375
-105.84107971191406
-109.81312561035156
-99.10591125488281
-104.33429718017578
-110.3211669921875
-102.65516662597656
-106.61530303955078
-108.52222442626953
-111.61746978759766
-100.52648162841797
-105.74443817138672
-105.93495178222656
-99.61416625976562
-105.8883056640625
-108.51460266113281
-105.31510925292969
-101.98248291015625
-110.33182525634766
-110.24937438964844
-106.22454071044922
-106.4615249633789
-103.07720184326172
-109.73710632324219
-110.07845306396484
-106.7491226196289
-105.23941040039062
-106.37379455566406
-102.54265594482422
-107.76721954345703
-108.40121459960938
-108.92654418945312
-101.25213623046875
-112.9659423828125
-105.05722045898438
-104.79170227050781
-99.33344268798828
-103.32393646240234
-100.09127807617188
-103.01227569580078
-105.61723327636719
-97.63636779785156
-109.25321960449219
-110.38661193847656
-105.98963165283203
-105.16130065917969
-114.51510620117188
-113.94474029541016
-102.20352172851562
-101.86283874511719
-111.95410919189453
-108.26547241210938
-100.94309997558594
-107.66376495361328
-102.55976104736328
-105.97135925292969
-102.5758056640625
-106.6689224243164
-108.10055541992188
-108.44306945800781
-102.85271453857422
-104.2281265258789
-109.83285522460938
-100.07572174072266
-95.39554595947266
-102.7503890991211
-105.57901763916016
-105.85852813720703
-102.83714294433594
-107.24124908447266
-108.89866638183594
-106.43965911865234
-103.29900360107422
-106.44743347167969
-107.23182678222656
-110.71223449707031
-105.60784912109375
-111.77847290039062
-101.45863342285156
-107.12445068359375
-107.10189819335938
-111.2813491821289
-106.91120910644531
-108.73028564453125
-107.49942779541016
-105.80543518066406
-112.43877410888672
-102.06134033203125
-103.47761535644531
-108.13626861572266
-102.48140716552734
-108.37482452392578
-106.95027923583984
-111.91475677490234
-104.28617858886719
-107.26800537109375
-109.47087097167969
-105.78981018066406
-109.51703643798828
-105.96067810058594
-109.77880859375
-103.754638671875
-100.19868469238281
-104.41781616210938
-110.41972351074219
-112.20663452148438
-110.70942687988281
-100.0064926147461
-106.13928985595703
-108.4406509399414
-110.7260971069336
-107.9800033569336
-108.09611511230469
-105.2875747680664
-111.60485076904297
-106.54100036621094
-106.96855926513672
-105.92060089111328
-105.36243438720703
-104.10284423828125
-105.30239868164062
-98.16132354736328
-107.66690063476562
-109.35562133789062
-106.28996276855469
-107.5235366821289
-107.79364013671875
-102.6512680053711
-102.23388671875
-111.31390380859375
-106.62945556640625
-109.63849639892578
-105.09903717041016
-107.23287963867188
-99.63446807861328
-104.44963073730469
-108.00785827636719
-103.97877502441406
-104.61286163330078
-109.94891357421875
-104.4164810180664
-108.06652069091797
-103.83284759521484
-103.82918548583984
-106.70783233642578
-108.88954162597656
-112.3788070678711
-112.47767639160156
-106.89753723144531
-105.19085693359375
-102.16273498535156
-110.98186492919922
-99.63227081298828
-113.0854263305664
-104.76531982421875
-111.95146179199219
-105.43897247314453
-100.99943542480469
-104.34884643554688
-104.83942413330078
-105.24803161621094
-112.63417053222656
-109.65042877197266
-107.3223648071289
-104.0810546875
-113.99893951416016
-104.66426086425781
-111.81067657470703
-111.10675048828125
-110.02806854248047
-108.76531982421875
-113.63848876953125
-105.18678283691406
-110.0048599243164
-104.671875
-105.29956817626953
-109.26249694824219
-109.78519439697266
-109.44544219970703
-110.00415802001953
-110.1100845336914
-104.36172485351562
-106.43085479736328
-109.89563751220703
-105.86383819580078
-111.05436706542969
-102.35781860351562
-112.43157196044922
-105.64208221435547
-102.59042358398438
-108.65187072753906
-105.3097915649414
-107.05892181396484
-105.09310913085938
-112.35238647460938
-108.95982360839844
-109.94950866699219
-113.44386291503906
-98.84309387207031
-107.16663360595703
-100.19062805175781
-109.571044921875
-105.19733428955078
-102.1558609008789
-108.04467010498047
-110.26287841796875
-107.26573181152344
-109.6290283203125
-104.92594146728516
-106.0915756225586
-107.9105453491211
-109.66455078125
