-104.6417007446289
-115.9229507446289
-107.10321807861328
-114.9012451171875
-112.36935424804688
-112.48015594482422
-106.6385726928711
-100.17489624023438
-112.67684173583984
-103.82022094726562
-111.52420806884766
-109.42058563232422
-111.75737762451172
-110.3934326171875
-107.91096496582031
-104.25724792480469
-105.57424926757812
-111.79344940185547
-110.13919067382812
-103.11485290527344
-108.32669830322266
-108.69654083251953
-106.44630432128906
-109.66746520996094
-110.98372650146484
-116.23634338378906
-103.0286865234375
-113.65717315673828
-103.40556335449219
-106.24784088134766
-111.91117095947266
-116.53855895996094
-110.93805694580078
-114.70944213867188
-110.74530029296875
-104.25448608398438
-106.54409790039062
-109.07447052001953
-109.48828887939453
-107.14689636230469
-102.36396789550781
-100.56629180908203
-111.10916137695312
-107.17283630371094
-105.24977111816406
-112.77395629882812
-109.13164520263672
-107.823486328125
-107.50238800048828
-107.65684509277344
-103.59062957763672
-105.73994445800781
-106.05677032470703
-119.46117401123047
-111.31483459472656
-108.75994110107422
-110.15689086914062
-101.95805358886719
-99.37367248535156
-113.95394897460938
-106.66445922851562
-108.880859375
-104.28565216064453
-108.34659576416016
-109.45980834960938
-102.82317352294922
-108.58015441894531
-107.73831176757812
-109.08590698242188
-104.46588134765625
-108.22282409667969
-104.33158874511719
-102.60850524902344
-115.52627563476562
-108.839599609375
-111.8783187866211
-104.84710693359375
-110.29113006591797
-107.8282470703125
-113.01802062988281
-104.5540771484375
-110.94415283203125
-100.831787109375
-106.61241149902344
-111.71434020996094
-108.91839599609375
-111.57898712158203
-102.87088012695312
-111.9484634399414
-101.34942626953125
-105.16543579101562
-108.56710815429688
-108.40113830566406
-111.75446319580078
-115.44136047363281
-105.47655487060547
-109.8805923461914
-106.86621856689453
-105.72393035888672
-110.7713394165039
-107.24264526367188
-98.33682250976562
-114.64567565917969
-110.58097839355469
-107.63334655761719
-111.8434066772461
-112.38786315917969
-101.23967742919922
-108.17186737060547
-101.58350372314453
-110.6302490234375
-96.9521255493164
-109.11293029785156
-101.64298248291016
-106.34764862060547
-106.46900939941406
-109.11810302734375
-106.26182556152344
-103.3747329711914
-102.57013702392578
-115.62005615234375
-107.01374053955078
-106.8239974975586
-104.07701110839844
-98.5862808227539
-111.02182006835938
-105.60931396484375
-100.96248626708984
-107.69789123535156
-106.4372329711914
-100.33148956298828
-109.24623107910156
-101.01242065429688
-109.11206817626953
-103.05854034423828
-105.55351257324219
-106.01580047607422
-109.81970977783203
-108.0224838256836
-106.17649841308594
-109.45471954345703
-108.21810150146484
-106.31095886230469
-106.6270980834961
-107.63874816894531
-104.22483825683594
-107.91112518310547
-104.87612915039062
-109.34698486328125
-111.0687484741211
-115.32069396972656
-102.4835433959961
-112.47077941894531
-109.81539916992188
-112.55113220214844
-113.04214477539062
-116.7627182006836
-110.2712173461914
-111.59150695800781
-104.99047088623047
-110.37744140625
-107.89595794677734
-108.55625915527344
-107.13947296142578
-106.36807250976562
-104.37818145751953
-108.70465087890625
-116.1948013305664
-112.20453643798828
-107.94482421875
-107.26578521728516
-97.8838882446289
-113.05287170410156
-103.47895812988281
-102.69890594482422
-107.40581512451172
-103.94815063476562
-106.20751190185547
-109.8133316040039
-103.25995635986328
-107.7913589477539
-113.35647583007812
-108.2740478515625
-108.73853302001953
-102.70269775390625
-107.04935455322266
-102.61378479003906
-110.71339416503906
-110.73832702636719
-110.13162994384766
-112.47322845458984
-105.36235046386719
-104.19535064697266
-109.34671020507812
-104.60845947265625
-106.02872467041016
-108.48329162597656
-111.40056610107422
-103.50599670410156
-108.93595123291016
-105.13546752929688
-107.70344543457031
-109.33087158203125
-100.70391845703125
-109.68595123291016
-109.80056762695312
-112.24420166015625
-104.41895294189453
-99.41687774658203
-112.27383422851562
-105.65328216552734
-109.60768127441406
-105.50719451904297
-114.50093841552734
-112.20594024658203
-109.80622863769531
-110.1755599975586
-104.84213256835938
-110.81825256347656
-105.70561981201172
-104.11091613769531
-113.1632080078125
-106.6926498413086
-112.4040756225586
-109.14089965820312
-112.81792449951172
-112.06546783447266
-111.47254180908203
-110.68766784667969
-109.30845642089844
-115.45294189453125
-116.26593017578125
-110.13451385498047
-109.70191192626953
-111.00151824951172
-102.5359115600586
-111.51216125488281
-111.2201156616211
-111.31280517578125
-107.19756317138672
-111.91919708251953
-110.38894653320312
-108.68482208251953
-107.86861419677734
-107.7883529663086
-111.12498474121094
-110.39144134521484
-111.03460693359375
-105.92926788330078
-105.49130249023438
-110.62188720703125
-107.61395263671875
-104.73124694824219
-99.94175720214844
-108.63436889648438
-106.35071563720703
-110.04701232910156
-118.96269226074219
-104.67522430419922
-110.28662109375
-113.4508056640625
-107.41862487792969
-108.18658447265625
-103.1153564453125
-103.67254638671875
-109.70413970947266
-109.46406555175781
-99.1079330444336
-103.20345306396484
-111.08788299560547
-107.40634155273438
-108.88867950439453
-106.6939468383789
-110.31075286865234
-102.90380096435547
-106.4284896850586
-107.38432312011719
-100.5730972290039
-107.32750701904297
-110.58489990234375
-100.54721069335938
-105.17485809326172
-108.1167221069336
-103.90509033203125
-99.4937744140625
-109.27326965332031
-106.15809631347656
-112.59838104248047
-113.26564025878906
-108.45709991455078
-108.00257110595703
-100.55184936523438
-106.83654022216797
-111.44406127929688
-110.53427124023438
-106.93848419189453
-108.0777816772461
-112.43917846679688
-108.42399597167969
-104.77266693115234
-105.28849029541016
-108.80429077148438
-109.84323120117188
-108.99506378173828
-110.53590393066406
-104.90174102783203
-104.95494842529297
-112.37006378173828
-110.05844116210938
-109.66950225830078
-108.94435119628906
-107.24234008789062
-107.39915466308594
-108.2077407836914
-104.25624084472656
-109.39395904541016
-102.56031036376953
-111.58248138427734
-104.90633392333984
-105.51051330566406
-110.8533706665039
-115.05787658691406
-102.64328002929688
-101.15086364746094
-107.9836654663086
-111.92044067382812
-113.44647979736328
-104.45021057128906
-112.7660140991211
-112.29741668701172
-110.56947326660156
-106.18243408203125
-108.11573028564453
-106.82752227783203
-115.05830383300781
-113.11624145507812
-106.61517333984375
-108.42385864257812
-106.39046478271484
-113.13224029541016
-115.5177001953125
-108.9380874633789
-112.65098571777344
-107.19821166992188
-115.34053039550781
-102.04354858398438
-104.11367797851562
-105.52130889892578
-107.66476440429688
-116.0572738647461
-108.42066192626953
-111.75047302246094
-113.49536895751953
-112.25062561035156
-103.68329620361328
-112.9052963256836
-113.47164916992188
-111.8056411743164
-117.23091125488281
-111.16009521484375
-109.4189682006836
-113.66297912597656
-107.61494445800781
-114.41252899169922
-108.61970520019531
-107.93998718261719
-109.0282974243164
-106.40401458740234
-108.03328704833984
-110.36417388916016
-105.07684326171875
-106.93602752685547
-101.26935577392578
-115.79171752929688
-111.68744659423828
-112.75149536132812
-103.29927825927734
-106.53965759277344
-102.39913177490234
-104.83946990966797
-108.46965026855469
-101.41327667236328
-104.38034057617188
-103.7357177734375
-111.99909210205078
-107.86516571044922
-104.84812927246094
-108.78746032714844
-112.25602722167969
-104.72737884521484
-101.41175079345703
-105.36750793457031
-105.87420654296875
-105.25163269042969
-104.43745422363281
-105.34911346435547
-102.47618103027344
-114.49398803710938
-101.56767272949219
-107.73123931884766
-108.91381072998047
-106.47763061523438
-105.20774841308594
-104.4386978149414
-104.19428253173828
-118.23351287841797
-103.64652252197266
-106.70024108886719
-108.42289733886719
-109.63797760009766
-118.18122863769531
-110.49251556396484
-108.88776397705078
-102.84294891357422
-103.62764739990234
-102.78289031982422
-114.10990905761719
-103.52912902832031
-103.0325698852539
-109.0100326538086
-112.50970458984375
-102.01481628417969
-105.12950134277344
-114.36688232421875
-102.203857421875
-107.83822631835938
-107.90022277832031
-105.40495300292969
-104.96379852294922
-113.81138610839844
-105.29508209228516
-115.26041412353516
-101.856689453125
-104.1533432006836
-103.990478515625
-110.4771957397461
-108.55192565917969
-107.88841247558594
-111.30098724365234
-105.99005126953125
-107.64295959472656
-105.5360336303711
-110.02758026123047
-96.29788208007812
-108.04959869384766
-103.17240142822266
-110.87024688720703
-103.17904663085938
-102.93579864501953
-110.56736755371094
-104.37617492675781
-113.19964599609375
-108.47711181640625
-106.79425811767578
-115.82487487792969
-109.73668670654297
-116.14788818359375
-111.29373168945312
-112.54907989501953
-101.16091918945312
-107.04973602294922
-104.81227111816406
-113.45063781738281
-98.41627502441406
-107.76437377929688
-113.91445922851562
-114.855224609375
-111.16456604003906
-101.87615203857422
-99.79246520996094
-110.4138412475586
-104.63336944580078
-107.04498291015625
-108.74934387207031
-105.3862533569336
-106.4793472290039
-107.19043731689453
-114.80574798583984
-102.77088165283203
-104.81161499023438
-98.5543212890625
-107.73457336425781
-109.23384094238281
-101.3453598022461
-110.21859741210938
-103.53092956542969
-108.22618103027344
-102.26820373535156
-112.23871612548828
-110.69770050048828
-106.09114837646484
-105.47608947753906
-103.99916076660156
-110.26892852783203
-106.01472473144531
-111.03282165527344
-102.27371215820312
-107.02779388427734
-99.04618835449219
-106.89163970947266
-107.11648559570312
-108.16828918457031
-106.8603286743164
-101.76435089111328
-109.58567810058594
-105.91299438476562
-109.5749740600586
-105.17047882080078
-109.17754364013672
-108.27007293701172
-106.9218521118164
-111.37316131591797
-112.79631805419922
-103.6424789428711
-103.88141632080078
-100.75780487060547
-101.82804107666016
-102.3509750366211
-111.92093658447266
-105.31883239746094
-107.5868911743164
-105.14513397216797
-109.524658203125
-110.03277587890625
-102.97986602783203
-108.31914520263672
-106.29776000976562
-114.03682708740234
-105.71195983886719
-104.54667663574219
-107.20503234863281
-106.19790649414062
-108.18386840820312
-115.43966674804688
-113.75004577636719
-106.10746002197266
-106.20653533935547
-108.36371612548828
-106.86359405517578
-107.31126403808594
-114.38751220703125
-105.34158325195312
-101.5145034790039
-110.9929428100586
-113.466796875
-104.14970397949219
-108.5854721069336
-103.69823455810547
-114.98177337646484
-110.7820053100586
-113.98684692382812
-102.70136260986328
-105.37958526611328
-107.26142883300781
-111.22600555419922
-111.16521453857422
-109.71808624267578
-112.85051727294922
-110.33258819580078
-104.506103515625
-110.3803939819336
-109.13545227050781
-105.80899810791016
-111.10297393798828
-115.16722869873047
-115.80657196044922
-112.89945983886719
-103.01272583007812
-106.45963287353516
-113.09637451171875
-105.05752563476562
-104.20840454101562
-103.84962463378906
-110.55179595947266
-99.55061340332031
-111.57362365722656
-102.45945739746094
-120.0613784790039
-113.46841430664062
-107.70513916015625
-111.11495208740234
-115.41769409179688
-112.0867919921875
-105.8862075805664
-109.052978515625
-109.7573471069336
-107.08232116699219
-101.19696044921875
-106.4626235961914
-101.8258285522461
-107.41162109375
-106.57752990722656
-107.4498291015625
-111.78385925292969
-106.215087890625
-106.78311920166016
-103.04496765136719
-104.06178283691406
-114.35399627685547
-113.32929992675781
-108.02197265625
-106.94367980957031
-110.37272644042969
-110.05937194824219
-102.70930480957031
-105.32391357421875
-108.19749450683594
-104.15550994873047
-110.85626220703125
-106.14095306396484
-104.16114807128906
-110.85863494873047
-107.5565414428711
-117.48483276367188
-111.3758773803711
-107.4540023803711
-107.38395690917969
-108.2847671508789
-106.26551055908203
-105.28092956542969
-108.11717224121094
-102.83928680419922
-104.5639877319336
-106.4808578491211
-103.17218780517578
-106.58295440673828
-111.28221130371094
-106.70368194580078
-107.83108520507812
-113.07962799072266
-107.87826538085938
-107.20539855957031
-112.46806335449219
-106.14908599853516
-102.73916625976562
-107.57916259765625
-109.20112609863281
-106.47887420654297
-104.63795471191406
-114.42835235595703
-110.098876953125
-114.96360778808594
-112.25424194335938
-107.45850372314453
-106.30418395996094
-99.2305679321289
-104.26746368408203
-104.1941909790039
-105.01253509521484
-106.20157623291016
-107.9176025390625
-119.68640899658203
-108.93753051757812
-114.53863525390625
-112.87378692626953
-110.29071044921875
-105.17835998535156
-108.94660186767578
-105.04442596435547
-104.91134643554688
-113.15099334716797
-103.63674926757812
-112.2010269165039
-107.69438934326172
-100.32028198242188
-108.32112884521484
-113.12814331054688
-106.43120574951172
-105.19743347167969
-109.4415512084961
-109.91554260253906
-112.28723907470703
-103.98893737792969
-105.26589965820312
-110.24019622802734
-102.78511810302734
-104.56812286376953
-111.87689971923828
-111.73133087158203
-112.36717224121094
-111.59126281738281
-107.48200988769531
-105.46835327148438
-111.8693618774414
-110.7021713256836
-104.98011779785156
-103.67615509033203
-106.28872680664062
-109.93331146240234
-107.3043212890625
-103.9535140991211
-111.88147735595703
-99.07754516601562
-107.88855743408203
-109.8416976928711
-109.68671417236328
-108.10360717773438
-105.19842529296875
-108.70890808105469
-106.3270263671875
-103.7216796875
-106.20259857177734
-116.13727569580078
-110.50330352783203
-109.26043701171875
-108.6727523803711
-108.89005279541016
-108.4163818359375
-111.41313171386719
-109.06149291992188
-102.77397155761719
-108.80796813964844
-108.80529022216797
-104.88592529296875
-108.34162139892578
-106.4863052368164
-105.5389633178711
-104.88232421875
-106.16173553466797
-110.26323699951172
-117.8514633178711
-106.7847671508789
-107.72345733642578
-110.46593475341797
-107.7201919555664
-111.52925109863281
-103.86398315429688
-107.50480651855469
-110.55081176757812
-100.1794204711914
-105.95389556884766
-112.37466430664062
-104.53345489501953
-107.48992919921875
-110.12288665771484
-112.34490966796875
-102.46043395996094
-107.58656311035156
-107.43302917480469
-99.98926544189453
-108.08340454101562
-109.52022552490234
-105.81904602050781
-103.0195083618164
-111.24404907226562
-111.16146087646484
-106.82857513427734
-107.01423645019531
-104.19730377197266
-110.42427825927734
-112.38723754882812
-108.38263702392578
-105.7292709350586
-106.4889907836914
-103.36428833007812
-107.85231018066406
-110.74779510498047
-108.885986328125
-101.8299789428711
-114.68289947509766
-106.5268783569336
-105.55256652832031
-100.71607971191406
-105.63026428222656
-100.74697875976562
-104.40512084960938
-108.27111053466797
-98.69100952148438
-110.00589752197266
-112.38603973388672
-107.98502349853516
-105.93820190429688
-115.11988067626953
-114.51570129394531
-103.38540649414062
-103.57862854003906
-113.33641815185547
-109.99365234375
-102.14208221435547
-109.04620361328125
-103.10282135009766
-107.32398986816406
-102.86186981201172
-108.16792297363281
-110.97306823730469
-110.49238586425781
-105.69913482666016
-105.9557876586914
-110.31295776367188
-101.18767547607422
-96.35965728759766
-103.6812744140625
-105.91927337646484
-107.77122497558594
-104.78068542480469
-108.51777648925781
-109.79058074951172
-107.343505859375
-106.22571563720703
-108.72437286376953
-106.63339233398438
-111.29125213623047
-107.0352783203125
-114.52192687988281
-102.78014373779297
-108.36148834228516
-109.306640625
-112.89302062988281
-107.32679748535156
-109.78960418701172
-107.76202392578125
-106.98577880859375
-112.59272766113281
-103.32707977294922
-104.59754180908203
-108.31039428710938
-105.13424682617188
-109.33226013183594
-107.21175384521484
-113.28641510009766
-107.44071197509766
-108.19159698486328
-110.33294677734375
-107.02262878417969
-112.78462982177734
-106.3533706665039
-112.55783081054688
-105.76850891113281
-101.69642639160156
-103.9805908203125
-111.43960571289062
-112.52019500732422
-110.29119873046875
-101.87661743164062
-107.47283935546875
-109.29637908935547
-112.09716033935547
-109.20146942138672
-107.71210479736328
-105.83538818359375
-114.77377319335938
-106.64873504638672
-107.78436279296875
-107.41959381103516
-107.55510711669922
-105.3848648071289
-107.21788787841797
-100.48271179199219
-109.56522369384766
-110.44308471679688
-107.92545318603516
-107.50334930419922
-109.41294860839844
-104.26551818847656
-102.98931884765625
-111.22911834716797
-106.81405639648438
-111.50247192382812
-105.13206481933594
-107.32827758789062
-99.99031829833984
-105.08057403564453
-108.78614044189453
-104.08085632324219
-105.60515594482422
-110.45695495605469
-106.19739532470703
-109.73219299316406
-103.67932891845703
-104.13086700439453
-107.10848999023438
-110.4248275756836
-113.30220031738281
-112.51525115966797
-108.15961456298828
-106.7744140625
-101.98584747314453
-112.61538696289062
-100.618896484375
-114.70771789550781
-106.42800903320312
-112.47731018066406
-106.41667175292969
-101.76860046386719
-105.70669555664062
-105.0296401977539
-107.59854125976562
-113.70136260986328
-109.7931900024414
-108.47241973876953
-104.91136169433594
-117.12594604492188
-107.2298355102539
-112.69906616210938
-112.40299987792969
-111.71236419677734
-110.0069808959961
-114.62600708007812
-107.47720336914062
-111.17858123779297
-104.16159057617188
-108.01626586914062
-109.72254943847656
-110.89898681640625
-108.52264404296875
-110.23893737792969
-110.3639144897461
-104.92813110351562
-108.85649871826172
-110.3069076538086
-107.45564270019531
-111.87886810302734
-103.85215759277344
-113.3372802734375
-104.74130249023438
-103.44567108154297
-108.22988891601562
-108.96332550048828
-108.52843475341797
-105.76885986328125
-110.74491119384766
-110.26300811767578
-109.87994384765625
-113.69111633300781
-101.11717987060547
-107.39328002929688
-100.98333740234375
-110.81246185302734
-103.86339569091797
-103.62779235839844
-109.35901641845703
-110.40201568603516
-109.61369323730469
-111.90901947021484
-106.12437438964844
-108.85736083984375
-108.80372619628906
-108.4158935546875
