-99.42700958251953
-111.16468048095703
-105.09716796875
-109.2775650024414
-109.26628112792969
-104.9308090209961
-101.72486114501953
-96.4249267578125
-106.28221893310547
-99.15443420410156
-109.38287353515625
-104.80528259277344
-108.7166519165039
-107.11357879638672
-103.89231872558594
-100.95097351074219
-100.67992401123047
-109.70994567871094
-106.72785186767578
-100.53688049316406
-105.55516052246094
-105.83818054199219
-103.96168518066406
-108.03924560546875
-108.85126495361328
-115.39918518066406
-101.7033920288086
-107.72672271728516
-99.57962799072266
-101.91739654541016
-107.70198822021484
-113.5734634399414
-109.2175064086914
-112.50189208984375
-109.03719329833984
-102.10199737548828
-101.95806884765625
-105.47859191894531
-104.85826110839844
-103.85916900634766
-97.79888916015625
-100.51158142089844
-109.08111572265625
-103.01414489746094
-99.57371520996094
-107.53050994873047
-108.21404266357422
-106.3604736328125
-104.51280212402344
-104.28143310546875
-101.67203521728516
-105.27835845947266
-103.81082153320312
-117.2422866821289
-108.63384246826172
-106.78096771240234
-108.56646728515625
-98.2260971069336
-97.87694549560547
-111.32676696777344
-103.46368408203125
-107.93934631347656
-101.19953918457031
-105.2282943725586
-107.0622787475586
-100.51419830322266
-107.26895904541016
-106.43670654296875
-105.64004516601562
-100.57384490966797
-103.72997283935547
-104.27852630615234
-101.7599868774414
-108.92947387695312
-104.97056579589844
-107.98147583007812
-102.8609390258789
-104.8868637084961
-101.9810791015625
-107.80894470214844
-102.11492919921875
-104.2847900390625
-98.65449523925781
-102.86859893798828
-109.88803100585938
-103.5447006225586
-104.32615661621094
-99.84577178955078
-108.39834594726562
-99.09164428710938
-102.07699584960938
-105.115478515625
-103.54346466064453
-106.8466796875
-109.36427307128906
-103.2038345336914
-107.24752044677734
-103.48255157470703
-102.8882064819336
-104.51920318603516
-106.19136047363281
-96.20374298095703
-109.44994354248047
-105.5615234375
-103.26229858398438
-110.53001403808594
-107.18317413330078
-99.02755737304688
-102.21833801269531
-100.1770248413086
-106.2406005859375
-96.5743637084961
-106.36043548583984
-99.74353790283203
-104.9062728881836
-102.74996948242188
-106.79283905029297
-103.02804565429688
-102.5406265258789
-100.1197738647461
-114.15122985839844
-104.4548568725586
-103.75647735595703
-102.40899658203125
-97.18315124511719
-107.8952865600586
-102.9687728881836
-98.94660186767578
-105.92288208007812
-106.09072875976562
-100.73947143554688
-107.004638671875
-98.67469024658203
-105.8435287475586
-101.26526641845703
-102.5242691040039
-102.38723754882812
-107.03623962402344
-102.27780151367188
-102.5495834350586
-106.37802124023438
-104.50288391113281
-101.80709838867188
-103.69325256347656
-106.94131469726562
-101.73585510253906
-104.21505737304688
-103.08172607421875
-106.8853530883789
-109.6097640991211
-111.66425323486328
-100.39563751220703
-106.84309387207031
-107.48468780517578
-109.8297119140625
-111.54196166992188
-111.89872741699219
-104.83081817626953
-109.88091278076172
-102.8520278930664
-105.88525390625
-105.86430358886719
-105.9922103881836
-102.81694793701172
-100.20238494873047
-101.18595886230469
-107.36614227294922
-113.66712951660156
-110.27246856689453
-105.87101745605469
-102.98804473876953
-96.05953216552734
-107.77330780029297
-102.29518127441406
-100.86226654052734
-105.28227996826172
-103.17477416992188
-102.92667388916016
-108.62861633300781
-101.43577575683594
-104.92636108398438
-109.3297119140625
-104.22071075439453
-104.63035583496094
-97.36604309082031
-106.07795715332031
-102.11785125732422
-106.12895965576172
-106.87806701660156
-106.3062515258789
-108.0927963256836
-101.0732192993164
-102.64838409423828
-106.49105072021484
-102.00244903564453
-102.69197845458984
-102.71485137939453
-107.60231018066406
-100.22626495361328
-105.4341812133789
-101.80619812011719
-104.75971221923828
-105.67586517333984
-98.39978790283203
-106.32486724853516
-105.47943878173828
-110.70896911621094
-100.60911560058594
-97.75784301757812
-107.6868896484375
-103.75003051757812
-104.82323455810547
-103.56688690185547
-111.06295776367188
-108.03740692138672
-106.016357421875
-106.92192840576172
-103.93932342529297
-107.08000946044922
-103.16078186035156
-101.17970275878906
-110.77628326416016
-103.01625061035156
-107.85574340820312
-104.62167358398438
-109.2928466796875
-108.0219497680664
-108.98380279541016
-107.47462463378906
-110.09149932861328
-113.11181640625
-115.12429809570312
-110.19884490966797
-106.10918426513672
-108.6804428100586
-100.23672485351562
-108.02001953125
-106.84037780761719
-108.54936218261719
-103.38966369628906
-110.32853698730469
-107.45211029052734
-105.53349304199219
-106.5587158203125
-104.86988830566406
-108.23179626464844
-106.5364990234375
-109.37256622314453
-102.77324676513672
-101.48418426513672
-107.25624084472656
-106.94149017333984
-101.47372436523438
-98.19896697998047
-101.91883850097656
-105.1810302734375
-106.90435791015625
-116.39570617675781
-103.50645446777344
-107.29468536376953
-108.82642364501953
-104.37885284423828
-106.82588958740234
-99.716552734375
-100.69256591796875
-104.44305419921875
-108.37606048583984
-98.89492797851562
-101.41260528564453
-105.30500030517578
-104.48031616210938
-105.08120727539062
-104.86483001708984
-109.88892364501953
-100.10696411132812
-104.75366973876953
-106.75407409667969
-97.9775619506836
-104.64468383789062
-107.56626892089844
-98.09888458251953
-102.92350006103516
-105.62803649902344
-101.0842056274414
-98.97943115234375
-106.43651580810547
-103.20938873291016
-106.95990753173828
-106.81037139892578
-105.96345520019531
-106.33023834228516
-101.30386352539062
-104.50323486328125
-106.42374420166016
-105.65771484375
-107.66191864013672
-103.52190399169922
-108.91099548339844
-102.93659973144531
-100.7408218383789
-101.29554748535156
-103.70439910888672
-109.8490219116211
-105.02987670898438
-106.23757934570312
-101.215087890625
-100.79779815673828
-111.19688415527344
-107.2851791381836
-106.35350036621094
-106.13312530517578
-106.48492431640625
-103.7118911743164
-105.87631225585938
-98.52975463867188
-104.23042297363281
-99.44590759277344
-108.89788818359375
-101.0853500366211
-103.88885498046875
-106.86726379394531
-110.58198547363281
-100.6402587890625
-100.00386810302734
-101.37168884277344
-109.95570373535156
-111.38443756103516
-100.07711791992188
-109.4917984008789
-106.3597183227539
-107.5648193359375
-103.01377868652344
-104.72321319580078
-101.78091430664062
-110.71054077148438
-109.52751159667969
-103.85552215576172
-104.30596923828125
-101.65559387207031
-112.5956802368164
-109.44459533691406
-106.82974243164062
-108.43412017822266
-104.61766052246094
-110.64713287353516
-99.32720947265625
-100.31301879882812
-103.94428253173828
-105.21610260009766
-111.87080383300781
-104.7948989868164
-106.34345245361328
-107.89844512939453
-109.86258697509766
-99.56243896484375
-107.8399887084961
-108.8905029296875
-108.5550308227539
-111.29864501953125
-107.9105453491211
-105.52843475341797
-107.4377212524414
-104.45326232910156
-109.63431549072266
-105.97125244140625
-104.75956726074219
-105.67228698730469
-104.01025390625
-108.27787780761719
-107.35967254638672
-104.13892364501953
-104.89312744140625
-99.47010040283203
-111.2081298828125
-107.10671997070312
-109.47643280029297
-101.33062744140625
-104.93340301513672
-99.62796020507812
-101.1348876953125
-104.02530670166016
-98.38508605957031
-102.05997467041016
-102.06301879882812
-108.20598602294922
-103.58418273925781
-103.26997375488281
-106.79802703857422
-106.46797180175781
-103.84241485595703
-100.90132904052734
-101.34233856201172
-103.31842041015625
-103.65351104736328
-105.81668853759766
-102.67853546142578
-97.18707275390625
-112.77692413330078
-103.16260528564453
-104.36180114746094
-107.37179565429688
-103.26419067382812
-103.53034973144531
-99.43095397949219
-100.5932388305664
-116.37109375
-99.07398986816406
-105.60149383544922
-104.66996765136719
-104.5401611328125
-112.70142364501953
-108.01899719238281
-107.47978210449219
-100.56382751464844
-101.4552001953125
-99.92253112792969
-111.33306121826172
-100.34986877441406
-101.38197326660156
-105.90629577636719
-105.3102035522461
-100.04395294189453
-104.83071899414062
-111.37594604492188
-100.490234375
-102.04631805419922
-103.74968719482422
-102.37373352050781
-98.88509368896484
-108.97923278808594
-101.46687316894531
-110.23063659667969
-100.1463851928711
-102.75932312011719
-101.30892944335938
-106.28083038330078
-103.14793395996094
-105.80461120605469
-106.31478118896484
-100.36943054199219
-105.14075469970703
-103.24017333984375
-109.793701171875
-95.06693267822266
-103.42919158935547
-99.73055267333984
-104.98564910888672
-101.1729507446289
-99.66431427001953
-106.50166320800781
-99.24942779541016
-108.13148498535156
-103.44144439697266
-103.38370513916016
-109.82325744628906
-104.13053131103516
-109.9197769165039
-108.18870544433594
-110.42404174804688
-100.85418701171875
-106.19673156738281
-101.16153717041016
-109.91744232177734
-93.98983764648438
-103.33049011230469
-111.3324966430664
-110.70968627929688
-106.19232940673828
-98.2818832397461
-98.1252212524414
-106.1524658203125
-101.66539764404297
-103.95159912109375
-104.37605285644531
-102.8607406616211
-103.04019165039062
-103.50828552246094
-110.86241912841797
-100.35333251953125
-103.85955047607422
-94.64140319824219
-104.59577178955078
-105.37100219726562
-95.98125457763672
-109.19583129882812
-101.97827911376953
-102.53546142578125
-98.89973449707031
-107.9683609008789
-107.68559265136719
-102.24544525146484
-101.4081802368164
-102.26710510253906
-110.43537139892578
-103.97341918945312
-107.58443450927734
-101.64539337158203
-105.19129943847656
-97.59143829345703
-102.70726013183594
-103.07106018066406
-103.29067993164062
-101.14601135253906
-99.58735656738281
-104.16261291503906
-105.70386505126953
-108.00076293945312
-100.53619384765625
-105.58723449707031
-105.80805206298828
-103.16720581054688
-108.36219024658203
-112.90235900878906
-100.0851821899414
-101.8300552368164
-98.8154067993164
-102.48963165283203
-101.1689453125
-110.92494201660156
-101.24038696289062
-103.27608489990234
-101.99601745605469
-106.05809783935547
-105.19253540039062
-100.4008560180664
-107.91873931884766
-106.1169662475586
-111.77962493896484
-103.9141616821289
-102.3777084350586
-104.38883209228516
-105.61949920654297
-107.45201873779297
-109.80853271484375
-113.43620300292969
-102.6063232421875
-104.23771667480469
-104.8750228881836
-99.7987060546875
-106.01802062988281
-109.03915405273438
-103.08679962158203
-97.24372100830078
-106.78311157226562
-108.43647766113281
-98.39833068847656
-102.9468765258789
-98.83930206298828
-111.42839813232422
-107.4784927368164
-108.59345245361328
-100.01424407958984
-102.43397521972656
-102.19564819335938
-106.38937377929688
-102.29039001464844
-107.00763702392578
-106.7300033569336
-109.2897720336914
-103.3370590209961
-104.29275512695312
-106.20024108886719
-102.41389465332031
-105.8853988647461
-111.29071044921875
-108.26585388183594
-107.800048828125
-98.78034973144531
-104.76822662353516
-111.49446868896484
-101.61296844482422
-98.62947082519531
-101.36292266845703
-107.33663177490234
-96.483642578125
-106.34942626953125
-101.31549072265625
-113.08704376220703
-110.49742126464844
-106.92805480957031
-107.88619995117188
-110.29285430908203
-106.54605865478516
-104.54749298095703
-104.97994995117188
-106.754150390625
-102.97709655761719
-98.17115783691406
-104.0732650756836
-99.38127899169922
-106.67596435546875
-103.42427062988281
-103.02067565917969
-104.55888366699219
-101.46327209472656
-104.8512191772461
-100.55084991455078
-100.66517639160156
-110.39059448242188
-108.82865142822266
-103.91014862060547
-106.34555053710938
-106.04305267333984
-105.86614990234375
-101.0487289428711
-101.30252838134766
-106.19172668457031
-100.78607177734375
-107.66516876220703
-103.21048736572266
-101.3846435546875
-107.50709533691406
-102.5604019165039
-113.76371765136719
-107.44703674316406
-104.5315170288086
-103.52439880371094
-107.12614440917969
-102.29846954345703
-104.60968780517578
-104.82840728759766
-101.40522766113281
-101.08026885986328
-103.33317565917969
-100.74771118164062
-105.90167236328125
-108.7229995727539
-104.11381530761719
-105.16944122314453
-109.68402099609375
-105.83104705810547
-104.30757904052734
-108.68818664550781
-101.80615997314453
-101.29625701904297
-104.73828887939453
-106.84565734863281
-105.32567596435547
-99.489013671875
-112.21794128417969
-106.12191009521484
-110.61711883544922
-110.58938598632812
-103.60157012939453
-103.09540557861328
-98.7872085571289
-102.39381408691406
-101.86039733886719
-99.84297943115234
-100.9765853881836
-105.16315460205078
-116.10203552246094
-106.42868041992188
-110.24761962890625
-109.48109436035156
-105.88358306884766
-99.93120574951172
-106.60810089111328
-100.95081329345703
-102.62908935546875
-110.19723510742188
-99.88508605957031
-105.9976806640625
-103.38262176513672
-98.85755920410156
-101.83792114257812
-109.83537292480469
-105.47392272949219
-103.2629165649414
-107.84937286376953
-106.49573516845703
-107.1183090209961
-101.744873046875
-100.97980499267578
-108.90916442871094
-100.59068298339844
-100.51500701904297
-107.45668029785156
-107.24270629882812
-109.5771255493164
-106.06637573242188
-104.91436004638672
-103.54603576660156
-106.68840026855469
-106.7965087890625
-103.40711975097656
-101.2672119140625
-103.33456420898438
-105.42575073242188
-103.91837310791016
-101.92717742919922
-107.43728637695312
-96.36663055419922
-103.82832336425781
-106.37108612060547
-105.27667999267578
-104.83892822265625
-103.07952880859375
-103.36724853515625
-103.05126953125
-100.53237915039062
-105.24433135986328
-111.3884506225586
-110.56073760986328
-106.1106948852539
-104.80282592773438
-104.50100708007812
-103.99706268310547
-109.89761352539062
-103.773681640625
-101.61769104003906
-103.75577545166016
-103.09278869628906
-100.9310302734375
-105.1946792602539
-102.34451293945312
-102.6324462890625
-101.21617126464844
-104.10321807861328
-111.10565948486328
-110.61509704589844
-103.34445190429688
-104.78910064697266
-108.94580078125
-103.09469604492188
-107.39439392089844
-98.7164306640625
-105.40398406982422
-110.64746856689453
-98.69527435302734
-103.45399475097656
-112.36361694335938
-105.0075454711914
-106.62651824951172
-104.40801239013672
-108.59961700439453
-98.20618438720703
-105.14202880859375
-102.65029907226562
-99.61415100097656
-105.93437957763672
-105.10116577148438
-103.10053253173828
-100.19127655029297
-107.93543243408203
-106.66905975341797
-102.59848022460938
-103.45991516113281
-106.62498474121094
-108.07249450683594
-107.86067962646484
-105.04325103759766
-102.04499053955078
-104.40523529052734
-100.5016860961914
-105.19618225097656
-107.25875091552734
-105.70561981201172
-101.79632568359375
-111.3662109375
-102.19784545898438
-102.63237762451172
-95.27562713623047
-101.61600494384766
-97.93415069580078
-103.02439880371094
-103.85741424560547
-96.7213134765625
-107.53163146972656
-107.2042465209961
-105.41107177734375
-102.04222106933594
-111.21520233154297
-111.7411117553711
-99.84333801269531
-103.0361328125
-111.26516723632812
-108.4359359741211
-99.51091766357422
-107.0663833618164
-102.05370330810547
-104.39143371582031
-100.1241455078125
-105.31080627441406
-106.17039489746094
-106.28742218017578
-98.86373901367188
-103.53728485107422
-107.25743865966797
-98.46122741699219
-93.16162872314453
-100.29547119140625
-103.4488296508789
-105.3975830078125
-101.91570281982422
-105.54005432128906
-108.94894409179688
-104.401611328125
-101.77188110351562
-106.14677429199219
-105.28395080566406
-106.28040313720703
-104.54972839355469
-112.56532287597656
-100.33981323242188
-102.59568786621094
-104.86491394042969
-108.82286071777344
-105.413330078125
-105.4131851196289
-103.94390106201172
-101.9662094116211
-107.6789779663086
-100.43557739257812
-102.35810089111328
-105.22952270507812
-101.96350860595703
-106.85435485839844
-104.19384002685547
-108.01673889160156
-104.04878234863281
-106.44001007080078
-105.93367767333984
-102.44344329833984
-108.2999496459961
-101.82783508300781
-108.73925018310547
-101.19027709960938
-100.96665954589844
-101.42958068847656
-108.83841705322266
-112.1427993774414
-107.2483139038086
-98.50818634033203
-104.96186828613281
-109.2115707397461
-108.14149475097656
-107.99056243896484
-105.10111236572266
-101.4433822631836
-108.26116943359375
-107.36793518066406
-104.96218872070312
-104.0809326171875
-105.78519439697266
-99.64647674560547
-103.01539611816406
-96.76319885253906
-107.95207977294922
-108.41807556152344
-106.33167266845703
-105.59212493896484
-107.40162658691406
-101.20098114013672
-101.75579833984375
-108.92204284667969
-101.47415161132812
-109.12679290771484
-104.52342987060547
-106.5523681640625
-98.98695373535156
-101.19164276123047
-107.90467071533203
-102.71688842773438
-103.98323059082031
-108.56541442871094
-102.46188354492188
-104.53449249267578
-100.34840393066406
-101.98737335205078
-106.14891052246094
-107.12492370605469
-109.22041320800781
-107.57431030273438
-103.57311248779297
-103.3002700805664
-100.09326171875
-107.60174560546875
-98.84687805175781
-110.76790618896484
-103.85948944091797
-108.4647216796875
-100.4957046508789
-100.91575622558594
-103.06834411621094
-101.99632263183594
-104.93670654296875
-110.92811584472656
-108.37446594238281
-108.68795013427734
-101.28662109375
-114.62973022460938
-102.30838775634766
-107.31010437011719
-110.62910461425781
-108.9278564453125
-106.10581970214844
-109.4658432006836
-102.4643783569336
-105.82270050048828
-102.3681869506836
-103.64396667480469
-106.78347778320312
-106.68997955322266
-108.37381744384766
-107.54496002197266
-107.6444320678711
-103.24185180664062
-108.1812744140625
-104.9188232421875
-103.51093292236328
-109.4896011352539
-102.00281524658203
-108.79055786132812
-103.47064971923828
-100.70743560791016
-104.4979248046875
-108.36214447021484
-103.93302917480469
-102.80583953857422
-106.98680114746094
-104.81050109863281
-107.62907409667969
-108.86566162109375
-98.66515350341797
-103.80284118652344
-99.58329010009766
-108.2362289428711
-100.02948760986328
-103.18383026123047
-105.781005859375
-106.55196380615234
-105.73308563232422
-107.70703125
-103.9089584350586
-105.31224060058594
-104.48760223388672
-106.49950408935547
