-101.0643539428711
-111.55976867675781
-105.3967056274414
-110.40962219238281
-111.18978118896484
-107.33397674560547
-102.73992156982422
-95.75666809082031
-107.09194946289062
-99.00062561035156
-109.51014709472656
-104.83992004394531
-107.81056213378906
-106.76817321777344
-105.47220611572266
-100.54840850830078
-100.1452865600586
-111.53614807128906
-106.80326843261719
-101.61712646484375
-105.8357925415039
-104.50877380371094
-103.72824096679688
-107.4059829711914
-108.27112579345703
-114.48615264892578
-102.01860046386719
-109.81604766845703
-100.88013458251953
-103.48576354980469
-108.3123779296875
-113.45892333984375
-110.58586120605469
-113.13040924072266
-110.69624328613281
-104.19876861572266
-101.99116516113281
-106.28227233886719
-105.54072570800781
-104.262939453125
-99.28114318847656
-101.47400665283203
-108.69925689697266
-104.69024658203125
-99.69609069824219
-108.51438903808594
-106.57718658447266
-107.35311126708984
-106.4229965209961
-104.2010498046875
-100.76399230957031
-104.41016387939453
-103.44271087646484
-116.88243103027344
-108.86634826660156
-105.1385498046875
-108.86923217773438
-99.23346710205078
-97.94851684570312
-110.85334777832031
-104.24742889404297
-109.93396759033203
-101.59649658203125
-104.31037902832031
-107.42552947998047
-100.57382202148438
-108.31671142578125
-106.51878356933594
-106.02189636230469
-100.60710144042969
-105.99867248535156
-103.83781433105469
-101.16337585449219
-109.90621185302734
-106.91328430175781
-106.92623901367188
-102.81159210205078
-105.98001861572266
-102.35018920898438
-107.23400115966797
-102.78370666503906
-104.896728515625
-98.83079528808594
-103.83308410644531
-110.99789428710938
-104.8960952758789
-105.66399383544922
-100.79989624023438
-108.48120880126953
-100.24925994873047
-103.37740325927734
-105.41590881347656
-104.87755584716797
-108.13626098632812
-109.15255737304688
-102.85224151611328
-107.27546691894531
-105.75218200683594
-103.59468841552734
-106.43572235107422
-107.2009048461914
-96.7230224609375
-110.73194122314453
-107.57107543945312
-103.79780578613281
-110.1924819946289
-108.4057846069336
-100.20075225830078
-102.88345336914062
-100.34491729736328
-107.865234375
-95.46620178222656
-105.67335510253906
-99.0279312133789
-104.67101287841797
-103.01263427734375
-107.35089874267578
-102.5794448852539
-102.23931121826172
-100.32064056396484
-112.9635009765625
-103.85521697998047
-104.49380493164062
-101.54012298583984
-98.01332092285156
-108.4120101928711
-103.15142059326172
-99.79356384277344
-106.59132385253906
-105.29218292236328
-100.5935287475586
-107.35665130615234
-98.86260986328125
-104.34870910644531
-100.61811828613281
-102.61763000488281
-103.8816146850586
-107.855224609375
-102.69596862792969
-102.5943832397461
-107.205810546875
-106.38542175292969
-102.79011535644531
-105.17500305175781
-108.7076644897461
-103.11792755126953
-104.89728546142578
-103.71966552734375
-106.31022644042969
-110.19366455078125
-112.38385009765625
-101.13034057617188
-108.28147888183594
-109.0439224243164
-109.40167999267578
-111.94489288330078
-111.41481018066406
-106.96526336669922
-109.93050384521484
-104.168212890625
-106.06307983398438
-104.69979095458984
-105.90116882324219
-104.79254150390625
-102.37173461914062
-100.9194107055664
-108.20452117919922
-113.30694580078125
-112.43934631347656
-106.92700958251953
-104.3381118774414
-96.6680908203125
-108.50890350341797
-103.18181610107422
-100.73653411865234
-104.70301818847656
-103.331298828125
-103.10252380371094
-108.80047607421875
-100.11775970458984
-104.89447784423828
-110.53773498535156
-104.27267456054688
-103.20338439941406
-98.17159271240234
-107.50149536132812
-100.60015869140625
-107.93927001953125
-106.35014343261719
-107.09701538085938
-108.17984771728516
-102.15479278564453
-102.81617736816406
-106.89551544189453
-102.05013275146484
-104.41220092773438
-103.34944152832031
-109.55718994140625
-101.19439697265625
-104.8622817993164
-102.25016784667969
-105.60480499267578
-107.08541107177734
-99.02533721923828
-106.30873107910156
-105.56417083740234
-110.49932861328125
-101.43062591552734
-97.6874008178711
-108.78915405273438
-103.81559753417969
-103.72502899169922
-103.78425598144531
-111.10675048828125
-107.65481567382812
-104.18820190429688
-106.57329559326172
-104.46451568603516
-107.74447631835938
-102.77432250976562
-100.55025482177734
-110.55408477783203
-102.33098602294922
-109.78919219970703
-104.6686019897461
-109.34210968017578
-108.40178680419922
-108.58757781982422
-107.07942199707031
-109.25859069824219
-113.3115005493164
-112.52496337890625
-108.78575134277344
-105.12869262695312
-108.1831283569336
-100.37741088867188
-108.49002838134766
-109.20101165771484
-109.4255142211914
-104.24562072753906
-110.50204467773438
-107.56477355957031
-105.2558364868164
-107.55367279052734
-106.56336212158203
-106.56795501708984
-105.15460968017578
-108.95024108886719
-104.57073211669922
-102.39547729492188
-108.27669525146484
-107.59889221191406
-102.7550048828125
-98.04782104492188
-103.39558410644531
-104.71843719482422
-105.99164581298828
-116.34818267822266
-103.69108581542969
-107.27574920654297
-108.35504913330078
-103.88407135009766
-106.46635437011719
-100.3263931274414
-100.59724426269531
-104.36188507080078
-107.27030181884766
-98.41607666015625
-101.39531707763672
-104.83993530273438
-104.40554809570312
-104.25045013427734
-103.55093383789062
-108.82843017578125
-100.32732391357422
-105.01492309570312
-106.9027099609375
-98.57654571533203
-103.61293029785156
-108.1735610961914
-98.46865844726562
-101.62938690185547
-105.93887329101562
-101.03948974609375
-99.08869934082031
-108.00613403320312
-103.65904235839844
-107.34229278564453
-108.15330505371094
-107.3231201171875
-107.20830535888672
-101.61967468261719
-105.30783081054688
-107.79956817626953
-105.87184143066406
-107.44074249267578
-105.0270767211914
-109.40595245361328
-101.75194549560547
-101.46534729003906
-103.43888092041016
-104.49610900878906
-109.62674713134766
-106.52173614501953
-107.86099243164062
-103.8785400390625
-102.26040649414062
-110.476318359375
-109.20772552490234
-108.29489135742188
-106.22753143310547
-105.72628784179688
-104.82313537597656
-106.38883209228516
-101.41084289550781
-105.2270278930664
-100.33842468261719
-109.91732788085938
-101.8749771118164
-105.09716796875
-106.50255584716797
-110.83927917480469
-101.04342651367188
-100.71086883544922
-102.09625244140625
-109.84134674072266
-112.1609115600586
-101.27055358886719
-109.68463897705078
-107.82608032226562
-107.65492248535156
-103.93656158447266
-104.42013549804688
-102.04117584228516
-110.99591827392578
-109.45321655273438
-103.5895767211914
-107.55171966552734
-102.83538055419922
-111.40702056884766
-109.75300598144531
-106.24549865722656
-108.65815734863281
-104.41827392578125
-110.47021484375
-100.27259063720703
-100.13286590576172
-104.03082275390625
-105.27468872070312
-113.73182678222656
-105.73433685302734
-107.13325500488281
-109.69390869140625
-110.81488800048828
-100.50759887695312
-106.85935974121094
-109.25855255126953
-109.35771942138672
-111.65131378173828
-107.3055419921875
-105.4437484741211
-107.55790710449219
-103.38809204101562
-110.1203842163086
-106.75738525390625
-105.51031494140625
-107.5909423828125
-104.85004425048828
-106.91558074951172
-108.48085021972656
-104.92391204833984
-103.88371276855469
-99.77017974853516
-112.38329315185547
-109.4991455078125
-111.1724624633789
-101.87447357177734
-106.54466247558594
-101.07535552978516
-102.74754333496094
-104.83419799804688
-100.5343017578125
-101.85640716552734
-103.92024230957031
-110.71627807617188
-104.4039077758789
-103.36571502685547
-107.30699157714844
-107.53105163574219
-104.69938659667969
-101.27721405029297
-102.20317077636719
-104.29603576660156
-102.88628387451172
-105.85185241699219
-102.92869567871094
-98.85562133789062
-113.74089050292969
-102.58405303955078
-103.979248046875
-105.66761779785156
-103.96403503417969
-105.32978820800781
-100.38684844970703
-103.47012329101562
-115.44990539550781
-97.60018920898438
-105.33544921875
-106.90214538574219
-106.02129364013672
-113.8727035522461
-108.15963745117188
-107.91853332519531
-100.55134582519531
-101.447021484375
-99.50595092773438
-111.58831024169922
-101.4433364868164
-102.61293029785156
-107.07596588134766
-106.310791015625
-101.2516860961914
-104.8505859375
-111.96420288085938
-99.607421875
-103.75884246826172
-104.53746032714844
-101.88990783691406
-97.86088562011719
-110.60592651367188
-101.84878540039062
-110.54432678222656
-99.45838165283203
-103.3107681274414
-100.89800262451172
-105.60432434082031
-104.74028015136719
-106.04527282714844
-105.84947204589844
-100.71299743652344
-105.86398315429688
-102.32442474365234
-111.02544403076172
-94.73306274414062
-104.56095886230469
-100.98458862304688
-106.2706069946289
-101.71189880371094
-99.12112426757812
-107.7005386352539
-100.29071807861328
-108.3348617553711
-101.52510070800781
-104.94529724121094
-111.87457275390625
-105.2824478149414
-110.36209106445312
-110.28009033203125
-112.24212646484375
-101.54825592041016
-106.240234375
-102.37014770507812
-113.92618560791016
-96.21296691894531
-104.0198745727539
-112.61499786376953
-113.40716552734375
-108.857421875
-100.34188079833984
-98.97428894042969
-107.85457611083984
-103.5378646850586
-104.29437255859375
-105.04612731933594
-102.9291763305664
-105.09923553466797
-105.05809783935547
-111.55960083007812
-99.67166137695312
-103.78024291992188
-96.66190338134766
-105.2009048461914
-105.54270935058594
-97.37232208251953
-109.3267822265625
-102.7385025024414
-103.30298614501953
-100.13660430908203
-108.2691879272461
-108.7353744506836
-101.62612915039062
-103.25015258789062
-103.2821273803711
-111.12037658691406
-103.59403991699219
-107.7437515258789
-102.93036651611328
-105.5750503540039
-97.80813598632812
-103.36004638671875
-104.22957611083984
-103.00867462158203
-100.80655670166016
-98.21525573730469
-104.57063293457031
-104.97796630859375
-108.0252685546875
-101.10398864746094
-106.61306762695312
-106.57539367675781
-102.94832611083984
-109.21180725097656
-113.36073303222656
-100.96178436279297
-101.58474731445312
-98.98699188232422
-102.55696105957031
-101.63690185546875
-110.4297866821289
-101.3890380859375
-104.31407165527344
-101.63947296142578
-106.55155944824219
-106.79724884033203
-101.98534393310547
-107.30377197265625
-105.46586608886719
-112.43807983398438
-102.32942199707031
-102.61959838867188
-104.93994140625
-107.3401870727539
-107.07657623291016
-109.93101501464844
-114.44702911376953
-102.8692626953125
-104.964111328125
-105.2147216796875
-99.77978515625
-106.33231353759766
-109.16337585449219
-102.82008361816406
-97.33430480957031
-106.97640228271484
-109.54718017578125
-99.80305480957031
-103.74967956542969
-99.89956665039062
-110.67049407958984
-107.2370834350586
-108.85831451416016
-100.66924285888672
-103.1468505859375
-102.46927642822266
-105.31603240966797
-103.55765533447266
-108.13018798828125
-107.12482452392578
-109.9177017211914
-102.43818664550781
-105.69160461425781
-104.65589904785156
-102.50487518310547
-105.05626678466797
-110.61021423339844
-109.33016204833984
-108.79951477050781
-100.49385070800781
-103.88796997070312
-110.58140563964844
-102.97571563720703
-100.17881774902344
-101.88191223144531
-109.47418212890625
-96.45999908447266
-106.4717788696289
-101.53123474121094
-113.31919860839844
-111.72406005859375
-107.43309020996094
-107.04039001464844
-110.87023162841797
-105.51109313964844
-104.30459594726562
-106.55181121826172
-107.37664794921875
-104.00465393066406
-97.37184143066406
-104.03788757324219
-99.4615478515625
-105.67915344238281
-104.50981140136719
-103.40452575683594
-105.28943634033203
-103.26016998291016
-104.48123931884766
-100.93501281738281
-101.93766021728516
-112.106689453125
-109.48377990722656
-104.58573913574219
-105.59207916259766
-106.6824722290039
-106.72227478027344
-102.05062866210938
-101.96424865722656
-105.9771728515625
-100.96980285644531
-107.26580810546875
-104.46468353271484
-101.69754791259766
-107.70344543457031
-102.10368347167969
-112.76573944091797
-106.97252655029297
-105.53646850585938
-103.56108093261719
-106.78424835205078
-101.45372772216797
-103.6355209350586
-103.6542739868164
-99.45681762695312
-100.47171020507812
-102.09768676757812
-100.0487060546875
-104.93057250976562
-109.49136352539062
-105.87274169921875
-106.63685607910156
-110.33029174804688
-106.25578308105469
-104.07987213134766
-109.63811492919922
-102.7816162109375
-100.88920593261719
-104.58475494384766
-107.81078338623047
-105.16716003417969
-100.17601013183594
-112.25385284423828
-106.15936279296875
-111.42866516113281
-111.63887023925781
-104.37544250488281
-102.4635009765625
-99.53553771972656
-102.77598571777344
-102.05147552490234
-99.8675765991211
-102.9269027709961
-105.67166137695312
-118.30548858642578
-106.19403076171875
-111.03880310058594
-108.8246078491211
-107.47994232177734
-99.70611572265625
-105.9480209350586
-101.54740142822266
-103.99226379394531
-111.40467834472656
-99.87244415283203
-108.35157775878906
-106.3432846069336
-97.99250793457031
-104.3083724975586
-110.23390197753906
-105.3087158203125
-104.01078033447266
-108.94528198242188
-108.96524810791016
-107.72764587402344
-102.41477966308594
-101.62393188476562
-107.55844116210938
-100.59683990478516
-101.98487854003906
-106.6179428100586
-108.36064910888672
-109.28185272216797
-106.82486724853516
-105.42849731445312
-104.13731384277344
-106.99906921386719
-107.86497497558594
-102.24539947509766
-100.35462188720703
-101.76045989990234
-105.87444305419922
-103.92488861083984
-101.88034057617188
-107.44781494140625
-97.06476593017578
-103.51213836669922
-105.7138671875
-104.93019104003906
-104.95157623291016
-102.8721923828125
-104.43115997314453
-104.5277099609375
-99.2731704711914
-105.26741790771484
-112.30337524414062
-109.65035247802734
-105.68601989746094
-103.39751434326172
-104.0234146118164
-105.69109344482422
-108.59263610839844
-104.1617202758789
-100.06356811523438
-104.76583099365234
-104.63711547851562
-100.91563415527344
-104.9655990600586
-103.64585876464844
-102.80723571777344
-101.80713653564453
-103.22679138183594
-109.38382720947266
-110.95369720458984
-103.86753845214844
-106.16522216796875
-107.92206573486328
-103.31055450439453
-108.69462585449219
-99.8216552734375
-104.53416442871094
-109.248779296875
-96.54862213134766
-103.07696533203125
-109.93667602539062
-105.32929229736328
-105.25202941894531
-105.41669464111328
-108.72053527832031
-98.39048767089844
-105.8813705444336
-102.7243881225586
-99.30520629882812
-106.30891418457031
-105.64046478271484
-102.34042358398438
-99.89781188964844
-108.29966735839844
-106.5775375366211
-102.9011001586914
-103.24175262451172
-105.23774719238281
-109.06568908691406
-108.94569396972656
-104.05957794189453
-102.36791229248047
-104.37944030761719
-99.23782348632812
-105.48635864257812
-109.85759735107422
-106.45835876464844
-101.69058227539062
-111.98697662353516
-101.76252746582031
-103.32451629638672
-94.3543930053711
-102.85494232177734
-98.31180572509766
-103.41526794433594
-103.90343475341797
-95.30496215820312
-107.93824768066406
-108.55720520019531
-103.95466613769531
-102.28773498535156
-111.52359008789062
-110.89913940429688
-99.97563171386719
-101.73199462890625
-112.94803619384766
-108.24298095703125
-100.294677734375
-106.38804626464844
-102.21617126464844
-104.5869140625
-101.16600036621094
-104.37964630126953
-106.07296752929688
-106.92438507080078
-98.41621398925781
-103.2917251586914
-108.83197784423828
-98.95286560058594
-92.30877685546875
-101.46257781982422
-103.52308654785156
-105.30195617675781
-102.1219482421875
-105.22347259521484
-110.5687255859375
-104.29708862304688
-101.98987579345703
-106.828369140625
-105.0823974609375
-108.0215072631836
-106.16021728515625
-112.42249298095703
-100.36124420166016
-102.48436737060547
-104.34809112548828
-110.16029357910156
-105.71643829345703
-105.1437759399414
-103.56207275390625
-103.6012191772461
-108.37718963623047
-100.80252075195312
-101.72311401367188
-105.38552856445312
-102.41061401367188
-105.46189880371094
-104.09648132324219
-109.35456848144531
-105.1980209350586
-107.1407470703125
-107.01224517822266
-102.7126693725586
-108.29769134521484
-103.32968139648438
-108.90855407714844
-102.55843353271484
-101.18108367919922
-101.0262222290039
-109.66155242919922
-111.49951934814453
-107.37510681152344
-98.28569793701172
-105.08587646484375
-108.56292724609375
-107.70825958251953
-108.27936553955078
-104.76374816894531
-102.14178466796875
-107.90775299072266
-107.28265380859375
-104.33212280273438
-103.46189880371094
-105.6355209350586
-101.08401489257812
-103.61631774902344
-97.08131408691406
-107.89399719238281
-109.7911605834961
-106.29347229003906
-106.51061248779297
-108.83980560302734
-101.11157989501953
-102.9757080078125
-108.54964447021484
-101.71296691894531
-108.53014373779297
-104.2596435546875
-106.50878143310547
-100.01080322265625
-101.44941711425781
-106.82780456542969
-102.74418640136719
-103.77388000488281
-109.9723129272461
-103.505126953125
-104.97863006591797
-103.056396484375
-102.8130111694336
-105.66425323486328
-105.7685775756836
-110.28495025634766
-108.6785659790039
-103.19660186767578
-103.21064758300781
-99.9195785522461
-108.67774200439453
-99.36277770996094
-112.01766204833984
-103.96102905273438
-108.61512756347656
-100.95030212402344
-100.38937377929688
-102.94952392578125
-101.61573791503906
-106.29525756835938
-110.98809814453125
-108.8568115234375
-108.88716888427734
-101.38898468017578
-113.70884704589844
-101.7451171875
-107.32199096679688
-110.03645324707031
-109.9668197631836
-106.69574737548828
-109.77082824707031
-103.25556182861328
-106.27079010009766
-103.64068603515625
-103.10785675048828
-106.11814880371094
-106.00843048095703
-107.79209899902344
-107.29468536376953
-108.51272583007812
-104.19805145263672
-108.19556427001953
-104.08769226074219
-102.96989440917969
-109.16964721679688
-102.9166259765625
-107.67753601074219
-104.48712921142578
-100.98876953125
-105.48025512695312
-108.48367309570312
-103.2137680053711
-102.12677001953125
-106.87435150146484
-105.10758972167969
-107.85478973388672
-109.09099578857422
-98.49378204345703
-105.08355712890625
-98.45088958740234
-108.34675598144531
-100.6441421508789
-102.06415557861328
-104.97684478759766
-105.41413116455078
-106.27320098876953
-106.20446014404297
-103.10939025878906
-104.97181701660156
-103.61456298828125
-106.33351135253906
