-119.25664520263672
-133.5679473876953
-123.24788665771484
-128.32455444335938
-129.11175537109375
-124.51294708251953
-126.66592407226562
-112.79885864257812
-125.96134185791016
-116.50613403320312
-127.45109558105469
-125.24275207519531
-128.68801879882812
-125.3094711303711
-122.84998321533203
-116.38965606689453
-121.49046325683594
-130.18338012695312
-124.97496032714844
-116.35875701904297
-124.3738784790039
-124.35578155517578
-122.36185455322266
-125.33168029785156
-127.37691497802734
-134.42698669433594
-120.23762512207031
-128.37521362304688
-121.08528900146484
-120.03775787353516
-127.89292907714844
-132.2588653564453
-130.91673278808594
-133.0046844482422
-127.56863403320312
-121.88903045654297
-120.3637924194336
-122.90840148925781
-123.45332336425781
-122.15660095214844
-116.32666778564453
-116.02145385742188
-129.85214233398438
-121.77678680419922
-117.55541229248047
-127.577880859375
-123.62046813964844
-121.9380111694336
-123.56376647949219
-123.05326843261719
-118.01209259033203
-120.97699737548828
-122.51232147216797
-133.89454650878906
-127.34080505371094
-124.3810043334961
-126.03730773925781
-115.86529541015625
-114.65415954589844
-131.89141845703125
-123.71875762939453
-126.88591766357422
-119.44087982177734
-123.63600158691406
-126.39111328125
-119.75639343261719
-124.85894012451172
-123.87722778320312
-122.2333984375
-117.583740234375
-121.54521179199219
-116.74165344238281
-118.42385864257812
-130.3151397705078
-123.51974487304688
-125.98487854003906
-118.5725326538086
-123.66476440429688
-118.90573120117188
-126.2925796508789
-119.36796569824219
-123.99696350097656
-115.96080017089844
-122.12732696533203
-129.40481567382812
-122.68716430664062
-125.93765258789062
-115.70448303222656
-123.65990447998047
-115.5752182006836
-118.89767456054688
-123.9723129272461
-120.632568359375
-125.85169982910156
-126.44352722167969
-120.51209259033203
-124.10923767089844
-123.04972076416016
-120.30133056640625
-120.39088439941406
-123.79541778564453
-111.39680480957031
-127.14030456542969
-124.12879180908203
-119.91487121582031
-129.2847442626953
-123.70850372314453
-116.36434173583984
-121.85250854492188
-114.13670349121094
-122.20305633544922
-109.72870635986328
-123.058349609375
-116.2337875366211
-119.41199493408203
-118.15617370605469
-122.45751953125
-119.79867553710938
-118.00536346435547
-115.73968505859375
-128.94781494140625
-120.21681213378906
-122.86677551269531
-118.90312194824219
-112.4383316040039
-125.11864471435547
-118.35678100585938
-116.08522033691406
-119.82933044433594
-120.72735595703125
-116.74771881103516
-124.75138854980469
-112.03996276855469
-121.54331970214844
-116.04802703857422
-120.68502044677734
-117.79293060302734
-123.95317840576172
-119.51725769042969
-118.16463470458984
-123.46172332763672
-122.46775817871094
-117.26544189453125
-120.63975524902344
-121.83294677734375
-120.58848571777344
-120.48493194580078
-120.79618835449219
-125.05488586425781
-125.8217544555664
-131.00079345703125
-114.8309326171875
-124.86209106445312
-122.84164428710938
-126.34300231933594
-127.69491577148438
-129.52960205078125
-123.37303161621094
-125.39968872070312
-117.6855697631836
-120.05243682861328
-120.2074966430664
-121.5282974243164
-118.34886169433594
-115.85254669189453
-118.5640640258789
-123.81769561767578
-128.5366973876953
-125.56696319580078
-119.51349639892578
-120.607421875
-110.42656707763672
-125.55876159667969
-119.98905944824219
-115.13813781738281
-121.83319854736328
-117.83682250976562
-117.5037841796875
-124.0782470703125
-114.67170715332031
-119.29010772705078
-123.93318176269531
-120.24156951904297
-118.88710021972656
-111.81043243408203
-120.78214263916016
-115.7908706665039
-124.84536743164062
-121.29328155517578
-120.43235778808594
-124.49967956542969
-115.51428985595703
-115.50797271728516
-122.97500610351562
-116.80393981933594
-121.94131469726562
-119.64674377441406
-123.39212036132812
-115.38007354736328
-122.32596588134766
-117.66590118408203
-120.92578887939453
-120.39322662353516
-113.04534912109375
-124.60176086425781
-121.0661392211914
-126.22672271728516
-116.09173583984375
-113.11129760742188
-125.20934295654297
-119.65528106689453
-119.68445587158203
-119.81770324707031
-126.88882446289062
-123.13774871826172
-119.62503814697266
-122.11325073242188
-120.69563293457031
-122.26870727539062
-118.2594985961914
-114.65998840332031
-126.56938171386719
-118.23261260986328
-126.68527221679688
-120.42611694335938
-124.19522857666016
-121.73030090332031
-123.88554382324219
-120.81771087646484
-123.04847717285156
-130.39720153808594
-126.81713104248047
-123.208984375
-122.19422149658203
-123.1002197265625
-115.33857727050781
-125.44402313232422
-123.91195678710938
-124.64717864990234
-118.11991119384766
-125.44558715820312
-121.28703308105469
-121.138671875
-120.1943359375
-119.0015640258789
-120.39554595947266
-124.3815689086914
-119.97247314453125
-117.47364044189453
-117.5587387084961
-124.37132263183594
-121.76070404052734
-117.60689544677734
-113.53234100341797
-117.73672485351562
-120.26822662353516
-122.01631927490234
-132.83035278320312
-118.98511505126953
-124.47972869873047
-122.84397888183594
-120.15723419189453
-122.25802612304688
-116.0750732421875
-116.78184509277344
-120.42413330078125
-123.66104888916016
-112.46192932128906
-116.46638488769531
-122.08904266357422
-119.19039154052734
-122.09979248046875
-120.73992919921875
-121.69537353515625
-113.0372543334961
-120.25630950927734
-120.82271575927734
-110.66099548339844
-120.71944427490234
-121.92599487304688
-114.63851928710938
-115.33566284179688
-121.6828842163086
-117.73194885253906
-114.26667022705078
-122.79695129394531
-118.07711029052734
-122.06399536132812
-122.36969757080078
-121.5923080444336
-123.7439956665039
-114.77645874023438
-117.90689849853516
-121.6603775024414
-119.10542297363281
-120.06561279296875
-119.01081848144531
-123.2374267578125
-116.83061981201172
-114.12096405029297
-116.12831115722656
-120.68396759033203
-125.47853088378906
-119.80162811279297
-123.59953308105469
-115.76275634765625
-113.94499206542969
-126.48114013671875
-122.95369720458984
-122.23226165771484
-121.78743743896484
-118.05278778076172
-119.9946060180664
-121.66183471679688
-112.08979034423828
-120.08258819580078
-117.2494888305664
-126.59814453125
-115.84066009521484
-119.33367919921875
-122.23139953613281
-126.77104187011719
-113.84986877441406
-112.21653747558594
-115.05921936035156
-125.50489044189453
-127.41340637207031
-112.67121124267578
-127.69693756103516
-121.88117218017578
-121.02501678466797
-117.43246459960938
-119.27207946777344
-117.12266540527344
-125.01229095458984
-124.1831283569336
-120.22924041748047
-119.23896026611328
-117.82766723632812
-126.08583068847656
-125.08341217041016
-120.2811508178711
-122.53390502929688
-117.91778564453125
-125.44959259033203
-114.65184783935547
-115.49419403076172
-117.24752044677734
-119.41090393066406
-128.38401794433594
-123.01428985595703
-124.43875885009766
-123.2744140625
-124.12689971923828
-114.79171752929688
-123.42369842529297
-120.46642303466797
-123.15470123291016
-128.3357696533203
-123.43572998046875
-118.7525405883789
-120.71031188964844
-119.04586029052734
-125.52432250976562
-122.7012710571289
-119.50499725341797
-120.53842163085938
-116.82405853271484
-121.34251403808594
-120.2616195678711
-118.66783142089844
-118.94767761230469
-112.07423400878906
-127.89070129394531
-121.35802459716797
-123.27793884277344
-114.08577728271484
-117.59866333007812
-113.31219482421875
-116.18309020996094
-120.05108642578125
-113.64997863769531
-116.58110046386719
-114.95767211914062
-121.32975006103516
-116.52722930908203
-115.33878326416016
-121.93900299072266
-122.45616149902344
-115.90957641601562
-115.40449523925781
-114.46499633789062
-119.593017578125
-117.49506378173828
-118.24034881591797
-115.58134460449219
-109.6086196899414
-129.2922821044922
-113.78709411621094
-117.11634063720703
-119.31122589111328
-116.04642486572266
-119.72627258300781
-113.2086410522461
-114.17376708984375
-131.13145446777344
-112.95256042480469
-119.07457733154297
-120.36991119384766
-120.95469665527344
-129.06468200683594
-122.49954223632812
-123.02032470703125
-112.68231201171875
-113.1827392578125
-112.36823272705078
-127.57927703857422
-114.04702758789062
-114.37040710449219
-120.506591796875
-120.15420532226562
-113.53961944580078
-117.79838562011719
-126.72968292236328
-113.1217269897461
-115.09320068359375
-119.63774108886719
-115.6972427368164
-111.18614959716797
-123.06897735595703
-115.04411315917969
-124.73731231689453
-115.4909439086914
-115.9426498413086
-114.2794189453125
-122.2677993774414
-118.4151382446289
-117.37808990478516
-121.24153137207031
-114.79483032226562
-119.99322509765625
-116.00306701660156
-121.57601165771484
-106.27980041503906
-117.31002044677734
-114.80692291259766
-117.06768035888672
-114.24893188476562
-111.43968200683594
-118.76248168945312
-114.77101135253906
-122.5528335571289
-116.40544891357422
-116.55048370361328
-125.37568664550781
-119.4725570678711
-124.29047393798828
-121.36369323730469
-123.88160705566406
-112.24641418457031
-117.92086791992188
-116.18921661376953
-126.36641693115234
-108.1134262084961
-117.16891479492188
-124.51039123535156
-124.44095611572266
-122.64690399169922
-111.80302429199219
-109.05350494384766
-120.44837951660156
-114.98878479003906
-115.04767608642578
-117.10826873779297
-114.29183197021484
-114.65998077392578
-116.90377044677734
-125.30182647705078
-112.36222076416016
-115.25935363769531
-104.72936248779297
-118.02001190185547
-118.05524444580078
-108.0079345703125
-122.69013977050781
-113.43930053710938
-117.13038635253906
-112.37338256835938
-118.93704986572266
-121.4644546508789
-115.66885375976562
-115.8519287109375
-115.52448272705078
-124.16012573242188
-115.70856475830078
-119.94042205810547
-111.8670425415039
-116.68842315673828
-111.62483215332031
-115.5540771484375
-117.74293518066406
-118.13992309570312
-112.96133422851562
-112.97722625732422
-118.52616882324219
-120.18156433105469
-118.0271224975586
-114.81653594970703
-120.59303283691406
-119.77223205566406
-118.38058471679688
-122.89851379394531
-124.5978012084961
-114.0515365600586
-111.50788116455078
-112.40247344970703
-113.92523956298828
-113.93930053710938
-124.9914779663086
-113.6948471069336
-117.11849975585938
-114.00640869140625
-119.30655670166016
-118.03633117675781
-114.84734344482422
-118.72264099121094
-117.30934143066406
-123.58402252197266
-113.50690460205078
-115.69368743896484
-117.50615692138672
-117.8251724243164
-120.04473876953125
-125.85712432861328
-126.24737548828125
-113.41918182373047
-118.01318359375
-116.99288940429688
-116.15144348144531
-116.31314086914062
-121.79183197021484
-116.07164764404297
-109.64837646484375
-121.5687484741211
-123.14579010009766
-110.93592071533203
-116.04456329345703
-112.97019958496094
-124.37965393066406
-119.91130828857422
-123.15135192871094
-113.1270980834961
-115.80284118652344
-114.55503845214844
-118.57315826416016
-116.78683471679688
-118.7979507446289
-118.40604400634766
-121.24534606933594
-115.88247680664062
-118.91780090332031
-120.98723602294922
-115.05804443359375
-118.41162109375
-125.98512268066406
-123.33097839355469
-121.35469055175781
-109.77729797363281
-115.95559692382812
-124.2499771118164
-115.65731048583984
-112.86363220214844
-113.74856567382812
-122.65299987792969
-107.94156646728516
-121.09623718261719
-112.3030776977539
-126.32211303710938
-123.17415618896484
-117.9195327758789
-121.28675842285156
-122.05735778808594
-120.15294647216797
-115.15083312988281
-116.29257202148438
-119.34832000732422
-115.3462905883789
-106.97962188720703
-115.86070251464844
-109.9853744506836
-118.19220733642578
-116.12530517578125
-115.73577880859375
-120.2009506225586
-112.54100036621094
-116.09146118164062
-111.9046859741211
-111.19905090332031
-124.08515167236328
-120.96910095214844
-116.12834930419922
-117.23056030273438
-119.02729034423828
-119.20030975341797
-111.95088958740234
-112.44676208496094
-117.28894805908203
-113.4190673828125
-118.84943389892578
-115.80684661865234
-112.00789642333984
-119.82518768310547
-115.60513305664062
-124.81381225585938
-120.11702728271484
-117.458740234375
-114.68572235107422
-117.45797729492188
-114.02142333984375
-114.83263397216797
-114.65885925292969
-113.0203857421875
-111.6490478515625
-115.10794830322266
-112.50233459472656
-115.91819763183594
-120.56214904785156
-117.29891967773438
-116.59434509277344
-122.37572479248047
-118.70830535888672
-116.52980041503906
-121.95641326904297
-114.41151428222656
-112.26532745361328
-115.71089172363281
-118.8971176147461
-117.78610229492188
-113.16035461425781
-123.3566665649414
-119.99357604980469
-125.79051208496094
-123.79847717285156
-115.4579086303711
-115.61719512939453
-111.42184448242188
-113.47697448730469
-113.54898834228516
-113.06095123291016
-114.00520324707031
-119.68196105957031
-127.4537124633789
-118.6148681640625
-123.20035552978516
-119.38713073730469
-118.80741119384766
-114.08528137207031
-119.58462524414062
-112.5501708984375
-116.6633529663086
-124.82681274414062
-112.17998504638672
-121.2877197265625
-115.6876220703125
-107.9165267944336
-114.8670425415039
-124.00462341308594
-117.12579345703125
-116.12853240966797
-121.05589294433594
-121.46000671386719
-120.69660949707031
-113.89163970947266
-112.92514038085938
-119.30876922607422
-112.3028335571289
-111.57722473144531
-120.49927520751953
-119.60671997070312
-121.46672058105469
-117.98851776123047
-118.58876037597656
-114.42537689208984
-117.11154174804688
-120.24708557128906
-114.01034545898438
-111.59342193603516
-115.0191421508789
-116.85911560058594
-116.46672821044922
-114.25228881835938
-119.83042907714844
-106.3961181640625
-115.37377166748047
-118.62167358398438
-116.33692169189453
-116.79307556152344
-114.32310485839844
-114.52418518066406
-116.190673828125
-111.38267517089844
-115.02037811279297
-124.08526611328125
-120.66967010498047
-118.45255279541016
-117.56587219238281
-116.90567779541016
-117.05204010009766
-117.60359191894531
-117.16108703613281
-111.64523315429688
-117.39971923828125
-117.12493133544922
-112.19768524169922
-117.22920989990234
-113.59917449951172
-114.03606414794922
-115.36253356933594
-115.38900756835938
-120.16590118408203
-125.01580047607422
-113.63589477539062
-116.15254211425781
-120.01705932617188
-115.09041595458984
-117.30742645263672
-110.85185241699219
-118.60920715332031
-121.29779815673828
-109.23550415039062
-114.11333465576172
-122.95934295654297
-116.2774658203125
-116.62477111816406
-116.70866394042969
-122.20541381835938
-110.93128967285156
-118.14299774169922
-114.39012908935547
-109.40938568115234
-119.74359130859375
-116.17951202392578
-114.01747131347656
-110.46784210205078
-119.89246368408203
-118.2028579711914
-115.90499877929688
-113.61282348632812
-114.63895416259766
-120.20207977294922
-117.84056091308594
-115.30023193359375
-113.32067108154297
-115.7909164428711
-110.01141357421875
-115.575927734375
-119.66443634033203
-120.14466094970703
-111.62661743164062
-122.76091003417969
-113.77778625488281
-115.82878112792969
-108.12846374511719
-113.18677520751953
-109.96094512939453
-115.77900695800781
-116.57614135742188
-105.32760620117188
-118.14021301269531
-117.78559112548828
-117.36518859863281
-112.09770202636719
-123.84713745117188
-124.78878784179688
-110.95372009277344
-112.4135513305664
-123.49069213867188
-117.49987030029297
-112.02106475830078
-117.2049331665039
-113.2027359008789
-114.73741149902344
-112.13191223144531
-117.7112808227539
-118.7495346069336
-115.59159851074219
-110.49940490722656
-115.36124420166016
-122.56177520751953
-108.50261688232422
-103.13700103759766
-111.11554718017578
-115.82367706298828
-118.00205993652344
-113.90361785888672
-117.55461883544922
-122.64132690429688
-115.4850845336914
-113.10888671875
-116.9499282836914
-116.2826156616211
-117.78292846679688
-116.38436126708984
-123.59905242919922
-110.91716003417969
-112.96862030029297
-117.08638763427734
-122.01282501220703
-117.34053802490234
-115.60961151123047
-113.71466064453125
-114.16499328613281
-120.45377349853516
-111.18707275390625
-112.56000518798828
-115.19461059570312
-112.10853576660156
-118.27616119384766
-114.554443359375
-123.0426025390625
-116.52972412109375
-115.95046997070312
-117.94032287597656
-115.44671630859375
-120.3438491821289
-113.40340423583984
-117.58248138427734
-112.27704620361328
-112.33088684082031
-111.14508056640625
-121.98978424072266
-124.22005462646484
-118.73974609375
-108.5924072265625
-116.97676849365234
-121.44281005859375
-120.5251235961914
-116.94532775878906
-115.7823257446289
-111.2979507446289
-120.33849334716797
-115.0973129272461
-117.53419494628906
-115.80204010009766
-115.22630310058594
-112.21685791015625
-113.46275329589844
-108.65531921386719
-116.68211364746094
-120.60084533691406
-120.83679962158203
-116.99436950683594
-118.99988555908203
-114.76653289794922
-112.88717651367188
-119.00743103027344
-113.6956787109375
-119.41397094726562
-114.27587127685547
-114.85566711425781
-106.70476531982422
-112.94532775878906
-118.23809814453125
-112.9007568359375
-113.72323608398438
-116.75987243652344
-114.04753112792969
-115.65501403808594
-112.06432342529297
-112.05414581298828
-114.62195587158203
-117.93024444580078
-120.94892883300781
-119.89398193359375
-113.95287322998047
-115.54801940917969
-108.46871948242188
-119.76544189453125
-110.35989379882812
-124.19389343261719
-114.77279663085938
-121.93231964111328
-112.48194122314453
-109.7852783203125
-115.48160552978516
-112.86170196533203
-115.64551544189453
-121.24750518798828
-118.77287292480469
-118.47602081298828
-113.01561737060547
-122.74535369873047
-112.65318298339844
-118.75442504882812
-120.44795227050781
-118.73149108886719
-115.96656799316406
-120.14048767089844
-114.50533294677734
-118.40165710449219
-111.8947982788086
-115.07364654541016
-117.5042724609375
-120.34152221679688
-117.82215881347656
-118.70519256591797
-118.63855743408203
-113.77629852294922
-119.32160949707031
-117.48859405517578
-115.22377014160156
-120.40699768066406
-112.54010009765625
-121.75865173339844
-116.02699279785156
-111.1871566772461
-116.37175750732422
-119.56395721435547
-116.55103302001953
-113.13642883300781
-119.06363677978516
-115.61788177490234
-119.11310577392578
-122.9936294555664
-108.75182342529297
-115.92874145507812
-108.9825210571289
-117.73934936523438
-111.00679016113281
-112.80860900878906
-117.49593353271484
-117.64703369140625
-117.61920166015625
-115.52433013916016
-114.86072540283203
-117.2245864868164
-116.8498764038086
-119.81759643554688
