-102.53363800048828
-115.46807098388672
-108.70477294921875
-113.73358917236328
-114.38475036621094
-108.67012023925781
-107.06685638427734
-99.00357818603516
-110.819091796875
-104.34175109863281
-112.73680877685547
-107.95370483398438
-110.74180603027344
-110.81673431396484
-107.7701187133789
-103.72733306884766
-104.3269271850586
-113.61149597167969
-109.68348693847656
-104.721435546875
-107.53544616699219
-109.43881225585938
-107.7962646484375
-112.14236450195312
-112.33424377441406
-117.7293930053711
-105.73182678222656
-112.38687133789062
-104.08516693115234
-105.95331573486328
-111.29933166503906
-118.51787567138672
-114.72151184082031
-116.37198638916016
-112.48532104492188
-107.28229522705078
-106.87322235107422
-108.45578002929688
-109.20773315429688
-107.18376922607422
-102.35220336914062
-105.1017074584961
-112.87908172607422
-106.98133850097656
-103.01615905761719
-111.69175720214844
-110.99403381347656
-108.68184661865234
-107.40973663330078
-107.57408142089844
-104.91090393066406
-108.24811553955078
-107.21454620361328
-120.035888671875
-112.83980560302734
-108.16620635986328
-112.08351135253906
-102.59835052490234
-101.55358123779297
-115.68682861328125
-108.66020965576172
-112.0885009765625
-105.63304901123047
-108.9310531616211
-112.07990264892578
-104.32919311523438
-110.78040313720703
-107.96016693115234
-109.7744369506836
-103.90416717529297
-107.79143524169922
-105.2853775024414
-104.98448944091797
-113.78117370605469
-108.68043518066406
-109.83667755126953
-105.064697265625
-110.12654876708984
-105.67198944091797
-111.00405883789062
-105.29012298583984
-108.76142120361328
-101.9439697265625
-107.1295166015625
-113.25794219970703
-107.85723876953125
-109.30201721191406
-104.00704956054688
-112.60482025146484
-103.14985656738281
-106.587158203125
-109.25559997558594
-107.69536590576172
-109.71773529052734
-112.17814636230469
-107.09574890136719
-110.45552825927734
-108.78995513916016
-106.95523834228516
-108.45182037353516
-108.89990997314453
-99.01863861083984
-113.42655944824219
-109.76081848144531
-108.15574645996094
-115.36277770996094
-111.34036254882812
-103.7807388305664
-105.76370239257812
-102.79017639160156
-110.36798858642578
-98.45903015136719
-107.37425231933594
-102.66181182861328
-107.89803314208984
-106.17855072021484
-109.81993865966797
-107.08971405029297
-105.38072967529297
-103.07062530517578
-115.22826385498047
-108.43397521972656
-108.48580932617188
-106.22271728515625
-100.41149139404297
-110.32808685302734
-105.92977142333984
-101.94407653808594
-109.62447357177734
-108.68138122558594
-103.3320541381836
-110.10376739501953
-101.12190246582031
-107.8705062866211
-103.44915008544922
-107.24458312988281
-106.57144165039062
-110.7907943725586
-108.3698501586914
-105.71916961669922
-110.40877532958984
-108.7509765625
-103.85504150390625
-107.0018081665039
-110.55229949951172
-105.67959594726562
-108.41925048828125
-107.28421020507812
-112.15482330322266
-113.86643981933594
-115.3883285522461
-105.03118896484375
-110.69307708740234
-111.99634552001953
-112.80157470703125
-114.71977996826172
-115.44120788574219
-110.3419189453125
-113.85484313964844
-105.95551300048828
-108.76502990722656
-107.7912826538086
-108.42845916748047
-106.65045928955078
-103.88587188720703
-105.01631164550781
-112.16452026367188
-116.36661529541016
-115.25868225097656
-109.70137786865234
-107.56455993652344
-100.87384033203125
-113.61078643798828
-106.83975982666016
-103.19258880615234
-107.95075225830078
-105.71075439453125
-107.2930908203125
-111.96077728271484
-103.46768188476562
-108.96250915527344
-112.02322387695312
-108.11360931396484
-107.3024673461914
-100.97775268554688
-111.19566345214844
-104.0550765991211
-109.6376953125
-110.07380676269531
-110.3349838256836
-111.82792663574219
-104.06745910644531
-104.32894897460938
-110.83960723876953
-105.34651184082031
-107.35993194580078
-105.267822265625
-112.16619110107422
-102.93894958496094
-108.3076171875
-104.91566467285156
-108.27653503417969
-110.1998062133789
-101.58763122558594
-110.34734344482422
-108.85860443115234
-113.66531372070312
-105.41004943847656
-100.93619537353516
-112.46205139160156
-106.9150619506836
-107.5069351196289
-107.56901550292969
-115.4251480102539
-110.29523468017578
-108.97674560546875
-110.81095886230469
-108.12244415283203
-109.38056945800781
-106.85092163085938
-103.98534393310547
-114.20420837402344
-105.43142700195312
-114.4481430053711
-107.78815460205078
-112.60955047607422
-111.30085754394531
-111.70345306396484
-111.401123046875
-113.341064453125
-117.18791961669922
-116.14469909667969
-112.42898559570312
-109.65223693847656
-111.15119934082031
-104.55619812011719
-111.97065734863281
-110.46910858154297
-113.4135971069336
-107.19931030273438
-112.17398071289062
-110.74754333496094
-109.15203094482422
-108.86772918701172
-108.94417572021484
-111.23725128173828
-111.72498321533203
-111.14421081542969
-107.51132202148438
-105.69966888427734
-110.29023742675781
-110.37254333496094
-106.00749206542969
-102.47732543945312
-106.10861206054688
-108.45366668701172
-110.7812728881836
-120.95179748535156
-105.95720672607422
-111.3131332397461
-111.98307800292969
-107.4714126586914
-110.3309326171875
-102.84846496582031
-102.77149200439453
-108.68358612060547
-111.90573120117188
-101.3172378540039
-105.48342895507812
-110.52876281738281
-105.90785217285156
-108.66748046875
-106.49459075927734
-111.58052825927734
-101.9102783203125
-109.66399383544922
-109.78865814208984
-100.41891479492188
-107.92045593261719
-111.00071716308594
-102.1109848022461
-104.91983032226562
-109.73348999023438
-104.41378784179688
-102.12419891357422
-112.1500015258789
-106.28120422363281
-110.21528625488281
-110.36819458007812
-109.39798736572266
-110.64151000976562
-103.11347961425781
-108.50598907470703
-111.35841369628906
-110.3587417602539
-110.23291778564453
-108.07483673095703
-112.50254821777344
-104.86914825439453
-105.20209503173828
-106.64160919189453
-106.86051177978516
-113.23970794677734
-108.90532684326172
-111.54792022705078
-105.99846649169922
-104.83815002441406
-113.37301635742188
-111.4565200805664
-111.05654907226562
-108.9554672241211
-108.40644073486328
-108.11392211914062
-109.51937866210938
-102.8454818725586
-107.80056762695312
-103.59136199951172
-114.02936553955078
-105.97574615478516
-106.66292572021484
-111.68605041503906
-114.46542358398438
-104.26066589355469
-102.31507110595703
-104.60286712646484
-114.01712799072266
-117.1781005859375
-103.1668472290039
-114.5023422241211
-110.70020294189453
-110.18709564208984
-105.72496032714844
-108.21321105957031
-104.64446258544922
-114.66105651855469
-113.07398986816406
-108.14689636230469
-108.32230377197266
-105.50260162353516
-116.72129821777344
-114.32672119140625
-109.05795288085938
-110.59081268310547
-106.74855041503906
-113.4444351196289
-103.00726318359375
-104.6246337890625
-106.14128112792969
-108.70793151855469
-117.26311492919922
-108.70256042480469
-111.78296661376953
-114.85102081298828
-114.05279541015625
-102.26935577392578
-111.38612365722656
-112.97007751464844
-112.64556884765625
-116.29122924804688
-111.57130432128906
-108.71585083007812
-111.34756469726562
-107.27981567382812
-115.0658187866211
-110.31478118896484
-108.77851104736328
-110.45936584472656
-108.135009765625
-110.51461029052734
-109.37682342529297
-108.02082061767578
-109.2967300415039
-102.89820098876953
-115.84603118896484
-112.2483139038086
-113.42158508300781
-103.40203094482422
-108.73406219482422
-103.08583068847656
-104.92091369628906
-107.46980285644531
-103.08082580566406
-104.13854217529297
-105.16107177734375
-112.45330810546875
-106.7176742553711
-104.80332946777344
-109.3689193725586
-112.0985107421875
-106.30331420898438
-103.85336303710938
-105.64391326904297
-107.59788513183594
-106.41654968261719
-108.56099700927734
-104.06281280517578
-101.99002838134766
-116.84584045410156
-105.19364929199219
-106.93628692626953
-110.367919921875
-106.958251953125
-107.5300521850586
-103.1369857788086
-104.28270721435547
-118.53620910644531
-101.0348129272461
-109.9159927368164
-109.32046508789062
-110.10482025146484
-118.31006622314453
-110.90682220458984
-110.66958618164062
-103.53340148925781
-104.68939208984375
-102.82936096191406
-114.97882080078125
-103.46742248535156
-105.90098571777344
-110.6175765991211
-109.08463287353516
-104.73863983154297
-108.10539245605469
-115.35588836669922
-103.6335678100586
-105.75963592529297
-105.96589660644531
-105.16182708740234
-101.74231719970703
-113.34969329833984
-105.81396484375
-113.62651824951172
-103.41078186035156
-106.82608795166016
-105.60800170898438
-110.38227081298828
-108.49542999267578
-108.6644058227539
-110.70556640625
-105.07350158691406
-108.07609558105469
-106.18758392333984
-113.98246002197266
-98.14672088623047
-106.86000061035156
-104.70661163330078
-109.26750183105469
-104.74553680419922
-102.59392547607422
-110.95170593261719
-104.2292709350586
-111.31404876708984
-105.71297454833984
-106.58026123046875
-115.04094696044922
-107.97419738769531
-114.54789733886719
-111.45173645019531
-114.73072052001953
-104.8211669921875
-109.3038330078125
-106.36174011230469
-115.03608703613281
-97.03095245361328
-106.5804214477539
-114.45973205566406
-115.14053344726562
-111.95704650878906
-101.56462097167969
-101.0782470703125
-111.67900085449219
-105.90589141845703
-107.08281707763672
-108.81104278564453
-105.94044494628906
-105.37651062011719
-109.18156433105469
-115.33598327636719
-104.2132339477539
-106.63650512695312
-97.63744354248047
-108.26097869873047
-108.66260528564453
-98.63926696777344
-111.67853546142578
-104.78054809570312
-105.87704467773438
-101.96684265136719
-110.8187255859375
-111.22188568115234
-105.23690032958984
-106.4537124633789
-106.26396179199219
-112.11326599121094
-106.50037384033203
-111.34857177734375
-104.46138763427734
-108.52103424072266
-101.02238464355469
-105.16825103759766
-107.00157928466797
-106.94013214111328
-104.60597229003906
-102.500732421875
-108.41497039794922
-109.69515991210938
-110.23543548583984
-104.04903411865234
-108.9786148071289
-109.5969009399414
-106.79657745361328
-111.40819549560547
-116.66015625
-103.73516845703125
-102.28771209716797
-102.39163970947266
-104.47761535644531
-104.40691375732422
-113.05250549316406
-104.27054595947266
-106.50150299072266
-104.81442260742188
-109.43595886230469
-109.2961654663086
-104.25574493408203
-111.541748046875
-107.59056091308594
-114.544189453125
-105.20022583007812
-105.56270599365234
-107.96943664550781
-109.72198486328125
-110.01272583007812
-114.08760833740234
-117.3211669921875
-106.36421966552734
-106.92864227294922
-108.59554290771484
-103.43408203125
-108.73899841308594
-112.83721923828125
-107.32147216796875
-99.72943115234375
-111.81123352050781
-112.85523223876953
-102.72384643554688
-108.2654037475586
-103.93496704101562
-115.64159393310547
-110.62471771240234
-111.41905975341797
-105.71251678466797
-106.38704681396484
-106.70616912841797
-109.45992279052734
-107.50466918945312
-110.82510375976562
-111.20195007324219
-113.61820983886719
-107.21896362304688
-110.25077819824219
-109.69042205810547
-106.48895263671875
-109.61524200439453
-115.60163116455078
-113.53155517578125
-111.54105377197266
-102.75961303710938
-107.55795288085938
-115.476318359375
-106.1786880493164
-103.43055725097656
-106.00716400146484
-112.90283966064453
-100.16508483886719
-111.24893188476562
-104.86466217041016
-118.5406723022461
-114.78218841552734
-108.60936737060547
-111.26844024658203
-115.27589416503906
-109.91915130615234
-107.56587219238281
-109.6424560546875
-111.57247161865234
-105.7782974243164
-101.38027954101562
-107.56819915771484
-103.67283630371094
-108.62885284423828
-107.03839111328125
-107.07972717285156
-110.09417724609375
-104.56889343261719
-108.3253173828125
-105.18267059326172
-103.61495971679688
-115.33182525634766
-113.49080657958984
-107.15901184082031
-108.6431884765625
-110.26026916503906
-110.28182983398438
-103.57442474365234
-103.55864715576172
-110.14703369140625
-104.85942840576172
-110.11743927001953
-107.03909301757812
-103.8664321899414
-110.62559509277344
-106.43093872070312
-116.80599212646484
-110.39625549316406
-108.8961181640625
-107.45603942871094
-109.48426818847656
-106.10103607177734
-105.65206909179688
-106.50965881347656
-102.61912536621094
-104.86856842041016
-106.3631820678711
-103.12438201904297
-106.79402923583984
-111.68716430664062
-107.4194107055664
-108.09733581542969
-113.34934997558594
-111.91679382324219
-109.0218276977539
-113.13047790527344
-107.35782623291016
-106.0518798828125
-106.68069458007812
-110.94989776611328
-108.4825439453125
-104.62701416015625
-116.221923828125
-109.85896301269531
-115.4185562133789
-114.8415298461914
-107.0486068725586
-106.0960693359375
-101.90069580078125
-105.51878356933594
-105.56462097167969
-104.2781753540039
-105.53227996826172
-109.42298126220703
-119.63993835449219
-109.67609405517578
-115.16844177246094
-111.67716979980469
-109.6941146850586
-103.95207977294922
-110.05669403076172
-103.96630859375
-106.64447021484375
-115.66885375976562
-104.0221939086914
-110.9815673828125
-106.40859985351562
-100.93462371826172
-104.9549560546875
-113.59273529052734
-109.53761291503906
-107.92149353027344
-113.28290557861328
-111.18912506103516
-112.33023834228516
-106.08767700195312
-105.82453155517578
-110.68651580810547
-104.54104614257812
-105.76695251464844
-111.67953491210938
-111.87472534179688
-112.89083099365234
-111.38655853271484
-110.03981018066406
-107.82291412353516
-111.67986297607422
-110.97279357910156
-107.41535949707031
-104.56343078613281
-105.45059204101562
-108.70124816894531
-106.87742614746094
-105.8589096069336
-112.37928009033203
-99.20549011230469
-106.50012969970703
-110.55120849609375
-109.54730987548828
-108.53231048583984
-106.96857452392578
-107.72459411621094
-108.53619384765625
-103.44774627685547
-107.94815826416016
-115.62336730957031
-113.7812271118164
-109.5318603515625
-107.88162994384766
-108.39566040039062
-108.51535034179688
-111.23086547851562
-106.45307159423828
-104.52851867675781
-109.61035919189453
-108.19422912597656
-103.10681915283203
-107.42786407470703
-105.78389739990234
-104.52827453613281
-106.47679138183594
-107.00853729248047
-111.99111938476562
-113.36903381347656
-104.72989654541016
-108.01883697509766
-110.10235595703125
-106.93221282958984
-110.49551391601562
-102.1766586303711
-107.88711547851562
-111.78316497802734
-100.64891815185547
-108.03903198242188
-114.05146789550781
-108.68193054199219
-107.78804016113281
-108.23978424072266
-112.17433166503906
-102.29564666748047
-110.57997131347656
-106.53961181640625
-101.48657989501953
-110.08781433105469
-108.85602569580078
-106.06999969482422
-102.09527587890625
-110.96488952636719
-111.35167694091797
-105.5547103881836
-105.36617279052734
-107.6259994506836
-112.90514373779297
-112.0566177368164
-105.92731475830078
-105.01597595214844
-108.66382598876953
-103.20144653320312
-108.64398956298828
-110.590576171875
-109.78728485107422
-104.70731353759766
-115.61817932128906
-105.23650360107422
-105.66841888427734
-98.59070587158203
-104.56843566894531
-101.44334411621094
-105.91548919677734
-108.20037078857422
-98.45956420898438
-109.89183807373047
-111.8055191040039
-108.83031463623047
-104.88219451904297
-116.3428726196289
-115.0853500366211
-103.7567367553711
-103.77242279052734
-114.52017974853516
-110.99246978759766
-103.42266082763672
-108.50569915771484
-104.5565185546875
-106.8958740234375
-104.02527618408203
-107.97724914550781
-109.53314971923828
-108.65158081054688
-102.86766815185547
-106.80872344970703
-111.70238494873047
-101.307861328125
-96.12870788574219
-104.22834014892578
-106.99040222167969
-109.34632110595703
-104.40101623535156
-108.43055725097656
-113.21817779541016
-107.15907287597656
-106.13945770263672
-109.65347290039062
-107.55894470214844
-109.09662628173828
-109.20721435546875
-117.44376373291016
-103.09002685546875
-104.46378326416016
-107.69920349121094
-112.88105773925781
-108.22509002685547
-106.90084075927734
-105.68571472167969
-106.48676300048828
-110.75242614746094
-104.25868225097656
-104.77973175048828
-106.98828125
-105.13837432861328
-110.39799499511719
-108.78407287597656
-114.13827514648438
-107.0699691772461
-108.62653350830078
-110.1030044555664
-107.859619140625
-112.43001556396484
-105.59492492675781
-110.27617645263672
-105.28560638427734
-103.93836975097656
-104.4828872680664
-113.96184539794922
-115.04783630371094
-109.77228546142578
-100.87689971923828
-106.94670867919922
-112.58014678955078
-112.01354217529297
-112.08173370361328
-109.09959411621094
-105.52913665771484
-111.08421325683594
-108.93841552734375
-108.47144317626953
-107.43721771240234
-109.49596405029297
-103.3379898071289
-106.39196014404297
-99.2544174194336
-111.22048950195312
-111.6776123046875
-108.49794006347656
-109.25460052490234
-111.94700622558594
-104.8852310180664
-105.35922241210938
-110.9132308959961
-105.60649108886719
-111.96063232421875
-107.3750991821289
-109.9863510131836
-101.84927368164062
-105.57730865478516
-111.41041564941406
-106.38378143310547
-107.9703140258789
-111.46338653564453
-106.50009155273438
-110.45979309082031
-105.3656234741211
-104.10904693603516
-109.02033996582031
-109.86028289794922
-113.3883285522461
-111.57240295410156
-107.56454467773438
-106.40679168701172
-102.54757690429688
-110.40042877197266
-101.50178527832031
-115.47364044189453
-109.80859375
-112.70240020751953
-103.85160064697266
-103.76839447021484
-105.93911743164062
-104.75733184814453
-107.99458312988281
-114.19935607910156
-111.25170135498047
-111.77994537353516
-103.98599243164062
-117.28788757324219
-105.16230773925781
-111.0010757446289
-112.5982894897461
-111.12057495117188
-108.7301254272461
-111.88829803466797
-106.5982666015625
-109.90714263916016
-105.49064636230469
-107.64387512207031
-110.07257843017578
-110.19276428222656
-110.59892272949219
-110.25640106201172
-111.98895263671875
-106.28119659423828
-110.90874481201172
-109.04207611083984
-107.53701782226562
-112.49053192138672
-103.75970458984375
-111.1627197265625
-107.83942413330078
-103.87690734863281
-107.88125610351562
-110.82148742675781
-107.94688415527344
-104.55674743652344
-110.16405487060547
-107.68556213378906
-110.740234375
-114.44065856933594
-101.84442901611328
-106.86854553222656
-101.25320434570312
-111.66622161865234
-103.2342529296875
-104.9696273803711
-107.23390197753906
-108.7647933959961
-109.23080444335938
-109.68482971191406
-105.5419692993164
-109.4156723022461
-108.80998229980469
-110.43738555908203
