-99.72968292236328
-110.56485748291016
-104.44503784179688
-109.50788116455078
-108.80134582519531
-107.43474578857422
-101.17485809326172
-94.24551391601562
-105.78926849365234
-99.57530212402344
-108.26568603515625
-103.5286865234375
-106.95957946777344
-105.3392562866211
-104.26836395263672
-99.25715637207031
-100.61437225341797
-108.64905548095703
-104.55282592773438
-101.32698059082031
-103.54046630859375
-104.87445831298828
-103.38690185546875
-106.8054428100586
-107.48587036132812
-114.67837524414062
-100.32360076904297
-108.23707580566406
-99.60723114013672
-102.39929962158203
-107.09745788574219
-111.89242553710938
-109.50245666503906
-111.58435821533203
-109.73181915283203
-102.97513580322266
-101.25151062011719
-106.160400390625
-103.94511413574219
-102.58596801757812
-98.11652374267578
-100.85438537597656
-106.76116180419922
-102.67237854003906
-99.56280517578125
-108.63191223144531
-106.55414581298828
-106.5069580078125
-103.52304077148438
-103.42598724365234
-101.62528991699219
-104.4900894165039
-104.61763763427734
-116.30883026123047
-108.14374542236328
-106.97457122802734
-106.9378433227539
-99.40673828125
-98.14991760253906
-110.36074829101562
-103.52987670898438
-108.91901397705078
-100.2105484008789
-103.58197021484375
-107.12235260009766
-99.14945983886719
-107.87861633300781
-105.8607177734375
-104.26949310302734
-101.27127075195312
-103.28734588623047
-103.3194580078125
-101.27278900146484
-109.27674865722656
-104.33363342285156
-105.61157989501953
-102.19977569580078
-105.1988296508789
-101.00906372070312
-106.45707702636719
-101.18452453613281
-104.36727905273438
-97.26417541503906
-102.36841583251953
-108.7448959350586
-102.2249755859375
-105.14807891845703
-99.89527130126953
-108.06392669677734
-97.24846649169922
-102.13971710205078
-104.08799743652344
-103.66397857666016
-106.71060943603516
-107.11293029785156
-102.93021392822266
-106.70086669921875
-104.66658782958984
-102.021728515625
-104.37785339355469
-105.33402252197266
-94.89583587646484
-109.91016387939453
-105.2749252319336
-102.3675765991211
-109.71678161621094
-105.6783218383789
-98.45795440673828
-101.67667388916016
-97.67828369140625
-105.61717224121094
-94.4074935913086
-104.1475830078125
-97.35539245605469
-103.35609436035156
-102.30162811279297
-105.79647827148438
-102.5582275390625
-101.37024688720703
-99.26423645019531
-113.40150451660156
-104.94276428222656
-103.68893432617188
-101.83328247070312
-96.96739959716797
-107.40440368652344
-102.86833953857422
-99.23051452636719
-106.1814193725586
-105.46624755859375
-100.41109466552734
-106.83273315429688
-98.16346740722656
-102.87211608886719
-98.74346923828125
-101.53946685791016
-102.46182250976562
-106.69245147705078
-102.76824951171875
-102.01229858398438
-105.53057098388672
-104.89690399169922
-102.20526123046875
-102.98207092285156
-106.7412338256836
-101.67682647705078
-103.79806518554688
-102.43818664550781
-106.9933090209961
-109.17930603027344
-111.23096466064453
-100.26421356201172
-105.61650848388672
-107.32980346679688
-108.03359985351562
-110.31603240966797
-111.73698425292969
-105.67668151855469
-108.08856964111328
-102.53844451904297
-105.79125213623047
-104.86865234375
-104.83992004394531
-103.0823974609375
-100.17082214355469
-100.44181823730469
-106.55823516845703
-111.79269409179688
-109.91045379638672
-104.87892150878906
-103.51600646972656
-95.99823760986328
-107.98431396484375
-101.63005065917969
-99.73619842529297
-104.92876434326172
-102.82962036132812
-102.81464385986328
-106.69905853271484
-99.31643676757812
-104.57621765136719
-108.43236541748047
-102.86373138427734
-102.54510498046875
-97.27783203125
-106.09831237792969
-98.74535369873047
-105.12349700927734
-105.38742065429688
-105.62525177001953
-108.49076843261719
-101.0013656616211
-99.72501373291016
-106.50006866455078
-101.71305847167969
-102.9552001953125
-103.57813262939453
-107.29232788085938
-99.07884979248047
-104.32852172851562
-101.30160522460938
-105.48821258544922
-105.05416870117188
-97.50382995605469
-105.38147735595703
-105.10257720947266
-108.76820373535156
-99.49638366699219
-97.48728942871094
-108.0996322631836
-103.24854278564453
-102.96434020996094
-102.33018493652344
-109.71739959716797
-105.29051208496094
-104.05992889404297
-106.09127044677734
-104.88414764404297
-105.7591781616211
-101.9374771118164
-98.28604888916016
-109.05683135986328
-99.9056167602539
-107.203125
-104.13890838623047
-108.25538635253906
-108.1328353881836
-107.20299530029297
-106.31227111816406
-107.27478790283203
-111.4139633178711
-112.90313720703125
-107.7096176147461
-104.38197326660156
-108.14478302001953
-99.61566162109375
-106.91123962402344
-106.6914291381836
-108.48184204101562
-102.98356628417969
-107.89151000976562
-106.01232147216797
-105.8059310913086
-107.06925201416016
-104.9955062866211
-107.24214172363281
-105.50957489013672
-107.85686492919922
-102.46346282958984
-101.26506042480469
-107.33891296386719
-106.57495880126953
-100.62071228027344
-99.09928894042969
-101.74105072021484
-103.45985412597656
-104.5231704711914
-115.1838607788086
-103.40122985839844
-106.25100708007812
-107.32662963867188
-103.94501495361328
-104.58565521240234
-99.25930786132812
-100.14063262939453
-103.52095031738281
-105.16728210449219
-98.55652618408203
-101.4033432006836
-105.42729187011719
-104.07836151123047
-103.01936340332031
-104.39515686035156
-108.31507873535156
-98.7914047241211
-104.56090545654297
-105.62519836425781
-97.66575622558594
-102.34187316894531
-107.2047348022461
-97.43009185791016
-100.37144470214844
-104.10182189941406
-100.0510025024414
-98.01946258544922
-106.47622680664062
-102.28838348388672
-106.50776672363281
-106.48918914794922
-105.62959289550781
-106.71953582763672
-100.53964233398438
-103.87276458740234
-106.01696014404297
-104.93296813964844
-105.05699920654297
-103.11652374267578
-108.81942749023438
-100.60533905029297
-101.17391204833984
-101.41936492919922
-104.38951873779297
-109.8095932006836
-105.21466827392578
-105.68644714355469
-101.77277374267578
-100.64031219482422
-109.80644989013672
-106.60441589355469
-106.4766845703125
-105.8407974243164
-104.4478530883789
-102.3946533203125
-104.35391235351562
-98.7735366821289
-105.64842987060547
-99.11367797851562
-108.05432891845703
-100.05831909179688
-102.38048553466797
-105.93830108642578
-110.179931640625
-99.33741760253906
-99.80227661132812
-100.34007263183594
-109.46402740478516
-110.59867095947266
-99.1368408203125
-108.6484146118164
-108.08389282226562
-106.51123046875
-102.67823791503906
-102.88774871826172
-102.21212005615234
-110.12091064453125
-108.17501831054688
-101.78578186035156
-105.27609252929688
-100.79808807373047
-111.12472534179688
-108.7275619506836
-105.21784210205078
-106.8302001953125
-104.49095916748047
-108.45976257324219
-98.57728576660156
-99.55630493164062
-103.52992248535156
-102.65538024902344
-112.26111602783203
-103.01026153564453
-105.11257934570312
-108.69061279296875
-109.88317108154297
-99.62989044189453
-106.8997802734375
-107.0517349243164
-107.45101928710938
-112.17754364013672
-107.2547836303711
-103.71005249023438
-106.59280395507812
-104.25826263427734
-108.60729217529297
-105.40863037109375
-104.78075408935547
-106.30218505859375
-103.70405578613281
-106.12725830078125
-105.85890197753906
-102.93018341064453
-103.56781005859375
-98.11334228515625
-109.59979248046875
-106.64476776123047
-109.16824340820312
-99.27996063232422
-103.51363372802734
-99.88292694091797
-98.74742126464844
-103.2384033203125
-99.49407958984375
-100.2025375366211
-102.81087493896484
-108.50201416015625
-102.6195068359375
-101.18648529052734
-104.61112976074219
-105.32870483398438
-102.75432586669922
-100.4019546508789
-100.37052917480469
-102.5032958984375
-102.1958236694336
-104.21639251708984
-101.54737854003906
-96.97601318359375
-111.8892593383789
-100.99144744873047
-103.46376037597656
-105.32609558105469
-102.06315612792969
-102.20980072021484
-99.7325668334961
-100.64501190185547
-113.43057250976562
-97.21713256835938
-104.40498352050781
-104.27267456054688
-104.66213989257812
-112.59115600585938
-107.6666259765625
-107.56658935546875
-99.68116760253906
-99.95125579833984
-99.21819305419922
-110.00578308105469
-99.75646209716797
-101.57768249511719
-105.22409057617188
-104.802978515625
-99.3486557006836
-103.50652313232422
-110.57720947265625
-98.30435180664062
-102.28067016601562
-104.4615249633789
-101.07159423828125
-97.74932861328125
-109.21976470947266
-101.3887710571289
-109.83074951171875
-99.02072143554688
-101.89118194580078
-99.10384368896484
-105.01732635498047
-103.53137969970703
-103.98471069335938
-105.78887176513672
-100.3864517211914
-103.82301330566406
-101.48250579833984
-108.91447448730469
-93.99099731445312
-102.0138168334961
-99.84764099121094
-105.27105712890625
-99.8313980102539
-99.24283599853516
-105.02225494384766
-99.82463073730469
-106.65583801269531
-100.8897705078125
-102.81859588623047
-110.19807434082031
-103.40255737304688
-109.46997833251953
-109.00447845458984
-109.73810577392578
-98.89154815673828
-104.48487854003906
-100.0086441040039
-110.25752258300781
-93.22952270507812
-102.32146453857422
-111.1513442993164
-110.71194458007812
-106.37068176269531
-99.29550170898438
-97.69154357910156
-106.025146484375
-100.2977066040039
-103.34776306152344
-103.0191879272461
-102.0389404296875
-103.73442840576172
-103.352783203125
-109.88079071044922
-99.33621215820312
-101.99210357666016
-93.70122528076172
-104.19046020507812
-104.82344818115234
-95.86336517333984
-109.54749298095703
-100.70071411132812
-102.54707336425781
-98.35126495361328
-106.31790924072266
-108.03697967529297
-101.28731536865234
-100.98937225341797
-102.75188446044922
-109.4017333984375
-102.51670837402344
-108.031005859375
-100.9669189453125
-104.91865539550781
-96.67111206054688
-102.99192810058594
-103.90745544433594
-103.4462661743164
-100.09274291992188
-99.653564453125
-103.39012908935547
-104.91045379638672
-107.0315933227539
-99.02628326416016
-104.71305847167969
-104.2407455444336
-101.63440704345703
-106.43911743164062
-114.73965454101562
-100.31348419189453
-100.5308609008789
-97.64781951904297
-103.04170989990234
-99.89566802978516
-111.54548645019531
-100.24095916748047
-102.51626586914062
-100.4851303100586
-104.90145874023438
-105.16195678710938
-99.22139739990234
-106.0818862915039
-104.3340835571289
-109.50145721435547
-101.96026611328125
-102.12389373779297
-104.53654479980469
-105.15913391113281
-106.22116088867188
-108.33004760742188
-112.63801574707031
-100.79985046386719
-104.37950134277344
-105.4626693725586
-100.15790557861328
-105.4161148071289
-108.50758361816406
-103.00082397460938
-98.77200317382812
-105.56437683105469
-107.56842041015625
-97.99581909179688
-102.19696807861328
-98.49635314941406
-110.48741149902344
-107.08341217041016
-108.61132049560547
-99.81939697265625
-101.9656753540039
-102.0871810913086
-105.26587677001953
-103.92688751220703
-105.74884033203125
-105.58828735351562
-109.21329498291016
-104.02508544921875
-104.56838989257812
-105.27375030517578
-102.8412094116211
-105.6613998413086
-110.61336517333984
-107.64906311035156
-107.53706359863281
-98.9113998413086
-103.28799438476562
-109.00672149658203
-100.81608581542969
-99.14751434326172
-100.02702331542969
-106.99285125732422
-95.0221939086914
-105.15675354003906
-99.24938201904297
-112.07100677490234
-108.60679626464844
-105.48199462890625
-106.31367492675781
-108.8766860961914
-104.77955627441406
-102.79857635498047
-103.82291412353516
-106.7790756225586
-103.69071960449219
-97.9989013671875
-102.40177917480469
-100.68455505371094
-105.24439239501953
-103.6640853881836
-103.02841186523438
-104.90425109863281
-100.36769104003906
-103.8902587890625
-100.04415893554688
-101.52558898925781
-109.89378356933594
-108.32447814941406
-102.50934600830078
-103.7310791015625
-106.49625396728516
-105.8542251586914
-101.18070983886719
-100.30902862548828
-104.56503295898438
-101.0226821899414
-105.94266510009766
-102.7956771850586
-99.5292739868164
-105.97377014160156
-101.0927963256836
-112.3840560913086
-108.0798568725586
-102.52372741699219
-102.75534057617188
-107.81668853759766
-102.37240600585938
-103.14400482177734
-102.65992736816406
-99.14956665039062
-100.2037353515625
-102.4243392944336
-100.80665588378906
-106.43445587158203
-109.04710388183594
-104.10567474365234
-105.1630630493164
-108.9661636352539
-106.70316314697266
-103.23553466796875
-109.21820068359375
-101.29042053222656
-101.20885467529297
-104.22917938232422
-106.6241226196289
-103.87470245361328
-99.4092025756836
-111.42908477783203
-106.36748504638672
-111.50596618652344
-111.21417236328125
-103.9381332397461
-102.9183349609375
-98.31294250488281
-104.0675048828125
-101.8266830444336
-99.5698471069336
-101.57988739013672
-104.24327087402344
-115.6198501586914
-104.14588165283203
-109.89159393310547
-109.42841339111328
-105.99696350097656
-99.00682830810547
-104.56446075439453
-99.9243392944336
-101.68938446044922
-109.8710708618164
-99.463134765625
-106.3868179321289
-103.42937469482422
-98.42559814453125
-102.15563201904297
-109.70956420898438
-103.90267944335938
-103.1807861328125
-108.67969512939453
-106.33977508544922
-107.590576171875
-101.91497802734375
-101.52277374267578
-108.05960845947266
-100.05411529541016
-101.19273376464844
-107.81334686279297
-106.16401672363281
-106.56452178955078
-104.42027282714844
-105.06117248535156
-104.09390258789062
-106.05471801757812
-104.7103500366211
-101.88908386230469
-100.60331726074219
-102.04901885986328
-103.5570068359375
-102.75631713867188
-100.83522033691406
-106.62174224853516
-95.41075134277344
-103.07389068603516
-104.38111114501953
-106.47093963623047
-105.10433959960938
-102.37458801269531
-104.28165435791016
-103.32099914550781
-99.4225845336914
-105.10557556152344
-111.0403823852539
-108.74725341796875
-104.724609375
-104.01488494873047
-103.7828369140625
-103.61609649658203
-107.5
-103.25008392333984
-100.8638916015625
-102.4042739868164
-102.87875366210938
-99.29378509521484
-104.09925842285156
-102.09998321533203
-101.06053924560547
-100.33779907226562
-101.81493377685547
-109.10430145263672
-109.69847106933594
-101.96553039550781
-104.15687561035156
-106.53699493408203
-103.16015625
-107.02837371826172
-98.58899688720703
-103.12405395507812
-107.87399291992188
-97.37499237060547
-102.9329833984375
-110.12059783935547
-104.13932800292969
-104.58824157714844
-104.7786636352539
-107.36354064941406
-97.87983703613281
-104.90547180175781
-100.983642578125
-96.67191314697266
-104.9454345703125
-105.26740264892578
-102.41464233398438
-98.79684448242188
-106.3676986694336
-107.92666625976562
-101.47515869140625
-102.94982147216797
-105.8077392578125
-108.1683120727539
-106.8096694946289
-103.46791076660156
-102.47743225097656
-102.53089904785156
-98.94115447998047
-104.54325103759766
-107.6042251586914
-105.70484161376953
-98.90925598144531
-110.94290161132812
-100.9725112915039
-102.82391357421875
-96.23809051513672
-102.12688446044922
-97.96819305419922
-101.89940643310547
-101.91795349121094
-95.34859466552734
-107.36587524414062
-106.54017639160156
-104.98174285888672
-100.26717376708984
-111.61739349365234
-108.8363037109375
-99.9178695678711
-102.5704116821289
-112.1196517944336
-107.4189682006836
-99.7283706665039
-106.3043212890625
-102.82577514648438
-103.47276306152344
-100.7355728149414
-103.49711608886719
-105.69121551513672
-106.6983871459961
-98.04013061523438
-102.27949523925781
-107.80237579345703
-98.51175689697266
-92.691162109375
-99.5352783203125
-103.67790222167969
-104.64473724365234
-100.8595199584961
-104.26741027832031
-107.93025970458984
-103.2315673828125
-101.36834716796875
-104.70823669433594
-103.83582305908203
-105.95288848876953
-103.30862426757812
-112.8664779663086
-99.40638732910156
-103.02340698242188
-103.49034118652344
-107.93096160888672
-104.88423919677734
-103.8313217163086
-102.47433471679688
-101.51237487792969
-107.0385971069336
-99.95850372314453
-101.4335708618164
-104.01625061035156
-101.54289245605469
-105.36280059814453
-103.89826965332031
-109.45590209960938
-103.76969146728516
-105.16329956054688
-104.46487426757812
-101.5794906616211
-107.16860961914062
-102.8438491821289
-107.45594787597656
-101.89573669433594
-100.4754409790039
-100.94254302978516
-108.66983032226562
-111.31266021728516
-107.16443634033203
-98.14189910888672
-104.0421142578125
-107.46711730957031
-110.0307388305664
-106.99203491210938
-103.82841491699219
-101.96710968017578
-107.61975860595703
-107.14451599121094
-104.43123626708984
-103.383056640625
-105.21540832519531
-99.8094482421875
-101.32357025146484
-95.3764877319336
-105.71925354003906
-107.4438705444336
-104.26737213134766
-105.89009094238281
-106.685791015625
-100.00045776367188
-101.12893676757812
-108.04483795166016
-100.42976379394531
-109.19269561767578
-101.88067626953125
-104.86300659179688
-97.75627899169922
-101.88922119140625
-106.08090209960938
-100.59881591796875
-100.34489440917969
-109.18671417236328
-100.9937973022461
-103.94047546386719
-99.51966857910156
-102.45008850097656
-104.66363525390625
-105.62853240966797
-109.51396179199219
-106.93547821044922
-102.89301300048828
-102.69358825683594
-101.65988159179688
-107.97425079345703
-97.7662353515625
-111.74517059326172
-103.81681823730469
-108.4463119506836
-100.33967590332031
-99.02374267578125
-102.7411880493164
-102.72120666503906
-104.38056182861328
-109.62574768066406
-107.39974975585938
-108.40554809570312
-100.97313690185547
-112.50001525878906
-100.9080810546875
-105.85157012939453
-110.27372741699219
-107.30867004394531
-105.34121704101562
-107.9098129272461
-102.60102081298828
-105.0419692993164
-102.15154266357422
-101.66561889648438
-107.14012908935547
-106.08633422851562
-107.14566040039062
-106.93934631347656
-107.50358581542969
-101.94170379638672
-106.14111328125
-103.59829711914062
-101.17622375488281
-107.99696350097656
-101.08273315429688
-107.99185943603516
-103.51931762695312
-100.19551086425781
-104.35440826416016
-107.44686889648438
-102.65931701660156
-100.55887603759766
-106.09385681152344
-103.47093200683594
-106.78418731689453
-107.92347717285156
-97.73855590820312
-103.17414855957031
-98.74939727783203
-106.89471435546875
-98.03889465332031
-101.26368713378906
-103.25533294677734
-104.46064758300781
-104.8597640991211
-106.16838073730469
-101.53022766113281
-104.09107208251953
-103.57405090332031
-105.3475570678711
