-99.76690673828125
-110.71955108642578
-104.1115951538086
-109.2703628540039
-110.73091125488281
-107.09288024902344
-102.32831573486328
-95.7661361694336
-108.43504333496094
-99.25897216796875
-109.39556121826172
-104.49510955810547
-108.6065444946289
-107.22573852539062
-105.64522552490234
-100.07488250732422
-100.75538635253906
-109.83611297607422
-105.09266662597656
-101.42447662353516
-104.99491119384766
-106.13394165039062
-103.27812957763672
-106.61845397949219
-107.6257553100586
-115.58029174804688
-101.9013671875
-108.53319549560547
-99.72716522216797
-103.38006591796875
-107.3960189819336
-113.39474487304688
-111.01594543457031
-113.44657897949219
-109.47850799560547
-102.53204345703125
-102.59977722167969
-105.725830078125
-105.24806213378906
-104.42691802978516
-98.75274658203125
-100.7850341796875
-107.92317962646484
-104.06517791748047
-99.63574981689453
-108.35909271240234
-107.7436752319336
-106.44279479980469
-105.09634399414062
-103.81151580810547
-100.66448211669922
-103.69232177734375
-103.00733184814453
-117.27981567382812
-108.03237915039062
-104.93911743164062
-107.72682189941406
-98.58924865722656
-98.07855224609375
-110.3758544921875
-104.71598815917969
-108.17741394042969
-100.59716796875
-104.2890853881836
-106.41645812988281
-100.97476196289062
-108.62166595458984
-105.82865142822266
-105.4437026977539
-99.94354248046875
-105.10798645019531
-103.67036437988281
-101.9194564819336
-109.98868560791016
-106.49500274658203
-106.1261978149414
-103.33704376220703
-105.06492614746094
-101.58084869384766
-106.04053497314453
-102.50279235839844
-104.08589172363281
-97.81208038330078
-103.40058135986328
-109.42498016357422
-105.1885757446289
-104.55416107177734
-99.64990234375
-107.9778823852539
-98.72357940673828
-103.3171615600586
-105.17742919921875
-102.92658233642578
-107.11429595947266
-109.2251205444336
-102.88220977783203
-107.16706848144531
-105.41331481933594
-101.6589584350586
-104.61710357666016
-105.72280883789062
-95.51024627685547
-110.94908142089844
-105.79366302490234
-104.15074920654297
-109.70748138427734
-107.6785888671875
-99.54821014404297
-102.40528869628906
-100.81043243408203
-107.24607849121094
-95.63927459716797
-104.91101837158203
-99.82403564453125
-104.36579895019531
-102.36670684814453
-106.69332885742188
-102.5451889038086
-103.49089050292969
-99.6772232055664
-112.41343688964844
-104.84956359863281
-103.86772918701172
-101.33526611328125
-97.29362487792969
-107.00702667236328
-103.87347412109375
-99.660888671875
-105.485107421875
-105.62063598632812
-99.18217468261719
-108.51554870605469
-97.92317962646484
-104.43705749511719
-100.51716613769531
-101.81505584716797
-103.85617065429688
-108.18330383300781
-102.1812744140625
-102.48733520507812
-107.35128021240234
-105.80360412597656
-101.91559600830078
-103.21539306640625
-107.89469146728516
-101.45068359375
-104.11357879638672
-104.12974548339844
-107.58793640136719
-109.61133575439453
-112.59429931640625
-99.97713470458984
-107.70806884765625
-106.43616485595703
-110.56143188476562
-110.9537353515625
-111.7147445678711
-105.85041046142578
-108.95061492919922
-104.579345703125
-106.00007629394531
-106.74081420898438
-106.43302917480469
-104.09528350830078
-101.94384765625
-101.31129455566406
-107.38713073730469
-114.20140075683594
-111.2280502319336
-106.29328918457031
-104.37344360351562
-96.3681411743164
-108.35260009765625
-102.72434997558594
-101.34864044189453
-104.30894470214844
-104.5626449584961
-103.05725860595703
-108.16083526611328
-100.91221618652344
-104.90567016601562
-109.40240478515625
-102.84085083007812
-104.51205444335938
-98.3289566040039
-105.66962432861328
-99.03900146484375
-107.25142669677734
-106.985107421875
-106.42621612548828
-108.23883056640625
-101.26396179199219
-102.41436004638672
-107.89618682861328
-100.55419921875
-103.61026000976562
-103.15209197998047
-108.89764404296875
-101.352783203125
-104.33460235595703
-102.81167602539062
-106.37191772460938
-106.68019104003906
-98.94441223144531
-106.1740951538086
-105.42333221435547
-110.30860900878906
-101.03404235839844
-97.27869415283203
-108.58543395996094
-102.9817123413086
-104.40794372558594
-104.23773956298828
-111.92850494384766
-107.23474884033203
-105.5674819946289
-106.58734130859375
-103.49752807617188
-107.32998657226562
-102.5265121459961
-100.38848876953125
-110.69590759277344
-101.48897552490234
-107.70280456542969
-104.46269226074219
-108.16815185546875
-108.35939025878906
-107.6036148071289
-106.82018280029297
-108.9118881225586
-112.56620788574219
-113.51158905029297
-108.57516479492188
-105.79023742675781
-107.69496154785156
-100.31312561035156
-107.54833984375
-107.54312133789062
-109.41266632080078
-103.75875091552734
-109.64338684082031
-106.57604217529297
-105.58467864990234
-105.93578338623047
-105.49891662597656
-108.06133270263672
-105.66668701171875
-107.63412475585938
-104.08328247070312
-101.93934631347656
-107.43096923828125
-107.33922576904297
-101.83984375
-98.89842224121094
-102.45213317871094
-104.34017181396484
-105.78428649902344
-116.0508804321289
-103.74739074707031
-108.32325744628906
-108.88491821289062
-103.74339294433594
-106.4744873046875
-99.7188949584961
-100.20367431640625
-104.15694427490234
-107.98954010009766
-98.3576889038086
-101.22596740722656
-105.39547729492188
-103.38444519042969
-103.01586151123047
-103.97488403320312
-108.4197006225586
-99.3816909790039
-105.57635498046875
-107.18756103515625
-97.3786392211914
-102.9862060546875
-107.6531753540039
-98.2172622680664
-101.48957824707031
-107.01499938964844
-101.75829315185547
-99.52159881591797
-107.78133392333984
-103.4924087524414
-106.3622055053711
-107.96409606933594
-106.32627868652344
-105.40457916259766
-100.73069763183594
-104.62262725830078
-107.80603790283203
-105.65084838867188
-106.69932556152344
-104.3145751953125
-109.1124496459961
-102.32984924316406
-101.52798461914062
-101.49649810791016
-103.24471282958984
-109.6308822631836
-105.48155975341797
-108.1246566772461
-102.20983123779297
-101.79635620117188
-110.4586410522461
-107.7974624633789
-106.87213897705078
-106.2300796508789
-106.1679458618164
-103.9996109008789
-106.29069519042969
-100.23634338378906
-105.50840759277344
-100.43574523925781
-109.463134765625
-100.34539794921875
-103.86759185791016
-105.18781280517578
-110.07627868652344
-101.41688537597656
-99.63150787353516
-101.41747283935547
-109.526611328125
-111.21880340576172
-100.77911376953125
-108.2820053100586
-106.08059692382812
-106.05908966064453
-103.79002380371094
-104.68621826171875
-102.37853240966797
-111.35425567626953
-107.60694885253906
-102.45946502685547
-106.36004638671875
-102.50528717041016
-111.16583251953125
-109.84610748291016
-105.44464111328125
-107.44453430175781
-102.6838607788086
-109.55404663085938
-99.0123062133789
-99.80799865722656
-104.90676879882812
-105.06037902832031
-112.60982513427734
-104.67427825927734
-104.44757843017578
-109.64097595214844
-110.78694915771484
-100.14195251464844
-106.7256851196289
-108.2607650756836
-109.57135772705078
-111.89920806884766
-106.84530639648438
-105.09615325927734
-108.27310180664062
-103.89188385009766
-109.03488159179688
-106.73360443115234
-104.78660583496094
-107.795166015625
-106.07547760009766
-106.9406967163086
-107.83380126953125
-104.76668548583984
-104.0591049194336
-100.0169677734375
-111.15011596679688
-106.15167236328125
-109.88148498535156
-101.61830139160156
-105.0676040649414
-99.90237426757812
-101.03195190429688
-104.30329895019531
-98.83612060546875
-100.58618927001953
-102.51333618164062
-109.1444091796875
-103.70116424560547
-102.46641540527344
-107.61455535888672
-107.69881439208984
-102.29348754882812
-101.61215209960938
-101.67379760742188
-102.98399353027344
-101.28878021240234
-105.76395416259766
-101.7452621459961
-98.26190185546875
-111.56924438476562
-102.92611694335938
-103.19164276123047
-107.0740966796875
-103.26986694335938
-104.7637939453125
-99.84745025634766
-101.30523681640625
-114.15502166748047
-98.16588592529297
-106.10650634765625
-106.16879272460938
-105.14793395996094
-113.8255386352539
-108.53091430664062
-108.07723236083984
-100.18854522705078
-101.79933166503906
-99.16665649414062
-112.62080383300781
-100.91423034667969
-102.5125961303711
-106.5533676147461
-105.29733276367188
-99.92547607421875
-104.69070434570312
-111.05489349365234
-99.01568603515625
-103.46405792236328
-103.69601440429688
-101.61466217041016
-97.37849426269531
-109.73983764648438
-102.01596069335938
-109.17791748046875
-100.61311340332031
-102.28897857666016
-101.05522918701172
-105.92961883544922
-104.61781311035156
-105.77784729003906
-105.38200378417969
-101.58263397216797
-104.52489471435547
-103.1155776977539
-110.00520324707031
-94.4590072631836
-104.20570373535156
-100.81050109863281
-106.55279541015625
-99.76486206054688
-99.41841888427734
-105.97440338134766
-101.22490692138672
-107.1990737915039
-102.98421478271484
-103.6830825805664
-110.13475036621094
-104.33979797363281
-110.42671203613281
-108.85047912597656
-111.08966064453125
-100.27356719970703
-105.5632553100586
-101.78199005126953
-111.25264739990234
-94.14720153808594
-103.33010864257812
-110.0511703491211
-111.49169921875
-107.70179748535156
-98.96034240722656
-98.5376968383789
-108.14405822753906
-102.03382110595703
-102.78209686279297
-104.76756286621094
-102.48890686035156
-104.13276672363281
-104.4793930053711
-110.73596954345703
-99.95487213134766
-102.88700866699219
-94.1581802368164
-105.21875762939453
-105.85760498046875
-97.36548614501953
-109.0519790649414
-102.3635482788086
-102.95513153076172
-100.02761840820312
-107.98616027832031
-109.4738540649414
-102.68951416015625
-102.60826873779297
-103.54945373535156
-109.47688293457031
-104.2776107788086
-106.69876861572266
-101.12875366210938
-104.8350830078125
-98.01526641845703
-102.27142333984375
-103.90609741210938
-105.34905242919922
-101.19419860839844
-99.50814056396484
-104.7359619140625
-106.46131896972656
-106.65274047851562
-100.81017303466797
-107.23999786376953
-107.32859802246094
-103.28840637207031
-108.55211639404297
-113.59321594238281
-100.4300308227539
-101.2696304321289
-98.71756744384766
-103.01065063476562
-100.06097412109375
-110.74110412597656
-100.41978454589844
-104.40145111083984
-101.98047637939453
-106.50596618652344
-105.76287841796875
-100.9162826538086
-107.81623077392578
-104.61318969726562
-112.80011749267578
-103.28758239746094
-102.59123992919922
-105.55159759521484
-106.46533966064453
-106.18791961669922
-111.26309204101562
-112.95123291015625
-101.44781494140625
-104.097412109375
-105.74349212646484
-99.6936264038086
-105.13838958740234
-108.45006561279297
-102.8834228515625
-97.02457427978516
-105.33623504638672
-108.93048095703125
-98.37214660644531
-102.71401977539062
-100.07142639160156
-110.8563003540039
-106.31462860107422
-108.11495971679688
-99.67252349853516
-101.8145751953125
-102.07666015625
-106.76930236816406
-103.379638671875
-107.53219604492188
-107.20426177978516
-109.08444213867188
-103.55381774902344
-105.10283660888672
-103.68447875976562
-102.65399169921875
-105.2838134765625
-111.66127014160156
-110.0046157836914
-107.83248138427734
-99.64025115966797
-103.0368423461914
-110.1533203125
-101.35755157470703
-99.89761352539062
-100.47652435302734
-107.82796478271484
-97.19791412353516
-105.63365173339844
-101.15918731689453
-113.25773620605469
-110.55288696289062
-106.6907958984375
-107.23990631103516
-111.15343475341797
-105.47000885009766
-104.9559326171875
-104.93445587158203
-107.22898864746094
-103.06597900390625
-98.37450408935547
-104.70183563232422
-99.46013641357422
-105.89356231689453
-105.37489318847656
-102.32227325439453
-105.27197265625
-102.29621124267578
-104.64546203613281
-101.21792602539062
-101.66435241699219
-113.22166442871094
-109.13558959960938
-104.77693939208984
-106.02182006835938
-106.87418365478516
-106.42500305175781
-101.7821044921875
-101.99958801269531
-105.61620330810547
-101.6478042602539
-106.98768615722656
-103.59806823730469
-101.08545684814453
-106.99759674072266
-102.22587585449219
-113.32112884521484
-106.74504089355469
-104.92216491699219
-103.28778076171875
-107.16954803466797
-102.36231231689453
-101.85690307617188
-104.02418518066406
-99.13551330566406
-99.9908676147461
-102.99647521972656
-99.69989013671875
-105.15577697753906
-108.51426696777344
-105.01241302490234
-105.69339752197266
-109.32283020019531
-106.94843292236328
-105.03856658935547
-109.02021026611328
-102.6315689086914
-102.36959838867188
-104.3764419555664
-107.14615631103516
-104.6871109008789
-100.32070922851562
-111.63903045654297
-106.69629669189453
-110.94329833984375
-110.96206665039062
-104.87425231933594
-102.63056945800781
-97.68511199951172
-103.14925384521484
-101.59657287597656
-101.61550903320312
-102.33143615722656
-104.84707641601562
-117.0498275756836
-106.2209243774414
-111.28482818603516
-108.50096893310547
-106.90000915527344
-99.45590209960938
-105.98307800292969
-100.72101593017578
-103.4983139038086
-111.03600311279297
-100.03826904296875
-106.93289947509766
-103.17562103271484
-98.77365112304688
-104.21778869628906
-110.46222686767578
-105.01416778564453
-103.38373565673828
-108.34860229492188
-107.05967712402344
-107.5941390991211
-102.15475463867188
-101.82178497314453
-107.93500518798828
-101.29377746582031
-101.5700912475586
-108.01878356933594
-108.49344635009766
-108.7493667602539
-107.0350112915039
-106.6093978881836
-104.88202667236328
-107.51377868652344
-106.3701400756836
-102.99315643310547
-101.19451904296875
-102.7035140991211
-105.24207305908203
-104.57965087890625
-100.74486541748047
-107.74929809570312
-95.97681427001953
-103.9832534790039
-106.31927490234375
-107.51385498046875
-104.84095764160156
-103.2106704711914
-104.82257080078125
-104.08595275878906
-98.9937515258789
-104.88004302978516
-111.68373107910156
-109.8647232055664
-106.40940856933594
-103.56092071533203
-104.91273498535156
-105.60469818115234
-108.54601287841797
-104.66365051269531
-102.36565399169922
-103.13895416259766
-104.82954406738281
-100.33589935302734
-104.9625473022461
-102.76614379882812
-101.84838104248047
-101.37886047363281
-102.317626953125
-109.14925384521484
-110.4367446899414
-103.49740600585938
-105.22869110107422
-107.90808868408203
-103.84542083740234
-108.56623840332031
-98.17195892333984
-104.18372344970703
-108.81487274169922
-97.42581939697266
-104.0925521850586
-110.40897369384766
-105.31627655029297
-105.35362243652344
-105.28043365478516
-107.23649597167969
-98.63079833984375
-105.9183349609375
-102.667724609375
-98.3193130493164
-105.64723205566406
-105.0268325805664
-102.3046875
-100.31260681152344
-107.86628723144531
-108.46408081054688
-102.59746551513672
-103.91419219970703
-105.7752456665039
-109.58751678466797
-107.09246063232422
-105.0445785522461
-101.56098937988281
-104.30887603759766
-99.5309829711914
-105.58453369140625
-108.78956604003906
-105.62508392333984
-100.8583984375
-112.3782730102539
-101.93881225585938
-102.92034149169922
-95.67693328857422
-101.12252807617188
-98.63133239746094
-103.57661437988281
-104.44538116455078
-96.0694351196289
-109.49894714355469
-108.29669952392578
-104.02186584472656
-102.13427734375
-111.69983673095703
-111.53108215332031
-99.87716674804688
-102.51295471191406
-112.36042022705078
-108.36683654785156
-100.5471420288086
-106.20159912109375
-102.36166381835938
-105.07968139648438
-101.09064483642578
-104.37394714355469
-107.70511627197266
-106.28898620605469
-99.18196868896484
-104.36650848388672
-106.79334259033203
-98.37037658691406
-93.31520080566406
-100.47421264648438
-102.61616516113281
-105.58927154541016
-100.91572570800781
-106.32518768310547
-109.7669677734375
-105.16455078125
-102.18550109863281
-105.78658294677734
-106.47140502929688
-106.65059661865234
-104.20542907714844
-112.26824188232422
-100.80021667480469
-102.20499420166016
-104.58934020996094
-109.5356216430664
-103.92870330810547
-105.1100082397461
-103.12804412841797
-102.24037170410156
-107.89799499511719
-99.64241027832031
-102.3611068725586
-105.02392578125
-103.00849914550781
-105.37886810302734
-104.76991271972656
-109.68284606933594
-104.93061828613281
-106.67639923095703
-106.09600830078125
-102.83332824707031
-106.83147430419922
-104.936279296875
-107.73998260498047
-103.00460815429688
-101.10997772216797
-99.90685272216797
-110.35099792480469
-112.65869140625
-106.92814636230469
-97.95195770263672
-104.75936126708984
-109.20681762695312
-108.8016128540039
-109.05519104003906
-105.47888946533203
-102.5267333984375
-107.52166748046875
-106.7237548828125
-105.76277160644531
-104.85648345947266
-106.34770965576172
-101.00294494628906
-103.27136993408203
-97.56515502929688
-108.2187728881836
-109.80307006835938
-105.60462188720703
-106.4437255859375
-107.9976577758789
-102.2577896118164
-102.43984985351562
-109.2016372680664
-102.96199035644531
-110.32952117919922
-106.15647888183594
-106.51837158203125
-99.65811157226562
-100.92102813720703
-108.03861236572266
-102.49624633789062
-102.70691680908203
-109.69049072265625
-101.71969604492188
-105.77828979492188
-101.08810424804688
-101.93209838867188
-105.4625244140625
-106.52696990966797
-110.40027618408203
-107.63388061523438
-104.43037414550781
-102.6453857421875
-99.45626068115234
-108.07716369628906
-99.36781311035156
-112.49777221679688
-103.08477020263672
-109.32048797607422
-101.22357940673828
-101.19236755371094
-103.63316345214844
-101.85240173339844
-105.6747055053711
-110.7012710571289
-107.51518249511719
-109.16771697998047
-101.50428009033203
-114.6782455444336
-103.05072784423828
-107.49050903320312
-109.03784942626953
-107.80140686035156
-107.5204849243164
-109.11040496826172
-103.78174591064453
-105.9306640625
-101.55561828613281
-103.36991119384766
-106.52803039550781
-106.14278411865234
-108.7989730834961
-107.97386169433594
-107.61235046386719
-103.46717071533203
-107.72522735595703
-104.86508178710938
-102.24595642089844
-108.19815826416016
-102.31248474121094
-109.45665740966797
-103.8995132446289
-100.57782745361328
-105.46356964111328
-108.60419464111328
-103.26811981201172
-102.62896728515625
-107.1665267944336
-104.24545288085938
-107.44599151611328
-109.93434143066406
-98.48606872558594
-104.64840698242188
-99.29454803466797
-107.95320129394531
-101.59002685546875
-102.4788818359375
-104.57600402832031
-106.48726654052734
-106.51502990722656
-107.08745574951172
-103.4446029663086
-106.21661376953125
-105.06971740722656
-107.41522979736328
