-99.80328369140625
-110.84741973876953
-104.22122955322266
-108.92127990722656
-109.42821502685547
-105.92609405517578
-100.07588195800781
-94.95594787597656
-106.39468383789062
-99.7313232421875
-108.4336166381836
-103.97697448730469
-107.19036102294922
-106.05723571777344
-104.66462707519531
-99.81910705566406
-99.28016662597656
-109.39220428466797
-105.20394134521484
-101.45629119873047
-104.93977355957031
-103.98515319824219
-102.59640502929688
-105.77945709228516
-107.79938507080078
-113.90178680419922
-101.00439453125
-108.44418334960938
-99.9275131225586
-102.94247436523438
-107.56185913085938
-112.81793212890625
-109.27072143554688
-113.56657409667969
-110.81529998779297
-102.02001953125
-101.25446319580078
-106.13262939453125
-105.5281753540039
-102.99663543701172
-98.2384262084961
-101.79756164550781
-107.86400604248047
-102.42871856689453
-99.40734100341797
-108.13774108886719
-106.1143798828125
-104.67485046386719
-104.45683288574219
-102.2049560546875
-100.11278533935547
-103.6084213256836
-102.59074401855469
-116.72691345214844
-108.2048110961914
-105.04145812988281
-107.62515258789062
-98.15503692626953
-97.78974914550781
-110.44556427001953
-104.96640014648438
-107.8948974609375
-101.23814392089844
-103.78092956542969
-107.40178680419922
-99.87467193603516
-107.33226013183594
-104.33454132080078
-103.88495635986328
-99.35540771484375
-103.9140853881836
-102.7139663696289
-102.01095581054688
-108.64034271240234
-105.83944702148438
-106.01460266113281
-101.3726806640625
-105.11951446533203
-102.29438018798828
-106.97763061523438
-101.63435363769531
-103.42937469482422
-97.2677001953125
-102.27310180664062
-109.91996765136719
-103.92559814453125
-103.740966796875
-99.79227447509766
-108.45783233642578
-98.19906616210938
-102.52582550048828
-104.70366668701172
-102.40019226074219
-104.8568115234375
-108.89678955078125
-102.31588745117188
-107.25942993164062
-103.39483642578125
-102.5788345336914
-104.23482513427734
-106.0336685180664
-95.74685668945312
-109.34934997558594
-106.030029296875
-102.93191528320312
-109.60562133789062
-107.59357452392578
-99.79300689697266
-103.2370834350586
-98.64295196533203
-107.06055450439453
-95.58391571044922
-104.07601928710938
-98.4187240600586
-102.70758056640625
-101.02202606201172
-106.29490661621094
-101.43263244628906
-103.00204467773438
-99.13540649414062
-112.35204315185547
-104.38951873779297
-103.16473388671875
-100.77997589111328
-95.71842956542969
-107.69379425048828
-103.066162109375
-99.73355865478516
-106.5378646850586
-104.20880126953125
-99.73835754394531
-106.65367126464844
-98.9547348022461
-103.54057312011719
-99.24507141113281
-102.56417846679688
-101.71823120117188
-106.70689392089844
-102.52818298339844
-100.86106872558594
-105.00051879882812
-104.98168182373047
-101.96748352050781
-102.48717498779297
-105.95731353759766
-102.14251708984375
-103.63587188720703
-102.94989776611328
-108.47119140625
-108.54489135742188
-109.75091552734375
-99.87401580810547
-107.05148315429688
-108.03440856933594
-109.75221252441406
-109.81219482421875
-111.96815490722656
-104.66632843017578
-109.82391357421875
-102.35713195800781
-105.38288879394531
-104.23391723632812
-105.38140869140625
-103.44520568847656
-100.5212173461914
-100.82005310058594
-106.53218841552734
-111.09736633300781
-110.72587585449219
-104.11499786376953
-101.8177261352539
-95.96044921875
-107.93614959716797
-103.1696548461914
-100.9365463256836
-104.32406616210938
-103.36846160888672
-103.19245910644531
-107.24397277832031
-100.89689636230469
-104.02631378173828
-109.07669830322266
-102.57012939453125
-101.87664031982422
-97.93121337890625
-104.78564453125
-100.04722595214844
-106.11459350585938
-107.76905059814453
-106.95457458496094
-107.749755859375
-100.48695373535156
-100.60324096679688
-106.8602523803711
-101.62364196777344
-102.31539154052734
-102.31724548339844
-107.87397766113281
-100.79329681396484
-105.32271575927734
-101.23951721191406
-103.84113311767578
-105.36158752441406
-97.5369873046875
-104.82022094726562
-105.34442901611328
-110.06402587890625
-100.81269836425781
-96.25825500488281
-108.12122344970703
-102.97681427001953
-104.35050201416016
-103.48194885253906
-110.35061645507812
-106.70291137695312
-105.40400695800781
-106.21041870117188
-103.42745971679688
-106.23702239990234
-101.3232421875
-99.86318969726562
-110.43739318847656
-101.69888305664062
-108.1531982421875
-103.61882781982422
-108.50431060791016
-108.2531509399414
-107.37905883789062
-107.63085174560547
-108.71837615966797
-112.3117904663086
-113.32474517822266
-107.31771850585938
-103.47871398925781
-107.18411254882812
-99.7670669555664
-107.50332641601562
-106.26632690429688
-108.67902374267578
-103.9933853149414
-108.22998809814453
-106.18983459472656
-104.20814514160156
-106.45700073242188
-105.02953338623047
-108.76964569091797
-105.7224349975586
-107.62255859375
-102.36166381835938
-101.5883560180664
-106.90644073486328
-105.73046875
-101.28144836425781
-98.55622100830078
-102.21244049072266
-104.23185729980469
-105.05709075927734
-116.7248306274414
-102.66800689697266
-106.68563079833984
-106.9945068359375
-104.08883666992188
-106.85039520263672
-99.86907958984375
-98.98841857910156
-103.8851089477539
-107.40476989746094
-98.73861694335938
-100.51679992675781
-104.18521881103516
-102.69573211669922
-103.9293212890625
-103.33885955810547
-106.93408203125
-99.56208801269531
-103.29531860351562
-106.02201843261719
-97.4018783569336
-104.33287811279297
-107.50569152832031
-97.33783721923828
-101.72212982177734
-103.49352264404297
-100.02947235107422
-98.9263916015625
-106.3379135131836
-103.27156066894531
-107.28250122070312
-107.43055725097656
-105.71820831298828
-107.5069580078125
-100.47924041748047
-103.83582305908203
-107.5938720703125
-105.47657012939453
-104.81096649169922
-104.33846282958984
-109.27848815917969
-101.6500473022461
-100.10653686523438
-102.40445709228516
-103.21295166015625
-108.10911560058594
-105.06201934814453
-105.40716552734375
-101.3691635131836
-100.25105285644531
-110.53675842285156
-107.18350982666016
-107.29119110107422
-104.92025756835938
-104.72105407714844
-103.45724487304688
-105.005615234375
-98.49915313720703
-105.65242767333984
-99.30404663085938
-109.01750946044922
-100.80369567871094
-102.4533920288086
-105.01909637451172
-109.94210052490234
-99.74726867675781
-100.31961059570312
-100.1501235961914
-109.27783203125
-111.82864379882812
-99.77365112304688
-108.80957794189453
-106.38414001464844
-105.87095642089844
-103.03993225097656
-104.4998550415039
-102.4030532836914
-109.7536392211914
-108.96649932861328
-102.71715545654297
-105.03466033935547
-101.502197265625
-112.08036041259766
-108.66927337646484
-105.89328002929688
-108.05712127685547
-104.0494613647461
-109.98714447021484
-99.59436798095703
-99.04690551757812
-102.73135375976562
-103.95103454589844
-112.3401107788086
-104.56385803222656
-106.51528930664062
-107.64904022216797
-110.45426177978516
-100.24931335449219
-106.65476989746094
-108.23997497558594
-107.79764556884766
-111.1476821899414
-106.73262023925781
-104.84614562988281
-107.02301025390625
-104.60353088378906
-109.24999237060547
-105.69397735595703
-104.98081970214844
-106.76052856445312
-103.95716857910156
-105.56015014648438
-107.33512878417969
-104.91553497314453
-104.37118530273438
-98.90122985839844
-109.72998046875
-105.73329162597656
-108.99504089355469
-100.3786392211914
-104.950439453125
-99.44697570800781
-100.8445816040039
-102.3773193359375
-99.36381530761719
-99.87555694580078
-102.3193130493164
-108.28546142578125
-103.24972534179688
-101.98957824707031
-106.17008209228516
-108.18962097167969
-103.03910064697266
-100.06948852539062
-100.54058837890625
-103.3067855834961
-102.61260986328125
-105.0282974243164
-101.6324462890625
-97.40890502929688
-110.9972915649414
-101.45730590820312
-103.3764419555664
-105.89209747314453
-103.0580062866211
-102.69078826904297
-100.42926788330078
-101.8563232421875
-114.3231201171875
-98.25935363769531
-105.18314361572266
-105.25252532958984
-105.11316680908203
-113.46910095214844
-108.07831573486328
-105.96476745605469
-99.20855712890625
-100.45895385742188
-98.12479400634766
-110.74654388427734
-100.6497802734375
-101.35966491699219
-107.15792083740234
-104.97478485107422
-98.9615707397461
-102.78276824951172
-111.14949798583984
-99.06645965576172
-103.42799377441406
-104.22562408447266
-101.97006225585938
-97.15963745117188
-109.33992004394531
-101.08456420898438
-109.8346939086914
-100.69767761230469
-102.65830993652344
-99.56591033935547
-106.2309341430664
-103.58712768554688
-105.17874145507812
-105.54197692871094
-100.63299560546875
-104.11378479003906
-102.49176788330078
-109.20606994628906
-95.15737915039062
-102.65260314941406
-100.12419128417969
-105.19353485107422
-99.98353576660156
-98.31945037841797
-107.17561340332031
-99.99729919433594
-107.3376235961914
-102.95124816894531
-101.75555419921875
-109.04777526855469
-103.38592529296875
-110.23123168945312
-108.90828704833984
-110.10317993164062
-99.45714569091797
-104.11327362060547
-100.234130859375
-110.91731262207031
-94.53785705566406
-102.77937316894531
-111.43152618408203
-110.25393676757812
-106.08892822265625
-98.65457916259766
-96.99535369873047
-105.5906982421875
-100.46463012695312
-102.71099090576172
-104.6119155883789
-102.95742797851562
-103.37425231933594
-102.95750427246094
-110.15650939941406
-100.20735931396484
-103.11556243896484
-94.07085418701172
-103.69110107421875
-104.20610809326172
-97.015869140625
-108.17322540283203
-100.94369506835938
-101.07598876953125
-100.06744384765625
-107.80317687988281
-107.69287109375
-99.86690521240234
-102.45000457763672
-102.158203125
-109.49358367919922
-102.99964141845703
-106.9383773803711
-100.44148254394531
-105.26119232177734
-97.88032531738281
-102.45458221435547
-102.20890045166016
-104.09367370605469
-101.01412200927734
-99.46810913085938
-102.67984008789062
-105.41133880615234
-106.95272827148438
-100.11259460449219
-105.43309020996094
-105.54875183105469
-102.46908569335938
-106.59345245361328
-112.02274322509766
-100.05164337158203
-100.69449615478516
-98.5213623046875
-101.79339599609375
-99.51253509521484
-108.78649139404297
-100.7078628540039
-102.8418197631836
-103.40447235107422
-104.77483367919922
-104.51106262207031
-100.3464126586914
-106.61795043945312
-104.56106567382812
-111.00993347167969
-103.07040405273438
-102.2948226928711
-104.73075866699219
-105.49829864501953
-105.41140747070312
-109.65387725830078
-112.3680419921875
-100.90754699707031
-104.75489807128906
-104.95140075683594
-99.033203125
-104.39366149902344
-107.34938049316406
-102.86719512939453
-97.64419555664062
-105.65118408203125
-107.6052474975586
-97.62579345703125
-103.59540557861328
-98.86763763427734
-111.20941925048828
-107.16429901123047
-107.77810668945312
-99.86734008789062
-102.06720733642578
-102.09142303466797
-105.8348388671875
-103.49078369140625
-107.71168518066406
-107.04031372070312
-109.6921615600586
-102.57798767089844
-104.48880004882812
-104.65715789794922
-101.7297134399414
-104.97059631347656
-109.68812561035156
-108.37632751464844
-107.46070861816406
-99.3431396484375
-103.22477722167969
-110.85901641845703
-100.63630676269531
-98.75684356689453
-99.77933502197266
-107.771484375
-96.04882049560547
-105.66681671142578
-100.50678253173828
-112.46044921875
-109.10112762451172
-105.9874267578125
-106.95191192626953
-110.52256774902344
-105.4593276977539
-103.42720031738281
-105.06563568115234
-108.18415832519531
-103.36093139648438
-97.22942352294922
-103.8003158569336
-99.39521026611328
-104.68917846679688
-103.80755615234375
-103.5363540649414
-104.07587432861328
-100.85213470458984
-104.20880126953125
-100.46759033203125
-102.55928802490234
-111.70257568359375
-108.32063293457031
-102.09420776367188
-105.20907592773438
-106.67127990722656
-107.10511779785156
-100.4584732055664
-101.14547729492188
-104.97801971435547
-101.39089965820312
-106.89414978027344
-102.49935913085938
-100.184326171875
-106.99043273925781
-101.68759155273438
-112.24935150146484
-106.83902740478516
-104.37303161621094
-102.92440032958984
-107.1917495727539
-102.66394805908203
-102.7257080078125
-103.6710205078125
-99.59088897705078
-99.21964263916016
-102.60455322265625
-100.24606323242188
-103.32598876953125
-108.83204650878906
-103.87881469726562
-106.29051971435547
-109.1253433227539
-104.3869857788086
-103.47044372558594
-108.89595794677734
-102.32417297363281
-101.31998443603516
-103.46150207519531
-106.3115005493164
-105.44114685058594
-99.16289520263672
-111.30651092529297
-105.71919250488281
-110.48523712158203
-111.79608154296875
-105.51761627197266
-101.19686126708984
-98.49579620361328
-102.34664916992188
-101.661865234375
-101.79808807373047
-100.00663757324219
-105.10472869873047
-116.0093765258789
-105.09419250488281
-111.27178955078125
-108.58454132080078
-106.32330322265625
-100.25366973876953
-105.88411712646484
-100.04463958740234
-103.06017303466797
-109.73526763916016
-99.4459457397461
-105.24012756347656
-102.86454772949219
-98.09698486328125
-103.00090026855469
-108.0999526977539
-104.09229278564453
-102.87445831298828
-107.80087280273438
-107.93563842773438
-106.0652847290039
-100.16903686523438
-100.39934539794922
-107.44327545166016
-101.00028991699219
-100.49986267089844
-107.12882995605469
-107.88097381591797
-108.89507293701172
-106.55751037597656
-105.56949615478516
-103.44005584716797
-107.51829528808594
-106.66706085205078
-102.17088317871094
-99.54560852050781
-103.98225402832031
-106.24650573730469
-103.37639617919922
-101.35555267333984
-107.36512756347656
-97.15066528320312
-102.0205307006836
-105.61193084716797
-105.33824157714844
-105.50794219970703
-102.67027282714844
-103.45594024658203
-101.76310729980469
-100.04095458984375
-105.6461410522461
-109.83171081542969
-109.18965148925781
-105.36536407470703
-104.87503051757812
-103.66989135742188
-102.83122253417969
-108.18740844726562
-103.86966705322266
-100.33613586425781
-101.83096313476562
-103.96455383300781
-99.8442153930664
-104.47261810302734
-102.6972427368164
-104.03594970703125
-101.6091537475586
-103.27831268310547
-109.18032836914062
-109.33355712890625
-101.9456558227539
-105.23868560791016
-107.66588592529297
-102.82508850097656
-106.98308563232422
-100.20497131347656
-103.89704132080078
-108.00604248046875
-97.67588806152344
-103.49615478515625
-109.93994140625
-103.5248031616211
-104.66731262207031
-103.71060943603516
-106.74876403808594
-99.44694519042969
-105.35138702392578
-101.25243377685547
-97.78308868408203
-105.16938781738281
-106.2312240600586
-101.84286499023438
-98.6732177734375
-107.02700805664062
-108.82635498046875
-104.1322021484375
-102.29765319824219
-105.79576873779297
-109.23491668701172
-106.53308868408203
-103.89013671875
-101.22327423095703
-104.09561920166016
-98.87490844726562
-103.59628295898438
-108.36481475830078
-105.15768432617188
-100.51188659667969
-110.41156005859375
-100.37311553955078
-102.37281799316406
-94.3792495727539
-102.01856231689453
-98.22647857666016
-101.74897766113281
-103.16545104980469
-94.24305725097656
-106.8161392211914
-106.8812255859375
-104.79545593261719
-100.42903900146484
-108.83607482910156
-110.46749877929688
-99.46414184570312
-100.8829574584961
-110.96551513671875
-106.47454071044922
-97.83747863769531
-104.9168472290039
-101.25057983398438
-104.5516128540039
-100.61280822753906
-103.65752410888672
-106.66095733642578
-106.25398254394531
-97.47726440429688
-102.58753204345703
-108.30187225341797
-99.26599884033203
-92.65463256835938
-99.20594024658203
-102.48222351074219
-104.4156723022461
-101.31944274902344
-104.19288635253906
-109.19036102294922
-103.36474609375
-101.56511688232422
-104.90233612060547
-104.17672729492188
-106.44923400878906
-103.44544219970703
-111.3583984375
-100.4155502319336
-101.75138092041016
-103.70854949951172
-108.8147201538086
-106.1687240600586
-104.8387680053711
-102.66487884521484
-101.5010757446289
-107.03311157226562
-99.55729675292969
-102.0328140258789
-104.7020034790039
-102.93923950195312
-106.97216033935547
-104.71914672851562
-109.51091003417969
-104.02515411376953
-106.86652374267578
-105.45964050292969
-102.11708068847656
-106.12376403808594
-103.10179901123047
-108.69136810302734
-103.17286682128906
-100.3302993774414
-99.65662384033203
-110.44824981689453
-111.61527252197266
-106.49563598632812
-97.46117401123047
-105.5177230834961
-108.30610656738281
-107.87344360351562
-107.14958953857422
-104.60455322265625
-101.54329681396484
-107.08119201660156
-105.66080474853516
-104.2036361694336
-103.9912338256836
-104.47538757324219
-99.07852935791016
-101.71083068847656
-96.7197494506836
-107.58935546875
-107.28156280517578
-105.69144439697266
-105.2134780883789
-106.64469146728516
-100.4016342163086
-100.65829467773438
-107.25332641601562
-101.29273986816406
-108.48209381103516
-103.46078491210938
-105.49111938476562
-98.17780303955078
-101.89920806884766
-105.27606964111328
-102.58821868896484
-103.26653289794922
-108.26615142822266
-101.38538360595703
-104.64692687988281
-100.83729553222656
-102.068115234375
-104.70903015136719
-105.44338989257812
-109.79916381835938
-107.4533920288086
-102.74893951416016
-101.79084777832031
-99.32671356201172
-108.80316162109375
-99.0689697265625
-111.54666900634766
-103.22232818603516
-106.95574951171875
-99.93589782714844
-99.76492309570312
-101.8879165649414
-102.62979888916016
-106.18299102783203
-108.36009979248047
-107.35724639892578
-109.3448486328125
-100.68807220458984
-112.2459487915039
-101.89012908935547
-107.33287811279297
-110.69478607177734
-109.07305145263672
-105.9830322265625
-107.91015625
-103.55473327636719
-105.22283172607422
-101.80567932128906
-102.64299774169922
-106.5082015991211
-105.0521240234375
-107.48332977294922
-108.56266784667969
-108.20329284667969
-101.1607666015625
-107.58374786376953
-105.355224609375
-103.20954132080078
-108.10716247558594
-101.34144592285156
-107.53500366210938
-103.84015655517578
-100.2105484008789
-104.97023010253906
-108.18443298339844
-102.7611083984375
-101.56995391845703
-108.64883422851562
-104.02822875976562
-107.15005493164062
-109.9338150024414
-98.90039825439453
-103.58209991455078
-98.20039367675781
-108.55045318603516
-98.76386260986328
-102.18035125732422
-104.22769927978516
-105.46138763427734
-104.46858215332031
-105.86748504638672
-102.54505157470703
-105.74530792236328
-103.62522888183594
-106.61457824707031
