-99.77886199951172
-110.81710815429688
-103.86842346191406
-110.13948822021484
-108.79087829589844
-105.58112335205078
-100.48960876464844
-95.45683288574219
-106.65375518798828
-99.66267395019531
-108.82757568359375
-103.20219421386719
-106.87846374511719
-105.63158416748047
-104.76892852783203
-98.8900375366211
-100.46800994873047
-108.81170654296875
-105.60523223876953
-100.51488494873047
-104.62549591064453
-106.0118637084961
-104.12786102294922
-105.85667419433594
-106.77733612060547
-114.16729736328125
-101.00968170166016
-108.83318328857422
-99.38933563232422
-102.89166259765625
-105.9281005859375
-112.28616333007812
-110.36834716796875
-113.05183410644531
-109.17161560058594
-102.75459289550781
-101.79362487792969
-104.14269256591797
-104.8101577758789
-102.98491668701172
-97.36876678466797
-100.28584289550781
-107.80182647705078
-103.0179443359375
-98.30303192138672
-107.68212890625
-106.51126861572266
-106.75189208984375
-104.21613311767578
-103.20034790039062
-101.2525863647461
-103.5831527709961
-102.21192169189453
-115.33447265625
-107.29144287109375
-104.32237243652344
-107.6851577758789
-97.7819595336914
-97.31672668457031
-110.0441665649414
-103.27034759521484
-107.17768096923828
-101.20465087890625
-103.6726303100586
-107.23057556152344
-99.53601837158203
-106.56452941894531
-105.2088623046875
-104.5346908569336
-100.18905639648438
-103.61094665527344
-102.9769058227539
-102.00321197509766
-109.47523498535156
-104.89280700683594
-105.38909912109375
-102.12503814697266
-104.5795669555664
-103.59391021728516
-107.70292663574219
-102.43205261230469
-104.4825210571289
-97.78974914550781
-103.08750915527344
-109.0739974975586
-103.61489868164062
-103.63619995117188
-99.50765991210938
-109.27645874023438
-98.47379302978516
-101.95454406738281
-103.68601989746094
-103.1010971069336
-107.05516052246094
-108.73308563232422
-103.79358673095703
-106.56700897216797
-104.97041320800781
-102.0084457397461
-104.68160247802734
-105.62850952148438
-95.42585754394531
-109.26739501953125
-106.7647933959961
-102.4639892578125
-108.7342529296875
-106.84829711914062
-98.9434585571289
-102.29411315917969
-100.13859558105469
-105.53352355957031
-94.85346984863281
-105.53067016601562
-97.13607788085938
-103.89678955078125
-101.70259094238281
-106.37623596191406
-102.0119400024414
-101.70478820800781
-99.63903045654297
-113.56230163574219
-103.34065246582031
-104.46891021728516
-102.0581283569336
-96.75221252441406
-106.55799865722656
-102.47652435302734
-99.70490264892578
-106.07764434814453
-105.82829284667969
-99.82860565185547
-107.76929473876953
-98.12728881835938
-102.94364166259766
-98.59689331054688
-102.04264831542969
-102.0372543334961
-106.17888641357422
-102.59825134277344
-100.51012420654297
-106.54143524169922
-103.61080932617188
-101.77983093261719
-102.22549438476562
-106.9932632446289
-101.20471954345703
-103.94587707519531
-102.07093811035156
-106.65129852294922
-107.92362976074219
-110.00299072265625
-100.17620086669922
-105.73390197753906
-108.0540771484375
-109.8584213256836
-109.49005889892578
-109.71803283691406
-104.30697631835938
-109.17378997802734
-102.20380401611328
-104.90621948242188
-105.81303405761719
-104.77205657958984
-102.65767669677734
-99.66663360595703
-100.1600341796875
-105.34507751464844
-111.46292877197266
-108.91412353515625
-104.86969757080078
-103.19635772705078
-96.53341674804688
-107.75054931640625
-102.86936950683594
-99.56849670410156
-105.04135131835938
-104.0467529296875
-102.70787811279297
-106.14503479003906
-99.51885986328125
-102.25920867919922
-109.38368225097656
-102.64813995361328
-102.6670150756836
-97.0357894897461
-105.3926010131836
-99.62420654296875
-105.31474304199219
-105.6943359375
-106.33879852294922
-107.53211212158203
-99.23641204833984
-101.67662811279297
-105.58644104003906
-100.0111312866211
-103.49090576171875
-102.73333740234375
-107.71810150146484
-99.77186584472656
-104.59496307373047
-101.33334350585938
-105.87644958496094
-105.05599975585938
-97.21917724609375
-105.30657196044922
-104.60499572753906
-109.42826843261719
-99.99026489257812
-95.87737274169922
-106.75514221191406
-103.05255889892578
-102.81951904296875
-103.01399230957031
-109.68785095214844
-106.03047943115234
-104.33514404296875
-106.35584259033203
-103.51068115234375
-105.9777603149414
-101.47875213623047
-99.35382080078125
-108.4251480102539
-100.97219848632812
-107.87024688720703
-103.90464782714844
-108.44093322753906
-107.30976104736328
-107.55229187011719
-105.46016693115234
-108.9287338256836
-111.45677947998047
-112.59684753417969
-106.64151000976562
-104.58744812011719
-108.45745849609375
-99.25119018554688
-107.10211944580078
-106.3497085571289
-108.06353759765625
-102.70974731445312
-109.4383773803711
-106.8931655883789
-104.43125915527344
-105.73837280273438
-105.12684631347656
-107.74343872070312
-105.82091522216797
-107.22137451171875
-103.49458312988281
-102.2557373046875
-108.89166259765625
-106.89484405517578
-100.62545013427734
-98.96788787841797
-101.068115234375
-105.15325927734375
-106.14620971679688
-116.31208801269531
-103.09171295166016
-107.36296844482422
-107.86801147460938
-103.6766586303711
-105.58659362792969
-98.50949096679688
-99.76510620117188
-103.34541320800781
-108.26864624023438
-97.86451721191406
-101.56334686279297
-104.8243408203125
-104.29541015625
-103.31880187988281
-104.0284194946289
-107.79156494140625
-98.2138671875
-104.29747009277344
-106.0822982788086
-96.94766235351562
-103.19144439697266
-108.5089111328125
-98.14116668701172
-101.16600799560547
-103.54183959960938
-100.84577178955078
-98.8456802368164
-108.03060913085938
-102.26136016845703
-106.02814483642578
-106.19429016113281
-105.92540740966797
-106.26104736328125
-100.01204681396484
-103.240234375
-106.45997619628906
-103.71019744873047
-107.40876007080078
-103.71198272705078
-108.73855590820312
-101.79837036132812
-100.09870910644531
-101.46690368652344
-103.55944061279297
-107.62632751464844
-104.86394500732422
-105.45455169677734
-101.20044708251953
-99.98107147216797
-109.47879791259766
-106.4279556274414
-108.30609130859375
-105.16404724121094
-105.09567260742188
-103.80720520019531
-104.09565734863281
-98.86800384521484
-104.6942367553711
-100.48116302490234
-107.88319396972656
-100.11109924316406
-102.45243835449219
-106.18510437011719
-109.4323501586914
-99.50769805908203
-99.2363052368164
-101.11016082763672
-107.94859313964844
-111.64856719970703
-99.3703384399414
-108.0066909790039
-106.00353240966797
-105.42076873779297
-103.12043762207031
-102.51012420654297
-101.5819091796875
-110.16288757324219
-107.55764770507812
-101.58226776123047
-105.02692413330078
-101.64497375488281
-111.06448364257812
-107.49314880371094
-104.46043395996094
-108.177490234375
-104.42902374267578
-109.48053741455078
-99.36738586425781
-98.86528778076172
-104.18242645263672
-104.07465362548828
-111.80584716796875
-104.75200653076172
-107.35855865478516
-108.04501342773438
-110.15840911865234
-99.70586395263672
-107.10258483886719
-107.53086853027344
-108.82926177978516
-111.32320404052734
-107.04243469238281
-104.37419891357422
-107.13090515136719
-102.69641876220703
-108.00413513183594
-106.03732299804688
-104.2798843383789
-105.28337097167969
-103.81448364257812
-106.28626251220703
-106.3802490234375
-104.54010009765625
-103.56648254394531
-99.0155258178711
-109.50971984863281
-106.56888580322266
-109.4807357788086
-100.57405853271484
-104.54828643798828
-99.77821350097656
-100.94296264648438
-103.36835479736328
-98.58804321289062
-100.5156478881836
-100.95658874511719
-108.48938751220703
-103.38484954833984
-100.6912612915039
-104.78990936279297
-106.60282897949219
-101.45519256591797
-100.85348510742188
-100.22111511230469
-103.05598449707031
-102.65828704833984
-104.58546447753906
-101.56068420410156
-97.02871704101562
-112.09600830078125
-101.27738189697266
-102.36604309082031
-105.17019653320312
-102.64311218261719
-102.8614501953125
-99.50366973876953
-100.84234619140625
-114.2869873046875
-97.06855773925781
-103.97407531738281
-104.71200561523438
-105.09901428222656
-112.12118530273438
-106.63002014160156
-107.63224029541016
-100.10050201416016
-100.96495819091797
-97.39567565917969
-111.30473327636719
-100.49959564208984
-101.61973571777344
-104.87935638427734
-105.427490234375
-99.53184509277344
-103.39543914794922
-109.40442657470703
-97.71436309814453
-101.81134033203125
-103.52444458007812
-101.6355209350586
-96.82498931884766
-108.61832427978516
-100.45699310302734
-109.49723052978516
-99.5665054321289
-101.28672790527344
-98.71619415283203
-104.25218200683594
-103.41291046142578
-104.04889678955078
-104.8768310546875
-100.65357971191406
-103.9176025390625
-102.59638977050781
-108.90650939941406
-93.66793060302734
-102.1947250366211
-98.99578094482422
-104.86424255371094
-100.43658447265625
-97.87996673583984
-105.90885925292969
-100.46965026855469
-106.36004638671875
-101.45391845703125
-102.16205596923828
-110.2028579711914
-104.34300231933594
-109.84442138671875
-108.59903717041016
-110.207763671875
-100.02503967285156
-104.26656341552734
-99.87506866455078
-111.48397064208984
-93.0699462890625
-101.07888793945312
-110.08100128173828
-111.68714904785156
-106.34453582763672
-98.56714630126953
-98.5416030883789
-106.38724517822266
-99.99826049804688
-102.47229766845703
-103.8733901977539
-102.39449310302734
-101.74935913085938
-102.82278442382812
-110.39614868164062
-99.32176208496094
-101.96427917480469
-94.268310546875
-104.68457794189453
-104.91370391845703
-95.29855346679688
-108.53659057617188
-102.01374816894531
-101.75775146484375
-99.19123840332031
-106.63858032226562
-108.06376647949219
-101.6952133178711
-102.34283447265625
-103.07428741455078
-109.2334213256836
-103.03036499023438
-107.22074127197266
-100.78706359863281
-103.97430419921875
-97.23316192626953
-102.6679916381836
-102.03898620605469
-103.49300384521484
-100.37007141113281
-100.05223083496094
-103.37989807128906
-104.6908950805664
-107.40178680419922
-100.56993865966797
-104.85122680664062
-104.58941650390625
-102.77887725830078
-107.26744079589844
-111.03331756591797
-100.83491516113281
-100.5551986694336
-100.40267944335938
-101.08710479736328
-99.37018585205078
-110.05831146240234
-99.94900512695312
-103.82024383544922
-102.18013000488281
-105.20217895507812
-104.86626434326172
-101.9727783203125
-107.18016815185547
-102.87100982666016
-111.08831024169922
-101.83712768554688
-103.2229995727539
-104.5177001953125
-103.59883117675781
-106.90570068359375
-109.26463317871094
-112.95710754394531
-99.9770278930664
-103.34541320800781
-104.86962127685547
-98.90509796142578
-104.67716217041016
-109.00794982910156
-101.82615661621094
-97.2808837890625
-106.26653289794922
-108.23405456542969
-98.58554077148438
-103.17706298828125
-99.09721374511719
-109.66287994384766
-106.90548706054688
-107.13710021972656
-99.47372436523438
-101.74346923828125
-101.03305053710938
-105.97518920898438
-102.5119857788086
-107.40347290039062
-106.23249053955078
-110.15987396240234
-102.7466812133789
-104.73992156982422
-104.48239135742188
-102.47452545166016
-104.95506286621094
-108.71337890625
-109.05442810058594
-107.21143341064453
-98.31841278076172
-102.36874389648438
-110.65377044677734
-100.59487915039062
-99.14881134033203
-100.15528869628906
-106.70096588134766
-96.5909423828125
-105.93658447265625
-99.68756103515625
-112.57612609863281
-110.4014663696289
-105.2863540649414
-106.87992858886719
-111.0394515991211
-104.92290496826172
-102.00897979736328
-104.87708282470703
-106.5633316040039
-101.83087921142578
-96.69537353515625
-103.71424865722656
-99.24443054199219
-104.11087799072266
-103.79235076904297
-102.9625015258789
-103.9298095703125
-101.12933349609375
-103.92787170410156
-100.0125503540039
-101.4297866821289
-110.81623840332031
-108.75479125976562
-101.78006744384766
-105.14029693603516
-105.10452270507812
-104.99335479736328
-100.69564056396484
-100.71614837646484
-104.76658630371094
-100.25446319580078
-105.66863250732422
-102.80045318603516
-100.45332336425781
-106.39689636230469
-101.07991790771484
-112.48649597167969
-106.17789459228516
-104.98009490966797
-102.25556945800781
-106.46369171142578
-102.28598022460938
-101.43213653564453
-103.85234832763672
-99.49763488769531
-99.79674530029297
-104.00839233398438
-99.17382049560547
-105.87165069580078
-107.76250457763672
-104.02804565429688
-105.39550018310547
-108.14274597167969
-105.28297424316406
-101.93965148925781
-106.87512969970703
-101.94085693359375
-100.73667907714844
-103.43032836914062
-108.09432220458984
-105.15879821777344
-98.60769653320312
-112.21876525878906
-106.92111206054688
-110.91703796386719
-111.36101531982422
-105.35710906982422
-103.74488830566406
-98.83704376220703
-101.05244445800781
-101.14387512207031
-101.20050048828125
-101.44358825683594
-104.78398895263672
-116.53257751464844
-104.10958862304688
-109.94670104980469
-110.48455047607422
-105.78284454345703
-98.01847839355469
-106.26436614990234
-100.01435089111328
-103.79258728027344
-110.70451354980469
-100.54230499267578
-105.60472106933594
-102.8189697265625
-98.67655944824219
-103.91417694091797
-110.0158462524414
-104.7060317993164
-103.15213775634766
-107.82331085205078
-107.59539794921875
-106.6009750366211
-100.75820922851562
-100.05699920654297
-107.78276062011719
-100.80879211425781
-100.1729965209961
-106.46045684814453
-107.1939468383789
-107.72755432128906
-107.26228332519531
-105.00102233886719
-103.97681427001953
-106.5133056640625
-106.71460723876953
-102.04747009277344
-99.9328384399414
-101.9636001586914
-104.38003540039062
-103.73271942138672
-101.29197692871094
-106.8856430053711
-96.5653076171875
-103.1700668334961
-104.1884536743164
-105.52310180664062
-104.4553451538086
-101.4947280883789
-102.45661163330078
-103.92585754394531
-98.884521484375
-104.78073120117188
-111.26180267333984
-107.76997375488281
-105.84844970703125
-103.4810791015625
-103.6790542602539
-102.5120849609375
-106.20646667480469
-104.23831939697266
-100.69544982910156
-102.86450958251953
-104.05743408203125
-99.54010772705078
-104.58296203613281
-102.87289428710938
-101.16515350341797
-100.4885482788086
-101.12594604492188
-108.37203216552734
-110.32861328125
-102.21166229248047
-104.71421813964844
-105.23782348632812
-102.96370697021484
-106.14372253417969
-98.79619598388672
-103.50525665283203
-108.13616943359375
-96.69994354248047
-103.50890350341797
-110.7996826171875
-103.72695922851562
-104.135009765625
-103.75736236572266
-106.44252014160156
-98.70352172851562
-105.6130599975586
-101.29578399658203
-98.74433135986328
-105.48394775390625
-105.60713958740234
-101.23783874511719
-99.1794662475586
-106.52249145507812
-108.78523254394531
-103.22232818603516
-101.8499984741211
-104.73824310302734
-107.85025787353516
-108.34077453613281
-103.00981903076172
-100.5336685180664
-102.86944580078125
-99.52533721923828
-105.1164321899414
-107.09794616699219
-105.15670013427734
-100.15055847167969
-109.68592071533203
-100.46351623535156
-102.1696548461914
-94.68218994140625
-102.22623443603516
-97.70540618896484
-102.69169616699219
-104.7505874633789
-94.76788330078125
-107.37354278564453
-106.8270492553711
-102.76082611083984
-101.03144836425781
-110.16329193115234
-112.21749114990234
-99.31100463867188
-100.85418701171875
-110.5787582397461
-108.02262878417969
-99.6175765991211
-105.34867095947266
-100.95000457763672
-103.14324188232422
-100.32441711425781
-103.3954849243164
-105.87882995605469
-105.67129516601562
-98.02723693847656
-103.00322723388672
-107.76163482666016
-97.26628112792969
-91.98358154296875
-99.96638488769531
-102.93254089355469
-105.50680541992188
-101.44554138183594
-104.23153686523438
-108.6765365600586
-103.25929260253906
-100.7228012084961
-106.41267395019531
-104.52476501464844
-105.11430358886719
-103.59803009033203
-111.89667510986328
-100.07494354248047
-102.8899917602539
-103.25120544433594
-109.177978515625
-104.52820587158203
-104.4013671875
-102.5716552734375
-101.36075592041016
-107.5038070678711
-98.16732025146484
-101.34922790527344
-104.37657928466797
-102.0174560546875
-104.95475769042969
-104.43673706054688
-109.19103240966797
-104.04621124267578
-106.06206512451172
-106.76811981201172
-102.83961486816406
-106.895751953125
-102.63554382324219
-108.80303955078125
-101.71906280517578
-100.32972717285156
-100.38723754882812
-109.2381362915039
-111.07073974609375
-107.06995391845703
-97.42552185058594
-103.52056884765625
-108.9825439453125
-108.44612121582031
-106.6100082397461
-104.147705078125
-101.74617767333984
-107.07852172851562
-106.08717346191406
-103.55925750732422
-102.48017120361328
-104.3429183959961
-99.0636978149414
-102.070556640625
-96.34217834472656
-106.13284301757812
-107.68689727783203
-105.05703735351562
-105.12934875488281
-107.12305450439453
-100.53417205810547
-100.96441650390625
-106.88633728027344
-102.66954803466797
-108.19694519042969
-102.86886596679688
-105.87419128417969
-97.36343383789062
-101.48123168945312
-105.77650451660156
-102.02558898925781
-102.1907958984375
-108.19338989257812
-100.03268432617188
-105.54624938964844
-100.51376342773438
-101.61995697021484
-104.57112121582031
-105.51176452636719
-108.78592681884766
-108.34439849853516
-102.54891967773438
-103.87748718261719
-100.22898864746094
-106.66120147705078
-97.63265991210938
-111.11699676513672
-102.5970230102539
-109.0450210571289
-99.0445556640625
-100.85466766357422
-101.9197769165039
-101.73998260498047
-104.96878051757812
-109.13060760498047
-106.39372253417969
-107.75909423828125
-101.89386749267578
-112.4730224609375
-101.95059204101562
-106.99992370605469
-109.82318115234375
-106.51314544677734
-105.81591033935547
-108.69093322753906
-102.86766052246094
-104.6541519165039
-101.57000732421875
-102.00044250488281
-105.20692443847656
-107.17913818359375
-106.64104461669922
-107.80873107910156
-107.27217864990234
-101.67186737060547
-106.92253112792969
-104.72314453125
-102.23004913330078
-108.06491088867188
-103.3810043334961
-108.28123474121094
-103.46209716796875
-99.92263793945312
-103.74114990234375
-107.96351623535156
-104.21817016601562
-101.3349609375
-106.96295166015625
-104.70612335205078
-108.00882720947266
-110.1418685913086
-98.46246337890625
-103.56136322021484
-98.31758117675781
-107.45939636230469
-98.65971374511719
-102.67239379882812
-104.32291412353516
-104.5101089477539
-105.70137023925781
-106.8893814086914
-101.5561752319336
-105.02297973632812
-103.56450653076172
-106.88220977783203
