-556.5789794921875
-477.02117919921875
-347.60638427734375
-308.4504699707031
-270.4993591308594
-253.2040557861328
-241.25704956054688
-230.0046844482422
-232.5561981201172
-223.3417510986328
-224.8046875
-222.99880981445312
-220.21530151367188
-230.74310302734375
-213.3597412109375
-209.6525115966797
-207.7198028564453
-215.2027130126953
-209.1735382080078
-205.3882598876953
-215.58551025390625
-206.6799774169922
-206.83602905273438
-214.5888214111328
-219.9990234375
-212.24087524414062
-198.64682006835938
-213.85800170898438
-205.7154541015625
-204.37319946289062
-211.35118103027344
-203.42398071289062
-215.42327880859375
-203.99896240234375
-204.51979064941406
-201.54046630859375
-202.28628540039062
-196.9089813232422
-193.8905029296875
-204.14051818847656
-193.0669708251953
-192.574462890625
-202.7534637451172
-199.32501220703125
-192.2687225341797
-201.73025512695312
-198.75531005859375
-196.9180145263672
-193.70394897460938
-195.71986389160156
-190.8602294921875
-195.74502563476562
-198.752685546875
-205.86895751953125
-205.99356079101562
-198.57188415527344
-199.74636840820312
-188.1519317626953
-182.57919311523438
-204.9815216064453
-192.1026153564453
-196.60702514648438
-185.4165496826172
-193.49301147460938
-195.216796875
-181.92367553710938
-195.96978759765625
-194.7820281982422
-191.8209686279297
-186.64706420898438
-186.1446990966797
-186.40773010253906
-185.52249145507812
-198.5747833251953
-187.27549743652344
-188.89273071289062
-182.92160034179688
-193.4988555908203
-180.04196166992188
-194.90341186523438
-184.84629821777344
-194.40814208984375
-176.2083740234375
-194.76358032226562
-190.80355834960938
-185.97265625
-195.63259887695312
-180.16470336914062
-190.56076049804688
-177.88336181640625
-185.3799285888672
-184.4644775390625
-187.4452362060547
-188.10275268554688
-188.14512634277344
-179.88804626464844
-183.2029266357422
-190.03085327148438
-182.21609497070312
-184.89215087890625
-184.69801330566406
-170.78921508789062
-188.5996551513672
-182.73377990722656
-177.32701110839844
-189.3685302734375
-180.05458068847656
-170.39906311035156
-172.73297119140625
-167.16273498535156
-178.2339630126953
-167.3427734375
-176.95884704589844
-167.95448303222656
-176.53782653808594
-173.64508056640625
-175.90634155273438
-171.81834411621094
-172.62539672851562
-169.03018188476562
-178.82786560058594
-171.3805694580078
-174.3529052734375
-167.0537567138672
-162.80911254882812
-177.8275909423828
-162.5238800048828
-164.2796630859375
-171.10452270507812
-170.83128356933594
-154.66476440429688
-173.38308715820312
-163.586669921875
-170.51531982421875
-164.66629028320312
-172.17037963867188
-165.3496856689453
-171.74244689941406
-173.0661163330078
-168.64212036132812
-168.99684143066406
-171.43856811523438
-166.78753662109375
-164.5010528564453
-165.87954711914062
-166.75552368164062
-160.88328552246094
-161.1959991455078
-167.62074279785156
-167.52439880371094
-174.2311248779297
-162.17198181152344
-169.5445556640625
-166.0399932861328
-168.87355041503906
-171.3873291015625
-172.71043395996094
-167.00949096679688
-166.58535766601562
-156.6354522705078
-160.8722381591797
-157.91453552246094
-163.66798400878906
-157.73988342285156
-155.0928192138672
-157.4198760986328
-169.726806640625
-167.75511169433594
-165.29977416992188
-154.6507110595703
-159.32350158691406
-147.4824676513672
-159.69081115722656
-162.6148681640625
-152.7868194580078
-160.5238037109375
-153.79830932617188
-151.7142333984375
-161.41592407226562
-152.2711181640625
-158.6302032470703
-161.11282348632812
-157.25067138671875
-157.06658935546875
-146.6606903076172
-161.1751708984375
-150.83926391601562
-159.33944702148438
-157.6039581298828
-153.4870147705078
-160.8095703125
-149.20680236816406
-150.6268768310547
-156.0319061279297
-146.91944885253906
-156.9823455810547
-155.5927276611328
-159.1529083251953
-149.51878356933594
-156.05372619628906
-147.35606384277344
-152.7538604736328
-153.66159057617188
-148.2194061279297
-155.41159057617188
-152.007568359375
-156.58157348632812
-147.94740295410156
-145.7081298828125
-156.7754669189453
-150.29693603515625
-150.92086791992188
-148.9561309814453
-161.92774963378906
-154.8486785888672
-151.09744262695312
-151.30596923828125
-149.4637451171875
-152.06332397460938
-152.37945556640625
-143.90609741210938
-160.77931213378906
-150.29087829589844
-160.855224609375
-153.1829833984375
-156.53282165527344
-153.57595825195312
-154.48318481445312
-154.9211883544922
-154.73988342285156
-163.76258850097656
-163.0059814453125
-154.42831420898438
-153.06414794921875
-153.3196563720703
-144.24664306640625
-157.1244354248047
-154.93016052246094
-157.36863708496094
-146.64599609375
-152.566650390625
-149.19911193847656
-151.51158142089844
-152.80796813964844
-147.87705993652344
-148.7602996826172
-150.90078735351562
-149.7027130126953
-145.88015747070312
-147.00880432128906
-150.7051239013672
-149.7335205078125
-146.57229614257812
-141.00192260742188
-148.02923583984375
-150.01593017578125
-149.8956756591797
-159.5922088623047
-147.4810028076172
-154.61676025390625
-153.21701049804688
-150.8233642578125
-152.5221405029297
-145.79603576660156
-144.49668884277344
-147.6572723388672
-151.00746154785156
-140.78782653808594
-140.34568786621094
-147.77301025390625
-144.44744873046875
-151.26107788085938
-147.44161987304688
-152.03732299804688
-140.8199005126953
-145.8725128173828
-144.0806427001953
-137.3268280029297
-147.4897003173828
-151.0067596435547
-140.85995483398438
-146.29791259765625
-149.43898010253906
-142.88877868652344
-139.8755645751953
-147.97039794921875
-143.08578491210938
-148.75030517578125
-148.27313232421875
-147.66458129882812
-148.05947875976562
-143.00059509277344
-147.5347900390625
-146.6585235595703
-145.64129638671875
-146.0865936279297
-145.36119079589844
-147.77035522460938
-146.624267578125
-140.49363708496094
-144.4810791015625
-142.76446533203125
-150.82957458496094
-147.91409301757812
-147.99143981933594
-142.12257385253906
-139.3604736328125
-151.43458557128906
-147.69161987304688
-148.96688842773438
-147.874267578125
-141.24925231933594
-145.3685302734375
-147.18829345703125
-136.87228393554688
-146.29115295410156
-140.2736358642578
-150.9103546142578
-139.2408905029297
-146.15699768066406
-144.53378295898438
-153.82110595703125
-140.52899169921875
-135.29563903808594
-136.72885131835938
-149.89785766601562
-148.77195739746094
-136.53074645996094
-149.3723602294922
-147.37567138671875
-146.6468505859375
-140.4693145751953
-142.8832550048828
-142.37191772460938
-152.3853302001953
-150.20413208007812
-143.9439239501953
-141.1032257080078
-139.617431640625
-149.52235412597656
-150.5098876953125
-143.9338836669922
-144.1245880126953
-141.2759246826172
-148.1553955078125
-137.84902954101562
-139.79051208496094
-140.31948852539062
-144.62930297851562
-151.1279754638672
-146.01271057128906
-145.55743408203125
-145.6404571533203
-142.3737030029297
-138.08192443847656
-145.24928283691406
-139.38780212402344
-144.88092041015625
-148.36021423339844
-144.15469360351562
-142.4813690185547
-143.16514587402344
-143.48004150390625
-147.20257568359375
-145.51846313476562
-139.03524780273438
-141.7694091796875
-138.67015075683594
-142.18215942382812
-140.25990295410156
-140.18638610839844
-145.6384735107422
-131.58375549316406
-149.0458526611328
-141.88369750976562
-140.8779296875
-134.9990234375
-137.5996551513672
-133.2079620361328
-139.0780792236328
-141.3619842529297
-134.4680938720703
-136.178955078125
-134.38258361816406
-140.6101837158203
-138.43968200683594
-133.7023162841797
-141.673095703125
-145.59442138671875
-133.463623046875
-134.70346069335938
-135.11070251464844
-142.290771484375
-137.21090698242188
-136.4122772216797
-134.82969665527344
-132.48822021484375
-145.79592895507812
-132.82998657226562
-137.84608459472656
-140.60772705078125
-135.50440979003906
-138.3573455810547
-128.6403045654297
-133.11395263671875
-151.3942413330078
-131.81436157226562
-137.44281005859375
-138.08460998535156
-138.4134979248047
-147.98426818847656
-140.33010864257812
-141.39996337890625
-133.10983276367188
-129.93609619140625
-132.83456420898438
-148.78001403808594
-132.51824951171875
-131.67942810058594
-139.14476013183594
-140.35948181152344
-129.73184204101562
-135.4452667236328
-142.85057067871094
-131.80426025390625
-134.25782775878906
-135.9072265625
-130.83792114257812
-129.7980499267578
-143.7475128173828
-132.2460479736328
-142.39207458496094
-133.71437072753906
-131.2947998046875
-129.56661987304688
-141.41812133789062
-136.67860412597656
-134.7468719482422
-139.01805114746094
-135.10107421875
-137.6006317138672
-132.92318725585938
-141.43267822265625
-124.4161605834961
-136.19403076171875
-135.15078735351562
-136.4874725341797
-131.01336669921875
-129.00314331054688
-137.72706604003906
-130.6659393310547
-140.9407501220703
-132.7877197265625
-133.4076690673828
-143.61517333984375
-135.7300567626953
-140.3708953857422
-135.9673614501953
-142.75924682617188
-127.67559814453125
-137.33197021484375
-130.60418701171875
-146.8408966064453
-124.9803237915039
-135.94174194335938
-141.4422607421875
-143.25753784179688
-138.19235229492188
-124.95631408691406
-125.88442993164062
-136.49891662597656
-130.98080444335938
-133.30941772460938
-133.61663818359375
-129.3385009765625
-129.04689025878906
-134.09304809570312
-142.91236877441406
-128.30409240722656
-130.4412384033203
-120.01535034179688
-134.9771728515625
-135.944091796875
-123.47634887695312
-139.24343872070312
-128.8755645751953
-131.31838989257812
-127.66083526611328
-134.57090759277344
-137.6402587890625
-129.6567840576172
-130.4600830078125
-132.91722106933594
-139.13931274414062
-130.34402465820312
-136.69590759277344
-125.88835144042969
-130.80340576171875
-124.8672103881836
-129.7005615234375
-131.60008239746094
-130.73672485351562
-127.67790985107422
-123.58042907714844
-132.23086547851562
-133.4694061279297
-134.08346557617188
-130.54595947265625
-136.20587158203125
-136.56109619140625
-133.13563537597656
-138.1717987060547
-139.47695922851562
-132.81004333496094
-126.32125854492188
-128.72036743164062
-129.9662628173828
-129.99282836914062
-138.53175354003906
-127.85740661621094
-132.92160034179688
-129.53826904296875
-134.6234130859375
-132.05091857910156
-130.4310760498047
-132.83253479003906
-132.76132202148438
-136.3114013671875
-130.74795532226562
-129.5063934326172
-132.79083251953125
-131.58734130859375
-134.43838500976562
-141.909423828125
-142.9950714111328
-128.0445556640625
-133.83642578125
-132.63551330566406
-129.93165588378906
-130.42356872558594
-138.37396240234375
-130.72647094726562
-122.10264587402344
-137.6399688720703
-136.22952270507812
-126.23326110839844
-130.8265380859375
-128.09947204589844
-140.1279296875
-136.6123046875
-137.3258056640625
-125.7230453491211
-130.26441955566406
-127.26210021972656
-133.21983337402344
-130.31268310546875
-135.58140563964844
-133.2855682373047
-135.65261840820312
-131.95191955566406
-134.87083435058594
-133.90956115722656
-127.72093200683594
-133.08995056152344
-140.60142517089844
-138.10916137695312
-136.5899658203125
-128.5006866455078
-131.12197875976562
-139.19439697265625
-127.1488265991211
-124.99138641357422
-128.20594787597656
-137.98190307617188
-122.36341857910156
-132.49496459960938
-124.50083923339844
-144.89682006835938
-134.70303344726562
-132.1867218017578
-135.74168395996094
-136.37350463867188
-133.85939025878906
-130.20460510253906
-130.46934509277344
-132.2939910888672
-129.67684936523438
-119.96698760986328
-127.95954132080078
-122.12128448486328
-131.4864044189453
-132.55604553222656
-128.2298126220703
-131.39776611328125
-126.95286560058594
-129.86111450195312
-127.4062728881836
-121.97628784179688
-137.93255615234375
-132.95582580566406
-127.80445861816406
-129.23362731933594
-132.3004913330078
-132.56683349609375
-124.03144073486328
-126.16304016113281
-127.6042251586914
-126.14892578125
-131.1522216796875
-126.25801086425781
-123.63829803466797
-131.75978088378906
-129.0289306640625
-137.07269287109375
-133.13783264160156
-129.1917266845703
-127.44146728515625
-129.73341369628906
-125.72106170654297
-129.73487854003906
-126.37003326416016
-126.90923309326172
-124.49262237548828
-127.60595703125
-122.50871276855469
-128.76084899902344
-136.06690979003906
-129.5579071044922
-128.98849487304688
-134.60565185546875
-131.0607452392578
-129.1204071044922
-136.5022430419922
-128.59033203125
-124.64836883544922
-128.7758331298828
-131.21229553222656
-129.89846801757812
-122.3751449584961
-136.5492401123047
-132.4577178955078
-137.12448120117188
-136.26036071777344
-128.24356079101562
-128.81402587890625
-122.78524780273438
-124.30545043945312
-122.92731475830078
-122.49960327148438
-125.31442260742188
-130.17013549804688
-139.4150848388672
-130.8709259033203
-136.0996856689453
-133.66189575195312
-129.6648712158203
-124.90621948242188
-129.50721740722656
-123.26275634765625
-125.08562469482422
-133.4525909423828
-124.49020385742188
-134.24986267089844
-127.22404479980469
-120.66481018066406
-125.77589416503906
-135.96527099609375
-127.25183868408203
-125.62864685058594
-132.32432556152344
-132.83741760253906
-133.38864135742188
-125.21375274658203
-124.44024658203125
-130.6033935546875
-122.34620666503906
-123.64305877685547
-132.70404052734375
-129.63348388671875
-130.52761840820312
-128.0775146484375
-129.89910888671875
-125.07432556152344
-128.9681396484375
-130.73300170898438
-123.77794647216797
-123.72586822509766
-124.80419921875
-127.00281524658203
-128.11729431152344
-123.18423461914062
-130.93548583984375
-118.08343505859375
-124.76344299316406
-128.92300415039062
-129.77413940429688
-128.35765075683594
-124.37265014648438
-126.86959838867188
-127.57267761230469
-124.12588500976562
-126.38285064697266
-139.20887756347656
-129.4498748779297
-128.7928009033203
-128.86241149902344
-125.74478149414062
-129.07362365722656
-129.3614044189453
-128.587158203125
-122.46293640136719
-130.40512084960938
-127.2359390258789
-121.8626480102539
-127.24430847167969
-125.09037017822266
-123.826171875
-126.35262298583984
-127.57038116455078
-127.98383331298828
-136.7603302001953
-123.63560485839844
-125.9148178100586
-131.5363006591797
-124.90286254882812
-129.1167449951172
-122.40796661376953
-127.61875915527344
-133.07925415039062
-120.71505737304688
-123.80303955078125
-135.25953674316406
-127.28938293457031
-127.6469955444336
-128.22105407714844
-132.00633239746094
-120.05097198486328
-128.45513916015625
-128.56948852539062
-116.70353698730469
-130.14564514160156
-128.49156188964844
-124.19355010986328
-118.8212890625
-131.0305938720703
-132.03919982910156
-127.05937957763672
-122.42993927001953
-125.86605834960938
-131.70303344726562
-131.18006896972656
-124.56123352050781
-124.43983459472656
-126.3792495727539
-120.6832504272461
-127.54202270507812
-131.47897338867188
-131.44793701171875
-122.6719741821289
-135.31947326660156
-124.48446655273438
-126.3306884765625
-118.85531616210938
-124.15533447265625
-120.7632064819336
-124.94281005859375
-124.91287231445312
-115.60774230957031
-126.23191833496094
-127.31645202636719
-126.34038543701172
-122.64309692382812
-133.370361328125
-135.9830780029297
-121.23439025878906
-122.07073974609375
-134.17974853515625
-128.28175354003906
-122.71125793457031
-127.65032196044922
-126.23057556152344
-126.71990966796875
-123.22979736328125
-128.4794921875
-126.69048309326172
-124.50929260253906
-119.44290924072266
-124.89004516601562
-132.93780517578125
-117.45820617675781
-113.05381774902344
-120.8380126953125
-122.18509674072266
-126.2473373413086
-123.69772338867188
-127.80972290039062
-133.3917694091797
-127.09872436523438
-125.96605682373047
-129.1580047607422
-125.69818878173828
-127.56391906738281
-126.52047729492188
-133.26219177246094
-118.60224914550781
-124.21576690673828
-126.53150177001953
-131.53964233398438
-126.7342300415039
-124.79536437988281
-124.31120300292969
-124.78768920898438
-132.61366271972656
-121.97012329101562
-122.83695983886719
-125.62718200683594
-122.93370819091797
-127.6335220336914
-125.25062561035156
-133.9094696044922
-125.74668884277344
-125.98075103759766
-128.0229034423828
-127.55829620361328
-129.4558563232422
-124.9905776977539
-129.16323852539062
-121.69288635253906
-123.32884979248047
-119.88423156738281
-132.65965270996094
-134.08287048339844
-127.4249496459961
-116.42463684082031
-128.13121032714844
-130.7020721435547
-129.4827117919922
-125.22176361083984
-124.12191772460938
-119.73914337158203
-128.44650268554688
-123.717529296875
-127.5693130493164
-124.91426086425781
-124.37959289550781
-124.76449584960938
-123.96566772460938
-117.55827331542969
-128.74290466308594
-129.5110626220703
-129.34445190429688
-125.55220031738281
-129.6015167236328
-123.3436050415039
-120.08397674560547
-128.8870391845703
-122.8497085571289
-128.8481903076172
-125.92210388183594
-125.89210510253906
-118.05390167236328
-122.5685043334961
-127.1131362915039
-124.36226654052734
-124.2369384765625
-124.47561645507812
-123.69625854492188
-125.48480987548828
-121.8660888671875
-122.30593872070312
-122.59165954589844
-127.9419937133789
-129.3184356689453
-130.15121459960938
-122.11211395263672
-123.42578887939453
-117.41046905517578
-131.77195739746094
-117.65423583984375
-132.73776245117188
-123.21885681152344
-131.4430694580078
-122.5690689086914
-119.31519317626953
-125.61964416503906
-123.77490234375
-124.61945343017578
-131.88412475585938
-125.9266586303711
-125.98548126220703
-121.63483428955078
-133.0789031982422
-121.47172546386719
-126.67568969726562
-128.5582275390625
-126.22010803222656
-126.2019271850586
-130.23641967773438
-122.69717407226562
-128.65306091308594
-121.13692474365234
-124.37957763671875
-125.04133605957031
-128.4215545654297
-125.63867950439453
-126.37500762939453
-125.37470245361328
-122.89299011230469
-126.93730163574219
-125.7145004272461
-122.46392059326172
-128.5325927734375
-120.94044494628906
-130.87637329101562
-124.15727233886719
-119.97340393066406
-125.47679138183594
-126.64918518066406
-124.57726287841797
-121.39720153808594
-127.75706481933594
-122.69219970703125
-126.93817901611328
-132.47344970703125
-115.08013916015625
-125.20027160644531
-114.18380737304688
-126.52684783935547
-118.64720153808594
-120.44661712646484
-128.34519958496094
-125.85079956054688
-126.47489929199219
-124.73974609375
-122.31040954589844
-125.38872528076172
-124.70897674560547
-124.11454772949219
