-99.11713409423828
-111.28557586669922
-104.39960479736328
-109.24691772460938
-109.03042602539062
-105.29158020019531
-101.76543426513672
-93.86674499511719
-106.00404357910156
-98.55533599853516
-108.2230453491211
-102.77517700195312
-105.59886932373047
-107.12691497802734
-104.38623809814453
-99.93553924560547
-101.05078887939453
-109.82521057128906
-105.4960708618164
-101.06765747070312
-105.23918151855469
-104.62519073486328
-103.79308319091797
-106.65200805664062
-107.97077941894531
-112.90985870361328
-101.47563171386719
-108.48197937011719
-100.06241607666016
-102.20854187011719
-106.65287780761719
-113.0504379272461
-109.63066864013672
-111.7048110961914
-109.72359466552734
-104.07329559326172
-101.6084976196289
-105.92288208007812
-104.35728454589844
-103.00605773925781
-97.72053527832031
-101.21240234375
-108.3556137084961
-102.68798065185547
-100.44109344482422
-108.62728118896484
-105.87479400634766
-106.25755310058594
-104.43632507324219
-103.05033874511719
-100.81727600097656
-104.0267333984375
-103.67124938964844
-117.13162994384766
-108.02550506591797
-106.48767852783203
-107.66326904296875
-98.9247055053711
-98.08336639404297
-111.0214614868164
-104.44197845458984
-108.45391082763672
-101.10623168945312
-104.54212951660156
-108.67741394042969
-100.75187683105469
-107.91539764404297
-105.04032897949219
-105.06916046142578
-101.4188003540039
-103.78868865966797
-102.44830322265625
-102.334716796875
-108.38115692138672
-105.77835845947266
-103.9159164428711
-103.31332397460938
-104.19258880615234
-101.11454010009766
-107.31721496582031
-102.52599334716797
-104.5400390625
-97.65196990966797
-102.5044174194336
-110.68161010742188
-103.94804382324219
-104.4542236328125
-99.02011108398438
-109.19720458984375
-98.02855682373047
-102.4305648803711
-106.28986358642578
-103.06754302978516
-106.18329620361328
-108.7949447631836
-102.86254119873047
-106.119873046875
-103.7507095336914
-102.21832275390625
-105.14199829101562
-105.23515319824219
-96.84943389892578
-109.5944595336914
-105.58616638183594
-104.1401596069336
-109.23776245117188
-105.72050476074219
-100.07312774658203
-102.55883026123047
-98.66584777832031
-106.48722839355469
-94.86903381347656
-104.12355041503906
-98.42057037353516
-104.4292984008789
-102.03275299072266
-107.12235260009766
-103.41569519042969
-102.33021545410156
-98.6628189086914
-112.92330932617188
-104.83731079101562
-104.79513549804688
-101.60367584228516
-97.79225158691406
-106.92892456054688
-104.42024230957031
-99.8837661743164
-105.07571411132812
-106.61482238769531
-99.13967895507812
-109.18260192871094
-97.84846496582031
-102.51195526123047
-100.11698913574219
-103.21082305908203
-103.32469177246094
-107.44332122802734
-103.3216781616211
-102.81212615966797
-106.2318115234375
-105.10897064208984
-103.68704223632812
-102.84616088867188
-107.78007507324219
-101.76656341552734
-104.12922668457031
-103.50357818603516
-107.41178131103516
-109.76708984375
-111.9669189453125
-99.86112213134766
-106.83979797363281
-106.60458374023438
-108.79839324951172
-110.1028060913086
-111.73314666748047
-104.96983337402344
-108.28935241699219
-102.9826431274414
-106.46932983398438
-105.74465942382812
-105.19652557373047
-104.42891693115234
-99.25946044921875
-100.02168273925781
-106.8604736328125
-112.32614135742188
-110.77410125732422
-105.03589630126953
-103.67948913574219
-96.65243530273438
-107.6849136352539
-102.8100357055664
-100.21223449707031
-104.43879699707031
-103.2583999633789
-103.93159484863281
-107.3028564453125
-100.1862564086914
-104.68012237548828
-109.18727111816406
-103.57504272460938
-102.65798950195312
-97.80255126953125
-105.76864624023438
-99.94149780273438
-105.33708953857422
-105.8256607055664
-105.92227172851562
-108.50308990478516
-100.90656280517578
-101.33927154541016
-108.27401733398438
-99.86949920654297
-102.93923950195312
-102.37644958496094
-107.95651245117188
-101.49243927001953
-105.33200073242188
-101.87507629394531
-105.30469512939453
-106.45500946044922
-98.02124786376953
-105.21430969238281
-105.7773208618164
-110.68217468261719
-100.87989044189453
-97.0897445678711
-108.35857391357422
-103.78619384765625
-103.2575454711914
-103.33428192138672
-110.42250061035156
-106.56673431396484
-106.22468566894531
-106.35938262939453
-104.00836944580078
-106.49130249023438
-102.98100280761719
-99.18103790283203
-109.37478637695312
-100.53026580810547
-108.40179443359375
-104.67521667480469
-107.29487609863281
-108.02152252197266
-106.78173065185547
-105.80661010742188
-110.48881530761719
-112.50956726074219
-114.14649963378906
-108.0363540649414
-103.94618225097656
-107.29476165771484
-100.53912353515625
-107.60670471191406
-106.2966079711914
-107.2495346069336
-102.80368041992188
-109.26728820800781
-107.0653305053711
-104.55499267578125
-106.03099060058594
-105.73484802246094
-108.38317108154297
-106.13587188720703
-107.00186920166016
-102.20101165771484
-102.20948791503906
-108.6950912475586
-106.75495910644531
-101.65628814697266
-99.46231842041016
-102.53773498535156
-103.792724609375
-106.03295135498047
-116.05376434326172
-103.21212005615234
-106.83895111083984
-108.54566955566406
-103.16496276855469
-105.96141052246094
-100.46028137207031
-99.59251403808594
-104.66997528076172
-107.27872467041016
-99.49918365478516
-101.3402328491211
-105.2436294555664
-105.3131332397461
-103.95792388916016
-103.91950988769531
-108.00471496582031
-98.63097381591797
-104.83624267578125
-106.4210433959961
-99.47502136230469
-104.09394073486328
-108.139404296875
-97.67871856689453
-101.77727508544922
-104.71993255615234
-101.13549041748047
-97.6576156616211
-107.01185607910156
-102.21537780761719
-107.27693176269531
-105.83694458007812
-106.18011474609375
-106.23719787597656
-100.88475036621094
-104.21636199951172
-106.81082153320312
-106.09724426269531
-106.16856384277344
-104.18412017822266
-108.89826202392578
-102.86524200439453
-99.94628143310547
-102.468017578125
-104.67024230957031
-108.81083679199219
-105.01505279541016
-108.00294494628906
-101.87279510498047
-98.91499328613281
-109.69073486328125
-107.6104736328125
-107.3818588256836
-106.46073913574219
-105.19610595703125
-102.52708435058594
-107.4149398803711
-98.83714294433594
-105.91325378417969
-100.31104278564453
-108.27764892578125
-101.1924819946289
-103.82047271728516
-104.18207550048828
-109.9752426147461
-100.7039794921875
-98.18815612792969
-99.37126159667969
-109.51728057861328
-111.27286529541016
-99.38330078125
-108.99095153808594
-106.73588562011719
-106.29118347167969
-103.43089294433594
-103.30892944335938
-101.07708740234375
-110.22698211669922
-108.66749572753906
-102.19957733154297
-105.32085418701172
-102.0570068359375
-111.26576232910156
-109.73275756835938
-104.42195129394531
-108.036865234375
-104.22635650634766
-109.3712387084961
-98.62544250488281
-98.69538116455078
-101.76934814453125
-103.64768981933594
-111.35309600830078
-104.58245849609375
-106.2214584350586
-108.30451202392578
-111.07733917236328
-100.34099578857422
-107.23682403564453
-107.0771255493164
-108.03240966796875
-111.40826416015625
-107.29449462890625
-103.89591979980469
-106.00591278076172
-104.03588104248047
-108.85650634765625
-106.917724609375
-106.10665893554688
-106.71121978759766
-104.61163330078125
-106.92910766601562
-106.90534210205078
-104.34384155273438
-104.14557647705078
-98.16357421875
-110.77147674560547
-107.12333679199219
-109.1310806274414
-100.9792251586914
-105.31298065185547
-100.66493225097656
-100.46528625488281
-105.13404846191406
-99.8931884765625
-100.81257629394531
-102.33125305175781
-109.9775161743164
-104.04557800292969
-101.79631805419922
-105.3669662475586
-106.4798583984375
-102.57986450195312
-101.28955841064453
-102.24742889404297
-104.1807861328125
-103.33121490478516
-105.30423736572266
-101.49127197265625
-98.48387908935547
-111.55384826660156
-103.5996322631836
-103.44438171386719
-105.70475769042969
-103.81592559814453
-104.34019470214844
-99.21897888183594
-101.5895004272461
-114.98621368408203
-97.75080871582031
-106.59190368652344
-105.44987487792969
-106.03351593017578
-113.40101623535156
-106.79566192626953
-106.238525390625
-99.32174682617188
-100.71146392822266
-99.37478637695312
-111.34308624267578
-100.30025482177734
-101.07130432128906
-106.4268798828125
-105.67796325683594
-100.30714416503906
-104.37615203857422
-111.44357299804688
-97.9814224243164
-102.67130279541016
-104.44599914550781
-102.58561706542969
-98.13373565673828
-109.47181701660156
-102.45138549804688
-109.13826751708984
-100.3536148071289
-102.30844116210938
-99.7510757446289
-105.49092102050781
-103.47662353515625
-103.61198425292969
-105.37802124023438
-100.96200561523438
-103.61907958984375
-102.4374008178711
-108.02251434326172
-93.03321838378906
-102.31462860107422
-99.73603057861328
-105.20323181152344
-100.3698959350586
-98.7934799194336
-108.33612823486328
-100.53157043457031
-106.00900268554688
-102.57852935791016
-102.60337829589844
-109.27828979492188
-104.53044891357422
-110.72481536865234
-109.66165924072266
-111.15015411376953
-99.8338394165039
-105.84538269042969
-100.5120620727539
-111.40280151367188
-93.55303955078125
-101.6542739868164
-110.75896453857422
-111.96263122558594
-106.0976333618164
-98.59137725830078
-98.08781433105469
-106.12836456298828
-101.46879577636719
-102.95042419433594
-103.51781463623047
-103.3031234741211
-101.73570251464844
-103.8548355102539
-108.94253540039062
-99.95081329345703
-102.05577850341797
-94.26577758789062
-104.00656127929688
-104.22196960449219
-96.83245086669922
-107.85475158691406
-101.23226165771484
-100.98175811767578
-98.92391204833984
-107.1328353881836
-108.19426727294922
-102.58629608154297
-101.16218566894531
-102.02010345458984
-108.4371109008789
-104.03022003173828
-108.90271759033203
-101.27526092529297
-104.05258178710938
-98.36802673339844
-104.319580078125
-103.93215942382812
-105.19270324707031
-101.39999389648438
-98.95989227294922
-104.56614685058594
-105.03096008300781
-106.60090637207031
-100.44945526123047
-106.24903106689453
-104.75886535644531
-102.02740478515625
-107.43702697753906
-112.42037200927734
-100.17290496826172
-101.20230865478516
-98.99964904785156
-102.82566833496094
-99.97024536132812
-109.57301330566406
-100.10921478271484
-103.39386749267578
-101.13980102539062
-105.65202331542969
-105.34034729003906
-101.65788269042969
-106.99974060058594
-105.67127227783203
-112.07330322265625
-102.8605728149414
-103.69058990478516
-105.01971435546875
-105.43515014648438
-106.88618469238281
-109.79733276367188
-113.91780853271484
-100.19075012207031
-103.64994812011719
-105.09989929199219
-99.94358825683594
-105.00713348388672
-108.03240203857422
-102.95387268066406
-97.20919799804688
-105.12762451171875
-108.74050903320312
-98.0519027709961
-103.0417709350586
-99.19937896728516
-111.02424621582031
-106.81338500976562
-107.9451675415039
-100.55999755859375
-101.22311401367188
-100.88439178466797
-106.15372467041016
-102.31656646728516
-105.04063415527344
-107.20159149169922
-109.79920196533203
-103.27819061279297
-104.9809341430664
-103.87592315673828
-102.55316925048828
-105.880859375
-110.34500885009766
-108.12467956542969
-107.89421081542969
-98.97682189941406
-103.4962387084961
-110.1476821899414
-101.70915222167969
-99.62525939941406
-100.760009765625
-106.6221923828125
-96.7454605102539
-105.42046356201172
-100.69762420654297
-113.58287811279297
-108.85502624511719
-104.54443359375
-105.87260437011719
-109.78181457519531
-106.17559051513672
-104.11766815185547
-104.12036895751953
-106.607666015625
-102.87641906738281
-97.91078186035156
-103.22657775878906
-99.60079956054688
-105.37350463867188
-102.61422729492188
-104.62738037109375
-104.2896728515625
-101.48890686035156
-103.9407730102539
-100.89148712158203
-102.3886489868164
-111.62394714355469
-108.03604125976562
-104.06629180908203
-106.08203125
-105.81875610351562
-106.7892074584961
-101.1655502319336
-100.22822570800781
-106.54044342041016
-100.5926284790039
-106.44035339355469
-103.296630859375
-99.98563385009766
-106.81156921386719
-102.21402740478516
-114.15597534179688
-106.01416015625
-104.34109497070312
-102.71305847167969
-106.9327163696289
-102.24700927734375
-101.90363311767578
-103.25324249267578
-101.40132141113281
-100.48273468017578
-102.24513244628906
-99.744140625
-104.12557983398438
-108.99847412109375
-103.51119232177734
-105.75552368164062
-109.65538024902344
-105.23129272460938
-104.53356170654297
-108.92583465576172
-101.6231918334961
-101.71044921875
-105.16091918945312
-107.37728881835938
-105.35066223144531
-99.67327880859375
-111.97283172607422
-106.03926086425781
-111.0582275390625
-109.56318664550781
-103.80777740478516
-102.91036987304688
-98.71745300292969
-102.24427795410156
-102.03716278076172
-100.18435668945312
-101.1900863647461
-104.43905639648438
-115.62828826904297
-104.70890808105469
-111.41387176513672
-108.31390380859375
-107.2693862915039
-98.91527557373047
-105.50613403320312
-100.61155700683594
-104.04186248779297
-109.29108428955078
-99.02715301513672
-105.49321746826172
-105.25364685058594
-98.23039245605469
-102.609619140625
-109.55558776855469
-103.80168914794922
-102.82112121582031
-107.61966705322266
-107.147705078125
-107.25106811523438
-100.40955352783203
-101.35954284667969
-107.30794525146484
-98.97061157226562
-100.45774841308594
-106.90554809570312
-108.4831771850586
-108.82115936279297
-105.30492401123047
-104.75729370117188
-104.77104949951172
-106.94015502929688
-106.18254089355469
-101.82968139648438
-100.33349609375
-101.95858001708984
-105.27940368652344
-104.2048568725586
-101.19524383544922
-106.93627166748047
-95.63282012939453
-102.21912384033203
-105.33321380615234
-105.68724060058594
-104.05943298339844
-102.78531646728516
-104.16204833984375
-104.14627075195312
-99.14134979248047
-106.11544799804688
-111.71512603759766
-108.94731903076172
-105.40362548828125
-103.73731994628906
-103.91921997070312
-104.31572723388672
-108.0216293334961
-105.50055694580078
-100.4554214477539
-102.88275909423828
-103.81456756591797
-100.72600555419922
-105.94131469726562
-102.23970031738281
-101.95818328857422
-101.7149429321289
-103.97174072265625
-108.53955841064453
-109.2396469116211
-102.54337310791016
-104.27963256835938
-108.68046569824219
-103.4140853881836
-107.2645492553711
-99.06034088134766
-106.33192443847656
-108.60684204101562
-97.87361907958984
-102.90325164794922
-110.6297607421875
-104.49118041992188
-104.68524932861328
-103.82115936279297
-107.29556274414062
-98.92218017578125
-106.25447845458984
-102.4581298828125
-97.94217681884766
-106.0068359375
-104.4862060546875
-102.06159973144531
-99.37334442138672
-107.37135314941406
-107.6904067993164
-102.63106536865234
-102.11661529541016
-104.76681518554688
-107.84989166259766
-108.28402709960938
-103.50306701660156
-100.75324249267578
-102.84221649169922
-98.45813751220703
-104.53691101074219
-106.72901153564453
-104.9820785522461
-100.87487030029297
-111.66436767578125
-100.90337371826172
-102.47797393798828
-95.23307037353516
-103.34296417236328
-97.48759460449219
-102.1730728149414
-102.38322448730469
-96.17706298828125
-108.57150268554688
-108.0234603881836
-103.8896484375
-101.12107849121094
-111.457275390625
-110.92744445800781
-98.88433074951172
-102.09906768798828
-110.8542251586914
-107.30621337890625
-98.48805236816406
-106.10449981689453
-101.84423065185547
-103.82374572753906
-100.8409194946289
-104.69990539550781
-105.64042663574219
-105.06208801269531
-98.692138671875
-102.21499633789062
-107.6767807006836
-98.19876861572266
-92.74854278564453
-100.26336669921875
-102.05170440673828
-104.47940063476562
-101.2530746459961
-104.15665435791016
-109.33675384521484
-103.61132049560547
-102.5372543334961
-106.14512634277344
-104.5877685546875
-107.59815979003906
-105.37606048583984
-114.7264404296875
-100.94255828857422
-101.78401184082031
-103.74698638916016
-109.60340118408203
-105.631591796875
-104.76803588867188
-103.5589828491211
-101.59417724609375
-107.98587036132812
-100.10789489746094
-101.18409729003906
-104.66947937011719
-102.33390808105469
-105.77472686767578
-103.52613067626953
-108.82274627685547
-105.41654205322266
-106.3454818725586
-105.68998718261719
-102.99373626708984
-107.16431427001953
-103.7913818359375
-105.99127960205078
-101.29007720947266
-100.51680755615234
-100.82180786132812
-109.42230987548828
-110.4273681640625
-105.44120025634766
-98.06045532226562
-104.84217071533203
-109.55542755126953
-107.86277770996094
-107.21456909179688
-103.42515563964844
-102.22522735595703
-108.04449462890625
-107.17100524902344
-104.11711883544922
-103.48281860351562
-104.48152160644531
-98.6385269165039
-101.09855651855469
-96.59571075439453
-106.48347473144531
-108.5644760131836
-104.83634948730469
-105.50187683105469
-105.99353790283203
-100.0616226196289
-103.72451782226562
-109.36886596679688
-103.56283569335938
-109.50218200683594
-103.2837142944336
-104.59204864501953
-97.99690246582031
-101.55499267578125
-106.9769058227539
-102.92047119140625
-102.70906066894531
-109.52830505371094
-100.69439697265625
-105.89111328125
-100.9327163696289
-102.3452377319336
-104.36376190185547
-105.6367416381836
-109.59046936035156
-107.38092041015625
-104.07195281982422
-104.42569732666016
-99.15802001953125
-107.19987487792969
-97.64067840576172
-112.13502502441406
-104.16249084472656
-108.8834457397461
-100.7820053100586
-99.90959167480469
-101.10078430175781
-102.0772705078125
-105.07703399658203
-108.41474151611328
-106.77821350097656
-109.49972534179688
-99.79165649414062
-113.75757598876953
-101.14124298095703
-107.48177337646484
-109.55926513671875
-108.16012573242188
-105.66960144042969
-108.79721069335938
-103.00241088867188
-106.16407775878906
-101.6237564086914
-102.2673110961914
-105.77545166015625
-106.3580551147461
-106.5248794555664
-106.91336059570312
-108.91985321044922
-102.07894897460938
-107.82653045654297
-104.58531188964844
-101.71417999267578
-106.93109893798828
-101.71564483642578
-108.38098907470703
-103.44268035888672
-99.14990234375
-103.55963897705078
-107.49183654785156
-102.64195251464844
-101.61412048339844
-106.22595977783203
-105.23773956298828
-106.82410430908203
-108.71907043457031
-97.48200988769531
-103.92181396484375
-98.83104705810547
-108.33025360107422
-98.57233428955078
-101.29824829101562
-103.67466735839844
-104.73148345947266
-104.83074951171875
-106.40077209472656
-102.7974624633789
-105.35777282714844
-103.68602752685547
-108.4161605834961
