-103.03642272949219
-113.28286743164062
-107.30995178222656
-112.79821014404297
-112.84798431396484
-108.58038330078125
-104.38870239257812
-97.8681411743164
-109.7391128540039
-102.71588134765625
-111.25555419921875
-105.0188980102539
-109.3108901977539
-109.14071655273438
-106.48048400878906
-102.50115966796875
-101.7397689819336
-112.6795425415039
-109.12825012207031
-102.91398620605469
-107.45599365234375
-107.31922149658203
-106.70469665527344
-109.56697845458984
-109.71253967285156
-115.52428436279297
-104.18325805664062
-111.31072998046875
-102.55038452148438
-104.08309173583984
-110.20303344726562
-115.71178436279297
-112.57820129394531
-114.44821166992188
-111.30891418457031
-105.13764953613281
-104.28152465820312
-108.00727844238281
-107.52059173583984
-106.82332611083984
-100.76829528808594
-104.09373474121094
-111.14958953857422
-105.15904235839844
-102.17678833007812
-110.82553100585938
-108.73123168945312
-108.08854675292969
-107.29734802246094
-107.38176727294922
-103.04961395263672
-106.58512115478516
-106.90638732910156
-119.77277374267578
-112.44470977783203
-107.58087158203125
-110.36410522460938
-101.03190612792969
-99.05847930908203
-112.90501403808594
-105.81566619873047
-110.5335464477539
-103.71178436279297
-107.3476791381836
-108.96804809570312
-103.25294494628906
-109.4970474243164
-107.9115219116211
-107.93081665039062
-102.72464752197266
-105.96800994873047
-103.98629760742188
-103.26016998291016
-112.03946685791016
-108.48194122314453
-108.53935241699219
-104.8551025390625
-107.30398559570312
-104.20587158203125
-108.4096908569336
-104.59695434570312
-106.80907440185547
-99.12882232666016
-106.10698699951172
-112.55850219726562
-106.09625244140625
-107.2356185913086
-101.73262023925781
-110.63209533691406
-101.57524108886719
-105.17053985595703
-108.45465850830078
-106.25857543945312
-108.68084716796875
-111.99933624267578
-104.75146484375
-108.15509033203125
-107.362060546875
-105.58576965332031
-106.87772369384766
-108.00716400146484
-97.79987335205078
-111.60113525390625
-108.95020294189453
-105.41334533691406
-111.86703491210938
-110.38642883300781
-101.05733489990234
-105.35553741455078
-102.27417755126953
-108.2646255493164
-97.17648315429688
-106.3338394165039
-101.24105834960938
-106.61114501953125
-104.28942108154297
-109.122314453125
-105.7708740234375
-104.3445816040039
-102.08322143554688
-115.5278091430664
-107.43390655517578
-107.13249969482422
-104.11972045898438
-99.0323715209961
-111.27999877929688
-105.98253631591797
-101.94413757324219
-108.30217742919922
-107.60344696044922
-102.33790588378906
-109.58963775634766
-100.76981353759766
-106.55078887939453
-102.0927505493164
-104.67938232421875
-105.07469940185547
-108.35932159423828
-105.51697540283203
-104.26914978027344
-109.0960922241211
-106.88146209716797
-103.98186492919922
-105.15676879882812
-109.40336608886719
-104.68151092529297
-106.25056457519531
-105.60851287841797
-110.86127471923828
-110.85872650146484
-113.78913879394531
-103.01432800292969
-109.82676696777344
-108.60111236572266
-111.14839172363281
-113.08528900146484
-115.35353088378906
-108.76264190673828
-111.60404968261719
-105.82997131347656
-107.54042053222656
-107.14306640625
-106.917724609375
-106.23548889160156
-101.98139953613281
-102.93632507324219
-110.0063705444336
-115.23014068603516
-112.81155395507812
-107.66361999511719
-106.07685089111328
-98.01469421386719
-110.87772369384766
-104.10188293457031
-102.68067169189453
-107.0151138305664
-104.17793273925781
-105.32171630859375
-111.90463256835938
-102.91526794433594
-107.47903442382812
-111.18839263916016
-105.8993911743164
-105.33892822265625
-100.0083999633789
-107.39390563964844
-102.99823760986328
-108.89422607421875
-107.90599822998047
-108.39118957519531
-110.95974731445312
-104.83647155761719
-104.41375732421875
-109.57091522216797
-104.16830444335938
-105.95675659179688
-105.10649871826172
-110.97183990478516
-102.07653045654297
-109.26321411132812
-104.09188842773438
-108.16870880126953
-107.82942199707031
-100.86672973632812
-107.5631103515625
-107.42514038085938
-112.4161605834961
-104.301513671875
-99.15908813476562
-110.41034698486328
-106.71151733398438
-105.77261352539062
-105.36329650878906
-113.51374816894531
-109.69171905517578
-105.43192291259766
-108.43218231201172
-106.03362274169922
-107.89020538330078
-104.00263214111328
-101.59671020507812
-112.8284683227539
-104.32996368408203
-110.169677734375
-106.92262268066406
-110.64608001708984
-110.63458251953125
-110.15037536621094
-108.7672348022461
-111.00923156738281
-116.24711608886719
-114.88035583496094
-109.64796447753906
-106.7874526977539
-111.2471923828125
-103.26151275634766
-110.92385864257812
-109.12702178955078
-111.33275604248047
-105.96080017089844
-111.55793762207031
-108.788330078125
-109.33010864257812
-107.08830261230469
-107.49019622802734
-109.20143127441406
-108.92659759521484
-110.78765869140625
-106.96405792236328
-103.63594055175781
-109.08097839355469
-109.35533905029297
-105.31269836425781
-100.07014465332031
-104.54611206054688
-105.89749908447266
-109.72848510742188
-118.13309478759766
-104.79832458496094
-109.58360290527344
-110.79981231689453
-106.42486572265625
-108.19352722167969
-104.08454132080078
-101.2593002319336
-107.43669128417969
-109.85521697998047
-101.34928131103516
-103.41344451904297
-107.8960189819336
-105.33098602294922
-106.76629638671875
-105.19740295410156
-110.12725830078125
-101.22583770751953
-106.84749603271484
-108.51173400878906
-100.79093933105469
-105.09432983398438
-108.61713409423828
-98.89810943603516
-103.33812713623047
-107.68769073486328
-103.61666870117188
-100.80711364746094
-109.60761260986328
-104.95697784423828
-108.73609924316406
-109.2951431274414
-108.1508560180664
-108.99104309082031
-101.70317077636719
-106.13268280029297
-110.15755462646484
-107.71469116210938
-108.8202133178711
-106.73915100097656
-111.50296783447266
-102.9158935546875
-102.81224822998047
-103.9197769165039
-105.94692993164062
-111.25833129882812
-108.50973510742188
-108.44664764404297
-103.92158508300781
-103.14384460449219
-112.13007354736328
-109.54174041748047
-109.2762222290039
-107.7653579711914
-106.7591781616211
-105.79389190673828
-108.05579376220703
-101.90306854248047
-107.34640502929688
-101.86293029785156
-111.10244750976562
-103.17167663574219
-104.5176773071289
-108.53181457519531
-112.43517303466797
-102.09920501708984
-101.71125793457031
-104.00152587890625
-111.4224624633789
-114.97916412353516
-102.90313720703125
-112.94183349609375
-109.09646606445312
-109.27101135253906
-106.01182556152344
-107.20157623291016
-105.05250549316406
-114.44461059570312
-112.22151947021484
-105.94178009033203
-108.6266098022461
-103.16691589355469
-115.0094985961914
-113.18458557128906
-107.73078155517578
-111.07689666748047
-107.31676483154297
-112.36892700195312
-101.2569808959961
-102.05481719970703
-105.26808166503906
-106.4223861694336
-114.57156372070312
-107.10429382324219
-109.6697998046875
-111.35286712646484
-112.32500457763672
-101.49761962890625
-110.09614562988281
-110.62582397460938
-111.23893737792969
-114.8062515258789
-110.28085327148438
-106.94269561767578
-109.36785888671875
-105.3403091430664
-112.03163146972656
-108.81018829345703
-107.55496215820312
-109.22349548339844
-106.81999969482422
-108.17003631591797
-108.17646789550781
-107.72013854980469
-107.52561950683594
-101.5576400756836
-113.74543762207031
-109.91376495361328
-111.31721496582031
-103.96024322509766
-107.3842544555664
-101.62841033935547
-102.88453674316406
-106.04537200927734
-101.03606414794922
-102.74195098876953
-104.12808227539062
-110.60967254638672
-104.7292251586914
-102.25064086914062
-108.11943054199219
-109.1211929321289
-105.5826416015625
-102.6708755493164
-104.23245239257812
-106.31423950195312
-105.12981414794922
-108.99715423583984
-103.8381576538086
-99.8517837524414
-116.39634704589844
-104.26966857910156
-105.87213134765625
-107.88627624511719
-104.99101257324219
-106.49605560302734
-101.52410888671875
-103.47012329101562
-116.54442596435547
-100.72010040283203
-107.56004333496094
-106.8069076538086
-108.56753540039062
-116.87084197998047
-109.22097778320312
-109.6249771118164
-102.87999725341797
-103.71392059326172
-100.92022705078125
-115.20588684082031
-102.87902069091797
-103.780029296875
-109.27597045898438
-108.4437484741211
-101.96226501464844
-106.71405792236328
-113.72372436523438
-101.4903335571289
-105.56655883789062
-106.12876892089844
-103.80210876464844
-100.28582763671875
-112.0518569946289
-104.44630432128906
-112.2283706665039
-102.38333892822266
-104.49250793457031
-102.54702758789062
-109.59292602539062
-106.58519744873047
-106.42689514160156
-109.13614654541016
-102.6522445678711
-105.69918060302734
-106.51367950439453
-112.10636901855469
-96.82820129394531
-105.7044906616211
-103.01529693603516
-107.60079956054688
-104.13027954101562
-101.89231872558594
-108.85438537597656
-103.38441467285156
-110.7254867553711
-104.98590087890625
-106.16099548339844
-112.75773620605469
-107.5994644165039
-113.88365936279297
-111.39940643310547
-113.4217529296875
-102.15229797363281
-108.17501831054688
-103.90095520019531
-114.8363265991211
-96.46491241455078
-104.46691131591797
-112.84513092041016
-114.4863052368164
-109.73975372314453
-102.66165161132812
-100.1614761352539
-109.49424743652344
-104.20343017578125
-106.62675476074219
-106.81356811523438
-104.66633605957031
-106.08094787597656
-105.79781341552734
-113.22845458984375
-102.09672546386719
-103.03012084960938
-96.95720672607422
-106.24897766113281
-108.03844451904297
-97.59799194335938
-111.09455108642578
-104.68512725830078
-105.15747833251953
-101.35476684570312
-110.88790130615234
-109.93701934814453
-103.90187072753906
-104.64208221435547
-104.74849700927734
-111.47418212890625
-105.970947265625
-109.6163330078125
-103.39109802246094
-105.94286346435547
-98.8686294555664
-104.30765533447266
-107.11006927490234
-106.48426055908203
-103.42489624023438
-100.0565185546875
-105.82843017578125
-108.01715087890625
-109.57325744628906
-103.32267761230469
-107.80106353759766
-107.88117980957031
-105.04801940917969
-109.47527313232422
-115.00606536865234
-103.42872619628906
-101.65824127197266
-101.11138916015625
-103.75071716308594
-101.46200561523438
-111.58140563964844
-103.05890655517578
-105.85884094238281
-103.57798767089844
-108.6044921875
-106.50567626953125
-102.85882568359375
-109.59674835205078
-106.46277618408203
-114.02901458740234
-103.6103286743164
-104.99474334716797
-106.57040405273438
-107.38107299804688
-109.51842498779297
-112.07247161865234
-114.84122467041016
-102.95286560058594
-106.52513122558594
-106.5220718383789
-102.9247055053711
-107.51498413085938
-110.82148742675781
-106.49962615966797
-99.31981658935547
-109.31640625
-111.91372680664062
-99.98114013671875
-105.31428527832031
-101.67682647705078
-112.84990692138672
-108.9618911743164
-110.51828002929688
-103.26062774658203
-104.49422454833984
-103.72187805175781
-107.54086303710938
-105.5331039428711
-108.2638931274414
-109.82952880859375
-111.47792053222656
-105.6104965209961
-107.78897094726562
-108.21511840820312
-104.7187728881836
-107.02620697021484
-113.52202606201172
-111.68762969970703
-110.91659545898438
-101.29080963134766
-105.4977798461914
-113.18352508544922
-104.31707763671875
-101.64509582519531
-102.37335205078125
-110.43585205078125
-98.22117614746094
-109.41266632080078
-103.92850494384766
-115.98304748535156
-111.71682739257812
-107.58184814453125
-109.22315979003906
-112.47921752929688
-107.33812713623047
-106.33917999267578
-107.33870697021484
-109.59066009521484
-103.07672882080078
-99.06748962402344
-104.8744125366211
-101.44792175292969
-108.46954345703125
-105.46568298339844
-104.06580352783203
-106.95208740234375
-104.06121826171875
-105.65531158447266
-101.8090591430664
-103.3995132446289
-113.61677551269531
-111.77967071533203
-105.28759765625
-107.54080963134766
-109.3494644165039
-108.70551300048828
-104.05469512939453
-102.96997833251953
-108.08744049072266
-102.55341339111328
-108.25892639160156
-106.82257080078125
-101.7883071899414
-109.45535278320312
-104.11036682128906
-115.9366683959961
-110.25485229492188
-108.42416381835938
-105.53473663330078
-108.7529067993164
-102.96966552734375
-104.49174499511719
-104.99398803710938
-102.50619506835938
-102.20563507080078
-105.9135513305664
-101.80995178222656
-106.45816040039062
-111.14118957519531
-106.34882354736328
-108.06543731689453
-113.1039810180664
-108.35934448242188
-105.9690170288086
-111.81328582763672
-105.05072784423828
-103.99527740478516
-105.56977081298828
-108.74176025390625
-106.48175811767578
-101.00576782226562
-114.74458312988281
-108.75999450683594
-113.78713989257812
-112.00122833251953
-106.35150146484375
-104.78015899658203
-100.25625610351562
-102.89893341064453
-103.34365844726562
-102.77238464355469
-104.73292541503906
-109.21996307373047
-119.96680450439453
-108.120361328125
-114.26734161376953
-110.75421905517578
-109.35415649414062
-102.2454833984375
-108.39329528808594
-103.34456634521484
-107.1306381225586
-113.81095886230469
-102.30740356445312
-108.57413482666016
-104.32129669189453
-101.0152587890625
-105.51722717285156
-112.25713348388672
-107.81656646728516
-105.81938171386719
-112.81129455566406
-109.5868911743164
-110.12530517578125
-103.99931335449219
-103.47079467773438
-110.24879455566406
-102.4616470336914
-104.2490005493164
-110.10474395751953
-110.54105377197266
-110.81269073486328
-108.3558349609375
-108.42565155029297
-104.99539947509766
-108.7081298828125
-108.99267578125
-104.32019805908203
-103.11125183105469
-104.14179992675781
-106.79560852050781
-105.88777160644531
-105.0577163696289
-109.69062805175781
-97.51734924316406
-105.42333984375
-107.59818267822266
-108.1103744506836
-106.54069519042969
-105.78284454345703
-107.1356430053711
-105.5639419555664
-102.21092987060547
-107.07714080810547
-115.23004913330078
-112.27987670898438
-107.62532806396484
-106.64409637451172
-106.92709350585938
-106.07706451416016
-109.89280700683594
-106.0461654663086
-101.93816375732422
-106.34777069091797
-107.00074768066406
-101.51034545898438
-107.48958587646484
-104.76585388183594
-102.79167175292969
-103.54519653320312
-104.9574966430664
-111.20858764648438
-112.22991180419922
-104.92518615722656
-108.2698974609375
-109.38143920898438
-105.38982391357422
-109.38717651367188
-100.18387603759766
-105.81795501708984
-110.99839782714844
-99.20330047607422
-107.16106414794922
-111.96928405761719
-106.59579467773438
-106.81842041015625
-107.29084777832031
-109.8594970703125
-101.31818389892578
-107.9020767211914
-103.45692443847656
-101.30606079101562
-108.20993041992188
-107.767822265625
-105.01750946044922
-100.83092498779297
-110.02140045166016
-110.93367004394531
-105.29795837402344
-104.88964080810547
-107.27137756347656
-111.50883483886719
-109.23725891113281
-106.55865478515625
-104.53387451171875
-106.87342834472656
-102.52717590332031
-107.1082763671875
-109.19209289550781
-108.28247833251953
-103.09397888183594
-113.87377166748047
-103.2671127319336
-103.57096099853516
-98.12627410888672
-103.01673126220703
-100.76222229003906
-105.84800720214844
-105.97749328613281
-96.99011993408203
-109.55048370361328
-109.64496612548828
-106.43360900878906
-103.57758331298828
-114.34439086914062
-113.5454330444336
-101.97126007080078
-103.5924072265625
-113.17129516601562
-110.39500427246094
-101.26949310302734
-107.81259155273438
-103.17713928222656
-105.51268005371094
-102.45938873291016
-105.88288116455078
-108.3798828125
-107.98359680175781
-102.27555847167969
-105.4928970336914
-111.21064758300781
-99.1556396484375
-94.34436798095703
-103.746337890625
-105.23851776123047
-108.18885803222656
-103.39723205566406
-108.52613830566406
-111.62311553955078
-106.41218566894531
-104.10975646972656
-109.2222671508789
-107.4167709350586
-108.6555404663086
-105.98880767822266
-114.95233154296875
-101.99447631835938
-104.4957504272461
-107.10626983642578
-111.91683197021484
-107.533203125
-106.46870422363281
-105.03092193603516
-104.388916015625
-109.2369155883789
-101.37366485595703
-102.51316833496094
-106.33342742919922
-103.75923919677734
-108.59850311279297
-106.048828125
-112.22899627685547
-107.55465698242188
-107.55244445800781
-107.45345306396484
-104.78105163574219
-109.97847747802734
-104.99098205566406
-108.43656158447266
-103.27644348144531
-102.06959533691406
-103.0282211303711
-111.59590911865234
-114.12277221679688
-108.94645690917969
-99.40533447265625
-106.56422424316406
-110.71466064453125
-110.12064361572266
-108.72836303710938
-107.5255126953125
-103.34565734863281
-110.41266632080078
-107.75531768798828
-107.39649963378906
-105.60118865966797
-106.45380401611328
-101.08445739746094
-105.94737243652344
-97.8935775756836
-110.248291015625
-110.00067901611328
-108.37542724609375
-108.05171203613281
-109.60770416259766
-102.85767364501953
-104.18019104003906
-109.77703094482422
-104.27025604248047
-110.15161895751953
-105.45124816894531
-108.3675308227539
-99.14247131347656
-103.58091735839844
-108.52593231201172
-104.7909927368164
-104.66149139404297
-110.93073272705078
-103.87811279296875
-107.70321655273438
-103.11383819580078
-103.49848175048828
-106.7237548828125
-108.38363647460938
-111.47288513183594
-109.049072265625
-106.24835968017578
-105.80799102783203
-101.31047821044922
-110.1754150390625
-100.68472290039062
-114.3134994506836
-107.26947021484375
-110.3664321899414
-103.41703033447266
-101.48011016845703
-104.59837341308594
-103.94692993164062
-106.23843383789062
-111.40232849121094
-108.33184814453125
-109.85138702392578
-101.64292907714844
-116.35979461669922
-105.74845123291016
-108.3059310913086
-113.06727600097656
-110.9692611694336
-108.20169067382812
-110.544189453125
-105.41321563720703
-109.12217712402344
-104.40267944335938
-106.22596740722656
-108.44548797607422
-109.3143310546875
-110.31787872314453
-109.45401763916016
-110.81522369384766
-104.56143188476562
-109.80626678466797
-107.76138305664062
-104.4731674194336
-110.69677734375
-103.54032897949219
-110.36236572265625
-107.01222229003906
-100.86276245117188
-106.32443237304688
-109.66456604003906
-105.07207489013672
-104.75493621826172
-108.5999526977539
-106.14387512207031
-110.09593963623047
-113.500732421875
-101.15684509277344
-105.83329772949219
-99.38966369628906
-110.04724884033203
-101.59007263183594
-103.41461181640625
-106.62045288085938
-106.64214324951172
-108.09764862060547
-108.9876708984375
-105.5821762084961
-106.41743469238281
-105.69587707519531
-108.81427764892578
