-100.84693145751953
-112.26869201660156
-104.61012268066406
-111.06625366210938
-109.8751449584961
-108.00967407226562
-101.9270248413086
-95.76334381103516
-107.41384887695312
-99.84925079345703
-109.51787567138672
-104.22688293457031
-108.32017517089844
-107.99573516845703
-105.75757598876953
-98.86795806884766
-99.84630584716797
-111.48979949951172
-107.11658477783203
-103.02427673339844
-105.61746215820312
-105.45672607421875
-104.0630874633789
-107.66191864013672
-108.6318359375
-116.12706756591797
-102.3169174194336
-109.06320190429688
-100.35662841796875
-102.88379669189453
-110.34090423583984
-114.58296966552734
-110.84075927734375
-112.66535949707031
-110.30827331542969
-104.92021179199219
-102.511474609375
-107.62141418457031
-106.34481811523438
-104.98342895507812
-98.98839569091797
-101.56739807128906
-109.30181884765625
-104.64517211914062
-100.294921875
-109.21881866455078
-109.07787322998047
-106.75711059570312
-106.53215026855469
-104.62240600585938
-101.84539031982422
-105.62816619873047
-105.0378646850586
-119.01519775390625
-109.21566009521484
-106.36592864990234
-108.49077606201172
-101.18771362304688
-97.8747329711914
-111.56346130371094
-104.71355438232422
-110.08284759521484
-103.14962005615234
-106.05390167236328
-108.2248306274414
-100.80529022216797
-108.006591796875
-105.72518920898438
-106.8048324584961
-102.38583374023438
-105.77598571777344
-104.5777587890625
-102.19701385498047
-111.37013244628906
-107.39667510986328
-107.06731414794922
-102.69075012207031
-106.35883331298828
-101.55242156982422
-106.98530578613281
-103.22138977050781
-106.25165557861328
-98.8740234375
-104.74156951904297
-111.14761352539062
-105.13134002685547
-106.39112091064453
-99.84976196289062
-109.84355163574219
-99.10140991210938
-103.92974853515625
-105.89567565917969
-104.33189392089844
-106.97135925292969
-109.68827056884766
-102.41594696044922
-106.88627624511719
-105.2904281616211
-103.48246765136719
-106.07530975341797
-106.67344665527344
-95.78305053710938
-108.63008117675781
-106.20718383789062
-103.73214721679688
-109.82575225830078
-107.05237579345703
-99.60586547851562
-103.54927062988281
-99.17908477783203
-106.76111602783203
-95.84432220458984
-105.5665054321289
-98.63623809814453
-104.11572265625
-101.76533508300781
-106.5564193725586
-103.49761199951172
-102.1934585571289
-100.49055480957031
-113.79093170166016
-104.82121276855469
-104.77198791503906
-102.51419830322266
-97.55804443359375
-107.65990447998047
-103.73482513427734
-99.64567565917969
-106.42609405517578
-106.49787902832031
-100.44800567626953
-108.59016418457031
-98.81452941894531
-105.2313232421875
-101.05496978759766
-104.08761596679688
-103.50999450683594
-106.80892181396484
-103.57603454589844
-103.32393646240234
-107.57032012939453
-105.14781188964844
-103.43215942382812
-103.26554107666016
-108.84848022460938
-102.64181518554688
-103.67571258544922
-104.07708740234375
-108.11422729492188
-109.01544189453125
-111.02540588378906
-101.39208984375
-108.25909423828125
-108.99215698242188
-109.75550079345703
-112.17417907714844
-111.90563201904297
-106.85011291503906
-109.97454071044922
-104.0486068725586
-107.6311264038086
-105.95185852050781
-106.36204528808594
-104.33229064941406
-100.8504867553711
-101.65615844726562
-108.20227813720703
-114.04074096679688
-112.688232421875
-105.84130859375
-104.53263854980469
-98.19002532958984
-108.41852569580078
-104.4667739868164
-101.52313232421875
-106.23997497558594
-105.25287628173828
-105.17654418945312
-109.43896484375
-102.31366729736328
-105.36116027832031
-110.38868713378906
-104.26504516601562
-103.57615661621094
-99.03923797607422
-106.96446990966797
-100.93075561523438
-107.91580963134766
-106.26762390136719
-106.67451477050781
-108.49908447265625
-101.46600341796875
-101.54550170898438
-107.86945343017578
-102.6115493774414
-104.1895523071289
-103.3134536743164
-109.06849670410156
-101.3570556640625
-107.66217041015625
-102.57463073730469
-106.85185241699219
-106.94940185546875
-99.80903625488281
-107.23056030273438
-105.63442993164062
-109.94241333007812
-101.60743713378906
-98.25506591796875
-109.92708587646484
-105.35658264160156
-104.89215087890625
-104.58924865722656
-111.78974151611328
-107.56089782714844
-106.13522338867188
-108.44744110107422
-104.45376586914062
-107.76976776123047
-103.845703125
-101.13333129882812
-110.3538818359375
-103.06175231933594
-109.20402526855469
-105.47341918945312
-110.42863464355469
-109.20445251464844
-109.26687622070312
-106.89877319335938
-109.74830627441406
-113.68916320800781
-113.42973327636719
-109.29325866699219
-105.03868103027344
-108.29339599609375
-100.72543334960938
-110.06301879882812
-108.45349884033203
-110.99891662597656
-104.84069061279297
-110.66908264160156
-107.15985107421875
-107.6867904663086
-107.33118438720703
-105.70875549316406
-107.05329132080078
-107.14971160888672
-109.2392578125
-104.09951782226562
-102.39027404785156
-109.23936462402344
-107.60985565185547
-102.3564224243164
-99.76105499267578
-104.11499786376953
-104.55537414550781
-106.55548858642578
-116.67777252197266
-105.30157470703125
-109.06787109375
-109.44461059570312
-105.03669738769531
-105.84895324707031
-100.1925277709961
-99.86016845703125
-104.66819763183594
-108.00953674316406
-98.41024017333984
-102.90632629394531
-106.7306137084961
-104.262939453125
-105.71633911132812
-105.32547760009766
-109.44076538085938
-99.12477111816406
-105.25421142578125
-107.78730773925781
-99.29325103759766
-104.75321960449219
-108.19209289550781
-98.79859924316406
-101.7471694946289
-106.22085571289062
-101.51177215576172
-99.348876953125
-107.6104736328125
-103.3834228515625
-107.695556640625
-108.1895980834961
-107.45252990722656
-106.94454193115234
-102.07300567626953
-105.36669158935547
-108.97207641601562
-106.06771850585938
-108.04779052734375
-104.88903045654297
-109.23394775390625
-102.62716674804688
-102.3049545288086
-103.68641662597656
-105.3896484375
-110.29180145263672
-106.52205657958984
-108.05992126464844
-102.81746673583984
-102.57508850097656
-110.2026138305664
-109.83979797363281
-107.53845977783203
-107.17227172851562
-105.33545684814453
-105.077880859375
-105.6812744140625
-100.08332824707031
-106.08051300048828
-100.290771484375
-110.12995147705078
-101.9506607055664
-103.88980865478516
-105.77566528320312
-111.02218627929688
-100.97418975830078
-100.19567108154297
-102.50989532470703
-110.95138549804688
-112.4685287475586
-101.32608795166016
-110.02153015136719
-108.30449676513672
-107.18508911132812
-103.60005187988281
-105.63036346435547
-102.84214782714844
-111.32157135009766
-109.33689880371094
-104.24585723876953
-106.28475952148438
-103.44796752929688
-112.39779663085938
-110.12155151367188
-106.40679931640625
-107.51598358154297
-105.03590393066406
-109.3359146118164
-99.81317901611328
-100.89265441894531
-103.58417510986328
-106.12300109863281
-114.2350082397461
-105.2826156616211
-107.09728240966797
-110.29737091064453
-111.90792846679688
-101.00955963134766
-107.218994140625
-108.8990249633789
-108.58456420898438
-112.81086730957031
-108.39739990234375
-106.71192932128906
-108.83692169189453
-105.57782745361328
-110.99239349365234
-107.93325805664062
-104.78849029541016
-106.82661437988281
-105.27330780029297
-107.49110412597656
-108.59176635742188
-105.68445587158203
-105.07508850097656
-99.6272964477539
-110.92149353027344
-109.05010986328125
-109.90057373046875
-101.59022521972656
-106.29452514648438
-98.97513580322266
-102.46237182617188
-105.45436096191406
-98.76069641113281
-101.28304290771484
-102.5046157836914
-109.21317291259766
-103.76313781738281
-101.48259735107422
-106.81768035888672
-107.97757720947266
-103.80318450927734
-101.9271469116211
-102.28564453125
-103.59378051757812
-103.35909271240234
-105.8488998413086
-101.91036224365234
-98.54679870605469
-112.505126953125
-102.3907699584961
-103.3183364868164
-105.96607971191406
-104.10462188720703
-103.83148193359375
-100.02458953857422
-101.99478149414062
-115.32659912109375
-98.85562133789062
-105.77140808105469
-104.6934585571289
-106.44098663330078
-114.47238159179688
-107.60624694824219
-107.41036987304688
-101.5083236694336
-102.42649841308594
-100.0104751586914
-112.20297241210938
-100.74160766601562
-102.7659912109375
-106.68773651123047
-106.73736572265625
-100.4927978515625
-104.87486267089844
-111.52394104003906
-101.3002700805664
-105.6968002319336
-104.58030700683594
-102.2685546875
-99.48127746582031
-109.9163818359375
-102.30293273925781
-111.3288803100586
-101.9245376586914
-104.47364044189453
-101.10313415527344
-107.28449249267578
-105.7298812866211
-106.2762451171875
-107.74715423583984
-101.70833587646484
-104.8105697631836
-104.45498657226562
-112.06385803222656
-95.73860931396484
-104.17273712158203
-99.71129608154297
-107.51097869873047
-100.98291015625
-99.58336639404297
-107.68364715576172
-100.95948028564453
-107.19094848632812
-101.57647705078125
-103.53443908691406
-111.221923828125
-106.4966049194336
-110.94637298583984
-109.39382934570312
-111.36247253417969
-101.73551177978516
-106.54936218261719
-102.1153335571289
-111.57367706298828
-94.474365234375
-103.14572143554688
-111.94329071044922
-113.28652954101562
-108.67037963867188
-99.06521606445312
-99.26322174072266
-108.012939453125
-102.95821380615234
-104.71273803710938
-106.30490112304688
-103.52604675292969
-103.75247192382812
-104.85931396484375
-109.61702728271484
-100.95267486572266
-102.84547424316406
-96.38330841064453
-105.91506958007812
-106.51575469970703
-97.30691528320312
-109.44672393798828
-101.78736877441406
-102.84786224365234
-100.58741760253906
-109.48503112792969
-108.98822784423828
-102.4095230102539
-103.0211410522461
-103.54692840576172
-110.61180877685547
-104.59150695800781
-108.67245483398438
-102.1869888305664
-105.36114501953125
-97.5218505859375
-103.29229736328125
-104.88306427001953
-104.3230209350586
-102.08374786376953
-99.79978942871094
-104.33438873291016
-107.08836364746094
-107.92122650146484
-101.24250030517578
-106.23990631103516
-106.94126892089844
-102.76406860351562
-108.8847885131836
-112.73772430419922
-99.89801788330078
-100.75959777832031
-99.34170532226562
-101.79039001464844
-102.22959899902344
-110.79572296142578
-101.41075134277344
-104.22689819335938
-103.87934875488281
-106.91516876220703
-107.04071807861328
-101.67237854003906
-108.5965576171875
-106.52819061279297
-113.01341247558594
-103.17705535888672
-103.46980285644531
-104.96307373046875
-107.21023559570312
-108.03922271728516
-110.81771087646484
-115.9652099609375
-103.68953704833984
-105.84840393066406
-106.57010650634766
-100.57686614990234
-105.88288116455078
-109.63152313232422
-105.1981201171875
-97.83419799804688
-107.7612075805664
-110.43174743652344
-100.78030395507812
-105.63068389892578
-100.7371826171875
-112.13615417480469
-109.07791137695312
-108.59273529052734
-101.7625961303711
-104.30435180664062
-103.73107147216797
-107.27747344970703
-104.56710815429688
-107.87837219238281
-107.80789184570312
-109.5657730102539
-103.64118194580078
-106.16342163085938
-106.06453704833984
-103.0313949584961
-107.39836883544922
-111.1692123413086
-110.25261688232422
-108.38650512695312
-99.19902038574219
-104.6287841796875
-111.17720031738281
-103.26107788085938
-100.54061889648438
-101.18087768554688
-109.24910736083984
-98.19891357421875
-107.45255279541016
-101.53277587890625
-112.40303802490234
-110.40655517578125
-106.31120300292969
-108.376953125
-110.99481964111328
-106.85903930664062
-105.20175170898438
-105.4871597290039
-107.52411651611328
-104.18556213378906
-97.8503189086914
-104.52149200439453
-101.66704559326172
-107.23876953125
-103.8229751586914
-103.59002685546875
-105.87403869628906
-102.17327880859375
-104.11669158935547
-100.85506439208984
-102.91482543945312
-112.87865447998047
-108.89199829101562
-104.25044250488281
-107.11995697021484
-106.04702758789062
-107.43864440917969
-101.5413589477539
-102.74484252929688
-106.22064971923828
-101.1812515258789
-107.30058288574219
-104.89937591552734
-101.6879653930664
-108.61577606201172
-103.52252197265625
-114.27421569824219
-108.34437561035156
-106.31626892089844
-103.28407287597656
-107.1297378540039
-101.99175262451172
-104.64646911621094
-104.98171997070312
-100.47783660888672
-100.88568878173828
-105.57577514648438
-101.24707794189453
-106.0922622680664
-108.59860229492188
-105.36343383789062
-106.91114807128906
-111.47515869140625
-106.2050552368164
-106.35436248779297
-109.73223114013672
-102.50850677490234
-103.73108673095703
-105.3609619140625
-107.932373046875
-105.45599365234375
-99.56871795654297
-113.33995056152344
-107.7173080444336
-113.158935546875
-111.83234405517578
-105.47911834716797
-103.13348388671875
-99.88406372070312
-102.7255859375
-102.98399353027344
-101.28732299804688
-102.60270690917969
-105.82743835449219
-118.07975006103516
-105.95405578613281
-112.85873413085938
-110.60487365722656
-107.1591796875
-100.91876220703125
-107.03116607666016
-101.67109680175781
-104.9862060546875
-111.11800384521484
-100.3813705444336
-108.3870849609375
-103.97526550292969
-99.18401336669922
-102.69893646240234
-109.67463684082031
-105.1678466796875
-104.34109497070312
-109.56938171386719
-107.43231201171875
-107.79827117919922
-102.91706848144531
-102.87738037109375
-107.55024719238281
-102.31497192382812
-101.58905029296875
-107.95411682128906
-108.29795837402344
-109.00980377197266
-106.70787811279297
-106.67738342285156
-103.98067474365234
-108.74884796142578
-107.04611206054688
-104.72003936767578
-102.3487548828125
-101.19624328613281
-106.35482025146484
-104.78070831298828
-102.10466003417969
-107.79792785644531
-96.59254455566406
-103.76284790039062
-106.7528305053711
-107.47404479980469
-105.7926254272461
-104.0033950805664
-104.23262023925781
-103.73249816894531
-100.32759094238281
-105.70339965820312
-112.1350326538086
-109.8903579711914
-106.69676208496094
-103.7016830444336
-105.39925384521484
-105.2865219116211
-108.51122283935547
-103.94534301757812
-102.10147857666016
-105.12165069580078
-105.21784973144531
-100.28314208984375
-103.81696319580078
-104.3775634765625
-102.50212860107422
-101.78057861328125
-103.842041015625
-110.14728546142578
-111.61259460449219
-103.76860809326172
-105.52149200439453
-107.71331787109375
-103.74532318115234
-108.27458953857422
-98.23326110839844
-105.9319076538086
-108.78530883789062
-98.81341552734375
-104.28646087646484
-110.79102325439453
-105.19356536865234
-105.81614685058594
-106.14087677001953
-108.52479553222656
-100.6173095703125
-107.19209289550781
-103.64248657226562
-98.38861846923828
-107.4427261352539
-107.07535552978516
-103.78666687011719
-100.1545639038086
-107.23371887207031
-109.1461181640625
-104.29505920410156
-103.69080352783203
-105.6158676147461
-109.94561767578125
-108.15731048583984
-104.10885620117188
-102.43379974365234
-104.9371566772461
-99.61575317382812
-106.14986419677734
-107.98011016845703
-106.81634521484375
-101.35662078857422
-111.97100830078125
-102.64217376708984
-103.19491577148438
-96.40231323242188
-101.72537231445312
-99.08797454833984
-103.703369140625
-104.53742980957031
-95.90067291259766
-108.28795623779297
-108.79388427734375
-104.32091522216797
-102.28199768066406
-113.20266723632812
-112.856689453125
-100.58265686035156
-102.27008056640625
-112.44279479980469
-108.50747680664062
-99.61702728271484
-106.8203353881836
-102.41648864746094
-104.91960906982422
-101.14396667480469
-105.4793472290039
-107.58349609375
-106.81990814208984
-99.26889038085938
-104.89945983886719
-110.08219909667969
-98.22325134277344
-93.4810791015625
-100.94615173339844
-103.84459686279297
-105.27503204345703
-102.10447692871094
-106.43014526367188
-110.46544647216797
-105.78990173339844
-103.6468734741211
-105.81678009033203
-104.59199523925781
-106.3519287109375
-105.64814758300781
-114.09154510498047
-100.8361587524414
-102.283447265625
-105.53033447265625
-111.18257904052734
-106.01666259765625
-104.5813217163086
-104.21971130371094
-102.78006744384766
-107.12907409667969
-101.32040405273438
-102.1011962890625
-103.82642364501953
-104.05723571777344
-106.2906723022461
-105.08846282958984
-109.2950439453125
-106.12213897705078
-107.59457397460938
-107.32627868652344
-101.88557434082031
-108.03083801269531
-103.52375793457031
-109.18678283691406
-101.55599975585938
-100.76472473144531
-101.44547271728516
-109.85665893554688
-112.27725219726562
-107.27281951904297
-98.18197631835938
-105.7662353515625
-109.92391204833984
-108.42947387695312
-108.16703033447266
-105.83706665039062
-103.57814025878906
-106.85626220703125
-106.98294830322266
-106.32512664794922
-104.53819274902344
-104.9718246459961
-100.695556640625
-102.2250747680664
-97.90714263916016
-109.03594207763672
-109.21903991699219
-105.79085540771484
-105.30067443847656
-107.99112701416016
-101.68396759033203
-103.56681060791016
-107.87579345703125
-103.16690063476562
-109.95792388916016
-105.04573822021484
-106.48860168457031
-99.38253784179688
-102.77349853515625
-108.43170928955078
-103.4428482055664
-104.66935729980469
-109.25828552246094
-101.5549087524414
-105.27662658691406
-103.02057647705078
-103.75275421142578
-105.52030944824219
-106.15836334228516
-110.1439208984375
-109.29397583007812
-104.41930389404297
-104.16516876220703
-100.06908416748047
-108.15548706054688
-99.4085922241211
-112.21469116210938
-104.57005310058594
-108.21151733398438
-102.29048156738281
-101.01380157470703
-102.96595001220703
-102.9173583984375
-105.68267822265625
-110.15419006347656
-108.02835845947266
-108.32406616210938
-101.6471939086914
-114.19083404541016
-102.73815155029297
-107.3521728515625
-109.78760528564453
-108.2649154663086
-106.9605941772461
-109.6304702758789
-103.2026596069336
-106.2247085571289
-102.85250091552734
-103.8991470336914
-106.82543182373047
-107.12237548828125
-108.8077392578125
-109.15968322753906
-109.51805114746094
-102.66341400146484
-108.91462707519531
-106.57238006591797
-104.10568237304688
-108.4395751953125
-102.5682373046875
-108.21662139892578
-103.88148498535156
-101.44165802001953
-105.22547149658203
-108.74710083007812
-102.83396911621094
-103.31779479980469
-106.65371704101562
-105.10083770751953
-108.14986419677734
-110.47063446044922
-98.3117446899414
-104.37963104248047
-98.94601440429688
-109.24989318847656
-99.66474151611328
-102.9410171508789
-105.7227554321289
-105.44035339355469
-106.68827056884766
-107.05023956298828
-103.1415786743164
-106.12150573730469
-105.10149383544922
-108.30155181884766
