-110.59980773925781
-122.04835510253906
-116.87303924560547
-121.43208312988281
-121.86731719970703
-118.41358184814453
-114.46988677978516
-105.39692687988281
-118.42774200439453
-109.61624145507812
-119.18746948242188
-113.99636840820312
-120.49055480957031
-118.03610229492188
-115.89495849609375
-109.1369400024414
-111.23628997802734
-121.28312683105469
-117.53448486328125
-109.82759857177734
-115.19673919677734
-114.71622467041016
-113.78985595703125
-117.70248413085938
-119.4881591796875
-125.24217987060547
-111.95130920410156
-119.57229614257812
-110.73625946044922
-111.84518432617188
-118.87665557861328
-124.74209594726562
-121.84590148925781
-125.06968688964844
-119.36674499511719
-113.80580139160156
-111.90743255615234
-113.49077606201172
-116.1990966796875
-115.63287353515625
-109.15888214111328
-108.65447998046875
-119.27403259277344
-112.77603149414062
-111.36134338378906
-120.0431900024414
-116.79331970214844
-116.00420379638672
-114.78315734863281
-115.76618957519531
-110.85896301269531
-114.47297668457031
-114.1226577758789
-124.20032501220703
-120.6472396850586
-115.48368835449219
-119.35411071777344
-107.89642333984375
-107.70603942871094
-122.89883422851562
-115.74113464355469
-119.3636474609375
-111.47374725341797
-115.81654357910156
-118.76573944091797
-111.7435531616211
-115.4407730102539
-115.21151733398438
-117.03303527832031
-109.78730010986328
-114.74359130859375
-111.42245483398438
-110.92617797851562
-121.53680419921875
-117.60738372802734
-118.32612609863281
-111.20454406738281
-116.6563949584961
-111.02581787109375
-118.41923522949219
-111.68568420410156
-115.31661224365234
-109.16136169433594
-114.07329559326172
-119.91520690917969
-115.06336212158203
-117.56255340576172
-107.49869537353516
-117.79796600341797
-108.44631958007812
-112.65784454345703
-114.66498565673828
-113.73624420166016
-118.6080093383789
-119.44137573242188
-111.75466918945312
-115.73897552490234
-116.13134002685547
-112.72621154785156
-114.75328063964844
-116.518798828125
-104.74085998535156
-118.93812561035156
-116.83637237548828
-114.13085174560547
-121.47383880615234
-117.44134521484375
-110.04492950439453
-114.7245864868164
-109.26449584960938
-115.98616027832031
-103.19932556152344
-115.7405014038086
-110.70854949951172
-114.06787872314453
-110.38209533691406
-115.82460021972656
-113.42198944091797
-112.60358428955078
-109.66490936279297
-121.91726684570312
-112.97026062011719
-116.21588897705078
-111.9837646484375
-104.59623718261719
-118.5206527709961
-111.0020980834961
-109.12313842773438
-113.45928192138672
-113.60694122314453
-108.87835693359375
-117.34373474121094
-107.04283142089844
-115.05925750732422
-108.83654022216797
-113.53515625
-111.23143005371094
-116.91112518310547
-112.70689392089844
-111.03453063964844
-115.33811950683594
-115.18070220947266
-109.27997589111328
-112.97337341308594
-116.28890228271484
-112.47087097167969
-113.67558288574219
-114.8819580078125
-117.74578094482422
-119.63363647460938
-123.70991516113281
-108.25146484375
-118.7378921508789
-115.35414123535156
-119.59717559814453
-120.04271697998047
-121.79839324951172
-116.94924926757812
-118.91759490966797
-111.86006927490234
-115.47500610351562
-114.0958251953125
-115.53255462646484
-113.20992279052734
-109.56733703613281
-110.99934387207031
-117.47068786621094
-121.44314575195312
-120.43470001220703
-114.07270812988281
-112.85890197753906
-105.049560546875
-118.57035827636719
-111.64852905273438
-109.87738800048828
-115.97089385986328
-111.66558074951172
-111.699951171875
-118.01522064208984
-111.25067138671875
-115.53917694091797
-118.20016479492188
-114.47525787353516
-115.1177749633789
-106.7268295288086
-115.96605682373047
-111.51652526855469
-117.89224243164062
-115.84098052978516
-114.77635192871094
-118.40714263916016
-110.27589416503906
-110.62662506103516
-118.18898010253906
-111.88776397705078
-114.35482025146484
-113.18364715576172
-117.3065185546875
-108.79373931884766
-115.07640075683594
-113.0398178100586
-113.52912139892578
-115.35354614257812
-108.52047729492188
-118.19324493408203
-115.61289978027344
-118.80558776855469
-111.29683685302734
-105.93032836914062
-119.01866912841797
-112.60614013671875
-112.92788696289062
-113.6650619506836
-120.74353790283203
-115.44303894042969
-113.6283950805664
-116.51925659179688
-113.76896667480469
-116.57484436035156
-112.01223754882812
-110.88455963134766
-121.12144470214844
-111.58279418945312
-120.10494995117188
-113.5732192993164
-118.02316284179688
-117.25562286376953
-117.32091522216797
-117.21401977539062
-119.66859436035156
-124.46240997314453
-123.2861328125
-116.54535675048828
-115.6141357421875
-117.04728698730469
-109.61380767822266
-119.36202239990234
-118.5704345703125
-118.61629486083984
-113.03169250488281
-119.43217468261719
-115.64775848388672
-115.82953643798828
-115.58195495605469
-114.2549057006836
-115.80785369873047
-118.4690170288086
-117.4225082397461
-111.1504135131836
-112.71160125732422
-118.48870849609375
-116.2028579711914
-111.90972137451172
-106.93690490722656
-112.98554992675781
-115.07341766357422
-116.78630828857422
-126.9664306640625
-113.80162811279297
-118.58648681640625
-118.05693054199219
-114.009521484375
-116.16543579101562
-109.83907318115234
-109.47290802001953
-114.16351318359375
-118.5622329711914
-107.85169982910156
-109.28056335449219
-114.69771575927734
-113.109375
-116.20055389404297
-114.06436920166016
-117.7232894897461
-109.4090347290039
-115.44536590576172
-116.22879791259766
-107.30387115478516
-116.18781280517578
-116.70101165771484
-108.13164520263672
-110.50732421875
-115.95459747314453
-110.44905090332031
-107.94398498535156
-117.32615661621094
-112.44300842285156
-116.064697265625
-115.93032836914062
-114.61202239990234
-118.96730041503906
-109.17680358886719
-113.9525146484375
-116.41411590576172
-113.892333984375
-115.99650573730469
-114.52922058105469
-117.82747650146484
-111.16463470458984
-110.00848388671875
-110.2146224975586
-113.66767120361328
-121.18555450439453
-115.86497497558594
-118.25911712646484
-111.84928131103516
-110.1828842163086
-120.155517578125
-117.82654571533203
-116.79261779785156
-117.22895050048828
-114.11164855957031
-114.55200958251953
-115.99881744384766
-109.09503173828125
-115.5664291381836
-111.35045623779297
-119.47085571289062
-110.18075561523438
-114.72277069091797
-118.13105010986328
-122.60106658935547
-109.62669372558594
-107.59319305419922
-110.9176025390625
-120.4250717163086
-122.73099517822266
-108.11576080322266
-121.18244934082031
-116.73229217529297
-115.25839233398438
-112.7391128540039
-115.67010498046875
-110.40585327148438
-120.99885559082031
-118.96937561035156
-112.95809173583984
-113.96444702148438
-111.02095794677734
-120.18968963623047
-119.53965759277344
-114.8132095336914
-117.24717712402344
-112.88375854492188
-119.40210723876953
-107.99410247802734
-109.33931732177734
-114.37964630126953
-114.21835327148438
-123.16226196289062
-115.05899047851562
-118.4209976196289
-119.68524169921875
-118.78227996826172
-109.83145141601562
-117.77627563476562
-117.79104614257812
-118.07337951660156
-121.21642303466797
-118.46637725830078
-115.46822357177734
-116.82849884033203
-113.49032592773438
-120.7883071899414
-116.77039337158203
-114.36835479736328
-115.83878326416016
-112.67449951171875
-116.31665802001953
-115.40129089355469
-113.22572326660156
-113.47631072998047
-107.2355728149414
-122.71450805664062
-117.77056884765625
-118.44933319091797
-109.62885284423828
-114.58497619628906
-109.00596618652344
-111.19696807861328
-115.95623779296875
-108.28861236572266
-110.78882598876953
-111.1700210571289
-116.86382293701172
-112.46598052978516
-109.26324462890625
-117.12448120117188
-119.26936340332031
-111.27130889892578
-110.20366668701172
-110.74568939208984
-114.960693359375
-112.17869567871094
-114.62128448486328
-110.73629760742188
-106.57575988769531
-123.61064910888672
-109.72322082519531
-113.97728729248047
-114.89830017089844
-112.22044372558594
-114.57437896728516
-109.01385498046875
-108.5614013671875
-126.05667114257812
-107.9659423828125
-114.9863510131836
-115.594970703125
-115.75108337402344
-124.27957916259766
-117.7927017211914
-116.86439514160156
-109.9351806640625
-109.19772338867188
-108.54893493652344
-123.19499206542969
-110.6870346069336
-109.72884368896484
-115.51730346679688
-116.59339904785156
-110.16326141357422
-113.53512573242188
-121.15365600585938
-109.38188934326172
-111.6243667602539
-113.49356842041016
-111.50960540771484
-107.694580078125
-118.84723663330078
-112.0101318359375
-120.4559326171875
-109.80996704101562
-110.44625854492188
-111.02497863769531
-117.74481201171875
-113.80839538574219
-112.90155792236328
-117.43721008300781
-111.55165100097656
-115.55240631103516
-112.08600616455078
-118.93002319335938
-101.68287658691406
-112.48078155517578
-111.11871337890625
-113.76852416992188
-111.01139068603516
-107.61871337890625
-115.04336547851562
-110.93136596679688
-121.23265075683594
-112.9141845703125
-112.53335571289062
-121.2428207397461
-115.28829956054688
-119.90284729003906
-118.09228515625
-119.86317443847656
-109.36477661132812
-115.65929412841797
-111.72561645507812
-122.7354736328125
-104.3284683227539
-111.89405059814453
-120.56090545654297
-119.74346160888672
-118.73517608642578
-105.95262908935547
-105.8803939819336
-117.062744140625
-110.53710174560547
-112.48634338378906
-114.42294311523438
-110.930908203125
-112.28262329101562
-114.4288558959961
-120.99024963378906
-109.51612091064453
-111.82377624511719
-102.21404266357422
-114.66221618652344
-114.70330810546875
-104.69789123535156
-119.06851196289062
-109.55078125
-112.46353149414062
-107.11473846435547
-114.99180603027344
-117.06712341308594
-110.87310028076172
-112.03614807128906
-111.31637573242188
-119.77794647216797
-112.0622787475586
-115.29682159423828
-108.3372573852539
-113.52787780761719
-106.89080810546875
-110.31735229492188
-112.10063934326172
-113.54122924804688
-109.64349365234375
-108.0082778930664
-112.95281219482422
-115.1371078491211
-114.75028991699219
-109.5945053100586
-117.00657653808594
-115.00080108642578
-113.82463073730469
-118.88619995117188
-120.66082000732422
-109.95518493652344
-107.99605560302734
-107.85926055908203
-109.94579315185547
-110.47702026367188
-119.40353393554688
-110.72578430175781
-113.060546875
-110.71278381347656
-113.97744750976562
-113.43914794921875
-111.8177719116211
-115.63267517089844
-112.35165405273438
-119.34773254394531
-110.95234680175781
-112.13014221191406
-113.26097106933594
-114.14173889160156
-114.77535247802734
-120.4063720703125
-123.49470520019531
-109.1328125
-114.33389282226562
-113.72787475585938
-110.41873931884766
-113.20972442626953
-116.5808334350586
-112.5925064086914
-105.69255065917969
-117.00999450683594
-118.44146728515625
-107.91669464111328
-112.29264068603516
-109.32901763916016
-121.84906768798828
-116.46975708007812
-118.21333312988281
-109.85330200195312
-111.77971649169922
-110.4920654296875
-114.35441589355469
-113.51960754394531
-114.87348175048828
-115.4256591796875
-118.48029327392578
-112.05615234375
-115.70733642578125
-115.1274642944336
-110.52301788330078
-114.51876068115234
-121.51837921142578
-118.97077941894531
-117.0406723022461
-107.01277923583984
-112.19515991210938
-120.1579360961914
-111.40007019042969
-108.04736328125
-110.18561553955078
-118.96244812011719
-103.36611938476562
-116.5654067993164
-109.3729476928711
-123.69629669189453
-118.81320190429688
-114.9390869140625
-117.23329162597656
-119.35688781738281
-115.7207260131836
-112.84063720703125
-111.96721649169922
-116.60047912597656
-111.32234191894531
-104.33018493652344
-111.69801330566406
-106.419677734375
-114.48836517333984
-112.56243896484375
-111.23888397216797
-116.04801940917969
-108.57400512695312
-112.64195251464844
-107.88801574707031
-108.01579284667969
-120.33352661132812
-117.82653045654297
-112.05363464355469
-113.58875274658203
-114.74520111083984
-115.98590087890625
-108.13923645019531
-107.11077880859375
-114.235595703125
-109.56614685058594
-115.60963439941406
-112.7904052734375
-108.13416290283203
-116.5910415649414
-110.55448913574219
-123.28846740722656
-115.7154769897461
-112.71460723876953
-111.78667449951172
-114.87895965576172
-111.41455841064453
-110.34765625
-112.66825103759766
-108.5869369506836
-108.5384521484375
-111.58381652832031
-108.15752410888672
-112.43663024902344
-116.65536499023438
-113.12026977539062
-113.18125915527344
-118.16804504394531
-115.70509338378906
-111.9880599975586
-117.57978820800781
-111.6291275024414
-108.9814453125
-113.51610565185547
-116.15662384033203
-113.81878662109375
-108.90545654296875
-119.7842788696289
-116.19007873535156
-121.83451080322266
-119.72975158691406
-111.02658081054688
-112.2640609741211
-107.06268310546875
-111.0182113647461
-108.9695816040039
-109.0762939453125
-111.22290802001953
-115.7399673461914
-124.95817565917969
-113.79119873046875
-119.65937805175781
-115.25811767578125
-114.22795104980469
-108.6174545288086
-114.45365905761719
-108.8307113647461
-112.19365692138672
-119.24832153320312
-108.78811645507812
-116.49090576171875
-112.30931854248047
-105.66870880126953
-110.59872436523438
-118.29669189453125
-114.11164855957031
-112.1440658569336
-116.79533386230469
-116.07061004638672
-117.10355377197266
-109.60720825195312
-109.00872039794922
-115.74613952636719
-108.67224884033203
-108.94466400146484
-116.8966293334961
-115.2576904296875
-115.89762115478516
-115.4557876586914
-114.16539001464844
-111.31961059570312
-115.0583724975586
-116.98220825195312
-110.08414459228516
-108.38507843017578
-110.71297454833984
-114.10836029052734
-112.86937713623047
-110.28929138183594
-116.58118438720703
-102.32907104492188
-112.26647186279297
-114.3547134399414
-114.12831115722656
-114.24244689941406
-110.56022644042969
-110.83995056152344
-113.6763687133789
-108.12443542480469
-112.16619873046875
-119.75514221191406
-115.5510482788086
-113.36894989013672
-113.82815551757812
-113.14460754394531
-114.2824935913086
-114.62255859375
-112.2750244140625
-108.30775451660156
-113.91031646728516
-113.85185241699219
-109.57420349121094
-113.5791244506836
-110.75096130371094
-110.34693145751953
-110.63593292236328
-111.66275024414062
-117.68133544921875
-119.53815460205078
-109.2370834350586
-113.04531860351562
-114.76515197753906
-112.7230453491211
-114.4942398071289
-108.44452667236328
-114.33952331542969
-116.37008666992188
-105.36812591552734
-109.63550567626953
-118.94180297851562
-113.2204818725586
-114.45244598388672
-113.78923034667969
-116.99299621582031
-107.2176284790039
-113.4915542602539
-111.76314544677734
-105.5738525390625
-115.9089584350586
-113.90779876708984
-110.76768493652344
-106.9657211303711
-116.845458984375
-115.99281311035156
-111.3956527709961
-110.7481918334961
-111.94481658935547
-117.9574966430664
-116.17877197265625
-112.77642059326172
-109.17391967773438
-112.38822174072266
-107.56024169921875
-112.72280883789062
-117.41139221191406
-115.47838592529297
-108.77889251708984
-119.95450592041016
-110.30005645751953
-111.78401184082031
-104.48051452636719
-110.41962432861328
-106.75387573242188
-111.9524917602539
-111.961669921875
-102.42759704589844
-115.7103500366211
-115.84523010253906
-112.5784683227539
-109.66510772705078
-120.4804916381836
-120.81097412109375
-109.0476303100586
-109.56394958496094
-120.56413269042969
-114.90665435791016
-108.98113250732422
-114.42349243164062
-109.74616241455078
-110.78211212158203
-108.82406616210938
-114.47112274169922
-115.99649810791016
-113.4449234008789
-109.1744613647461
-111.46497344970703
-117.72793579101562
-106.00346374511719
-100.42253875732422
-108.52732849121094
-111.10835266113281
-114.1488037109375
-110.25096893310547
-114.4582290649414
-119.80235290527344
-113.19869995117188
-109.37207794189453
-114.33525085449219
-112.76386260986328
-114.80746459960938
-113.73410034179688
-120.78544616699219
-108.3058853149414
-109.57003784179688
-114.02745056152344
-117.94023895263672
-113.75601196289062
-112.73177337646484
-109.42929077148438
-110.61276245117188
-115.63337707519531
-107.39634704589844
-109.72421264648438
-110.7864990234375
-108.87650299072266
-114.93898010253906
-111.53318786621094
-118.00918579101562
-113.53753662109375
-112.06645965576172
-114.10221862792969
-111.7614517211914
-117.50035858154297
-111.67185974121094
-115.61405944824219
-108.3624038696289
-106.74736022949219
-110.03545379638672
-117.92462158203125
-119.42184448242188
-116.00462341308594
-106.15247344970703
-113.1594467163086
-117.22035217285156
-117.15676879882812
-115.3604965209961
-111.71875
-108.84819793701172
-116.17522430419922
-114.36054229736328
-113.8793716430664
-114.0960693359375
-113.5783920288086
-108.88490295410156
-110.68148040771484
-103.25880432128906
-114.9012222290039
-117.76788330078125
-115.91148376464844
-113.52942657470703
-115.78026580810547
-110.71282196044922
-109.69053649902344
-114.95875549316406
-109.82174682617188
-116.37503814697266
-112.42582702636719
-113.69313049316406
-105.33346557617188
-109.62284851074219
-116.9163818359375
-110.8087387084961
-110.43366241455078
-116.70901489257812
-110.37422180175781
-111.89804077148438
-108.72909545898438
-109.6792221069336
-112.79481506347656
-114.64268493652344
-117.12220001220703
-117.8084716796875
-112.52871704101562
-111.51728820800781
-107.48362731933594
-115.9619140625
-105.8895263671875
-121.36563110351562
-111.53280639648438
-117.23462677001953
-109.7119140625
-106.90218353271484
-111.51307678222656
-110.68045043945312
-113.78939819335938
-118.53605651855469
-116.21868896484375
-115.40735626220703
-109.63013458251953
-121.56450653076172
-109.8099594116211
-116.87014770507812
-117.4798355102539
-116.34512329101562
-114.97411346435547
-117.27900695800781
-110.49469757080078
-114.32521057128906
-109.2969741821289
-110.94111633300781
-113.29219055175781
-116.00421905517578
-115.34612274169922
-115.63459777832031
-116.10845947265625
-109.49015045166016
-116.83592987060547
-114.92283630371094
-111.04591369628906
-116.72596740722656
-109.14466094970703
-118.27711486816406
-112.036865234375
-108.14578247070312
-113.28467559814453
-116.61505889892578
-112.66789245605469
-110.14215087890625
-115.60443115234375
-112.7171630859375
-115.85047912597656
-119.78726196289062
-105.11553192138672
-112.4177474975586
-104.98467254638672
-116.00117492675781
-108.67618560791016
-109.88782501220703
-112.6733169555664
-115.47696685791016
-114.2397689819336
-114.49894714355469
-112.40042114257812
-113.63707733154297
-113.82389831542969
-114.86307525634766
