-104.82412719726562
-116.47053527832031
-110.5437240600586
-114.17017364501953
-115.68942260742188
-111.16632843017578
-108.1823501586914
-100.12403869628906
-112.8769302368164
-104.41799926757812
-115.0577392578125
-109.34407806396484
-113.6814193725586
-112.96710968017578
-110.06333923339844
-104.01806640625
-104.22406005859375
-114.6620101928711
-112.20332336425781
-105.0156478881836
-109.70966339111328
-110.34013366699219
-108.20125579833984
-113.29126739501953
-113.65214538574219
-119.623779296875
-106.97271728515625
-113.17316436767578
-105.60658264160156
-106.9360580444336
-113.17366027832031
-119.24089813232422
-115.697265625
-117.84601593017578
-114.98563385009766
-107.7571029663086
-108.29456329345703
-109.89927673339844
-110.22469329833984
-110.26273345947266
-103.58314514160156
-106.07273864746094
-114.45650482177734
-106.67404174804688
-105.08514404296875
-114.30979919433594
-111.15291595458984
-110.41484069824219
-109.99425506591797
-109.43450927734375
-106.52207946777344
-109.32706451416016
-109.33043670654297
-121.55546569824219
-113.29936981201172
-110.382080078125
-113.99050903320312
-102.87308502197266
-101.79888153076172
-117.49205017089844
-110.25655364990234
-113.32465362548828
-106.7352066040039
-110.6297836303711
-112.77332305908203
-106.08162689208984
-111.85466003417969
-109.54360961914062
-111.30816650390625
-105.28765106201172
-109.3377685546875
-107.65736389160156
-105.40328216552734
-114.46784973144531
-110.2846908569336
-112.81655883789062
-107.29974365234375
-111.23058319091797
-107.82925415039062
-111.81100463867188
-106.65744018554688
-108.75225067138672
-102.6808090209961
-108.68052673339844
-115.97779083251953
-110.1181640625
-111.98039245605469
-103.82431030273438
-114.0289535522461
-104.9378890991211
-108.8514633178711
-110.23140716552734
-110.20856475830078
-112.68714141845703
-114.81970977783203
-107.68959045410156
-111.61746978759766
-110.3238525390625
-107.69587707519531
-109.07572937011719
-110.67412567138672
-100.39228057861328
-114.68302917480469
-112.19540405273438
-110.25023651123047
-116.78965759277344
-113.3481216430664
-105.17530822753906
-108.29084777832031
-104.55104064941406
-110.67390441894531
-99.64708709716797
-110.25504302978516
-103.64071655273438
-107.70690155029297
-108.27227783203125
-111.75119018554688
-107.88275909423828
-107.01632690429688
-104.01677703857422
-117.60411071777344
-108.86772918701172
-109.69317626953125
-107.26940155029297
-101.44892883300781
-112.14387512207031
-107.03907775878906
-104.24805450439453
-110.97573852539062
-109.33817291259766
-103.7244873046875
-113.24799346923828
-103.220458984375
-109.62317657470703
-104.88739013671875
-108.94741821289062
-107.20146179199219
-111.19448852539062
-108.01361083984375
-106.48118591308594
-109.96688842773438
-110.22142791748047
-107.92808532714844
-106.70217895507812
-111.23980712890625
-106.97407531738281
-109.53870391845703
-108.81814575195312
-113.78582763671875
-114.58304595947266
-117.57878875732422
-104.42102813720703
-113.15750122070312
-112.46109008789062
-114.27101135253906
-115.79542541503906
-117.74605560302734
-111.07576751708984
-113.88513946533203
-107.29148864746094
-110.41085815429688
-109.08491516113281
-110.78336334228516
-108.61477661132812
-104.02536010742188
-106.67266082763672
-112.11534118652344
-117.11097717285156
-115.40592193603516
-109.879638671875
-108.81645202636719
-99.97331237792969
-114.192626953125
-107.85598754882812
-105.29637145996094
-110.05402374267578
-106.71958923339844
-108.28414154052734
-113.91261291503906
-105.7244873046875
-109.85946655273438
-115.4151382446289
-110.69425964355469
-108.94182586669922
-101.68460083007812
-111.49597930908203
-105.4139633178711
-112.13134765625
-110.40863037109375
-109.78539276123047
-114.20643615722656
-106.26862335205078
-105.90399169921875
-110.9404067993164
-105.464111328125
-109.58013916015625
-106.2164535522461
-113.17163848876953
-103.99543762207031
-111.89703369140625
-106.77182006835938
-110.04180908203125
-110.38336944580078
-102.25525665283203
-112.2163314819336
-110.1374282836914
-115.26338195800781
-106.3204574584961
-102.17646026611328
-114.43179321289062
-108.60760498046875
-108.83845520019531
-109.1353530883789
-115.43543243408203
-111.73748016357422
-109.40006256103516
-111.38660430908203
-107.94689178466797
-110.80278778076172
-107.41783142089844
-105.48400115966797
-115.88311004638672
-107.6056137084961
-114.86441040039062
-110.2328872680664
-114.07921600341797
-112.16249084472656
-113.1911392211914
-111.7077407836914
-115.14241027832031
-118.3277816772461
-117.09368133544922
-112.8482666015625
-110.39974975585938
-112.56976318359375
-105.35359954833984
-113.94007110595703
-112.50545501708984
-113.69107055664062
-108.13665008544922
-113.39517211914062
-111.357421875
-110.48474884033203
-109.31314849853516
-110.19923400878906
-111.97403717041016
-112.02703094482422
-112.3614273071289
-107.96452331542969
-107.41887664794922
-112.50211334228516
-111.09142303466797
-107.12059783935547
-102.19348907470703
-107.45767211914062
-108.72166442871094
-112.02378845214844
-120.56266021728516
-108.84136962890625
-112.51213073730469
-112.45230102539062
-108.68639373779297
-110.81437683105469
-104.90957641601562
-104.59342956542969
-109.46891021728516
-113.00270080566406
-102.52951049804688
-105.77136993408203
-111.79541015625
-107.2472152709961
-109.3943099975586
-108.89722442626953
-113.1226577758789
-103.40946960449219
-110.33235168457031
-110.5928955078125
-102.30764770507812
-109.01434326171875
-112.04769134521484
-103.18312072753906
-106.23698425292969
-110.3782730102539
-106.52090454101562
-103.59930419921875
-111.66004943847656
-106.78167724609375
-110.89358520507812
-112.66539764404297
-110.463134765625
-112.32017517089844
-104.76531219482422
-108.06925201416016
-111.49748229980469
-110.47250366210938
-111.15747833251953
-108.2418212890625
-113.7676773071289
-106.96625518798828
-106.4402847290039
-106.46837615966797
-108.9592514038086
-114.6025390625
-109.69050598144531
-112.13910675048828
-106.61416625976562
-105.6613540649414
-114.86045837402344
-113.95328521728516
-112.53569793701172
-111.34892272949219
-109.67619323730469
-109.00457000732422
-110.30159759521484
-104.952392578125
-109.31959533691406
-106.16157531738281
-115.8857650756836
-106.43455505371094
-107.76850128173828
-111.44413757324219
-116.58454132080078
-105.43035888671875
-104.13431549072266
-106.82272338867188
-115.52938079833984
-117.98067474365234
-103.92742156982422
-115.69056701660156
-111.62244415283203
-110.64390563964844
-107.82827758789062
-109.39188385009766
-105.61566925048828
-117.27515411376953
-114.75971221923828
-108.75357055664062
-110.90690612792969
-106.20188903808594
-116.29022979736328
-115.49838256835938
-110.73933410644531
-112.1103744506836
-108.51851654052734
-112.85334014892578
-103.76306915283203
-105.27957916259766
-109.48107147216797
-109.07363891601562
-117.11466979980469
-109.54460906982422
-112.72286224365234
-115.21880340576172
-115.19258117675781
-105.30804443359375
-113.56460571289062
-113.17372131347656
-114.30867767333984
-117.38760375976562
-113.97700500488281
-109.77607727050781
-113.68417358398438
-109.57791900634766
-117.90913391113281
-112.69779205322266
-109.78646850585938
-111.18547821044922
-109.62097930908203
-112.15571594238281
-111.51087188720703
-109.7953109741211
-109.1834487915039
-104.28108215332031
-117.50223541259766
-112.25547790527344
-114.37419128417969
-106.15898895263672
-110.1211166381836
-104.79641723632812
-105.84806823730469
-109.76141357421875
-105.01460266113281
-105.82334899902344
-106.95561981201172
-112.91575622558594
-108.28509521484375
-105.27583312988281
-110.80601501464844
-113.57926940917969
-106.12811279296875
-104.80641174316406
-105.90581512451172
-108.33528900146484
-107.65727233886719
-110.3471450805664
-105.11274719238281
-101.6719741821289
-117.34587097167969
-105.90457153320312
-107.9681167602539
-112.02648162841797
-107.8010482788086
-109.45016479492188
-103.48497009277344
-105.42758178710938
-119.37599182128906
-103.26897430419922
-111.2021713256836
-110.45285034179688
-111.10108184814453
-120.29179382324219
-112.27605438232422
-111.59080505371094
-104.87568664550781
-105.59957885742188
-102.7148666381836
-116.37821960449219
-105.41382598876953
-106.9927749633789
-112.13420104980469
-111.07953643798828
-104.944091796875
-109.6009521484375
-117.07389831542969
-103.94652557373047
-106.25621032714844
-109.41096496582031
-106.2962417602539
-103.64688873291016
-114.86222839355469
-105.97429656982422
-116.12574005126953
-105.08720397949219
-107.77621459960938
-104.81459045410156
-111.77108001708984
-108.36492919921875
-109.94318389892578
-112.43773651123047
-106.62776184082031
-109.39339447021484
-107.58438110351562
-114.64997863769531
-98.49259185791016
-108.86788177490234
-105.83125305175781
-109.57251739501953
-106.15685272216797
-104.0845718383789
-110.90337371826172
-105.74195098876953
-113.2549057006836
-108.18997192382812
-108.044921875
-117.1805648803711
-110.2759780883789
-114.98381042480469
-113.2880859375
-115.06549835205078
-105.15775299072266
-112.27796173095703
-105.35215759277344
-116.22950744628906
-98.93719482421875
-107.56794738769531
-115.22972869873047
-116.82719421386719
-113.12249755859375
-103.9476547241211
-103.57913208007812
-112.23267364501953
-106.99159240722656
-107.7258071899414
-109.72891235351562
-107.9576644897461
-108.3406982421875
-108.38594055175781
-114.59493255615234
-105.07192993164062
-106.93038177490234
-97.9372329711914
-108.4901123046875
-109.59654235839844
-99.6178970336914
-114.33125305175781
-106.3722152709961
-106.93553161621094
-102.78057861328125
-111.77413177490234
-114.06097412109375
-105.26011657714844
-106.64724731445312
-107.32282257080078
-113.66259765625
-109.2982406616211
-112.01286315917969
-105.92044830322266
-108.90118408203125
-102.0289535522461
-105.5737533569336
-108.86672973632812
-109.28083038330078
-106.09603118896484
-102.9448471069336
-108.7816162109375
-110.50056457519531
-110.96599578857422
-105.95654296875
-110.19060516357422
-110.04875946044922
-107.86270904541016
-111.4015121459961
-116.0403823852539
-105.61895751953125
-104.77977752685547
-103.57166290283203
-105.59991455078125
-105.0641860961914
-114.83223724365234
-106.02259826660156
-107.55455780029297
-105.30679321289062
-110.15973663330078
-109.86119079589844
-105.96158599853516
-112.6297607421875
-108.15888214111328
-115.98726654052734
-105.81008911132812
-107.57377624511719
-109.21649932861328
-110.97049713134766
-111.0086441040039
-115.5667495727539
-118.28546142578125
-106.83869171142578
-109.06237030029297
-108.89776611328125
-104.68878173828125
-108.73600006103516
-114.93714141845703
-108.05287170410156
-101.27638244628906
-112.47860717773438
-113.32101440429688
-103.1587142944336
-107.27428436279297
-104.32707977294922
-116.58845520019531
-112.22018432617188
-112.22279357910156
-104.53392028808594
-106.7502212524414
-106.53913879394531
-111.58145141601562
-108.33557891845703
-110.73868560791016
-111.52227020263672
-114.2841567993164
-107.50989532470703
-109.82530975341797
-109.7697525024414
-107.35755157470703
-108.92854309082031
-116.25875854492188
-114.25928497314453
-113.29826354980469
-103.31097412109375
-109.32823944091797
-114.83345794677734
-105.30437469482422
-104.17045593261719
-105.29804229736328
-112.9681396484375
-100.4944839477539
-111.26425170898438
-105.30802917480469
-118.3337631225586
-113.63898468017578
-111.03732299804688
-111.93668365478516
-114.14881896972656
-110.41976165771484
-108.62561798095703
-109.26763916015625
-110.23106384277344
-105.90048217773438
-100.8525390625
-107.85322570800781
-103.49722290039062
-108.3262939453125
-107.84724426269531
-107.99243927001953
-109.10980224609375
-106.44110107421875
-107.93826293945312
-104.56016540527344
-104.58185577392578
-116.14814758300781
-112.28275299072266
-108.61418914794922
-109.66100311279297
-110.92922973632812
-109.67881774902344
-105.27861022949219
-104.09707641601562
-110.24878692626953
-105.69298553466797
-111.22982788085938
-107.6023941040039
-105.68258666992188
-112.7831802368164
-107.87859344482422
-118.67281341552734
-111.92259216308594
-110.2846450805664
-108.03402709960938
-110.33042907714844
-107.6519546508789
-106.60517120361328
-107.81529235839844
-103.81391906738281
-104.26498413085938
-107.25418853759766
-104.79016876220703
-109.35550689697266
-112.36048126220703
-108.26762390136719
-109.51799774169922
-114.557373046875
-110.83393859863281
-107.88702392578125
-113.62279510498047
-108.03246307373047
-106.07669830322266
-107.70380401611328
-113.33560943603516
-109.25563049316406
-104.39015197753906
-115.04273986816406
-110.37612915039062
-117.5836410522461
-115.5010986328125
-108.35951232910156
-106.9954833984375
-102.79573059082031
-106.94733428955078
-106.69707489013672
-105.4000473022461
-106.74073028564453
-111.01861572265625
-120.43750762939453
-109.68215942382812
-115.81629943847656
-112.48249816894531
-111.62933349609375
-104.11573791503906
-109.7273941040039
-106.05754089355469
-109.55237579345703
-116.43791198730469
-104.4963607788086
-113.82160186767578
-107.067626953125
-101.80707550048828
-107.40326690673828
-115.54336547851562
-109.90508270263672
-107.33071899414062
-112.90185546875
-112.74763488769531
-111.7077407836914
-105.63797760009766
-105.18667602539062
-112.381103515625
-106.19927215576172
-104.80870819091797
-112.31401824951172
-112.40884399414062
-112.43990325927734
-111.17229461669922
-109.30122375488281
-107.68805694580078
-111.65742492675781
-111.39006042480469
-107.3911361694336
-103.8430404663086
-106.05653381347656
-109.58019256591797
-107.48674011230469
-107.3626480102539
-111.6955337524414
-99.91542053222656
-107.12317657470703
-109.81060791015625
-109.92626953125
-109.1236801147461
-106.79841613769531
-106.97611236572266
-108.92229461669922
-105.05184936523438
-109.14552307128906
-116.81204986572266
-114.29277801513672
-109.79103088378906
-107.49401092529297
-109.52049255371094
-109.19864654541016
-110.63001251220703
-107.67932891845703
-104.93645477294922
-109.87368774414062
-109.03482055664062
-102.65658569335938
-108.41490173339844
-105.12809753417969
-108.15461730957031
-107.73492431640625
-108.13288879394531
-113.34536743164062
-115.52661895751953
-105.4603271484375
-108.77339935302734
-110.1936264038086
-106.56934356689453
-110.76480102539062
-102.77495574951172
-109.06892395019531
-113.7949447631836
-101.47757720947266
-107.43928527832031
-114.05256652832031
-109.74566650390625
-110.13722229003906
-109.93673706054688
-111.2522964477539
-102.979248046875
-110.16696166992188
-106.86495208740234
-101.13002014160156
-111.00020599365234
-109.04566192626953
-107.38906860351562
-103.52610778808594
-111.44046783447266
-111.86737823486328
-109.00520324707031
-107.01470947265625
-108.3795166015625
-112.19255828857422
-111.8182373046875
-109.33624267578125
-105.99287414550781
-109.04495239257812
-104.65006256103516
-108.56761169433594
-111.44892120361328
-110.46025085449219
-105.37481689453125
-117.37522888183594
-105.52650451660156
-107.66902923583984
-99.78057861328125
-105.66778564453125
-101.47787475585938
-107.45565032958984
-108.1081314086914
-98.49170684814453
-110.36225891113281
-112.4116439819336
-109.2150650024414
-106.62224578857422
-114.82152557373047
-116.1763687133789
-105.0148696899414
-105.46772003173828
-116.29743194580078
-111.57325744628906
-104.72644805908203
-109.8848648071289
-106.67330169677734
-107.86378479003906
-105.41413879394531
-109.72691345214844
-110.99897003173828
-110.53659057617188
-104.5604019165039
-108.45121765136719
-114.32904052734375
-100.7861328125
-96.16873168945312
-105.09172821044922
-107.22209167480469
-110.90339660644531
-104.89232635498047
-110.06848907470703
-116.2634506225586
-110.48472595214844
-106.22230529785156
-111.27157592773438
-110.30653381347656
-110.63226318359375
-109.251220703125
-118.3973159790039
-104.11932373046875
-105.74113464355469
-108.99552154541016
-114.73145294189453
-110.31837463378906
-107.8449935913086
-107.57451629638672
-107.78384399414062
-112.02096557617188
-104.28314971923828
-106.34705352783203
-107.64896392822266
-106.36444091796875
-110.1913070678711
-108.11518096923828
-114.78972625732422
-108.63228607177734
-111.51891326904297
-111.69983673095703
-109.24427795410156
-112.91902160644531
-108.39646911621094
-110.38646697998047
-106.73902130126953
-104.47499084472656
-105.87527465820312
-114.50213623046875
-115.96315002441406
-111.94142150878906
-101.1053237915039
-109.72268676757812
-113.25765991210938
-112.87914276123047
-110.86216735839844
-110.1190185546875
-105.4054946899414
-111.98216247558594
-109.79609680175781
-108.06443786621094
-107.96185302734375
-110.61336517333984
-105.332275390625
-106.88665771484375
-101.47116088867188
-111.28921508789062
-113.6426773071289
-110.60794067382812
-110.23019409179688
-112.02582550048828
-106.5137939453125
-106.54624938964844
-111.95580291748047
-106.03105163574219
-112.74258422851562
-107.36115264892578
-111.72319793701172
-102.48209381103516
-105.9578628540039
-112.52540588378906
-107.10869598388672
-107.55370330810547
-112.80768585205078
-108.14031982421875
-109.97152709960938
-105.16992950439453
-105.65057373046875
-108.6288833618164
-110.70419311523438
-113.77456665039062
-111.57259368896484
-108.12089538574219
-109.114990234375
-102.48601531982422
-111.49609375
-102.67298126220703
-116.83251190185547
-108.16080474853516
-115.13789367675781
-104.15254211425781
-104.87328338623047
-107.50089263916016
-106.63954162597656
-109.69298553466797
-113.60503387451172
-111.9000244140625
-112.49484252929688
-104.54045104980469
-117.38370513916016
-105.49999237060547
-111.15363311767578
-114.3516616821289
-112.11890411376953
-111.51033020019531
-112.60884857177734
-108.42870330810547
-111.24797058105469
-107.18033599853516
-106.62985229492188
-111.0045166015625
-110.90267181396484
-111.86658477783203
-112.29441833496094
-114.40480041503906
-106.32039642333984
-111.8116683959961
-111.4942855834961
-107.93458557128906
-113.093994140625
-105.91876220703125
-112.0706558227539
-109.34551239013672
-104.8546142578125
-109.00466918945312
-112.23028564453125
-108.95986938476562
-108.1677474975586
-111.34253692626953
-109.58036804199219
-113.0314712524414
-116.39873504638672
-102.08084869384766
-107.99437713623047
-101.61091613769531
-113.0956802368164
-103.95526885986328
-105.49295806884766
-108.60868835449219
-109.89808654785156
-110.57496643066406
-110.82589721679688
-106.66456604003906
-110.50579071044922
-109.4666519165039
-110.88600158691406
