-101.43389892578125
-112.02617645263672
-104.208740234375
-109.03801727294922
-109.25364685058594
-107.11956024169922
-101.69290924072266
-94.74461364746094
-105.99674224853516
-99.2271499633789
-108.4320297241211
-104.90010070800781
-106.26976776123047
-106.2287368774414
-104.86610412597656
-99.83953857421875
-102.22441101074219
-110.8966064453125
-104.69528198242188
-101.78447723388672
-105.32275390625
-104.26290130615234
-103.28903198242188
-107.00012969970703
-108.864501953125
-113.6883773803711
-102.05599212646484
-110.19850158691406
-99.80990600585938
-103.2984619140625
-106.75244903564453
-113.44050598144531
-109.5740966796875
-112.26686096191406
-109.38896179199219
-103.90355682373047
-102.17932891845703
-105.91443634033203
-104.72120666503906
-104.16262817382812
-98.81084442138672
-101.18270111083984
-107.46285247802734
-103.69244384765625
-100.67201232910156
-108.23468017578125
-107.18618774414062
-106.23197937011719
-104.38298034667969
-103.08334350585938
-101.71649169921875
-104.63688659667969
-103.6539306640625
-115.93623352050781
-108.85380554199219
-105.06185150146484
-107.44033813476562
-99.47991943359375
-97.7664794921875
-111.6235122680664
-104.88024139404297
-108.74173736572266
-100.9024658203125
-104.7874526977539
-108.1472396850586
-100.25372314453125
-107.30230712890625
-106.26776885986328
-105.82878875732422
-101.16783142089844
-105.05213928222656
-103.09619903564453
-101.83003234863281
-107.8365707397461
-104.99188995361328
-106.82234954833984
-101.87484741210938
-104.5719985961914
-103.29610443115234
-106.09413146972656
-101.97272491455078
-104.6159439086914
-96.85044860839844
-103.35994720458984
-110.56719970703125
-103.97683715820312
-105.1136703491211
-99.97843170166016
-109.12477111816406
-99.10667419433594
-102.82890319824219
-105.73075866699219
-103.3270263671875
-107.01441955566406
-109.3837890625
-102.68656921386719
-106.6563720703125
-105.5587387084961
-103.11580657958984
-104.15900421142578
-105.66706848144531
-96.60415649414062
-110.09143829345703
-104.80427551269531
-103.77516174316406
-109.31609344482422
-107.82490539550781
-99.85026550292969
-103.02728271484375
-100.69763946533203
-106.87580108642578
-96.00967407226562
-104.50559997558594
-98.30034637451172
-104.39112091064453
-102.89830780029297
-107.12435150146484
-102.14315795898438
-103.28862762451172
-99.61894226074219
-112.060791015625
-104.01451873779297
-104.35102081298828
-102.48211669921875
-96.71795654296875
-107.37022399902344
-102.0544662475586
-98.62711334228516
-106.72521209716797
-106.54918670654297
-100.17922973632812
-108.50787353515625
-97.18061065673828
-104.35125732421875
-99.69828033447266
-102.50284576416016
-102.40422058105469
-106.41427612304688
-103.8311767578125
-102.68782806396484
-106.86345672607422
-104.69559478759766
-102.50839233398438
-103.99433135986328
-107.3021011352539
-101.3822021484375
-103.30614471435547
-103.54872131347656
-106.75285339355469
-109.58412170410156
-113.20237731933594
-100.57208251953125
-107.4992446899414
-107.16822814941406
-110.40788269042969
-111.18975830078125
-112.1131591796875
-105.67098999023438
-109.66132354736328
-103.31857299804688
-105.73265838623047
-105.65068054199219
-105.93600463867188
-103.15274047851562
-100.13958740234375
-101.48141479492188
-107.99287414550781
-112.32119750976562
-110.31367492675781
-104.28131103515625
-103.92620849609375
-95.96897888183594
-108.10374450683594
-102.68345642089844
-100.32762908935547
-104.75110626220703
-103.48995971679688
-103.50436401367188
-108.00871276855469
-99.8936767578125
-104.29393005371094
-109.25656127929688
-102.76189422607422
-103.64774322509766
-97.57865905761719
-106.4322738647461
-100.11209106445312
-105.36420440673828
-106.78657531738281
-106.27310943603516
-106.38046264648438
-99.83869934082031
-100.82289123535156
-107.51651000976562
-101.24015045166016
-103.30488586425781
-103.93685150146484
-108.16722869873047
-100.66310119628906
-104.8669662475586
-101.28690338134766
-105.28924560546875
-105.85919189453125
-99.04576110839844
-104.9754409790039
-105.35120391845703
-110.64328002929688
-100.87226867675781
-97.84062194824219
-108.74421691894531
-102.9483413696289
-103.33937072753906
-103.4999771118164
-111.11792755126953
-107.47846221923828
-104.25305938720703
-106.69658660888672
-104.5719223022461
-106.88318634033203
-102.77826690673828
-100.07308197021484
-110.6654281616211
-101.55908203125
-108.8154067993164
-104.15519714355469
-108.48674774169922
-108.88349914550781
-108.61898040771484
-107.82807922363281
-108.61618041992188
-112.54998779296875
-112.64541625976562
-109.98402404785156
-104.70578002929688
-108.04132080078125
-99.71833038330078
-106.92510223388672
-107.37268829345703
-108.35580444335938
-103.50251770019531
-108.98287963867188
-105.70872497558594
-105.36030578613281
-105.98571014404297
-106.83543395996094
-107.48043823242188
-105.35038757324219
-108.6294174194336
-103.42389678955078
-101.02357482910156
-106.5638656616211
-106.08972930908203
-102.0235366821289
-98.9367904663086
-101.34647369384766
-104.31886291503906
-104.94841003417969
-116.19519805908203
-103.01530456542969
-107.21127319335938
-107.96134948730469
-104.14042663574219
-106.04743194580078
-100.2615966796875
-98.52702331542969
-103.74987030029297
-106.1865463256836
-98.09109497070312
-100.9727554321289
-104.99256134033203
-103.51473999023438
-104.4967269897461
-103.610595703125
-107.32964324951172
-97.90923309326172
-103.84283447265625
-106.04450988769531
-97.6953353881836
-102.29545593261719
-108.0057144165039
-98.95245361328125
-101.39794921875
-104.64833068847656
-100.84770965576172
-99.25361633300781
-106.72633361816406
-102.36947631835938
-106.61053466796875
-106.60442352294922
-105.26827239990234
-105.2835464477539
-101.68500518798828
-103.9185562133789
-106.02735900878906
-105.04495239257812
-106.87297821044922
-102.9005126953125
-108.2110366821289
-102.22499084472656
-101.86923217773438
-101.48945617675781
-104.37091827392578
-109.1671142578125
-104.8655776977539
-107.076416015625
-102.55461883544922
-100.9441146850586
-110.70358276367188
-106.97489929199219
-106.80043029785156
-106.6380386352539
-105.55380249023438
-103.99465942382812
-106.79963684082031
-98.68002319335938
-105.00335693359375
-99.94296264648438
-109.59539794921875
-102.33551788330078
-103.4352035522461
-105.1051025390625
-110.87533569335938
-101.20350646972656
-99.14102172851562
-101.5263900756836
-108.8162612915039
-111.05347442626953
-99.80535125732422
-109.75060272216797
-107.18973541259766
-106.63838958740234
-102.93572235107422
-102.61695098876953
-102.26644897460938
-110.5120620727539
-108.38323211669922
-102.45497131347656
-104.73651123046875
-102.23957824707031
-111.92242431640625
-109.59542846679688
-105.04280853271484
-107.71150207519531
-104.0760726928711
-109.66426086425781
-98.61992645263672
-99.86216735839844
-103.03968811035156
-103.71202087402344
-112.4258804321289
-104.95952606201172
-107.0146255493164
-108.35494995117188
-111.18295288085938
-98.95510864257812
-106.91476440429688
-108.72673034667969
-108.31685638427734
-111.18123626708984
-108.1543960571289
-104.52823638916016
-107.99528503417969
-104.67832946777344
-108.67146301269531
-106.97850036621094
-104.35752868652344
-106.21729278564453
-103.43498229980469
-105.81616973876953
-107.41456604003906
-103.63592529296875
-104.02689361572266
-98.8580322265625
-110.35273742675781
-107.02205657958984
-109.06526947021484
-100.1856918334961
-104.80287170410156
-100.44303131103516
-101.60489654541016
-102.76126098632812
-98.67772674560547
-100.9793930053711
-101.8941879272461
-108.59169006347656
-102.76680755615234
-101.67591094970703
-105.76676940917969
-107.22915649414062
-103.59374237060547
-100.6523208618164
-101.81956481933594
-103.41963958740234
-102.98529815673828
-105.70330810546875
-101.28663635253906
-98.21959686279297
-112.3385009765625
-102.66769409179688
-102.52835083007812
-106.17962646484375
-103.352783203125
-104.1107406616211
-99.6839370727539
-100.56500244140625
-114.36138916015625
-97.65968322753906
-106.01051330566406
-103.58816528320312
-105.29488372802734
-114.26178741455078
-107.10248565673828
-107.46924591064453
-100.18667602539062
-100.71038055419922
-98.31217193603516
-111.30071258544922
-101.81742858886719
-101.78673553466797
-105.6639404296875
-105.50271606445312
-100.07958984375
-103.65485382080078
-110.69722747802734
-99.59750366210938
-102.82149505615234
-104.00191497802734
-101.7096939086914
-98.25328826904297
-109.67560577392578
-100.73295593261719
-110.48075866699219
-100.16191864013672
-101.9288330078125
-99.92517852783203
-105.35993957519531
-104.4305191040039
-105.63723754882812
-106.56678771972656
-100.63638305664062
-104.89637756347656
-102.48292541503906
-110.12403869628906
-94.68124389648438
-103.22645568847656
-99.9665298461914
-105.35633850097656
-101.05438232421875
-98.91311645507812
-106.75715637207031
-99.90221405029297
-107.0247573852539
-102.13340759277344
-101.472900390625
-110.41576385498047
-103.97167205810547
-110.4302978515625
-109.12382507324219
-110.82969665527344
-100.2081298828125
-105.86829376220703
-102.00796508789062
-111.08744049072266
-94.25363159179688
-102.58830261230469
-111.88680267333984
-110.6883544921875
-107.3267593383789
-99.85359191894531
-96.89098358154297
-106.53104400634766
-101.17295837402344
-102.33014678955078
-105.50618743896484
-103.58929443359375
-104.88862609863281
-103.84624481201172
-109.53575134277344
-99.99021911621094
-101.65052795410156
-93.63184356689453
-104.44335174560547
-104.08440399169922
-96.82728576660156
-107.87525177001953
-101.68073272705078
-102.77127838134766
-99.04325103759766
-107.41161346435547
-107.83467864990234
-102.39019012451172
-102.26253509521484
-102.39236450195312
-109.10923767089844
-103.92061614990234
-108.3476791381836
-102.25277709960938
-103.4419937133789
-96.03179931640625
-103.74775695800781
-102.98440551757812
-104.61026763916016
-100.95669555664062
-98.7463150024414
-103.12857055664062
-105.57734680175781
-107.18094635009766
-99.91277313232422
-104.52351379394531
-105.47053527832031
-102.00439453125
-108.28495025634766
-111.08024597167969
-100.86273956298828
-100.23418426513672
-98.90550994873047
-101.40989685058594
-99.81958770751953
-109.80818939208984
-101.34565734863281
-103.72439575195312
-101.14906311035156
-105.24130249023438
-105.25599670410156
-101.1605224609375
-106.81468963623047
-105.32466125488281
-110.29461669921875
-102.37799072265625
-103.69007110595703
-104.33370208740234
-105.51817321777344
-107.084716796875
-109.13531494140625
-113.07051086425781
-101.45159149169922
-104.76919555664062
-104.97804260253906
-98.6336441040039
-105.24072265625
-110.01004028320312
-102.43976593017578
-97.8425521850586
-105.61847686767578
-108.81391906738281
-98.7442398071289
-104.80715942382812
-98.73446655273438
-110.34516906738281
-107.73855590820312
-108.55641174316406
-99.98455047607422
-102.11399841308594
-101.78927612304688
-105.05799102783203
-102.39624786376953
-107.88774871826172
-106.8531265258789
-108.8013916015625
-103.95648193359375
-104.35353088378906
-104.62950134277344
-101.36572265625
-106.02787780761719
-110.81468200683594
-107.69924926757812
-108.3624496459961
-100.09790802001953
-104.3613052368164
-109.3194351196289
-101.00596618652344
-99.82868194580078
-100.28253936767578
-106.96110534667969
-96.55442810058594
-105.90538787841797
-101.17935180664062
-112.78044128417969
-110.28333282470703
-104.992919921875
-106.6289291381836
-110.43682098388672
-105.5504379272461
-104.53462982177734
-105.4521255493164
-106.10271453857422
-102.59925842285156
-97.40966796875
-101.501953125
-99.47049713134766
-106.54763793945312
-103.78384399414062
-102.35787963867188
-104.39582824707031
-100.463623046875
-103.3453598022461
-100.34175109863281
-102.07020568847656
-111.32695007324219
-109.41079711914062
-104.04276275634766
-104.95390319824219
-105.9090347290039
-106.22441101074219
-100.02391815185547
-101.56336975097656
-104.63410186767578
-101.1678695678711
-105.85421752929688
-103.76752471923828
-100.10275268554688
-106.94993591308594
-101.23431396484375
-113.8450698852539
-108.15225982666016
-104.84564208984375
-103.0234603881836
-107.3520278930664
-101.9555435180664
-102.99137878417969
-103.74789428710938
-100.79110717773438
-100.05567932128906
-102.66370391845703
-101.2728500366211
-104.743896484375
-108.9062728881836
-103.41634368896484
-105.23712158203125
-110.53329467773438
-105.77761840820312
-104.40861511230469
-108.9581298828125
-102.6038818359375
-101.1151123046875
-105.25653076171875
-107.72134399414062
-104.30659484863281
-99.91261291503906
-112.78932189941406
-106.96426391601562
-110.81493377685547
-110.24410247802734
-104.42345428466797
-101.88712310791016
-98.61439514160156
-102.69274139404297
-102.13014221191406
-100.23223114013672
-102.01095581054688
-104.22592163085938
-116.49995422363281
-107.29678344726562
-110.15352630615234
-108.87916564941406
-105.55752563476562
-100.51929473876953
-106.66070556640625
-101.02788543701172
-104.11959838867188
-110.69247436523438
-99.9905014038086
-106.94721984863281
-102.82123565673828
-99.0992202758789
-102.43630981445312
-110.24767303466797
-104.77896118164062
-102.94424438476562
-106.89707946777344
-107.1489028930664
-107.43849182128906
-100.9652328491211
-101.20024871826172
-107.78707122802734
-101.11820220947266
-101.29862213134766
-106.60810852050781
-108.06791687011719
-107.67395782470703
-105.36888885498047
-105.25762176513672
-102.8121337890625
-107.07793426513672
-107.3696517944336
-103.15111541748047
-101.17484283447266
-102.593017578125
-104.48609161376953
-103.77042388916016
-100.9111099243164
-106.49614715576172
-97.16717529296875
-104.08090209960938
-105.33450317382812
-105.90593719482422
-106.28316497802734
-102.91293334960938
-103.41786193847656
-104.19593048095703
-99.66511535644531
-105.77449798583984
-111.84814453125
-109.3080825805664
-105.50033569335938
-103.64459228515625
-103.80138397216797
-104.30487060546875
-107.88912963867188
-103.49026489257812
-102.2979965209961
-104.05445861816406
-104.09011840820312
-98.87823486328125
-104.53759765625
-103.38673400878906
-102.43592834472656
-100.39653015136719
-105.19465637207031
-109.14649200439453
-110.09610748291016
-102.56666564941406
-104.00456237792969
-107.21127319335938
-103.28913116455078
-106.89450073242188
-98.560302734375
-103.69737243652344
-109.54761505126953
-98.24173736572266
-104.09646606445312
-110.22178649902344
-105.50225067138672
-105.42227935791016
-104.3829574584961
-108.56256103515625
-98.97057342529297
-106.18062591552734
-102.70323181152344
-98.24614715576172
-106.25155639648438
-106.11146545410156
-102.7093734741211
-100.25065612792969
-107.67691802978516
-108.34368896484375
-103.95701599121094
-103.4325180053711
-105.33808135986328
-107.77299499511719
-106.94828796386719
-103.70590209960938
-101.07832336425781
-104.48977661132812
-99.46589660644531
-105.15790557861328
-107.29412841796875
-105.46903991699219
-100.83905029296875
-111.62046813964844
-102.19400024414062
-103.05683898925781
-95.14635467529297
-103.52983856201172
-97.71273803710938
-102.19953155517578
-105.2005386352539
-95.23719787597656
-107.47779083251953
-108.02564239501953
-103.22007751464844
-101.45652770996094
-112.4296646118164
-111.50167083740234
-100.15825653076172
-102.7134780883789
-111.77657318115234
-107.98725891113281
-99.67869567871094
-105.08162689208984
-101.83849334716797
-104.76583099365234
-101.32136535644531
-105.44893646240234
-105.36610412597656
-106.21272277832031
-98.21775817871094
-104.04969787597656
-108.23326110839844
-97.48323822021484
-92.8891372680664
-99.6868896484375
-102.68333435058594
-104.52311706542969
-100.00418853759766
-106.21002197265625
-109.20943450927734
-103.78108978271484
-101.01072692871094
-105.35763549804688
-106.76239776611328
-106.74384307861328
-104.84626770019531
-113.3186264038086
-99.74977111816406
-102.11997985839844
-104.01945495605469
-109.2131118774414
-104.32569885253906
-104.06707000732422
-102.78422546386719
-102.38844299316406
-107.91847229003906
-99.61500549316406
-102.63313293457031
-104.36970520019531
-102.70941162109375
-106.0697250366211
-102.78713989257812
-108.28260803222656
-104.68331146240234
-106.32537841796875
-107.91159057617188
-101.92385864257812
-108.13459777832031
-103.26824188232422
-107.88929748535156
-101.22134399414062
-100.88585662841797
-101.21722412109375
-110.41803741455078
-112.07150268554688
-106.02757263183594
-97.45997619628906
-103.94588470458984
-108.58211517333984
-109.41625213623047
-107.27099609375
-104.39820861816406
-102.61396789550781
-107.24870300292969
-105.39179992675781
-105.54934692382812
-103.4736099243164
-104.76731872558594
-99.64897918701172
-101.31765747070312
-95.8625717163086
-108.1659164428711
-106.79792022705078
-106.03836822509766
-105.75933074951172
-107.71142578125
-100.56341552734375
-101.37235260009766
-107.3650894165039
-101.2581787109375
-109.52960968017578
-103.90156555175781
-105.99972534179688
-98.71440124511719
-103.21401977539062
-106.61034393310547
-102.8343734741211
-102.84793090820312
-108.91285705566406
-102.63897705078125
-106.66304779052734
-101.47413635253906
-102.48654174804688
-105.54154968261719
-106.452392578125
-110.67725372314453
-107.76557922363281
-103.27159118652344
-103.55203247070312
-100.07556915283203
-108.23997497558594
-98.75296020507812
-111.83377075195312
-103.71582794189453
-107.84253692626953
-99.9438705444336
-101.44762420654297
-102.23020935058594
-101.83110809326172
-105.0081787109375
-109.82234954833984
-107.88227081298828
-107.7311782836914
-100.85362243652344
-113.48674774169922
-102.21052551269531
-108.32469177246094
-109.69804382324219
-108.33153533935547
-105.60151672363281
-109.52302551269531
-103.63165283203125
-104.5459976196289
-102.70576477050781
-103.01066589355469
-106.2331771850586
-106.05028533935547
-108.07044219970703
-107.0860366821289
-107.29666900634766
-102.01058959960938
-107.92434692382812
-105.55650329589844
-103.32691955566406
-107.39231872558594
-101.66146087646484
-107.55352020263672
-103.88163757324219
-98.96044158935547
-103.68683624267578
-107.22320556640625
-104.49169921875
-101.52031707763672
-106.71246337890625
-104.18047332763672
-106.98627471923828
-109.48167419433594
-97.26637268066406
-104.32060241699219
-99.34618377685547
-106.59773254394531
-98.45633697509766
-101.31126403808594
-106.56304931640625
-105.81930541992188
-105.8876953125
-106.81175994873047
-102.5102767944336
-103.77389526367188
-104.03018188476562
-106.92681884765625
