-102.12188720703125
-112.7032241821289
-105.59226989746094
-111.44692993164062
-111.00988006591797
-108.95521545410156
-103.1339340209961
-95.80583190917969
-109.21192169189453
-101.1141586303711
-110.08951568603516
-105.48091888427734
-109.77906036376953
-107.97229766845703
-105.93577575683594
-101.65686798095703
-101.9147720336914
-112.14464569091797
-108.26280975341797
-102.85711669921875
-106.89862823486328
-107.11353302001953
-106.6014404296875
-108.72927856445312
-110.28204345703125
-115.46150970458984
-103.88397979736328
-110.25357818603516
-102.26848602294922
-103.93521118164062
-110.82062530517578
-115.53622436523438
-111.09355926513672
-114.38996124267578
-110.27796173095703
-105.77741241455078
-104.80294799804688
-107.54022216796875
-105.8230209350586
-105.69773864746094
-99.7469711303711
-102.9833984375
-109.35772705078125
-104.94933319091797
-100.74542999267578
-109.92646789550781
-108.55506896972656
-107.45730590820312
-107.00390625
-106.96121215820312
-103.11868286132812
-107.03971862792969
-105.69068908691406
-117.8123779296875
-111.40576171875
-107.27490234375
-109.26641082763672
-100.56037902832031
-99.12737274169922
-113.5357437133789
-106.1514892578125
-110.888427734375
-103.33889770507812
-106.68289184570312
-109.71633911132812
-102.34654235839844
-109.78765869140625
-106.14442443847656
-107.33557891845703
-102.7341537475586
-106.21856689453125
-103.76596069335938
-102.77067565917969
-112.32366180419922
-106.78095245361328
-109.23666381835938
-104.35940551757812
-107.8594970703125
-103.83678436279297
-109.88134002685547
-103.6486587524414
-107.31002044677734
-99.92021179199219
-105.9762191772461
-110.79657745361328
-106.2034912109375
-106.9505844116211
-101.60791015625
-110.57112121582031
-100.18753814697266
-104.82608032226562
-106.50068664550781
-106.29405212402344
-108.99689483642578
-110.1446762084961
-104.45158386230469
-108.15877532958984
-108.43096160888672
-104.4131088256836
-106.06747436523438
-108.52002716064453
-97.63143157958984
-111.6761474609375
-108.04351043701172
-106.54158782958984
-112.0354232788086
-108.87515258789062
-101.28479766845703
-105.49076080322266
-101.40372467041016
-108.56989288330078
-96.38463592529297
-107.30709838867188
-99.52632141113281
-104.99217224121094
-104.11726379394531
-108.78178405761719
-104.55467224121094
-103.80884552001953
-101.1894302368164
-114.73861694335938
-106.48323059082031
-107.07049560546875
-103.42896270751953
-98.17680358886719
-108.65054321289062
-104.4854507446289
-100.42567443847656
-107.30607604980469
-107.92124938964844
-100.0521011352539
-108.70484924316406
-100.3819808959961
-106.38613891601562
-101.18248748779297
-106.3017807006836
-105.44169616699219
-109.26248168945312
-103.98931884765625
-103.53120422363281
-108.88250732421875
-107.2802505493164
-104.47669219970703
-104.35142517089844
-108.80217742919922
-104.41624450683594
-105.47185516357422
-105.08856964111328
-109.35713195800781
-110.89596557617188
-114.3475112915039
-101.98190307617188
-109.83470916748047
-109.01702117919922
-111.27071380615234
-112.06397247314453
-113.1927261352539
-108.12606811523438
-111.27896118164062
-104.19694519042969
-107.31050872802734
-106.72563934326172
-107.57170867919922
-105.65415954589844
-101.54762268066406
-103.23625946044922
-109.03753662109375
-115.21137237548828
-112.10328674316406
-108.25385284423828
-104.99929809570312
-98.85791778564453
-110.03101348876953
-105.46015167236328
-101.69953918457031
-105.97517395019531
-104.99419403076172
-104.78494262695312
-109.95811462402344
-102.96192932128906
-106.46015930175781
-111.23784637451172
-107.12952423095703
-105.08683776855469
-99.7403793334961
-107.62211608886719
-102.00363159179688
-107.5248031616211
-108.1878890991211
-107.80158996582031
-109.74436950683594
-103.25200653076172
-102.88280487060547
-107.64668273925781
-102.88211059570312
-105.85572052001953
-104.61334991455078
-108.62088012695312
-102.38812255859375
-106.5096206665039
-103.81818389892578
-105.82548522949219
-106.65514373779297
-99.90542602539062
-108.77072143554688
-106.52958679199219
-112.16702270507812
-103.17145538330078
-99.14971160888672
-110.94937896728516
-105.73076629638672
-105.21969604492188
-105.85414123535156
-112.73645782470703
-109.0205078125
-106.54531860351562
-108.1503677368164
-105.48817443847656
-108.46916198730469
-104.46392822265625
-102.16632843017578
-112.40574645996094
-103.60924530029297
-110.92579650878906
-106.51795196533203
-109.3928451538086
-109.3492202758789
-110.0511245727539
-108.580322265625
-111.22029113769531
-113.8978500366211
-114.5538330078125
-110.37979125976562
-107.1971664428711
-110.3320541381836
-102.36625671386719
-108.69137573242188
-109.50956726074219
-110.99050903320312
-105.23035430908203
-111.22122955322266
-109.29756927490234
-106.67268371582031
-107.85389709472656
-108.1351547241211
-109.04478454589844
-107.38908386230469
-109.70250701904297
-105.7429428100586
-103.42818450927734
-110.39143371582031
-108.0135498046875
-104.2578353881836
-100.29241943359375
-104.720947265625
-108.01248931884766
-109.3915023803711
-119.40594482421875
-105.644775390625
-110.77751159667969
-110.76519775390625
-105.6962661743164
-108.66283416748047
-102.38565063476562
-101.22240447998047
-106.59680938720703
-109.94082641601562
-100.48573303222656
-103.23723602294922
-107.26001739501953
-104.13877868652344
-106.79995727539062
-106.0409927368164
-109.90625762939453
-100.72872924804688
-106.01207733154297
-107.56285095214844
-99.66671752929688
-104.76287841796875
-109.0732192993164
-99.21598815917969
-103.40449523925781
-108.46915435791016
-103.20899963378906
-100.181640625
-108.98312377929688
-103.77896118164062
-107.83856201171875
-108.84857940673828
-107.68266296386719
-106.98775482177734
-102.20220184326172
-105.92216491699219
-108.3865966796875
-106.3493423461914
-108.69646453857422
-104.24555969238281
-111.40310668945312
-105.23674774169922
-102.19005584716797
-102.46862030029297
-104.93791961669922
-110.74070739746094
-106.20182800292969
-109.09901428222656
-103.78771209716797
-101.8484878540039
-111.70835876464844
-110.19693756103516
-108.33168029785156
-107.1880874633789
-105.9027328491211
-105.0634994506836
-106.92169189453125
-102.26213073730469
-106.25507354736328
-101.09696960449219
-110.83955383300781
-102.71551513671875
-105.15635681152344
-108.097412109375
-112.26848602294922
-102.72808074951172
-100.92810821533203
-102.93733978271484
-111.379150390625
-113.89954376220703
-102.48455047607422
-111.91027069091797
-108.8376235961914
-107.45002746582031
-105.86402893066406
-106.13092803955078
-103.98072052001953
-112.62085723876953
-111.26756286621094
-105.76606750488281
-106.87906646728516
-103.4942626953125
-112.54779815673828
-111.6310043334961
-106.61805725097656
-108.87938690185547
-105.05406188964844
-111.19024658203125
-100.73902893066406
-101.42395782470703
-105.86593627929688
-106.70588684082031
-114.8389892578125
-106.88337707519531
-109.33686828613281
-110.77571868896484
-113.06161499023438
-101.02139282226562
-108.69109344482422
-110.86527252197266
-110.36074829101562
-113.52759552001953
-109.72704315185547
-106.60659790039062
-108.99061584472656
-105.03660583496094
-111.18408966064453
-108.54009246826172
-107.7813720703125
-108.72178649902344
-106.58295440673828
-108.60523986816406
-108.29853820800781
-105.77334594726562
-106.02499389648438
-100.99848937988281
-113.6091079711914
-109.59302520751953
-110.82106018066406
-102.30874633789062
-107.29216003417969
-102.10374450683594
-102.37799835205078
-105.671142578125
-100.4432373046875
-102.75607299804688
-103.18807220458984
-111.19319152832031
-104.40518188476562
-102.9372329711914
-108.61431884765625
-109.44790649414062
-104.09423065185547
-102.78221130371094
-103.0650405883789
-104.62299346923828
-105.25225830078125
-107.49170684814453
-102.68507385253906
-100.42922973632812
-114.46640014648438
-103.49918365478516
-104.77104187011719
-107.66007995605469
-104.59371185302734
-105.74031829833984
-100.04683685302734
-102.8304443359375
-117.03695678710938
-98.95525360107422
-107.85398864746094
-107.13660430908203
-107.2789306640625
-115.10986328125
-109.24260711669922
-108.80990600585938
-101.359130859375
-102.94231414794922
-100.14642333984375
-112.4404067993164
-101.65301513671875
-104.0821304321289
-107.90365600585938
-106.69784545898438
-101.54533386230469
-105.87890625
-113.4018325805664
-100.55803680419922
-104.41545867919922
-105.39329528808594
-102.69148254394531
-99.53523254394531
-111.73725891113281
-103.50838470458984
-111.5038833618164
-101.99144744873047
-103.67262268066406
-102.68208312988281
-107.7651596069336
-105.46707916259766
-106.37517547607422
-107.62388610839844
-103.55091094970703
-106.0178451538086
-103.78633880615234
-110.57756042480469
-95.67818450927734
-105.15876007080078
-102.66091918945312
-107.78218078613281
-102.95802307128906
-100.32408142089844
-109.60963439941406
-101.6278076171875
-110.61762237548828
-104.06385803222656
-103.59239959716797
-112.23536682128906
-106.71299743652344
-113.23545837402344
-111.296875
-113.55033111572266
-101.92122650146484
-107.97804260253906
-103.07694244384766
-113.18103790283203
-96.05038452148438
-103.38365173339844
-112.00382995605469
-113.87397003173828
-108.98623657226562
-100.92765045166016
-99.14701080322266
-107.77643585205078
-102.07220458984375
-104.96501159667969
-106.75590515136719
-103.49632263183594
-104.9308853149414
-105.78279876708984
-113.12495422363281
-100.31224060058594
-103.89013671875
-95.74545288085938
-105.8118667602539
-107.50895690917969
-98.11844635009766
-109.99138641357422
-104.69828796386719
-104.83599090576172
-100.43543243408203
-109.8257827758789
-110.77906036376953
-102.8360366821289
-104.4157943725586
-105.21153259277344
-111.40687561035156
-105.6767578125
-109.36865234375
-103.13917541503906
-106.80706024169922
-98.90238189697266
-102.96731567382812
-106.24207305908203
-105.172119140625
-102.52227020263672
-99.78898620605469
-105.52340698242188
-107.74116516113281
-109.2601089477539
-102.79595184326172
-106.83060455322266
-107.15988159179688
-104.93405151367188
-109.7551498413086
-114.2719497680664
-101.68441772460938
-103.4437026977539
-99.1808853149414
-103.62483215332031
-103.13015747070312
-111.81123352050781
-103.88697052001953
-106.01068878173828
-102.71166229248047
-107.80400085449219
-107.52996826171875
-102.2314224243164
-110.38312530517578
-106.7944564819336
-113.20162963867188
-102.77191925048828
-103.96963500976562
-106.57157897949219
-107.6028823852539
-108.88018798828125
-111.86808013916016
-115.60308074951172
-102.96404266357422
-107.29058837890625
-106.70732879638672
-102.52192687988281
-106.30970001220703
-110.13796997070312
-105.11109161376953
-99.05680084228516
-109.98405456542969
-111.43144226074219
-101.21055603027344
-105.50094604492188
-101.17424774169922
-113.6134262084961
-107.48359680175781
-111.4788589477539
-103.6360092163086
-103.57740020751953
-103.14511108398438
-107.93089294433594
-105.47732543945312
-108.91075897216797
-109.35913848876953
-111.76644134521484
-105.29755401611328
-107.38311767578125
-106.56575012207031
-103.84484100341797
-108.2151870727539
-113.27447509765625
-110.96768188476562
-108.88736724853516
-101.36592864990234
-107.90424346923828
-112.54840850830078
-102.91168212890625
-100.4732894897461
-103.03630828857422
-110.6358871459961
-98.41374969482422
-108.49056243896484
-102.31128692626953
-115.38139343261719
-111.81615447998047
-107.27490997314453
-108.81798553466797
-112.54486083984375
-106.51801300048828
-105.53466796875
-105.79208374023438
-108.06695556640625
-104.90680694580078
-97.28907012939453
-104.26438903808594
-101.53157043457031
-106.70350646972656
-105.38338470458984
-104.80781555175781
-106.34249877929688
-102.25581359863281
-105.54509735107422
-101.36351013183594
-102.50373077392578
-114.34246063232422
-111.41863250732422
-104.4839096069336
-107.42689514160156
-107.34534454345703
-108.08171081542969
-102.4197769165039
-101.99725341796875
-107.17048645019531
-103.02603912353516
-108.84767150878906
-105.33116149902344
-103.39456176757812
-108.81421661376953
-104.11918640136719
-115.82948303222656
-109.59569549560547
-107.88027954101562
-105.30474853515625
-108.9375
-104.30213928222656
-104.5132827758789
-104.43934631347656
-101.08970642089844
-102.5405044555664
-104.36349487304688
-102.1611099243164
-106.30091857910156
-110.06800079345703
-105.97062683105469
-106.59129333496094
-112.5798568725586
-107.53132629394531
-105.3629150390625
-111.78738403320312
-104.7543716430664
-103.05271911621094
-106.1412353515625
-110.62689208984375
-106.64989471435547
-101.3607406616211
-112.68229675292969
-108.55028533935547
-113.67029571533203
-113.10560607910156
-105.56513214111328
-105.02432250976562
-101.67232513427734
-104.49146270751953
-104.7669906616211
-102.98451232910156
-103.79669952392578
-109.92216491699219
-118.51163482666016
-107.47796630859375
-113.41033935546875
-111.16796112060547
-108.21704864501953
-102.19538116455078
-107.46051025390625
-101.88810729980469
-106.1348648071289
-112.49143981933594
-101.76605987548828
-107.32393646240234
-104.76012420654297
-98.76873779296875
-105.33514404296875
-111.8934555053711
-107.5042495727539
-104.54006958007812
-110.40558624267578
-108.80844116210938
-111.03437805175781
-102.59817504882812
-102.69429779052734
-110.1966781616211
-102.49270629882812
-104.33678436279297
-109.44207763671875
-110.08443450927734
-109.45401000976562
-107.9470443725586
-107.91724395751953
-105.21627807617188
-108.63372802734375
-108.24019622802734
-103.861328125
-102.79399108886719
-104.38407135009766
-107.42454528808594
-104.63876342773438
-103.0267333984375
-108.63856506347656
-98.08799743652344
-104.70222473144531
-107.73857116699219
-108.25434875488281
-106.8614730834961
-103.95426177978516
-104.57447814941406
-106.93802642822266
-101.07970428466797
-106.61497497558594
-113.94898986816406
-110.32137298583984
-107.58467102050781
-106.500244140625
-106.78067779541016
-105.65473937988281
-108.85746002197266
-105.85865020751953
-103.60525512695312
-105.54536437988281
-105.33214569091797
-101.183837890625
-105.97990417480469
-104.70559692382812
-104.20378112792969
-102.80603790283203
-103.8105239868164
-111.14055633544922
-112.3635025024414
-104.00537109375
-106.6231918334961
-109.61629486083984
-104.95628356933594
-108.98004150390625
-100.04159545898438
-106.32749938964844
-110.08198547363281
-98.51972961425781
-104.4696273803711
-110.48568725585938
-105.62940979003906
-106.4128189086914
-106.3950424194336
-109.59041595458984
-100.18598937988281
-107.21778869628906
-104.08251190185547
-99.2818603515625
-107.00911712646484
-106.72118377685547
-103.35590362548828
-101.23036193847656
-110.49947357177734
-109.46586608886719
-105.4039077758789
-104.63666534423828
-105.91997528076172
-109.74950408935547
-110.3098373413086
-105.47328186035156
-102.67967987060547
-104.83617401123047
-101.42596435546875
-107.88603210449219
-109.58364868164062
-108.14840698242188
-102.59609985351562
-114.43968963623047
-104.01203918457031
-104.128662109375
-96.6052474975586
-102.7076187133789
-99.7804946899414
-104.49057006835938
-107.05422973632812
-96.13795471191406
-109.32239532470703
-109.8787841796875
-105.3669662475586
-103.19151306152344
-113.42802429199219
-112.93451690673828
-100.74775695800781
-103.31560516357422
-113.71110534667969
-110.065673828125
-101.76165008544922
-107.20719909667969
-102.29508972167969
-104.5672607421875
-102.8235855102539
-107.03264617919922
-107.82901000976562
-108.36570739746094
-101.52925109863281
-104.18605041503906
-109.07635498046875
-99.275146484375
-93.91764068603516
-101.72323608398438
-103.40237426757812
-106.69107818603516
-102.43164825439453
-107.52867126464844
-111.04625701904297
-105.77330017089844
-104.43638610839844
-108.07689666748047
-106.20458221435547
-108.01670837402344
-105.94058227539062
-114.46382141113281
-101.951416015625
-103.13800811767578
-105.87913513183594
-112.08236694335938
-107.43980407714844
-106.06259155273438
-104.5633773803711
-104.80389404296875
-108.96186828613281
-101.56743621826172
-102.45968627929688
-106.746826171875
-103.13043975830078
-108.25220489501953
-105.21310424804688
-110.55677795410156
-108.74626159667969
-108.15786743164062
-108.11611938476562
-104.79510498046875
-109.66986846923828
-104.15186309814453
-109.4246597290039
-102.83678436279297
-102.83214569091797
-103.2187271118164
-110.41024017333984
-113.12059020996094
-108.32462310791016
-99.17777252197266
-105.054931640625
-110.10270690917969
-110.90901184082031
-108.77577209472656
-105.12654113769531
-103.49932098388672
-108.14869689941406
-107.773193359375
-107.10440063476562
-104.43517303466797
-107.0528564453125
-101.48375701904297
-104.7427978515625
-99.0130386352539
-108.40741729736328
-109.67261505126953
-106.53636932373047
-107.2491226196289
-108.6907730102539
-102.22183227539062
-103.7717056274414
-109.63014221191406
-103.65487670898438
-110.86167907714844
-105.41690826416016
-107.5278091430664
-99.96986389160156
-103.21598815917969
-109.91321563720703
-105.08486938476562
-104.2996826171875
-109.53058624267578
-102.98406982421875
-106.87825012207031
-101.15238952636719
-102.94639587402344
-106.99884033203125
-108.23428344726562
-112.54318237304688
-110.62773132324219
-105.009033203125
-105.1314926147461
-100.89360046386719
-109.97190856933594
-99.58134460449219
-113.65885162353516
-106.7919921875
-109.1517105102539
-102.83381652832031
-101.98463439941406
-104.26276397705078
-103.41473388671875
-106.39452362060547
-111.68939208984375
-108.46935272216797
-110.95685577392578
-102.65492248535156
-116.03416442871094
-104.19207000732422
-108.84503173828125
-112.37910461425781
-110.06890869140625
-107.81437683105469
-109.63838195800781
-105.3229751586914
-107.43431854248047
-104.08110046386719
-104.7624282836914
-107.57040405273438
-108.87944793701172
-108.78734588623047
-109.22598266601562
-109.58700561523438
-104.26091003417969
-109.21086120605469
-107.63209533691406
-105.19871520996094
-110.97803497314453
-103.26171112060547
-109.35183715820312
-105.94596862792969
-102.27827453613281
-105.32091522216797
-110.69708251953125
-103.6198959350586
-103.51557159423828
-108.85763549804688
-105.66727447509766
-108.88099670410156
-112.78643035888672
-99.4837417602539
-106.49813079833984
-100.6940689086914
-109.16796875
-101.22118377685547
-103.269287109375
-106.19648742675781
-107.0185775756836
-107.72935485839844
-107.95323181152344
-106.41117858886719
-107.66996765136719
-104.744384765625
-107.530029296875
