-103.52273559570312
-115.42166900634766
-108.91236877441406
-112.66191864013672
-113.18858337402344
-110.19017028808594
-105.6922607421875
-98.7302474975586
-110.31559753417969
-102.29197692871094
-112.11871337890625
-106.69873046875
-110.1736831665039
-110.05856323242188
-108.17884826660156
-102.01531982421875
-103.65807342529297
-112.7716064453125
-108.6141357421875
-104.18926239013672
-108.2406997680664
-106.87725830078125
-106.19487762451172
-110.48038482666016
-110.66633605957031
-116.65911102294922
-104.04917907714844
-111.66230010986328
-102.92948150634766
-105.8676986694336
-112.8212890625
-117.51545715332031
-113.24267578125
-115.55147552490234
-112.61534881591797
-106.5699234008789
-104.95613098144531
-108.5367431640625
-108.07292938232422
-105.99665069580078
-100.08363342285156
-104.25935363769531
-110.24484252929688
-106.13920593261719
-103.35221099853516
-111.3336410522461
-109.09497833251953
-107.80422973632812
-107.9129409790039
-107.63191223144531
-104.79496002197266
-107.6406021118164
-106.90084838867188
-120.7161636352539
-112.72376251220703
-108.916015625
-112.45882415771484
-101.40082550048828
-100.37666320800781
-115.8624496459961
-108.2511978149414
-111.7293472290039
-104.61819458007812
-108.38934326171875
-110.26569366455078
-103.46940612792969
-109.15170288085938
-108.84429931640625
-107.74596405029297
-102.81617736816406
-107.03804016113281
-105.54212188720703
-103.16848754882812
-113.1036376953125
-108.88268280029297
-110.58744812011719
-104.90835571289062
-107.7857894897461
-105.55313873291016
-110.36712646484375
-104.46125030517578
-107.65384674072266
-100.05160522460938
-107.05752563476562
-113.29376220703125
-108.15473175048828
-108.61324310302734
-103.51341247558594
-111.61061096191406
-101.28164672851562
-106.6563949584961
-108.06746673583984
-107.84906768798828
-109.29679107666016
-112.55278015136719
-107.33504486083984
-109.9578857421875
-108.89599609375
-106.4358139038086
-108.0273666381836
-108.82231140136719
-98.56283569335938
-112.06653594970703
-108.39923858642578
-106.6852035522461
-112.61322021484375
-110.91140747070312
-101.92047119140625
-105.55587768554688
-103.34577178955078
-109.42851257324219
-98.62565612792969
-109.08934783935547
-103.45177459716797
-108.16616821289062
-104.52880859375
-109.3291015625
-106.25936126708984
-105.10479736328125
-102.82986450195312
-115.61018371582031
-107.4520034790039
-107.95426177978516
-104.87191009521484
-99.12228393554688
-109.64359283447266
-105.82537841796875
-102.86590576171875
-109.36783599853516
-108.29145050048828
-103.15797424316406
-110.63050079345703
-102.7697525024414
-107.48055267333984
-103.13386535644531
-106.4699935913086
-105.9063491821289
-110.05458068847656
-105.52794647216797
-104.42891693115234
-110.12773132324219
-108.11805725097656
-104.00617218017578
-105.3677749633789
-109.87947082519531
-104.91722106933594
-108.49567413330078
-106.58456420898438
-109.82502746582031
-112.24955749511719
-115.65779113769531
-102.90066528320312
-111.16595458984375
-110.04491424560547
-111.59423828125
-112.84255981445312
-115.57647705078125
-108.62347412109375
-112.69573211669922
-106.8746337890625
-108.66365051269531
-106.87747955322266
-108.48464965820312
-106.2119140625
-102.54872131347656
-103.24526977539062
-109.96764373779297
-115.65142822265625
-113.04422760009766
-107.98523712158203
-105.74191284179688
-99.38944244384766
-111.19902038574219
-105.89047241210938
-102.10771179199219
-107.78242492675781
-105.39897918701172
-105.28404235839844
-111.04232025146484
-103.67227172851562
-107.01404571533203
-113.07210540771484
-107.63937377929688
-105.9225845336914
-100.45248413085938
-108.40211486816406
-103.14270782470703
-108.35318756103516
-109.75666046142578
-108.20414733886719
-110.83100891113281
-104.94231414794922
-104.26858520507812
-109.5301742553711
-103.23709869384766
-107.25605773925781
-104.73436737060547
-111.31617736816406
-103.64466094970703
-108.7586898803711
-105.04552459716797
-107.84663391113281
-108.95065307617188
-99.77688598632812
-109.70072174072266
-108.87260437011719
-113.66915130615234
-102.4338150024414
-100.40340423583984
-111.81381225585938
-105.95545959472656
-107.03077697753906
-107.87478637695312
-114.88960266113281
-109.39059448242188
-107.67166900634766
-109.50837707519531
-107.2367172241211
-109.12750244140625
-105.77095031738281
-102.49749755859375
-112.08545684814453
-104.7810287475586
-113.07503509521484
-107.19847106933594
-111.68785095214844
-110.73625183105469
-111.91044616699219
-110.39163208007812
-112.21822357177734
-115.55330657958984
-115.81050109863281
-111.4072036743164
-106.90766143798828
-110.43621826171875
-103.61763000488281
-111.11981201171875
-109.92229461669922
-111.28632354736328
-107.18324279785156
-112.67019653320312
-108.76535034179688
-108.11373901367188
-108.62997436523438
-107.73384857177734
-109.78191375732422
-108.95124816894531
-111.37713623046875
-106.11038208007812
-104.32311248779297
-110.24986267089844
-109.96732330322266
-104.56297302246094
-100.27427673339844
-105.59191131591797
-107.22154235839844
-110.02574157714844
-119.83272552490234
-104.3853530883789
-111.2264175415039
-111.08720397949219
-106.92037963867188
-108.48717498779297
-101.37419128417969
-101.96633911132812
-107.37722778320312
-110.71186828613281
-101.94879150390625
-103.826171875
-108.73748016357422
-106.3232192993164
-107.87252807617188
-106.28252410888672
-111.95022583007812
-101.77017211914062
-107.57323455810547
-108.3956298828125
-100.64152526855469
-106.55241394042969
-110.50389099121094
-100.935791015625
-103.07989501953125
-109.07650756835938
-104.0627670288086
-101.59636688232422
-111.47307586669922
-105.86619567871094
-109.34794616699219
-109.27796173095703
-109.24491119384766
-110.23392486572266
-104.30929565429688
-105.53821563720703
-110.70159149169922
-108.52301788330078
-108.91918182373047
-105.94485473632812
-112.75902557373047
-104.47698974609375
-105.11861419677734
-104.83273315429688
-106.25316619873047
-112.09564208984375
-108.41098022460938
-109.70978546142578
-104.44819641113281
-103.82437133789062
-112.5699691772461
-109.33131408691406
-110.01536560058594
-108.9202880859375
-106.59461975097656
-107.20613861083984
-110.45635986328125
-102.86915588378906
-108.2107925415039
-103.18274688720703
-113.1883544921875
-102.97718048095703
-105.8259048461914
-109.41690826416016
-112.92920684814453
-102.90583038330078
-101.09794616699219
-104.4826889038086
-113.0498046875
-115.39389038085938
-102.3150634765625
-113.6764907836914
-111.03897094726562
-108.4103012084961
-106.6750259399414
-108.46705627441406
-104.27257537841797
-114.02236938476562
-112.06792449951172
-107.22560119628906
-108.33721160888672
-103.8686752319336
-114.8628921508789
-113.55540466308594
-108.8253402709961
-111.95819854736328
-106.17236328125
-112.22577667236328
-103.31645202636719
-103.56341552734375
-105.71009063720703
-107.34117889404297
-115.53071594238281
-107.05271911621094
-110.20076751708984
-111.86618041992188
-112.8507308959961
-102.33094024658203
-111.11042785644531
-110.46944427490234
-112.38011932373047
-115.58873748779297
-110.24748992919922
-107.70807647705078
-110.77799224853516
-105.38706970214844
-112.6236801147461
-109.21479797363281
-108.69256591796875
-109.29269409179688
-107.29083251953125
-109.00922393798828
-109.07850646972656
-106.67018127441406
-105.99705505371094
-101.66751861572266
-115.65953826904297
-110.82207489013672
-113.2413558959961
-104.06724548339844
-107.89922332763672
-101.93038177490234
-103.17277526855469
-106.88200378417969
-101.53821563720703
-103.634521484375
-105.0238265991211
-111.8554916381836
-106.1269760131836
-104.55424499511719
-109.2397232055664
-110.67607879638672
-105.10163879394531
-103.21005249023438
-102.49789428710938
-106.95120239257812
-106.26774597167969
-108.50763702392578
-104.84048461914062
-100.12853240966797
-116.1673812866211
-104.34963989257812
-106.02076721191406
-108.41983032226562
-105.73119354248047
-107.04669189453125
-101.73161315917969
-103.46419525146484
-117.75221252441406
-101.11676788330078
-108.9271469116211
-107.09526062011719
-108.58943939208984
-117.32940673828125
-110.57288360595703
-109.94961547851562
-102.78180694580078
-103.74015045166016
-100.60957336425781
-115.17891693115234
-104.01851654052734
-105.09780883789062
-108.6481704711914
-108.46864318847656
-102.92803192138672
-106.9120864868164
-114.11802673339844
-102.79488372802734
-105.65875244140625
-106.32076263427734
-103.50890350341797
-99.96613311767578
-112.67375183105469
-103.14564514160156
-112.05586242675781
-103.76331329345703
-105.46923065185547
-103.36153411865234
-109.20296478271484
-106.22257995605469
-106.0136947631836
-109.25420379638672
-103.64161682128906
-107.4054183959961
-106.58528900146484
-112.28335571289062
-96.45556640625
-106.43791961669922
-104.06266784667969
-107.82738494873047
-103.23905181884766
-101.84734344482422
-110.02760314941406
-103.63103485107422
-111.5068588256836
-104.63074493408203
-106.37549591064453
-113.6214828491211
-108.19020080566406
-113.82564544677734
-111.84654998779297
-112.80912017822266
-102.27545928955078
-109.10841369628906
-103.3996353149414
-113.41985321044922
-96.8638916015625
-105.59152221679688
-112.58183288574219
-113.77508544921875
-110.35333251953125
-101.04888153076172
-99.58092498779297
-109.73573303222656
-104.73381805419922
-105.60001373291016
-107.47093963623047
-105.31934356689453
-105.5099868774414
-106.84877014160156
-113.6127700805664
-103.1385269165039
-105.57807159423828
-97.19055938720703
-107.20283508300781
-107.66751098632812
-98.64173889160156
-110.5215072631836
-105.11466979980469
-105.79457092285156
-101.46536254882812
-110.39439392089844
-111.0131607055664
-104.60970306396484
-104.19570922851562
-105.52679443359375
-113.17539978027344
-106.4040756225586
-111.00724029541016
-103.64505767822266
-106.41900634765625
-100.325927734375
-104.06903839111328
-106.22856140136719
-106.36792755126953
-103.96479797363281
-100.73841094970703
-107.55668640136719
-107.6634750366211
-110.22349548339844
-103.53169250488281
-107.82994079589844
-108.82125091552734
-105.86014556884766
-110.558349609375
-116.13404846191406
-102.5982666015625
-102.33002471923828
-101.71640014648438
-103.91524505615234
-102.982666015625
-112.35712432861328
-103.74321746826172
-107.33538055419922
-103.80844116210938
-109.89382934570312
-108.18192291259766
-103.27989196777344
-110.76083374023438
-107.80976104736328
-113.24766540527344
-104.74130249023438
-105.8658447265625
-106.95072937011719
-109.46202850341797
-109.83206939697266
-113.57664489746094
-115.81719970703125
-103.50878143310547
-106.6379165649414
-107.97953033447266
-102.37236785888672
-107.5760269165039
-112.17709350585938
-106.47816467285156
-100.06085205078125
-110.81819152832031
-112.86316680908203
-102.30485534667969
-105.43540954589844
-102.72498321533203
-114.10462188720703
-110.81573486328125
-111.43367767333984
-103.06614685058594
-104.97293853759766
-105.10147857666016
-108.93510437011719
-105.8324966430664
-109.3968734741211
-108.29440307617188
-112.96904754638672
-106.34858703613281
-108.27009582519531
-108.92278289794922
-104.7266845703125
-108.48438262939453
-114.22647857666016
-112.70148468017578
-110.90523529052734
-101.4358139038086
-106.77731323242188
-113.8287353515625
-103.92738342285156
-101.9561538696289
-103.94449615478516
-112.15238189697266
-98.50119018554688
-109.45177459716797
-103.67118835449219
-116.85087585449219
-113.11588287353516
-107.80716705322266
-109.95626068115234
-113.20106506347656
-108.52544403076172
-108.11192321777344
-108.52763366699219
-109.90741729736328
-106.27335357666016
-99.29936981201172
-106.4152603149414
-102.16763305664062
-108.12646484375
-106.76557922363281
-105.79523468017578
-107.69374084472656
-105.2810287475586
-106.65229797363281
-102.9355239868164
-104.46587371826172
-114.33702087402344
-112.84144592285156
-107.41889953613281
-109.34663391113281
-109.76729583740234
-109.8939208984375
-102.89915466308594
-103.90899658203125
-109.38056945800781
-103.09994506835938
-110.13581085205078
-106.61112213134766
-103.3282470703125
-110.54634094238281
-105.19842529296875
-117.31849670410156
-110.60782623291016
-108.81659698486328
-106.68299865722656
-109.42013549804688
-104.93603515625
-106.25980377197266
-106.02622985839844
-102.73179626464844
-102.67154693603516
-104.96976470947266
-102.48015594482422
-108.44668579101562
-111.30260467529297
-108.58704376220703
-108.6020278930664
-114.32294464111328
-109.38899993896484
-106.00374603271484
-112.77386474609375
-106.61796569824219
-105.08283996582031
-105.77828216552734
-109.30824279785156
-107.62894439697266
-103.38041687011719
-114.18943786621094
-108.7218017578125
-113.9065933227539
-113.36145782470703
-106.73377227783203
-105.75184631347656
-100.74911499023438
-103.9272232055664
-104.02255249023438
-102.89781188964844
-104.75772094726562
-109.21537780761719
-120.44680786132812
-108.53739929199219
-114.15495300292969
-111.25138092041016
-108.95429229736328
-103.19060516357422
-109.51034545898438
-103.11311340332031
-106.69612121582031
-113.47737121582031
-101.84846496582031
-109.76094055175781
-105.10270690917969
-100.81037139892578
-104.55825805664062
-112.13055419921875
-107.66728973388672
-105.978515625
-112.29399871826172
-111.20073699951172
-109.88854217529297
-104.82421875
-104.0025863647461
-109.71635437011719
-102.57080078125
-104.94833374023438
-110.55343627929688
-111.60954284667969
-110.85435485839844
-109.77938079833984
-107.27313995361328
-106.18721008300781
-108.8779296875
-110.12184143066406
-105.76815795898438
-103.09115600585938
-105.53240203857422
-108.47547912597656
-106.13655090332031
-104.72264099121094
-110.3896484375
-97.74309539794922
-106.18959045410156
-108.6684341430664
-108.2496566772461
-107.53996276855469
-104.44628143310547
-105.38868713378906
-107.11898040771484
-103.14073944091797
-106.46379089355469
-114.21451568603516
-111.39616394042969
-107.92298126220703
-105.76080322265625
-106.11311340332031
-106.46886444091797
-110.0109634399414
-106.89141082763672
-103.31381225585938
-108.03633880615234
-106.81781768798828
-102.36568450927734
-107.5198974609375
-105.42048645019531
-104.26400756835938
-103.77604675292969
-105.91016387939453
-111.5530014038086
-112.91606903076172
-104.91783142089844
-107.06969451904297
-109.84330749511719
-105.05816650390625
-108.94612121582031
-102.28422546386719
-107.20063018798828
-110.35688018798828
-99.61759185791016
-105.53648376464844
-113.63534545898438
-106.14204406738281
-109.80618286132812
-108.34133911132812
-110.65087890625
-101.61181640625
-109.26963806152344
-104.41266632080078
-99.80084991455078
-107.30492401123047
-109.01264953613281
-104.50294494628906
-101.62417602539062
-110.33097076416016
-110.52253723144531
-106.61949920654297
-105.49552917480469
-106.86238861083984
-111.43657684326172
-110.3778076171875
-106.36345672607422
-103.45159149169922
-106.5087661743164
-102.3149185180664
-107.81889343261719
-110.11149597167969
-110.3383560180664
-104.15292358398438
-114.5765609741211
-104.6716079711914
-105.47016143798828
-98.39409637451172
-104.65869903564453
-100.48385620117188
-107.24386596679688
-106.57107543945312
-98.79544067382812
-110.0445327758789
-110.65248107910156
-107.1069564819336
-104.67322540283203
-115.50818634033203
-114.0665283203125
-103.10292053222656
-104.05532836914062
-114.22708129882812
-110.12030792236328
-102.74180603027344
-110.01569366455078
-105.13309478759766
-107.73934173583984
-104.2889175415039
-107.19912719726562
-109.62875366210938
-107.84529876708984
-101.78723907470703
-107.22386932373047
-111.30679321289062
-100.08038330078125
-95.75525665283203
-102.68205261230469
-105.9106674194336
-107.60694885253906
-103.17428588867188
-108.84667205810547
-113.91038513183594
-106.22359466552734
-104.19189453125
-109.40031433105469
-108.55650329589844
-108.71815490722656
-107.44673156738281
-115.77435302734375
-103.8895263671875
-104.17737579345703
-107.75496673583984
-110.90314483642578
-108.0368881225586
-107.95437622070312
-105.83814239501953
-105.01300048828125
-110.10462951660156
-102.87512969970703
-104.15848541259766
-106.38297271728516
-105.37156677246094
-108.29529571533203
-107.15762329101562
-113.22029876708984
-107.2134780883789
-107.99847412109375
-110.03582000732422
-107.47508239746094
-111.43638610839844
-105.95713806152344
-110.87466430664062
-104.74456024169922
-103.56260681152344
-103.38245391845703
-112.93028259277344
-114.61064147949219
-109.99089813232422
-100.52345275878906
-107.21410369873047
-111.25959777832031
-112.91781616210938
-109.76707458496094
-106.96711730957031
-105.27839660644531
-110.80355072021484
-109.03614807128906
-107.92427825927734
-108.58185577392578
-109.36900329589844
-102.26142120361328
-104.46234893798828
-99.80229949951172
-111.88460540771484
-111.24420166015625
-107.81675720214844
-108.59721374511719
-111.058349609375
-103.6651382446289
-105.66331481933594
-109.88676452636719
-104.78570556640625
-111.70531463623047
-106.40530395507812
-108.68238830566406
-100.7197494506836
-103.38815307617188
-109.71421813964844
-104.82682037353516
-107.88323974609375
-110.13414001464844
-105.10926818847656
-108.37259674072266
-104.62699127197266
-104.5949935913086
-107.1589584350586
-108.67719268798828
-113.05064392089844
-111.94097900390625
-106.27235412597656
-105.05977630615234
-101.74385833740234
-109.73788452148438
-101.03997802734375
-113.66159057617188
-106.1492691040039
-110.95581817626953
-103.54824829101562
-102.21577453613281
-105.51952362060547
-104.41114807128906
-107.40666198730469
-112.22356414794922
-109.62627410888672
-111.27791595458984
-103.39942932128906
-115.8377685546875
-104.0819091796875
-109.84893035888672
-111.5283432006836
-110.65300750732422
-108.60124969482422
-110.97965240478516
-105.5037841796875
-109.18987274169922
-104.60464477539062
-105.5802230834961
-108.59920501708984
-108.95897674560547
-109.33209991455078
-109.88243103027344
-109.82807159423828
-104.79190826416016
-109.85769653320312
-107.96736145019531
-106.0615234375
-111.5068359375
-103.91624450683594
-109.9156265258789
-106.84149932861328
-102.96408081054688
-108.01148986816406
-110.31021118164062
-105.86248016357422
-104.90802764892578
-108.73070526123047
-106.12997436523438
-109.84523010253906
-112.85295104980469
-101.7991943359375
-107.75798797607422
-100.02345275878906
-111.5158920288086
-101.86595153808594
-104.8392562866211
-105.88605499267578
-108.60707092285156
-107.85379791259766
-109.51082611083984
-105.16616821289062
-107.8532943725586
-106.89152526855469
-109.54751586914062
