-106.34270477294922
-119.6273193359375
-112.05032348632812
-117.40870666503906
-118.29134368896484
-113.60545349121094
-110.66110229492188
-102.29063415527344
-114.4410400390625
-106.55731964111328
-117.87615203857422
-112.32921600341797
-115.70511627197266
-114.254638671875
-111.45022583007812
-106.24510955810547
-107.92583465576172
-116.9953384399414
-113.87073516845703
-107.18915557861328
-112.1872787475586
-112.38811492919922
-111.04297637939453
-114.83689880371094
-116.24806213378906
-120.97305297851562
-110.03873443603516
-117.3359375
-108.18769836425781
-109.24276733398438
-116.95924377441406
-122.31975555419922
-117.85889434814453
-120.41365814208984
-116.73629760742188
-110.28160095214844
-108.9151840209961
-113.16499328613281
-111.4320068359375
-112.86204528808594
-106.62495422363281
-107.60140991210938
-116.60718536376953
-110.29155731201172
-107.9228515625
-116.18803405761719
-113.40047454833984
-113.49967956542969
-112.0629653930664
-111.95771026611328
-108.5227279663086
-111.75897216796875
-111.12936401367188
-123.50230407714844
-116.88992309570312
-112.39978790283203
-116.1723861694336
-105.12175750732422
-105.10075378417969
-119.88859558105469
-112.6813735961914
-117.65898132324219
-109.18733215332031
-112.5263442993164
-116.38629913330078
-107.40091705322266
-113.16275787353516
-111.43414306640625
-112.70691680908203
-107.02764892578125
-111.9834213256836
-108.99453735351562
-108.56814575195312
-117.32875061035156
-112.69031524658203
-114.73336791992188
-108.67471313476562
-113.44985961914062
-109.77156829833984
-115.6175537109375
-109.72757720947266
-111.7181625366211
-105.17646026611328
-110.71229553222656
-117.3165512084961
-113.32540130615234
-114.10475158691406
-106.5517578125
-115.37907409667969
-105.89131927490234
-109.39917755126953
-111.95323181152344
-112.75518035888672
-114.79725646972656
-117.1735610961914
-109.75989532470703
-114.18455505371094
-112.45458221435547
-110.89942169189453
-112.00886535644531
-112.24017333984375
-102.40601348876953
-117.22168731689453
-115.21398162841797
-110.89205169677734
-119.40928649902344
-115.72693634033203
-108.35275268554688
-111.22282409667969
-106.29153442382812
-113.29985809326172
-101.12112426757812
-112.37044525146484
-107.03120422363281
-110.7202377319336
-108.4503173828125
-113.27658081054688
-111.30628204345703
-109.88995361328125
-107.7689208984375
-118.80156707763672
-111.91050720214844
-113.32974243164062
-109.80069732666016
-103.68380737304688
-115.244384765625
-109.72589111328125
-106.9271240234375
-112.35252380371094
-110.56017303466797
-105.2840576171875
-116.75016021728516
-105.26366424560547
-111.76017761230469
-106.28748321533203
-110.21463012695312
-108.77843475341797
-114.84918212890625
-110.91815185546875
-109.60444641113281
-113.39681243896484
-112.74826049804688
-108.61419677734375
-110.07255554199219
-112.97453308105469
-109.42171478271484
-111.86134338378906
-112.69369506835938
-116.4578628540039
-115.88198852539062
-119.1351318359375
-107.89661407470703
-116.56914520263672
-114.11050415039062
-116.31346130371094
-118.63017272949219
-120.15990447998047
-113.63404083251953
-116.0728988647461
-110.88684844970703
-114.1319808959961
-112.07646942138672
-112.91596984863281
-110.89122009277344
-107.3859634399414
-108.56397247314453
-115.77758026123047
-118.88914489746094
-118.30118560791016
-113.15592193603516
-110.62091064453125
-102.30628204345703
-115.97327423095703
-109.88683319091797
-107.07669067382812
-112.43197631835938
-109.65726470947266
-111.03221130371094
-115.495849609375
-107.61897277832031
-111.35836791992188
-116.36666870117188
-111.1711654663086
-110.94021606445312
-104.1172103881836
-114.43750762939453
-107.62725830078125
-112.43028259277344
-113.17655944824219
-112.60250854492188
-115.15387725830078
-106.98820495605469
-108.38908386230469
-114.06676483154297
-109.55455017089844
-111.76763153076172
-110.4646224975586
-115.30203247070312
-106.65198516845703
-113.42687225341797
-108.91747283935547
-111.17696380615234
-112.42777252197266
-104.6467514038086
-114.99010467529297
-114.05520629882812
-116.6890869140625
-109.09825134277344
-103.7967529296875
-115.93704223632812
-109.65547943115234
-110.98228454589844
-110.81719207763672
-116.3698501586914
-113.43392181396484
-111.6866226196289
-113.50814819335938
-111.64273834228516
-112.89643859863281
-109.63329315185547
-107.40393829345703
-116.41777801513672
-107.68317413330078
-117.5228500366211
-111.07801818847656
-115.47615814208984
-114.32560729980469
-114.36190032958984
-114.0877914428711
-116.80189514160156
-120.55300903320312
-120.7410888671875
-113.54411315917969
-111.68565368652344
-113.42053985595703
-107.07807922363281
-116.34324645996094
-114.77357482910156
-116.29237365722656
-110.86376953125
-117.0279312133789
-112.31991577148438
-111.63221740722656
-111.44155883789062
-111.7739028930664
-112.07125854492188
-115.4630355834961
-114.25489807128906
-110.08547973632812
-109.26615905761719
-114.20384979248047
-113.85889434814453
-109.91365814208984
-105.613525390625
-109.49472045898438
-111.1775131225586
-113.54264831542969
-123.5456314086914
-109.46910858154297
-115.50109100341797
-115.55928802490234
-109.87784576416016
-114.48966979980469
-107.19098663330078
-106.75422668457031
-111.05830383300781
-115.66246032714844
-103.87506103515625
-106.46340942382812
-112.99577331542969
-110.42808532714844
-112.87857055664062
-110.56818389892578
-115.91374969482422
-106.41012573242188
-112.8274917602539
-113.34687042236328
-103.8792953491211
-113.08478546142578
-113.2642822265625
-104.31153869628906
-107.51629638671875
-112.6051025390625
-107.70890808105469
-104.84083557128906
-114.16844940185547
-109.10971069335938
-113.08477020263672
-113.71804809570312
-112.16014862060547
-115.29641723632812
-106.21286010742188
-110.7466049194336
-114.27490997314453
-112.38284301757812
-113.73575592041016
-111.2477035522461
-115.65311431884766
-109.00409698486328
-108.86351013183594
-108.00365447998047
-111.42938232421875
-116.51273345947266
-110.96830749511719
-115.74991607666016
-109.04463195800781
-106.80181884765625
-117.44977569580078
-115.34596252441406
-112.89788055419922
-112.3099136352539
-111.71340942382812
-112.163330078125
-113.68157958984375
-107.14645385742188
-113.05447387695312
-107.68301391601562
-116.79739379882812
-107.83174896240234
-110.69830322265625
-114.03631591796875
-117.75856018066406
-107.46179962158203
-105.31280517578125
-108.1400146484375
-118.16815948486328
-119.2020263671875
-105.15094757080078
-118.50933074951172
-114.84883880615234
-112.61099243164062
-109.31845092773438
-111.15540313720703
-108.15896606445312
-118.43309020996094
-115.61569213867188
-110.8673095703125
-111.24455261230469
-108.59563446044922
-118.88086700439453
-117.92222595214844
-112.72036743164062
-113.38444519042969
-110.96005249023438
-116.54100799560547
-107.0716781616211
-107.15680694580078
-110.66743469238281
-111.05072784423828
-118.67730712890625
-111.98776245117188
-114.93358612060547
-116.45143127441406
-115.83531951904297
-106.86668395996094
-114.97129821777344
-114.41101837158203
-116.24629211425781
-119.28009796142578
-116.67346954345703
-111.5844955444336
-113.54017639160156
-110.47632598876953
-117.73731231689453
-114.86946105957031
-112.60453033447266
-114.1030502319336
-110.52957916259766
-112.50886535644531
-112.88771057128906
-109.85249328613281
-111.14168548583984
-105.17243957519531
-120.47888946533203
-115.16216278076172
-115.70232391357422
-107.5167465209961
-110.92024993896484
-107.69078826904297
-108.06655883789062
-112.07568359375
-106.6827392578125
-108.04145812988281
-107.70248413085938
-115.39344024658203
-110.53997802734375
-107.45893859863281
-114.4193115234375
-116.57569122314453
-108.39713287353516
-107.64179229736328
-108.49386596679688
-111.13648223876953
-110.24955749511719
-111.30355834960938
-106.76378631591797
-104.60047912597656
-120.43791961669922
-107.95550537109375
-109.93354797363281
-113.5824203491211
-109.29788208007812
-111.06468200683594
-105.37332916259766
-107.4965591430664
-121.49227905273438
-105.386474609375
-113.78925323486328
-112.7342758178711
-112.31173706054688
-122.12049865722656
-113.30120086669922
-114.67533874511719
-106.17174530029297
-107.54362487792969
-105.17952728271484
-119.26518249511719
-107.91001892089844
-108.10148620605469
-114.247314453125
-113.7284164428711
-106.36611938476562
-110.40203857421875
-118.18731689453125
-105.65763854980469
-108.75320434570312
-110.69849395751953
-110.15585327148438
-105.08674621582031
-117.15892028808594
-107.56217956542969
-118.16690826416016
-106.8243408203125
-108.60430908203125
-107.552978515625
-114.28019714355469
-110.91191864013672
-109.59806823730469
-113.95870208740234
-107.81840515136719
-111.90563201904297
-109.9869384765625
-116.8891830444336
-99.03499603271484
-110.6630859375
-107.68671417236328
-111.66358947753906
-107.10521697998047
-106.1072769165039
-113.09742736816406
-107.80615234375
-115.8633804321289
-109.10033416748047
-110.0541000366211
-117.6551742553711
-112.67960357666016
-117.47187805175781
-115.97428894042969
-117.41424560546875
-106.77719116210938
-112.67347717285156
-107.74337768554688
-117.94278717041016
-102.1395034790039
-109.32820129394531
-117.38741302490234
-117.24894714355469
-116.20923614501953
-105.63282775878906
-102.20352172851562
-114.8413314819336
-108.15130615234375
-109.21937561035156
-110.86066436767578
-108.2967529296875
-109.11485290527344
-109.97637176513672
-117.75852966308594
-106.76117706298828
-109.70108032226562
-98.55087280273438
-111.50146484375
-112.23550415039062
-101.65613555908203
-114.26351165771484
-107.6947021484375
-110.19715881347656
-105.25592803955078
-113.08594512939453
-114.0239486694336
-106.94717407226562
-108.27085876464844
-108.77684020996094
-116.11573791503906
-109.39634704589844
-112.94232940673828
-107.31502532958984
-111.05040740966797
-105.1194076538086
-107.5427474975586
-110.7039794921875
-109.76229095458984
-107.14726257324219
-105.19973754882812
-111.34349060058594
-111.1871566772461
-113.75188446044922
-107.37013244628906
-112.44183349609375
-111.32533264160156
-109.83946990966797
-114.80525970458984
-118.40869140625
-106.18553161621094
-105.59211730957031
-106.04671478271484
-106.91329956054688
-106.4736328125
-116.80582427978516
-107.54759979248047
-109.9471206665039
-108.32437896728516
-112.4911880493164
-110.83153533935547
-107.8070068359375
-112.19657897949219
-110.78357696533203
-117.56966400146484
-106.57465362548828
-109.47343444824219
-109.589111328125
-112.51705169677734
-111.85663604736328
-117.99249267578125
-120.33524322509766
-106.70626831054688
-111.86593627929688
-111.175048828125
-107.22718048095703
-111.85399627685547
-115.4094009399414
-109.86323547363281
-102.75019073486328
-116.28394317626953
-116.21048736572266
-106.91014099121094
-109.63294982910156
-106.06562042236328
-118.19617462158203
-113.7378158569336
-114.9280776977539
-107.6303939819336
-109.97016906738281
-108.63927459716797
-111.65159606933594
-110.59432983398438
-112.56376647949219
-112.57563018798828
-115.4669189453125
-108.91951751708984
-112.92789459228516
-112.21343994140625
-109.21691131591797
-111.96204376220703
-117.42642211914062
-115.058349609375
-114.72050476074219
-104.86377716064453
-110.78791809082031
-116.34243774414062
-107.75225830078125
-106.44335174560547
-108.03087615966797
-115.53836822509766
-101.35746002197266
-113.63525390625
-106.6073989868164
-119.74436950683594
-116.29488372802734
-111.78160095214844
-113.01966857910156
-116.75129699707031
-113.51066589355469
-110.62774658203125
-111.10760498046875
-112.14920043945312
-109.47032928466797
-103.14910125732422
-110.52161407470703
-105.37663269042969
-110.98350524902344
-109.20068359375
-110.03388214111328
-111.81678771972656
-107.0435791015625
-110.30770111083984
-105.64323425292969
-106.16268920898438
-116.63522338867188
-115.9822998046875
-109.69961547851562
-111.05622100830078
-112.99979400634766
-112.3145523071289
-106.19784545898438
-105.81340789794922
-110.7014389038086
-106.61113739013672
-113.27349090576172
-110.591552734375
-106.4797592163086
-115.73946380615234
-109.48674774169922
-120.22341918945312
-113.843017578125
-111.32601928710938
-109.47313690185547
-112.5999526977539
-107.32736206054688
-108.90506744384766
-108.15023040771484
-105.04197692871094
-106.01909637451172
-109.4710693359375
-105.61181640625
-110.04694366455078
-114.4139633178711
-110.1452865600586
-110.98491668701172
-115.28462982177734
-112.17774200439453
-109.21302032470703
-114.79295349121094
-109.40403747558594
-107.34043884277344
-110.39581298828125
-114.13603210449219
-110.57881164550781
-107.11290740966797
-116.49121856689453
-112.15495300292969
-117.70061492919922
-116.96890258789062
-109.50315856933594
-109.47811126708984
-104.29594421386719
-107.20452880859375
-106.5737533569336
-107.18122100830078
-108.21739196777344
-112.57648468017578
-123.2397232055664
-112.94544219970703
-117.21503448486328
-112.9972915649414
-111.18309020996094
-106.54576873779297
-112.13424682617188
-106.1256103515625
-108.99578094482422
-116.91288757324219
-106.17085266113281
-112.78860473632812
-109.47891235351562
-103.29692840576172
-108.24139404296875
-115.15115356445312
-112.41019439697266
-108.83124542236328
-113.85650634765625
-113.09461975097656
-114.32559204101562
-107.01362609863281
-107.09120178222656
-113.67119598388672
-106.65980529785156
-105.56608581542969
-112.88471221923828
-112.88777923583984
-115.10643768310547
-113.19093322753906
-111.01165008544922
-108.673828125
-112.44334411621094
-114.00418853759766
-109.21072387695312
-106.1776123046875
-107.62126159667969
-110.66802978515625
-109.04438018798828
-108.90725708007812
-113.74371337890625
-99.974853515625
-108.45980072021484
-112.22090911865234
-111.77196502685547
-109.58477020263672
-108.0848617553711
-108.8610610961914
-110.75436401367188
-105.66956329345703
-109.4458999633789
-116.83891296386719
-114.77883911132812
-112.0627212524414
-109.94080352783203
-110.33928680419922
-110.1330795288086
-111.57149505615234
-109.90841674804688
-105.93498229980469
-111.31309509277344
-109.31237030029297
-105.41091918945312
-110.0926513671875
-108.54785919189453
-107.36065673828125
-107.88138580322266
-109.51596069335938
-115.21381378173828
-117.59142303466797
-107.86079406738281
-110.05684661865234
-114.49668884277344
-108.18135070800781
-111.30632019042969
-104.1279525756836
-110.86051177978516
-114.27386474609375
-102.456787109375
-109.29512786865234
-116.28024291992188
-109.83264923095703
-112.00432586669922
-111.00861358642578
-114.1353759765625
-104.17445373535156
-112.4217529296875
-107.54969024658203
-103.49732971191406
-112.8237533569336
-110.49092864990234
-107.67935180664062
-104.75760650634766
-113.41014099121094
-113.75879669189453
-109.43560791015625
-107.31226348876953
-109.91409301757812
-115.40665435791016
-113.28128814697266
-110.25625610351562
-106.9092025756836
-109.92404174804688
-105.99345397949219
-110.18717193603516
-113.32482147216797
-113.28838348388672
-106.17141723632812
-118.98748016357422
-106.91976928710938
-108.4571533203125
-100.42119598388672
-106.82096862792969
-103.39682006835938
-107.78965759277344
-109.61109924316406
-100.22946166992188
-112.30712890625
-111.94137573242188
-110.1766586303711
-107.36880493164062
-116.70475006103516
-117.51264953613281
-105.83621978759766
-106.325927734375
-118.0171127319336
-112.00669860839844
-105.35803985595703
-111.5291748046875
-107.77165985107422
-108.43230438232422
-106.18168640136719
-110.40196228027344
-112.24146270751953
-111.06985473632812
-104.42056274414062
-110.18108367919922
-114.9964599609375
-103.2859115600586
-97.63152313232422
-106.38941955566406
-109.60338592529297
-110.99500274658203
-105.59657287597656
-111.1673583984375
-116.78729248046875
-108.89788055419922
-108.2454833984375
-111.91981506347656
-110.70452880859375
-111.45223236083984
-110.93811798095703
-117.83839416503906
-105.21543884277344
-106.7201156616211
-111.0770263671875
-114.94841766357422
-110.87850952148438
-108.88609313964844
-107.12810516357422
-108.76082611083984
-113.05809783935547
-103.66375732421875
-107.04940795898438
-110.31182098388672
-105.95338439941406
-110.86014556884766
-108.81522369384766
-115.9567642211914
-110.1460952758789
-111.18948364257812
-111.25802612304688
-108.9991226196289
-113.17882537841797
-109.56375885009766
-111.29315948486328
-106.9631118774414
-105.18303680419922
-106.23086547851562
-115.48847198486328
-116.72312927246094
-112.72377014160156
-103.68458557128906
-110.21881866455078
-113.8553237915039
-114.1611557006836
-113.72469329833984
-109.77288818359375
-106.16032409667969
-112.80677795410156
-110.38197326660156
-111.51832580566406
-109.97000885009766
-111.4442138671875
-105.1718521118164
-107.1267318725586
-102.42315673828125
-112.5618667602539
-114.08299255371094
-111.34508514404297
-111.65091705322266
-112.74784851074219
-107.03749084472656
-107.46299743652344
-113.03573608398438
-107.57600402832031
-113.87109375
-108.77530670166016
-111.34567260742188
-102.66661834716797
-107.8936996459961
-113.05948638916016
-109.84996032714844
-109.28694915771484
-113.15573120117188
-108.36890411376953
-109.22022247314453
-106.61873626708984
-106.2593765258789
-109.90375518798828
-111.72335052490234
-114.71217346191406
-114.69686889648438
-109.0054931640625
-108.24873352050781
-103.84363555908203
-113.41532135009766
-103.987548828125
-117.09749603271484
-109.66710662841797
-114.58654022216797
-107.06420135498047
-105.04903411865234
-108.3543701171875
-108.08638763427734
-109.7267074584961
-115.83160400390625
-113.0087661743164
-113.7421646118164
-106.34341430664062
-118.4111557006836
-107.25382995605469
-113.09280395507812
-115.10025024414062
-113.53111267089844
-112.02816009521484
-114.18465423583984
-109.69611358642578
-112.51087951660156
-108.26306915283203
-108.18157958984375
-111.10443878173828
-112.68799591064453
-112.44776916503906
-112.95868682861328
-114.58650207519531
-107.95150756835938
-113.59255981445312
-112.28209686279297
-109.181884765625
-114.6142807006836
-106.92018127441406
-115.22822570800781
-110.24042510986328
-106.54806518554688
-110.84335327148438
-113.67183685302734
-109.84378814697266
-107.6104507446289
-113.78611755371094
-109.85346221923828
-112.66674041748047
-117.20147705078125
-104.12077331542969
-109.62059020996094
-102.38983917236328
-113.98687744140625
-106.75533294677734
-107.43016052246094
-109.72509765625
-111.21241760253906
-111.64505004882812
-111.81647491455078
-107.58235168457031
-111.29427337646484
-110.2237319946289
-112.67110443115234
