-100.73126983642578
-112.65925598144531
-105.09114074707031
-111.39520263671875
-110.8561019897461
-108.32231903076172
-103.13880157470703
-96.91336059570312
-108.16390991210938
-100.35702514648438
-109.9522933959961
-104.41593933105469
-109.16202545166016
-107.71965789794922
-106.56965637207031
-101.7498550415039
-101.35746002197266
-112.36375427246094
-107.72676086425781
-102.30534362792969
-105.26710510253906
-106.30570983886719
-105.55281829833984
-108.46009826660156
-109.44956970214844
-115.2684097290039
-103.57738494873047
-110.55579376220703
-100.46005249023438
-103.97892761230469
-109.48089599609375
-114.22303771972656
-111.39334106445312
-113.64682006835938
-110.5553207397461
-104.20806121826172
-103.03021240234375
-107.57537841796875
-107.06890869140625
-106.1639175415039
-99.3132553100586
-101.82283020019531
-108.38197326660156
-104.572265625
-101.31919860839844
-109.4674072265625
-108.09966278076172
-107.5494155883789
-107.25191497802734
-104.77696228027344
-102.50304412841797
-105.70887756347656
-105.47786712646484
-117.66166687011719
-109.6802749633789
-105.52230834960938
-109.26272583007812
-99.14556121826172
-98.9501724243164
-111.33325958251953
-106.1228256225586
-110.59407043457031
-102.8467788696289
-106.06488800048828
-110.20243835449219
-101.14839172363281
-107.98332214355469
-106.59767150878906
-107.22462463378906
-102.71906280517578
-105.2363510131836
-103.60454559326172
-102.54582977294922
-111.51219177246094
-105.31838989257812
-106.41549682617188
-103.5156478881836
-106.3422622680664
-104.36820220947266
-107.75370025634766
-102.96047973632812
-106.02678680419922
-99.5983657836914
-105.18901062011719
-111.0814437866211
-105.37663269042969
-107.29606628417969
-101.8402099609375
-110.74960327148438
-99.91927337646484
-104.86849212646484
-106.5694808959961
-104.58235168457031
-107.65528869628906
-110.22245025634766
-104.213134765625
-109.06466674804688
-105.62953186035156
-103.21868896484375
-106.23290252685547
-107.32127380371094
-96.3382568359375
-110.91654205322266
-107.64543151855469
-105.8027114868164
-112.4356689453125
-107.86872863769531
-100.2667236328125
-103.895263671875
-100.54974365234375
-106.53958129882812
-96.1943130493164
-106.04251861572266
-100.5590591430664
-104.66741180419922
-104.0110092163086
-106.6506576538086
-103.62960052490234
-103.16307067871094
-99.6504898071289
-113.66573333740234
-105.4461441040039
-105.31197357177734
-101.32557678222656
-98.32139587402344
-107.52446746826172
-104.33335876464844
-100.96125030517578
-107.8586654663086
-107.16127014160156
-100.31103515625
-108.69862365722656
-100.39654541015625
-105.37312316894531
-101.27479553222656
-103.68054962158203
-104.34842681884766
-107.55865478515625
-103.73587799072266
-103.36119079589844
-107.72587585449219
-105.09366607666016
-102.8954086303711
-103.89435577392578
-109.06402587890625
-102.73818969726562
-105.5184326171875
-104.73849487304688
-108.41029357910156
-110.1574935913086
-112.19132995605469
-100.82505798339844
-109.19470977783203
-108.5321273803711
-110.67215728759766
-111.85746002197266
-113.70403289794922
-108.09671783447266
-110.49881744384766
-104.19377136230469
-107.64350891113281
-107.18450164794922
-106.85025787353516
-105.2054672241211
-101.22595977783203
-101.43462371826172
-108.98038482666016
-114.42381286621094
-111.87114715576172
-106.25224304199219
-104.70881652832031
-98.18158721923828
-110.39678192138672
-103.97229766845703
-101.60986328125
-105.0202407836914
-106.08915710449219
-105.99784851074219
-109.787841796875
-102.93427276611328
-106.90228271484375
-110.7646255493164
-104.68034362792969
-103.25650787353516
-98.20796966552734
-107.42212677001953
-100.62017822265625
-106.96192169189453
-107.75331115722656
-107.37910461425781
-109.31561279296875
-102.17693328857422
-101.95091247558594
-107.38213348388672
-103.3276138305664
-105.35261535644531
-103.50114440917969
-108.5162124633789
-100.88017272949219
-107.95440673828125
-102.91168212890625
-105.74028778076172
-106.69383239746094
-100.11055755615234
-107.29634857177734
-105.97500610351562
-111.89937591552734
-101.5912857055664
-98.87430572509766
-109.71805572509766
-103.2997817993164
-105.25676727294922
-104.78103637695312
-111.1087646484375
-107.12191009521484
-105.71036529541016
-107.25638580322266
-104.65406036376953
-107.0765151977539
-104.86103057861328
-100.5634765625
-110.913330078125
-102.26116943359375
-110.4014663696289
-106.55033111572266
-109.82014465332031
-108.92461395263672
-109.90262603759766
-108.958740234375
-111.00439453125
-114.0521469116211
-113.26429748535156
-109.4674072265625
-107.39994049072266
-109.96190643310547
-101.8375473022461
-108.6395034790039
-109.5754623413086
-111.45172119140625
-104.5256118774414
-110.68719482421875
-107.97795104980469
-105.94917297363281
-107.3774642944336
-107.20462036132812
-108.7685546875
-108.39298248291016
-109.84956359863281
-104.51708221435547
-103.09182739257812
-109.2191390991211
-109.35887145996094
-103.89892578125
-98.85133361816406
-104.14389038085938
-106.0752944946289
-107.7474136352539
-117.77059173583984
-104.85911560058594
-109.1301040649414
-109.63580322265625
-105.20831298828125
-106.50751495361328
-101.77194213867188
-100.12165832519531
-105.64635467529297
-108.64884948730469
-100.31558227539062
-103.43744659423828
-106.727294921875
-104.84974670410156
-106.09449005126953
-104.77747344970703
-110.64649200439453
-101.14571380615234
-107.0731201171875
-107.9812240600586
-99.55802917480469
-104.81462860107422
-109.48220825195312
-97.86792755126953
-102.55602264404297
-105.7638168334961
-102.4753189086914
-99.74848937988281
-109.35882568359375
-103.67635345458984
-107.8841552734375
-108.52667236328125
-107.13272094726562
-107.71268463134766
-101.13201904296875
-104.20589447021484
-108.55593872070312
-106.05741119384766
-106.73320770263672
-104.45476531982422
-109.73155975341797
-104.02979278564453
-102.40086364746094
-102.93966674804688
-104.50575256347656
-111.22071075439453
-105.7657470703125
-108.0560073852539
-103.20980834960938
-102.12405395507812
-110.88088989257812
-109.1148681640625
-107.30437469482422
-106.87454986572266
-107.27767181396484
-105.47652435302734
-107.93258666992188
-101.19881439208984
-105.75205993652344
-101.33316040039062
-110.05045318603516
-101.61648559570312
-104.3746109008789
-106.54539489746094
-110.5923843383789
-102.02586364746094
-100.27408599853516
-101.4751205444336
-110.05518341064453
-111.9307632446289
-101.6717758178711
-110.77606964111328
-107.53416442871094
-107.4316177368164
-103.75282287597656
-104.38336944580078
-102.01138305664062
-111.6959457397461
-109.6203384399414
-103.85665130615234
-105.86849212646484
-102.7107925415039
-112.74247741699219
-110.96925354003906
-106.64786529541016
-108.03041076660156
-104.50115203857422
-109.93565368652344
-101.03034973144531
-100.89938354492188
-104.10513305664062
-105.82109832763672
-113.57283020019531
-106.26021575927734
-107.50062561035156
-109.6383285522461
-111.54772186279297
-101.53672790527344
-107.25901794433594
-109.88063049316406
-110.11994171142578
-112.81745147705078
-110.33609771728516
-105.42170715332031
-108.44111633300781
-104.84690856933594
-110.83727264404297
-107.48027038574219
-106.86053466796875
-107.59537506103516
-105.8062515258789
-107.16445922851562
-108.71560668945312
-105.56295776367188
-104.76343536376953
-99.80366516113281
-112.36260986328125
-108.1572036743164
-110.14216613769531
-102.81573486328125
-105.56617736816406
-100.49569702148438
-102.1629867553711
-104.37203979492188
-99.6355209350586
-101.94046783447266
-102.3991470336914
-109.28287506103516
-103.9216537475586
-103.61441040039062
-107.68783569335938
-107.74275207519531
-103.97967529296875
-101.5556869506836
-102.1159439086914
-104.18585968017578
-103.72169494628906
-107.7000503540039
-103.1321792602539
-99.04022216796875
-113.10578155517578
-103.06175231933594
-104.8506088256836
-106.57238006591797
-104.50186157226562
-103.71766662597656
-99.56149291992188
-101.97077178955078
-114.80194854736328
-98.0309829711914
-106.00727844238281
-106.48924255371094
-106.58846282958984
-115.09769439697266
-110.85999298095703
-108.5545883178711
-101.00473022460938
-103.16384887695312
-99.1419906616211
-114.21407318115234
-103.49270629882812
-102.947265625
-106.8382339477539
-106.34681701660156
-101.7038345336914
-105.69654846191406
-112.22122192382812
-100.3468246459961
-104.3088150024414
-104.45030975341797
-102.39298248291016
-99.74943542480469
-109.68375396728516
-102.23141479492188
-111.69151306152344
-100.63202667236328
-102.638671875
-101.5704116821289
-106.65538787841797
-105.28621673583984
-106.54077911376953
-107.43197631835938
-102.18949890136719
-106.313232421875
-104.28163146972656
-110.4835205078125
-96.7854995727539
-104.89347076416016
-101.0159912109375
-106.47818756103516
-102.34452056884766
-99.95340728759766
-107.50370788574219
-101.06498718261719
-108.81393432617188
-103.41714477539062
-104.49606323242188
-111.9244384765625
-106.43527221679688
-111.1889419555664
-110.34510040283203
-112.4525375366211
-101.9808578491211
-106.49259185791016
-101.2468490600586
-111.27240753173828
-95.51647186279297
-104.0574722290039
-112.782470703125
-113.75869750976562
-107.9525146484375
-99.79653930664062
-99.07528686523438
-108.25952911376953
-102.07820892333984
-104.35528564453125
-105.92599487304688
-104.75695037841797
-103.91944885253906
-105.59160614013672
-112.14806365966797
-100.61648559570312
-103.9910659790039
-96.12556457519531
-105.28502655029297
-105.24866485595703
-96.78913116455078
-109.10446166992188
-103.11421203613281
-103.29432678222656
-98.40447998046875
-109.01972198486328
-110.7708969116211
-101.77239990234375
-103.03059387207031
-104.39320373535156
-111.103759765625
-104.43238830566406
-108.36772918701172
-102.39041900634766
-105.19773864746094
-97.69363403320312
-103.76338958740234
-105.72309875488281
-104.98148345947266
-102.21953582763672
-99.89533233642578
-106.44697570800781
-106.74251556396484
-109.30032348632812
-101.4449462890625
-105.8720474243164
-107.17279815673828
-103.92630767822266
-109.46505737304688
-113.25911712646484
-101.75682067871094
-101.15859985351562
-100.34040069580078
-103.57491302490234
-101.60355377197266
-111.00147247314453
-102.4648666381836
-105.1429672241211
-102.5853042602539
-107.22306823730469
-106.25630187988281
-102.82470703125
-109.90235900878906
-104.9587173461914
-111.42962646484375
-103.04119873046875
-103.7888412475586
-106.53679656982422
-107.46937561035156
-107.56697082519531
-111.8292236328125
-114.23201751708984
-102.3609619140625
-106.1763687133789
-106.98347473144531
-101.29460144042969
-105.88697814941406
-110.04231262207031
-104.52999114990234
-98.56238555908203
-107.51148986816406
-109.44609069824219
-99.35081481933594
-104.10198211669922
-99.83354187011719
-112.82581329345703
-108.91918182373047
-107.85086059570312
-101.2801284790039
-103.1659164428711
-103.96018981933594
-107.43901824951172
-104.36286163330078
-108.00424194335938
-108.43620300292969
-110.57720947265625
-103.77098846435547
-105.99178314208984
-105.83285522460938
-104.59371185302734
-107.42947387695312
-111.56208801269531
-110.37284088134766
-109.44679260253906
-100.56896209716797
-105.441162109375
-111.94005584716797
-103.74756622314453
-100.30316925048828
-102.08248901367188
-109.82018280029297
-96.96399688720703
-107.25918579101562
-102.24635314941406
-115.25444793701172
-111.18549346923828
-107.50450134277344
-108.20457458496094
-111.9559555053711
-107.15383911132812
-105.36433410644531
-105.08877563476562
-107.3516845703125
-103.09485626220703
-98.12712097167969
-104.38853454589844
-100.76937866210938
-106.36903381347656
-104.24437713623047
-105.29816436767578
-104.94680786132812
-101.61648559570312
-104.90769958496094
-101.69723510742188
-102.35240936279297
-112.02244567871094
-109.33467864990234
-104.38371276855469
-107.02702331542969
-107.76570892333984
-107.81147766113281
-102.3603515625
-101.41376495361328
-108.8260726928711
-102.62466430664062
-108.2469253540039
-104.00570678710938
-102.13154602050781
-108.66529083251953
-102.6578598022461
-114.42453002929688
-109.46546936035156
-106.35989379882812
-104.05709075927734
-107.33299255371094
-103.63944244384766
-104.19267272949219
-105.21782684326172
-100.5508804321289
-100.94026184082031
-105.07661437988281
-99.9757080078125
-106.2787094116211
-110.0431137084961
-106.19038391113281
-105.63188171386719
-111.29615020751953
-106.865234375
-105.50857543945312
-109.53330993652344
-103.41544342041016
-103.39061737060547
-104.52648162841797
-107.77592468261719
-106.17996215820312
-101.25428771972656
-113.78772735595703
-108.24883270263672
-112.69622039794922
-111.115234375
-105.57127380371094
-104.13494873046875
-99.1634750366211
-102.82184600830078
-101.94523620605469
-101.66886901855469
-102.4022445678711
-106.35018157958984
-119.32923126220703
-106.26972198486328
-113.33008575439453
-109.34466552734375
-107.52700805664062
-101.72042083740234
-107.48287200927734
-101.47840118408203
-104.53825378417969
-111.63921356201172
-100.59579467773438
-109.675537109375
-104.01580810546875
-99.5750503540039
-103.66907501220703
-110.91712188720703
-105.22501373291016
-103.45500183105469
-109.60887908935547
-108.05012512207031
-108.11355590820312
-102.4992446899414
-102.40267181396484
-108.84918212890625
-101.41712188720703
-102.11792755126953
-108.90545654296875
-109.13290405273438
-109.95921325683594
-106.84172821044922
-107.28304290771484
-104.9653549194336
-108.69795227050781
-108.95933532714844
-103.14349365234375
-101.98675537109375
-103.80506134033203
-106.56689453125
-105.05763244628906
-104.1728515625
-107.66881561279297
-97.31002807617188
-104.44381713867188
-106.73216247558594
-107.84195709228516
-106.21870422363281
-103.78960418701172
-105.28250122070312
-105.80794525146484
-100.5919418334961
-105.62635803222656
-112.81802368164062
-111.58856964111328
-107.3026123046875
-105.93508911132812
-105.85816955566406
-105.59976959228516
-108.74565887451172
-105.24191284179688
-102.3973159790039
-105.49472045898438
-105.41312408447266
-101.40962982177734
-106.19676971435547
-102.79375457763672
-104.16374969482422
-101.81659698486328
-104.83181762695312
-109.00260925292969
-110.68161010742188
-102.70159149169922
-105.3905258178711
-109.39567565917969
-104.29828643798828
-107.816650390625
-100.61071014404297
-105.10333251953125
-109.96244049072266
-98.61862182617188
-106.27850341796875
-110.6917495727539
-105.90045166015625
-104.96401977539062
-105.57798767089844
-108.63298034667969
-100.4475326538086
-107.6844253540039
-102.1029281616211
-99.86283874511719
-106.74554443359375
-106.07910919189453
-103.46560668945312
-101.4151840209961
-108.35556030273438
-109.24897003173828
-105.11320495605469
-103.63108825683594
-107.20036315917969
-110.04268646240234
-109.05265808105469
-104.08295440673828
-102.46717834472656
-105.71465301513672
-100.44632720947266
-105.27073669433594
-109.25747680664062
-107.59042358398438
-101.10694885253906
-112.48985290527344
-103.06197357177734
-103.18257141113281
-95.8039321899414
-102.89323425292969
-98.71656799316406
-103.06282806396484
-104.76695251464844
-97.07810974121094
-107.94178009033203
-108.16740417480469
-104.27828979492188
-102.37505340576172
-111.13201141357422
-112.31103515625
-100.08583068847656
-102.7389907836914
-114.27995300292969
-107.78898620605469
-100.87042236328125
-105.6754379272461
-103.4994125366211
-104.74410247802734
-102.21002197265625
-104.66890716552734
-106.8313217163086
-107.3745346069336
-100.2344970703125
-103.65577697753906
-109.8733901977539
-98.41455078125
-93.81206512451172
-101.78628540039062
-103.76787567138672
-107.63785552978516
-102.02490234375
-106.12722778320312
-110.41825866699219
-105.60444641113281
-103.4832534790039
-107.35367584228516
-105.03631591796875
-107.56558990478516
-106.67605590820312
-113.92652893066406
-102.063720703125
-102.20748138427734
-105.75039672851562
-111.32896423339844
-105.82067108154297
-104.16061401367188
-104.19940185546875
-104.34184265136719
-108.21954345703125
-100.34183502197266
-103.04531860351562
-105.81417083740234
-103.51712036132812
-107.7679672241211
-105.02347564697266
-110.12671661376953
-105.56326293945312
-106.8218765258789
-106.60509490966797
-104.13539123535156
-109.10797119140625
-105.8080062866211
-108.00123596191406
-102.83612823486328
-102.00003814697266
-102.57757568359375
-109.81694030761719
-112.84390258789062
-108.69535064697266
-98.88916015625
-106.20027923583984
-109.78759765625
-109.05815887451172
-108.1693344116211
-105.4697036743164
-102.5737533569336
-108.58621215820312
-106.26349639892578
-105.65741729736328
-103.59850311279297
-105.69597625732422
-100.2659683227539
-104.11518859863281
-96.86261749267578
-108.56443786621094
-109.7757568359375
-106.72584533691406
-106.99005889892578
-108.76219940185547
-101.67096710205078
-103.4585952758789
-108.61902618408203
-102.4195327758789
-109.62208557128906
-105.81719207763672
-106.91320037841797
-98.68040466308594
-102.51483917236328
-106.9686279296875
-103.7576904296875
-104.08407592773438
-109.94647979736328
-102.36913299560547
-105.9145736694336
-102.20814514160156
-102.68840026855469
-106.20378112792969
-104.78843688964844
-109.70341491699219
-109.3512954711914
-103.96412658691406
-104.07643127441406
-100.41815185546875
-107.58626556396484
-99.83686065673828
-111.86896514892578
-105.21531677246094
-109.14910125732422
-101.25419616699219
-101.71675872802734
-101.99617767333984
-103.01145935058594
-106.08816528320312
-110.75711059570312
-109.03418731689453
-109.8301773071289
-103.05482482910156
-114.55461883544922
-104.17180633544922
-108.2646484375
-110.16392517089844
-109.49186706542969
-107.93090057373047
-109.72608184814453
-104.95720672607422
-106.94965362548828
-104.34541320800781
-105.22620391845703
-107.90579223632812
-106.8850326538086
-108.94086456298828
-107.99441528320312
-109.6355972290039
-103.13468933105469
-108.66193389892578
-106.10010528564453
-103.52828216552734
-110.03274536132812
-102.04693603515625
-107.84837341308594
-104.93222045898438
-101.97058868408203
-105.30472564697266
-109.55572509765625
-103.8410415649414
-103.1454086303711
-107.85189056396484
-105.65570068359375
-107.9373779296875
-111.8700942993164
-99.17499542236328
-104.69139862060547
-100.36074829101562
-110.29546356201172
-100.19538879394531
-102.55465698242188
-106.45314025878906
-105.73501586914062
-106.16878509521484
-108.45504760742188
-104.27947998046875
-105.71078491210938
-104.494873046875
-107.5649185180664
