-101.4475326538086
-112.62946319580078
-105.83361053466797
-109.90128326416016
-112.59757995605469
-108.62376403808594
-102.9653091430664
-95.52613067626953
-107.9605941772461
-101.72882843017578
-110.3377456665039
-107.32946014404297
-109.49711608886719
-108.93331909179688
-105.61626434326172
-100.55310821533203
-101.39888000488281
-111.88673400878906
-107.79180145263672
-103.5884780883789
-107.2253646850586
-106.94518280029297
-104.75255584716797
-107.97026824951172
-109.99327087402344
-116.40325164794922
-103.62312316894531
-110.44464111328125
-100.37712097167969
-105.14132690429688
-108.81256103515625
-115.76349639892578
-111.81322479248047
-113.60033416748047
-111.4823989868164
-104.8431625366211
-103.40890502929688
-106.69365692138672
-106.98883819580078
-105.66893768310547
-101.05133819580078
-101.6010513305664
-108.94343566894531
-103.92278289794922
-102.74349212646484
-110.73099517822266
-108.19039916992188
-106.86106872558594
-105.66985321044922
-106.16232299804688
-101.28833770751953
-105.64881896972656
-103.78096008300781
-117.6918716430664
-109.63540649414062
-105.51966857910156
-108.80023956298828
-100.17977142333984
-97.78398132324219
-112.80651092529297
-105.47903442382812
-111.24115753173828
-102.9412612915039
-106.38301849365234
-108.28276824951172
-102.37144470214844
-107.45610046386719
-105.58940887451172
-106.64090728759766
-101.61305236816406
-106.08293914794922
-103.04224395751953
-102.38321685791016
-110.2318115234375
-105.57379913330078
-107.64476013183594
-102.88780975341797
-107.57431030273438
-104.87150573730469
-108.8232650756836
-101.9569091796875
-105.53244018554688
-99.83842468261719
-104.33733367919922
-109.74005126953125
-106.51774597167969
-105.53739166259766
-100.74099731445312
-109.43115997314453
-100.85598754882812
-103.9521255493164
-106.9764404296875
-105.23362731933594
-107.98538970947266
-110.19221496582031
-103.64579010009766
-107.95157623291016
-105.98155212402344
-104.32453918457031
-107.33562469482422
-107.86632537841797
-97.4056396484375
-111.32698822021484
-108.03426361083984
-104.8695297241211
-111.44056701660156
-107.70446014404297
-101.48833465576172
-104.59163665771484
-101.46803283691406
-107.8300552368164
-96.6419448852539
-106.1895751953125
-100.43449401855469
-105.95711517333984
-104.205078125
-107.77687072753906
-103.6598129272461
-103.55107116699219
-100.6532974243164
-114.0283203125
-106.11949920654297
-105.61705780029297
-103.0110855102539
-98.55774688720703
-109.31404113769531
-104.06017303466797
-100.980224609375
-107.7589111328125
-107.3740234375
-102.12896728515625
-108.6689682006836
-100.47541046142578
-105.8748779296875
-100.78771209716797
-104.91936492919922
-104.92312622070312
-108.04307556152344
-103.71212005615234
-104.61481475830078
-108.09442138671875
-106.21051788330078
-104.11637878417969
-105.56568908691406
-108.90180969238281
-103.01924133300781
-106.05582427978516
-105.060791015625
-108.8511734008789
-112.0342025756836
-112.76875305175781
-101.94412231445312
-108.5149154663086
-109.71595764160156
-112.5081787109375
-112.60409545898438
-112.77365112304688
-107.98683166503906
-111.18575286865234
-105.34065246582031
-107.07241821289062
-106.95399475097656
-107.50891876220703
-105.89940643310547
-101.45328521728516
-101.75834655761719
-109.7448501586914
-116.01439666748047
-111.90660095214844
-107.64114379882812
-105.13429260253906
-98.39910888671875
-109.52289581298828
-104.43052673339844
-101.13639831542969
-104.38388061523438
-104.69194793701172
-104.16914367675781
-110.03801727294922
-101.91967010498047
-107.01817321777344
-111.11853790283203
-104.72508239746094
-104.4986572265625
-99.3003921508789
-107.29804992675781
-101.48045349121094
-107.43275451660156
-107.28555297851562
-107.5875473022461
-108.5975112915039
-103.24120330810547
-101.4949722290039
-107.21927642822266
-103.02851867675781
-105.80004119873047
-103.69284057617188
-109.93865966796875
-101.57563018798828
-107.76228332519531
-103.88421630859375
-107.3651123046875
-106.43052673339844
-99.61009216308594
-108.3016357421875
-106.49996948242188
-110.82862854003906
-101.58734893798828
-100.0972671508789
-111.1019515991211
-105.15181732177734
-105.02764892578125
-105.1755599975586
-113.05894470214844
-108.91339874267578
-105.79222869873047
-107.41738891601562
-105.16114807128906
-109.7761459350586
-103.98394012451172
-101.02629089355469
-111.13262939453125
-102.83358764648438
-110.6509780883789
-105.63513946533203
-109.3795166015625
-109.18791198730469
-109.14666748046875
-108.58846282958984
-111.30237579345703
-113.79296112060547
-113.2135238647461
-109.39064025878906
-105.67678833007812
-108.18876647949219
-101.76570129394531
-109.78182983398438
-108.38591766357422
-110.35161590576172
-104.59181213378906
-111.12944793701172
-107.07316589355469
-104.9671859741211
-107.03447723388672
-107.28480529785156
-108.83841705322266
-108.34548950195312
-110.29606628417969
-105.87364196777344
-103.02017211914062
-109.6962890625
-107.57364654541016
-102.37747955322266
-100.07257080078125
-105.31439971923828
-105.03936767578125
-108.64710998535156
-118.21905517578125
-105.8584213256836
-109.58899688720703
-109.11394500732422
-104.7215347290039
-108.83515930175781
-100.88442993164062
-101.587646484375
-105.52047729492188
-109.86051940917969
-99.17080688476562
-102.95003509521484
-107.00929260253906
-104.7534408569336
-106.31892395019531
-105.27896881103516
-108.71939086914062
-99.55345916748047
-106.33562469482422
-108.92860412597656
-98.95283508300781
-103.97402954101562
-109.00934600830078
-98.1321029663086
-102.67159271240234
-106.61756134033203
-103.0268325805664
-99.67815399169922
-109.21540832519531
-104.72017669677734
-108.54721069335938
-108.86151123046875
-108.1397705078125
-106.87974548339844
-101.6050033569336
-104.86222839355469
-107.83744812011719
-107.47582244873047
-107.1131362915039
-104.45762634277344
-110.54756164550781
-103.98269653320312
-100.32164764404297
-103.2753677368164
-105.0916976928711
-111.56043243408203
-105.93763732910156
-107.8234634399414
-102.96484375
-102.68463897705078
-112.733642578125
-108.86634826660156
-108.39384460449219
-107.69734191894531
-107.78842163085938
-105.16370391845703
-108.3720474243164
-101.79814147949219
-106.2790298461914
-100.99134826660156
-111.51412963867188
-102.677734375
-105.46202087402344
-106.6908950805664
-112.59815979003906
-103.5074691772461
-99.77650451660156
-101.6557388305664
-110.70124816894531
-114.18043518066406
-100.1944808959961
-110.92761993408203
-109.17939758300781
-107.97276306152344
-104.57333374023438
-106.14298248291016
-102.59442138671875
-113.05772399902344
-111.1000747680664
-105.1773452758789
-106.14091491699219
-102.4083023071289
-113.8310317993164
-110.54795837402344
-107.82465362548828
-108.72699737548828
-106.90694427490234
-110.3803482055664
-100.83300018310547
-100.94912719726562
-106.30638122558594
-105.99440002441406
-114.847900390625
-106.19881439208984
-109.31121063232422
-110.27204895019531
-112.63348388671875
-101.76395416259766
-109.3078384399414
-110.49872589111328
-110.12906646728516
-114.12588500976562
-108.91802215576172
-105.62129211425781
-108.01439666748047
-105.90859985351562
-111.19485473632812
-108.3408203125
-106.63396453857422
-107.86062622070312
-106.7472152709961
-108.04893493652344
-109.00334167480469
-105.87345123291016
-105.42041778564453
-100.21430206298828
-111.7935791015625
-109.30274963378906
-110.45784759521484
-102.21842956542969
-105.55809020996094
-100.85425567626953
-102.13970947265625
-106.80493927001953
-102.50511169433594
-101.91426086425781
-103.94310760498047
-109.96961212158203
-104.2049331665039
-103.40496826171875
-107.32778930664062
-109.47862243652344
-104.45063781738281
-101.43138122558594
-102.87743377685547
-104.81668853759766
-103.81031036376953
-107.37012481689453
-102.7528076171875
-99.75135040283203
-113.60231018066406
-104.00849151611328
-104.52418518066406
-108.440185546875
-105.09410858154297
-105.05569458007812
-99.36994171142578
-103.03324890136719
-116.32833862304688
-98.4015884399414
-107.08651733398438
-106.61835479736328
-105.5171890258789
-115.10057067871094
-109.53196716308594
-107.70189666748047
-100.89617919921875
-102.87889099121094
-100.15032958984375
-112.15138244628906
-102.26738739013672
-102.23365783691406
-108.37968444824219
-107.24571228027344
-100.9556655883789
-105.17346954345703
-111.79503631591797
-101.53288269042969
-102.66533660888672
-104.3607406616211
-102.68002319335938
-99.58978271484375
-111.44341278076172
-102.47544860839844
-112.06172180175781
-101.8907241821289
-105.44029998779297
-102.80381774902344
-107.10638427734375
-104.72606658935547
-105.41513061523438
-107.35667419433594
-102.05294036865234
-106.87320709228516
-105.47144317626953
-112.08769226074219
-96.53992462158203
-104.70226287841797
-101.82438659667969
-107.26190185546875
-101.49828338623047
-99.5737533569336
-108.34373474121094
-101.89439392089844
-109.01862335205078
-102.9161605834961
-103.5322036743164
-111.77438354492188
-105.74278259277344
-111.25727844238281
-110.11351776123047
-112.40568542480469
-101.66271209716797
-106.69459533691406
-102.47210693359375
-113.89421844482422
-95.32217407226562
-103.52049255371094
-112.4717788696289
-111.99002075195312
-108.59823608398438
-99.71022033691406
-98.66571044921875
-107.12213134765625
-103.16456604003906
-103.2770004272461
-106.53763580322266
-104.34664916992188
-104.24787139892578
-104.61563110351562
-112.34841918945312
-101.90533447265625
-103.40064239501953
-95.22660064697266
-105.54971313476562
-107.28367614746094
-97.51859283447266
-109.12083435058594
-102.45172119140625
-103.70997619628906
-99.4904556274414
-108.17268371582031
-108.4803237915039
-103.18238830566406
-104.74640655517578
-103.90974426269531
-111.5291976928711
-104.85404968261719
-108.61727142333984
-101.77699279785156
-105.00040435791016
-97.65493774414062
-104.17274475097656
-105.73535919189453
-105.25707244873047
-101.87300109863281
-100.96837615966797
-105.21189880371094
-107.25430297851562
-109.57991790771484
-102.5491714477539
-105.85549926757812
-107.87052917480469
-103.10530853271484
-108.72488403320312
-113.64735412597656
-102.41996765136719
-101.80125427246094
-100.2822494506836
-102.60334014892578
-102.24073791503906
-111.78899383544922
-103.94405364990234
-106.1163330078125
-103.53015899658203
-108.16027069091797
-107.24663543701172
-102.64608001708984
-109.8555679321289
-107.41502380371094
-112.73690032958984
-103.27684020996094
-104.89196014404297
-106.24950408935547
-107.80448913574219
-109.78079223632812
-111.35148620605469
-115.25737762451172
-103.16320037841797
-107.02527618408203
-107.39421844482422
-101.72048950195312
-106.2856674194336
-111.3919448852539
-104.72722625732422
-98.3048324584961
-108.64287567138672
-110.02845001220703
-100.75999450683594
-105.94049835205078
-100.78251647949219
-111.59982299804688
-108.80750274658203
-109.87923431396484
-102.03265380859375
-102.74199676513672
-104.6279067993164
-108.4996109008789
-104.504150390625
-109.07683563232422
-109.02253723144531
-111.52001190185547
-104.21292877197266
-107.03559875488281
-106.67841339111328
-103.6666259765625
-107.15973663330078
-111.50279998779297
-109.8397216796875
-109.6299819946289
-100.56330871582031
-106.84783172607422
-112.00305938720703
-102.5739517211914
-101.39956665039062
-101.44499206542969
-109.95735931396484
-98.52067565917969
-107.89839935302734
-102.5189208984375
-113.9532241821289
-110.88653564453125
-107.4813232421875
-109.76497650146484
-112.5992660522461
-106.83871459960938
-104.4875717163086
-105.91443634033203
-108.29026794433594
-103.8948745727539
-98.64006805419922
-104.76807403564453
-100.06170654296875
-106.7799301147461
-105.15020751953125
-104.27750396728516
-105.52157592773438
-102.27967071533203
-105.03507232666016
-101.85813903808594
-102.89952087402344
-113.50907897949219
-110.5023422241211
-104.56890869140625
-106.54679870605469
-107.65345001220703
-107.19583892822266
-101.22412109375
-100.973876953125
-108.54863739013672
-103.37678527832031
-107.79552459716797
-105.97911071777344
-101.66533660888672
-109.02816009521484
-102.51473236083984
-114.71582794189453
-107.60204315185547
-105.79552459716797
-103.82817077636719
-108.22464752197266
-102.43251037597656
-102.86289978027344
-105.20651245117188
-100.244873046875
-100.53662109375
-104.18399810791016
-101.06781005859375
-106.34766387939453
-110.99097442626953
-106.13726806640625
-107.02587890625
-111.20407104492188
-107.42452239990234
-104.83541107177734
-109.62226867675781
-103.3703384399414
-102.25666046142578
-105.55375671386719
-108.23969268798828
-106.03857421875
-101.5791015625
-112.79815673828125
-109.12773895263672
-111.49322509765625
-111.00596618652344
-105.78787994384766
-103.68059539794922
-99.98999786376953
-103.23388671875
-104.11040496826172
-102.7135009765625
-103.69059753417969
-106.99419403076172
-119.1454849243164
-107.44093322753906
-112.94019317626953
-110.0484390258789
-109.2175064086914
-102.3367919921875
-108.6753921508789
-102.66560363769531
-105.07907104492188
-111.77802276611328
-101.26006317138672
-108.90756225585938
-104.00608825683594
-99.4378662109375
-104.77207946777344
-111.3435287475586
-105.77647399902344
-104.25987243652344
-109.85443878173828
-108.85118865966797
-109.44405364990234
-102.87651062011719
-102.74064636230469
-109.4211196899414
-102.18655395507812
-101.87822723388672
-108.88329315185547
-110.17433166503906
-108.6893081665039
-107.5151138305664
-107.58613586425781
-105.21675109863281
-108.77812957763672
-107.18463134765625
-103.25163269042969
-103.11024475097656
-104.52193450927734
-106.53299713134766
-104.62165069580078
-104.19669342041016
-108.36898040771484
-97.45909118652344
-104.69019317626953
-106.57845306396484
-107.93583679199219
-106.31883239746094
-104.6530990600586
-105.87854766845703
-104.79286193847656
-102.72742462158203
-105.5770492553711
-113.32102966308594
-110.67340850830078
-107.09373474121094
-104.36492919921875
-106.17955780029297
-104.6470718383789
-109.15835571289062
-105.2401351928711
-103.67556762695312
-106.40919494628906
-104.81039428710938
-101.6286392211914
-106.39368438720703
-103.18916320800781
-103.92684173583984
-102.92579650878906
-104.42121124267578
-110.25591278076172
-111.97737121582031
-102.34626770019531
-106.95103454589844
-109.10719299316406
-104.61577606201172
-108.95423126220703
-99.54800415039062
-105.89115905761719
-109.89582061767578
-99.2454605102539
-104.86307525634766
-110.50334167480469
-106.050537109375
-106.6183853149414
-106.1463623046875
-108.40912628173828
-100.0969467163086
-106.83354949951172
-103.77499389648438
-99.21289825439453
-107.08251190185547
-106.33545684814453
-102.79759979248047
-100.04058074951172
-109.57652282714844
-108.98965454101562
-103.080810546875
-103.80186462402344
-106.03329467773438
-109.48110961914062
-108.16763305664062
-104.81063842773438
-101.78756713867188
-106.24215698242188
-100.94046783447266
-105.799072265625
-108.83074951171875
-106.35398864746094
-102.4480209350586
-112.02588653564453
-102.90917205810547
-103.76065063476562
-96.14090728759766
-102.65544891357422
-99.1203842163086
-104.02051544189453
-105.69867706298828
-96.27127838134766
-108.39865112304688
-109.17689514160156
-105.43024444580078
-102.67652130126953
-113.02954864501953
-113.16475677490234
-101.39471435546875
-104.0918197631836
-113.19688415527344
-109.79317474365234
-101.22067260742188
-108.1092300415039
-104.23960876464844
-104.74420166015625
-102.37179565429688
-105.31404113769531
-107.62068176269531
-108.18405151367188
-100.21912384033203
-104.23008728027344
-109.41885375976562
-98.72145080566406
-93.71795654296875
-101.15662384033203
-104.58415985107422
-107.61408996582031
-102.28311157226562
-107.30403900146484
-109.57022857666016
-106.28663635253906
-103.59431457519531
-107.94221496582031
-106.98824310302734
-108.10985565185547
-106.49824523925781
-113.38377380371094
-102.04927062988281
-102.94794464111328
-106.44122314453125
-111.01338195800781
-106.81632232666016
-105.00106811523438
-103.82161712646484
-104.23758697509766
-108.21248626708984
-101.53890228271484
-102.9585952758789
-105.38888549804688
-103.18424224853516
-107.67784118652344
-107.23103332519531
-111.65913391113281
-107.54419708251953
-106.35472869873047
-107.18620300292969
-105.3197250366211
-110.16985321044922
-104.93415832519531
-109.27967834472656
-103.45193481445312
-102.31261444091797
-102.2182388305664
-111.94036102294922
-112.43316650390625
-107.34259796142578
-100.25140380859375
-105.41375732421875
-109.54297637939453
-108.80593872070312
-107.60993957519531
-104.55571746826172
-103.31819152832031
-108.36566162109375
-106.40978240966797
-105.9662857055664
-103.98629760742188
-106.74901580810547
-100.78831481933594
-104.00525665283203
-98.14834594726562
-109.28479766845703
-109.51959991455078
-106.38676452636719
-107.17413330078125
-108.4722900390625
-102.32439422607422
-102.73886108398438
-108.88695526123047
-102.9143295288086
-109.89873504638672
-104.9675064086914
-106.18946075439453
-98.9488754272461
-102.89922332763672
-108.5579605102539
-104.56156158447266
-105.50957489013672
-109.88455200195312
-103.71375274658203
-105.3704605102539
-103.10979461669922
-104.41409301757812
-105.58356475830078
-106.78356170654297
-111.10400390625
-109.3219985961914
-106.03871154785156
-104.66158294677734
-100.17584228515625
-108.0410385131836
-99.5252914428711
-114.16910552978516
-105.89848327636719
-109.74101257324219
-101.48858642578125
-101.90714263916016
-103.51332092285156
-103.00762176513672
-106.54582214355469
-111.33829498291016
-109.10541534423828
-109.1393051147461
-102.45106506347656
-114.47076416015625
-103.61125946044922
-108.64836120605469
-109.75419616699219
-109.6212387084961
-107.81072998046875
-110.51344299316406
-104.151611328125
-106.58200073242188
-103.21508026123047
-104.49260711669922
-106.36211395263672
-107.26557159423828
-109.39358520507812
-108.6490707397461
-110.5020980834961
-102.66783905029297
-108.2251968383789
-106.02619934082031
-103.4392318725586
-108.84307098388672
-102.46233367919922
-109.93606567382812
-105.23294830322266
-101.31303405761719
-106.26753234863281
-110.2616958618164
-103.75395965576172
-103.4756851196289
-109.44125366210938
-105.8665771484375
-108.57513427734375
-112.40790557861328
-98.96192169189453
-106.42579650878906
-100.38839721679688
-110.08909606933594
-100.14862060546875
-103.89997100830078
-106.45105743408203
-105.83136749267578
-107.33067321777344
-108.49968719482422
-105.5566177368164
-106.7930908203125
-105.4047622680664
-109.48868560791016
