103.31779479980469
102.2758560180664
104.87443542480469
96.33436584472656
100.24859619140625
102.8525390625
104.23123168945312
97.78665161132812
100.93592834472656
96.220947265625
100.92528533935547
99.13853454589844
105.26690673828125
100.6240005493164
96.09920501708984
107.38694763183594
110.45564270019531
101.12786102294922
98.05397033691406
99.51850891113281
91.47367095947266
104.39509582519531
100.67607879638672
101.05807495117188
99.4020767211914
96.339111328125
105.41215515136719
105.48152160644531
97.1557388305664
100.76390838623047
102.78832244873047
97.88770294189453
100.08045196533203
99.627197265625
97.07476806640625
98.73542022705078
101.2926254272461
101.88446044921875
99.9595947265625
99.45181274414062
98.17194366455078
95.90797424316406
102.68087768554688
96.86590576171875
98.32791137695312
98.0468978881836
98.91321563720703
100.16121673583984
99.93366241455078
99.19253540039062
95.83171844482422
102.70143127441406
99.33980560302734
97.49800872802734
95.32931518554688
94.3985366821289
95.75933837890625
97.63467407226562
97.50389862060547
92.5233383178711
101.42664337158203
99.09248352050781
96.20240783691406
93.57048797607422
97.0042724609375
98.3915023803711
95.04395294189453
97.22499084472656
99.04119873046875
96.9808349609375
102.80123138427734
98.75147247314453
98.1611557006836
98.38140869140625
103.69043731689453
103.06562042236328
102.92961120605469
105.23895263671875
104.20541381835938
98.76077270507812
97.16971588134766
98.67271423339844
93.8565902709961
101.96146392822266
101.94364929199219
93.1678466796875
100.2402572631836
94.4096450805664
97.96701049804688
97.57374572753906
99.17985534667969
98.98173522949219
95.87383270263672
99.03617858886719
100.49801635742188
97.1610107421875
96.5492172241211
95.34938049316406
100.21358489990234
94.47771453857422
98.63215637207031
96.86296081542969
97.97484588623047
100.691162109375
97.89105224609375
96.2335433959961
100.96690368652344
99.18083190917969
98.22325134277344
99.40245056152344
99.816650390625
100.86145782470703
100.31754302978516
100.64543914794922
100.84619140625
105.9552001953125
100.5206069946289
96.20382690429688
101.29957580566406
98.4873046875
100.32785034179688
97.68619537353516
96.85015869140625
99.54293060302734
95.15501403808594
100.2437744140625
91.85952758789062
97.44400024414062
105.3519287109375
99.7601318359375
99.23023223876953
96.04071044921875
96.69218444824219
96.69990539550781
94.2861099243164
99.64909362792969
99.59368896484375
93.74392700195312
92.68671417236328
100.78417205810547
96.26569366455078
97.061279296875
95.75606536865234
97.98503112792969
99.52472686767578
96.60464477539062
98.9432601928711
94.93453216552734
99.97783660888672
95.23872375488281
96.78047943115234
100.72547912597656
99.14617156982422
97.11383056640625
100.01505279541016
97.99954986572266
97.0564193725586
93.42219543457031
97.66555786132812
93.86943054199219
104.35472869873047
89.92695617675781
100.30302429199219
97.399169921875
101.24089813232422
94.60469818115234
95.1469497680664
104.61430358886719
97.71212005615234
98.29923248291016
101.2082290649414
98.400634765625
97.29940032958984
95.53337097167969
99.92300415039062
101.40271759033203
99.66435241699219
97.69084167480469
100.15042114257812
102.99533081054688
98.62615203857422
101.77466583251953
97.96280670166016
97.48567199707031
100.11434173583984
96.77692413330078
96.90388488769531
100.93633270263672
92.31645202636719
94.62791442871094
93.04895782470703
92.70563507080078
98.58028411865234
96.50033569335938
95.92608642578125
91.310546875
98.08033752441406
92.2237319946289
94.89158630371094
93.60736846923828
94.20024871826172
94.74795532226562
100.15846252441406
91.04344177246094
97.41011810302734
102.37980651855469
95.53522491455078
90.20542907714844
98.908203125
94.69107055664062
96.45316314697266
97.4696044921875
92.51945495605469
94.5521469116211
95.61663818359375
96.37823486328125
92.37352752685547
97.2735595703125
94.49539184570312
97.02317810058594
94.56727600097656
93.43883514404297
95.73136138916016
96.47037506103516
95.46896362304688
100.0473861694336
93.29996490478516
100.45075988769531
100.58984375
94.55815887451172
94.94268798828125
95.00630187988281
100.04589080810547
100.7069320678711
88.88104248046875
95.85539245605469
94.46806335449219
92.12168884277344
98.2559585571289
90.25553894042969
90.75821685791016
90.74887084960938
95.09290313720703
90.5205078125
99.75841522216797
92.27136993408203
95.3358154296875
92.92338562011719
89.02820587158203
89.29239654541016
91.99087524414062
90.27973175048828
93.31288146972656
92.74738311767578
97.39302062988281
96.41545867919922
95.18407440185547
90.60533142089844
90.23773956298828
95.07087707519531
91.69052124023438
91.34082794189453
93.01103210449219
97.04983520507812
91.59902954101562
94.447021484375
99.66265106201172
96.48234558105469
92.74320983886719
91.71526336669922
96.61003875732422
93.16441345214844
94.9378662109375
91.53807830810547
100.68161010742188
95.3567123413086
93.75106811523438
96.59960174560547
98.40254211425781
94.60478210449219
97.04627990722656
94.12359619140625
102.51148223876953
92.66333770751953
98.29032897949219
90.50859069824219
92.61092376708984
92.08431243896484
98.69770812988281
95.80858612060547
96.6985092163086
95.2237777709961
95.10043334960938
88.77244567871094
89.86955261230469
95.41287994384766
96.01470947265625
91.86686706542969
89.21443939208984
98.09504699707031
92.6529541015625
95.96448516845703
87.723388671875
90.31298828125
93.37564086914062
91.58023834228516
97.8106918334961
98.44307708740234
91.99099731445312
91.74732971191406
89.56333923339844
88.581298828125
91.28778839111328
96.80229949951172
95.66498565673828
96.868408203125
98.46800994873047
91.41869354248047
94.08540344238281
93.22781372070312
99.81790161132812
98.7081298828125
88.42652893066406
89.00210571289062
89.81230163574219
99.82011413574219
98.3331298828125
96.48416137695312
94.59548950195312
87.2073974609375
94.53191375732422
94.34414672851562
88.8770523071289
94.79228973388672
93.08480072021484
94.6049575805664
90.37154388427734
91.78123474121094
92.4241943359375
96.60978698730469
94.85480499267578
91.17861938476562
93.15945434570312
88.12763214111328
92.55181121826172
93.17665100097656
86.34649658203125
92.19304656982422
91.12642669677734
92.78115844726562
90.23272705078125
101.28836822509766
94.44019317626953
90.63304901123047
93.07862854003906
91.72916412353516
88.99889373779297
91.66426849365234
88.64655303955078
91.58492279052734
95.49299621582031
95.32482147216797
95.4417724609375
91.55245208740234
91.74281311035156
94.5921630859375
90.60494995117188
97.7340316772461
89.32139587402344
89.34855651855469
93.408447265625
86.58113861083984
97.21086883544922
91.55598449707031
91.62995910644531
93.39812469482422
90.40196228027344
90.08522033691406
94.34805297851562
92.09344482421875
88.33616638183594
88.19886016845703
87.24890899658203
86.38014221191406
90.79641723632812
89.4359130859375
100.64250183105469
87.32670593261719
95.91979217529297
89.96600341796875
90.81231689453125
90.8232192993164
90.86808013916016
87.46026611328125
90.04422760009766
82.64176940917969
89.11307525634766
91.32357025146484
94.94239807128906
94.15839385986328
91.95893859863281
95.72370910644531
87.97463989257812
96.79685974121094
93.1543960571289
89.58440399169922
92.84413146972656
91.05926513671875
90.39137268066406
95.34111022949219
90.65835571289062
93.07110595703125
92.75494384765625
91.64998626708984
85.24565887451172
100.51981353759766
86.58454132080078
94.00923919677734
94.46346282958984
87.47417449951172
93.75233459472656
92.16997528076172
91.14368438720703
85.6684799194336
93.69385528564453
93.21210479736328
91.9509048461914
90.91165924072266
93.37738037109375
91.59012603759766
84.3375015258789
91.49162292480469
88.69532775878906
91.48136138916016
88.97757720947266
92.3533706665039
96.59745025634766
88.79499816894531
89.87882232666016
89.73077392578125
94.33047485351562
89.04393005371094
88.85791778564453
94.39025115966797
91.97027587890625
93.7788314819336
93.26055145263672
93.7417984008789
95.58193969726562
90.73835754394531
89.39910125732422
94.75221252441406
91.73585510253906
89.41842651367188
93.36869812011719
93.6268081665039
92.65753173828125
86.59337615966797
91.62406921386719
90.24134063720703
90.45405578613281
94.30500030517578
85.05331420898438
88.23028564453125
84.56913757324219
93.65788269042969
92.67227172851562
92.01881408691406
89.47966003417969
