75.70537567138672
78.13441467285156
77.91246795654297
69.2105712890625
70.80172729492188
78.79103088378906
80.55704498291016
71.18887329101562
73.54530334472656
71.4117431640625
72.9957275390625
75.06919860839844
82.9693832397461
75.68795776367188
67.82587432861328
80.64680480957031
82.54222869873047
81.2303237915039
74.53303527832031
74.34219360351562
64.38835906982422
75.44316101074219
73.96060943603516
76.13774108886719
73.13426971435547
72.95448303222656
78.86141204833984
78.33292388916016
74.56841278076172
75.13622283935547
75.17123413085938
71.9436264038086
72.98048400878906
72.59941101074219
75.77651977539062
67.95288848876953
77.68224334716797
76.40159606933594
73.07594299316406
78.63982391357422
72.57102966308594
70.91421508789062
76.94876098632812
71.56636047363281
72.35533142089844
72.90727233886719
71.69750213623047
75.75214385986328
75.16462707519531
74.76094055175781
70.73690032958984
78.6827621459961
73.96772766113281
74.38145446777344
72.28451538085938
68.90283966064453
69.71016693115234
71.30567169189453
72.77208709716797
67.61930084228516
75.81144714355469
73.58221435546875
71.55770874023438
73.14083862304688
69.85750579833984
73.57633209228516
71.1290283203125
69.31344604492188
76.52593231201172
72.38136291503906
75.75421905517578
70.3574447631836
74.86105346679688
72.75994873046875
77.41230010986328
74.94119262695312
77.74002075195312
85.17713928222656
77.808837890625
74.29586791992188
70.7697982788086
76.35540008544922
69.06838989257812
77.15828704833984
81.86447143554688
67.03665924072266
78.10108947753906
70.61286926269531
73.85981750488281
72.46585083007812
78.85810089111328
72.40032196044922
69.478759765625
72.83081817626953
75.60916900634766
75.48339080810547
68.8011474609375
72.2610855102539
75.53904724121094
69.14031219482422
73.00057220458984
74.7103500366211
74.9600601196289
76.27164459228516
72.96046447753906
75.82025146484375
78.73699188232422
75.7386474609375
74.6331787109375
76.8170166015625
72.6130142211914
80.76382446289062
78.44815063476562
76.73078155517578
79.39259338378906
81.49977111816406
75.28546142578125
72.50227355957031
74.43299102783203
74.08219909667969
72.38579559326172
72.82710266113281
73.6677474975586
72.78890991210938
73.04173278808594
75.00564575195312
68.8135986328125
69.72225952148438
80.88394165039062
74.97747802734375
76.49061584472656
74.52677154541016
70.08123016357422
71.5453872680664
68.79329681396484
74.23838806152344
79.15956115722656
68.0365219116211
75.83455657958984
73.85771942138672
69.82630920410156
70.62844848632812
71.96762084960938
72.91290283203125
75.00566864013672
72.63949584960938
75.33909606933594
70.4935073852539
74.07811737060547
70.63534545898438
74.29145812988281
77.446533203125
75.28789520263672
74.27693176269531
73.76435089111328
72.3900146484375
74.598388671875
71.12439727783203
73.43922424316406
73.45115661621094
80.86188507080078
67.9969482421875
73.46929931640625
72.83820343017578
78.30343627929688
70.09420776367188
70.67816162109375
79.6695327758789
73.23037719726562
73.10664367675781
72.12313079833984
72.58890533447266
71.45789337158203
68.53744506835938
77.37518310546875
72.38162994384766
76.37481689453125
72.02667999267578
75.816162109375
77.243896484375
73.6036148071289
76.1606674194336
73.53178405761719
78.8033447265625
77.20792388916016
72.01603698730469
72.21753692626953
75.96991729736328
68.91224670410156
69.42637634277344
71.55097961425781
68.74512481689453
79.79293060302734
72.20350646972656
71.51416778564453
69.67638397216797
73.0359878540039
70.2208480834961
72.40059661865234
66.853271484375
71.84810638427734
69.40020751953125
75.03715515136719
74.1968765258789
74.4191665649414
78.9144515991211
71.87725830078125
69.9964599609375
79.40840148925781
73.5960693359375
69.23430633544922
78.35633087158203
68.84855651855469
71.13996887207031
73.23684692382812
76.04353332519531
69.18260192871094
71.9730224609375
70.73161315917969
80.55555725097656
74.83128356933594
68.71461486816406
77.4081039428711
72.83467102050781
74.75181579589844
76.63319396972656
70.85970306396484
75.66050720214844
78.71719360351562
75.927490234375
72.55389404296875
70.94055938720703
73.37239074707031
77.0835952758789
67.16838836669922
72.45042419433594
71.9558334350586
69.42471313476562
74.2799072265625
73.41742706298828
68.5880126953125
67.42742919921875
71.17430877685547
68.76338958740234
75.33572387695312
68.09664154052734
75.58549499511719
74.2673110961914
70.49443817138672
68.79267120361328
68.94969940185547
69.79071807861328
71.72628021240234
75.34972381591797
75.1168441772461
71.76008605957031
75.08109283447266
65.89112854003906
69.83729553222656
74.38378143310547
67.88201904296875
70.93109893798828
70.29967498779297
73.32463073730469
67.66614532470703
69.80045318603516
76.25103759765625
72.79834747314453
71.49526977539062
71.73829650878906
73.49102783203125
69.25361633300781
70.41416931152344
69.42218780517578
84.27287292480469
72.17074584960938
74.70260620117188
73.75621795654297
76.08929443359375
69.92283630371094
79.38677978515625
73.10353088378906
81.2398910522461
72.56927490234375
75.01936340332031
66.29755401611328
70.08772277832031
69.98260498046875
75.33442687988281
74.78680419921875
72.06616973876953
72.92314910888672
74.29280853271484
64.786865234375
65.76411437988281
69.27854919433594
75.31017303466797
72.31454467773438
64.59923553466797
78.2572021484375
68.53160858154297
72.0184097290039
67.7524185180664
70.84851837158203
71.42131805419922
71.27265930175781
84.7848129272461
77.30567932128906
73.51490783691406
72.65455627441406
68.18350982666016
67.1646728515625
67.35189819335938
74.27499389648438
74.44833374023438
74.94345092773438
71.78316497802734
66.46296691894531
74.7039794921875
72.80258178710938
75.77381134033203
76.84188079833984
66.22505950927734
69.05445861816406
68.73773193359375
75.56932067871094
75.56153869628906
76.27843475341797
70.468017578125
65.86214447021484
73.93827056884766
69.91697692871094
71.4214096069336
72.35098266601562
73.49817657470703
76.13143157958984
65.80413055419922
73.14727783203125
74.92167663574219
73.51795959472656
72.52591705322266
74.25489807128906
68.73847961425781
68.35160064697266
71.04084777832031
71.89116668701172
64.58334350585938
74.60923767089844
71.4800033569336
71.30567169189453
74.66239166259766
77.69159698486328
79.69218444824219
73.74820709228516
73.33161926269531
71.71521759033203
67.83445739746094
69.7310562133789
68.1136245727539
71.97248840332031
71.58740234375
69.91626739501953
71.00203704833984
70.72901916503906
66.71472930908203
74.398681640625
73.13597106933594
77.21002197265625
66.18146514892578
64.95869445800781
72.71116638183594
65.00714111328125
75.08750915527344
68.57217407226562
74.89013671875
70.54557800292969
71.22879028320312
72.38480377197266
70.87651062011719
68.69629669189453
68.90009307861328
68.14830780029297
67.4642562866211
63.950191497802734
70.07772064208984
72.19463348388672
77.00011444091797
66.00919342041016
78.09347534179688
67.92965698242188
69.39521026611328
72.5743408203125
71.56724548339844
68.98554992675781
66.57597351074219
66.76981353759766
67.37678527832031
70.3216552734375
80.43569946289062
70.34266662597656
70.53225708007812
79.67510986328125
65.42027282714844
73.51390075683594
74.27735137939453
70.75857543945312
68.85475158691406
69.48683166503906
71.51750183105469
71.31494903564453
68.74838256835938
75.12051391601562
71.18436431884766
78.60404205322266
63.980770111083984
81.19502258300781
68.646728515625
74.71837615966797
72.50047302246094
67.59994506835938
73.28959655761719
68.37696075439453
74.91831970214844
69.33307647705078
70.48050689697266
77.969970703125
73.09748077392578
67.33627319335938
71.1011734008789
74.54353332519531
67.87989807128906
68.95027160644531
69.37324523925781
67.40290832519531
68.9055404663086
71.12635803222656
75.9473648071289
70.18498992919922
68.18023681640625
74.32233428955078
74.61139678955078
67.34510803222656
67.2040786743164
75.65742492675781
72.44410705566406
76.1454849243164
74.55662536621094
73.63841247558594
75.32904815673828
69.02296447753906
65.13915252685547
72.5072021484375
72.87559509277344
68.48921203613281
71.6897964477539
71.63436889648438
70.03107452392578
65.92886352539062
68.44269561767578
71.25398254394531
70.59126281738281
75.929931640625
64.5474853515625
67.00379180908203
66.38492584228516
79.7664566040039
71.57605743408203
76.80071258544922
69.99220275878906
