142.82916259765625
141.46263122558594
147.47915649414062
134.51991271972656
137.473876953125
140.7522430419922
145.82652282714844
136.62245178222656
139.35723876953125
133.75083923339844
141.12484741210938
143.58738708496094
148.36253356933594
138.75428771972656
137.56674194335938
147.6336212158203
149.2053985595703
140.88719177246094
140.8854522705078
139.37371826171875
131.26333618164062
145.6189422607422
142.26132202148438
141.50294494628906
139.7940673828125
136.6063232421875
145.24224853515625
144.66038513183594
142.2159423828125
139.68905639648438
140.27520751953125
137.86997985839844
137.8372344970703
143.5743865966797
140.5088653564453
138.0696258544922
144.7307586669922
140.2581329345703
139.7029266357422
139.0344696044922
138.8980255126953
137.37884521484375
143.48048400878906
138.60630798339844
136.83071899414062
137.2852325439453
140.08302307128906
140.3419189453125
141.3791961669922
134.584228515625
133.44143676757812
141.63929748535156
139.49505615234375
138.13290405273438
132.72947692871094
131.344970703125
134.1814422607422
138.171630859375
140.43092346191406
133.77264404296875
145.3650360107422
136.12966918945312
133.33477783203125
131.91189575195312
140.5669708251953
131.6893768310547
132.96514892578125
137.38504028320312
136.08717346191406
136.1616973876953
141.14381408691406
135.848388671875
137.77474975585938
136.7379150390625
141.47897338867188
141.59085083007812
141.8665008544922
145.2715606689453
145.7985382080078
136.73878479003906
137.14108276367188
136.4407958984375
131.65480041503906
146.11473083496094
141.47486877441406
130.9113006591797
137.8048553466797
135.2647705078125
132.45822143554688
133.81085205078125
138.66189575195312
136.1615753173828
135.22337341308594
138.48831176757812
139.122802734375
139.5478057861328
135.63632202148438
133.96881103515625
139.30783081054688
133.12379455566406
133.98609924316406
136.12814331054688
137.31028747558594
136.8190155029297
137.59909057617188
134.25929260253906
139.41360473632812
137.56869506835938
138.87692260742188
136.29437255859375
134.182861328125
140.4140625
138.45413208007812
139.45465087890625
142.7666778564453
146.50961303710938
141.73231506347656
133.1166534423828
141.2269744873047
139.63465881347656
137.91673278808594
136.0682373046875
133.44418334960938
138.72227478027344
132.11585998535156
136.29440307617188
130.80335998535156
136.65536499023438
141.59214782714844
139.66824340820312
140.1483154296875
135.6176300048828
133.40708923339844
133.62049865722656
131.71734619140625
136.21913146972656
138.4624786376953
132.7924041748047
129.08685302734375
139.31752014160156
134.6479034423828
135.4184112548828
131.55755615234375
135.0378875732422
133.72178649902344
134.39300537109375
139.7938690185547
136.07452392578125
134.3496856689453
134.11181640625
134.59487915039062
137.01187133789062
135.288818359375
134.82171630859375
137.86932373046875
134.13270568847656
135.05780029296875
130.42430114746094
136.54727172851562
137.337890625
140.93519592285156
130.08880615234375
135.18270874023438
134.47767639160156
139.0974884033203
134.05673217773438
134.57420349121094
142.94158935546875
137.3671417236328
136.60899353027344
137.96168518066406
138.6012725830078
136.85484313964844
132.29168701171875
140.3115692138672
139.82923889160156
139.5775909423828
133.55331420898438
136.60577392578125
141.4084014892578
139.76722717285156
141.5861053466797
134.35635375976562
135.82249450683594
133.2609405517578
138.2436065673828
135.329833984375
136.32894897460938
127.61763000488281
131.24766540527344
131.96316528320312
129.17286682128906
135.3326416015625
131.71197509765625
135.57530212402344
128.46563720703125
136.06951904296875
130.42166137695312
133.35923767089844
130.60646057128906
134.06289672851562
129.11956787109375
139.6787109375
129.58790588378906
134.5562744140625
140.17529296875
133.05784606933594
129.10971069335938
137.2265167236328
131.55810546875
131.154052734375
136.59930419921875
127.86241912841797
128.8448944091797
133.69158935546875
132.52618408203125
126.70856475830078
132.0066680908203
133.57955932617188
135.56312561035156
135.71063232421875
129.760009765625
133.82029724121094
131.9633026123047
127.70928192138672
134.8940887451172
129.84523010253906
138.7216796875
134.69354248046875
134.49098205566406
129.8334503173828
132.0221710205078
135.62123107910156
136.2047576904297
124.67952728271484
132.67318725585938
131.29916381835938
127.12532043457031
134.38719177246094
129.7910919189453
126.29035186767578
127.37751770019531
131.08108520507812
127.25019836425781
134.40213012695312
131.2422332763672
132.56069946289062
131.35182189941406
128.656494140625
127.27849578857422
130.4298858642578
128.23583984375
131.0934600830078
133.8296356201172
139.11985778808594
134.12979125976562
134.4835968017578
124.8895492553711
129.1482391357422
132.61727905273438
130.74330139160156
133.2147674560547
127.48088073730469
132.93946838378906
128.376708984375
129.6025848388672
136.1433868408203
133.95465087890625
129.85324096679688
130.3125
133.66293334960938
131.65699768066406
131.5781707763672
130.5948486328125
138.6048583984375
128.52182006835938
128.9141082763672
132.90786743164062
136.54515075683594
133.77154541015625
138.16993713378906
130.4015655517578
142.1720733642578
129.7654571533203
134.37969970703125
124.95046997070312
133.22784423828125
129.938232421875
137.2017364501953
135.53562927246094
133.6019287109375
132.52420043945312
132.27655029296875
126.59910583496094
127.41082000732422
132.729736328125
132.49127197265625
130.57205200195312
124.99967956542969
136.73663330078125
131.33460998535156
135.87806701660156
127.30750274658203
126.41973114013672
133.739501953125
129.31491088867188
134.12278747558594
133.57508850097656
130.8087615966797
129.6088409423828
126.9981689453125
126.57675170898438
128.18467712402344
137.11590576171875
131.66232299804688
132.7886505126953
133.0349884033203
128.02764892578125
132.61903381347656
125.23310852050781
141.3369903564453
137.2837677001953
131.01800537109375
124.86405181884766
129.3433380126953
133.9942169189453
137.67269897460938
130.21580505371094
131.35400390625
130.53378295898438
131.5265350341797
131.15939331054688
123.00835418701172
131.2547149658203
128.93148803710938
129.67747497558594
123.21758270263672
126.36322784423828
131.07705688476562
137.15692138671875
132.4346923828125
129.473876953125
130.0765380859375
125.80018615722656
127.68401336669922
126.74288177490234
124.24781799316406
132.68760681152344
128.81170654296875
130.09506225585938
132.3177032470703
133.71084594726562
133.09439086914062
128.95213317871094
131.45944213867188
127.84490966796875
124.78987121582031
127.4961929321289
127.47093200683594
129.76614379882812
134.27291870117188
135.6145477294922
131.4868927001953
126.20857238769531
131.1677703857422
136.3997039794922
132.3409423828125
136.993896484375
121.96852111816406
126.39567565917969
131.58253479003906
123.86943817138672
131.88943481445312
128.11769104003906
132.4668426513672
129.20162963867188
130.19776916503906
124.99039459228516
137.41123962402344
131.3196258544922
126.30429077148438
122.8077163696289
122.46227264404297
124.4855728149414
127.6190185546875
125.82323455810547
138.0142822265625
123.210205078125
134.03370666503906
128.12103271484375
127.12335968017578
123.2275390625
125.8761215209961
126.47237396240234
123.73628234863281
122.8197250366211
124.32301330566406
127.49430847167969
129.74539184570312
128.23040771484375
130.65676879882812
129.6501922607422
122.42424011230469
134.017333984375
128.1705322265625
124.40505981445312
128.56236267089844
125.7304916381836
126.36751556396484
131.18296813964844
127.21124267578125
131.96847534179688
130.47216796875
130.5986785888672
121.25535583496094
136.57366943359375
119.43792724609375
131.397216796875
126.64266967773438
126.65775299072266
129.6759796142578
126.88832092285156
130.9181671142578
120.8189697265625
132.75228881835938
128.8594970703125
125.53359985351562
129.74954223632812
126.92914581298828
128.46449279785156
122.2416763305664
134.72645568847656
126.74076080322266
132.3570556640625
122.31195831298828
125.62674713134766
136.4048309326172
126.26648712158203
126.10872650146484
126.61404418945312
133.95770263671875
125.83641815185547
129.55210876464844
131.2206268310547
126.29961395263672
131.7273406982422
129.5406494140625
131.6033172607422
133.38328552246094
126.22945404052734
125.46880340576172
129.76123046875
127.79547119140625
128.16139221191406
126.94132995605469
125.72036743164062
129.1159210205078
125.00619506835938
128.1940460205078
125.97673797607422
126.31849670410156
134.6569366455078
122.56654357910156
118.98822021484375
122.31156158447266
131.97640991210938
130.1278839111328
127.41217803955078
125.90837860107422
