552.9036254882812
541.927490234375
527.6954345703125
513.0562744140625
498.5919494628906
482.5020446777344
468.708740234375
449.5832214355469
436.4949951171875
418.6612548828125
403.9774475097656
394.9965515136719
385.5736083984375
369.6869812011719
356.7405700683594
347.3795471191406
340.6848449707031
327.3172302246094
314.5003356933594
307.47845458984375
297.4612731933594
298.61669921875
286.5940246582031
292.0434875488281
285.6272277832031
278.3208923339844
290.1988220214844
279.5682067871094
271.1280822753906
268.7836608886719
273.0830993652344
264.0286560058594
258.7531433105469
273.18194580078125
263.9911804199219
268.14984130859375
264.26165771484375
260.08392333984375
253.46917724609375
254.40362548828125
261.0814208984375
249.71597290039062
259.31146240234375
260.9642028808594
251.56716918945312
256.6772155761719
257.0075378417969
247.12301635742188
253.34222412109375
250.64523315429688
253.6617431640625
251.78485107421875
255.28662109375
251.23541259765625
241.5223388671875
243.4915008544922
240.91148376464844
250.353271484375
253.29347229003906
241.71554565429688
250.32493591308594
250.12318420410156
250.8850555419922
235.62730407714844
251.5747528076172
232.31103515625
240.95147705078125
235.47621154785156
246.89022827148438
246.70654296875
249.88351440429688
247.05084228515625
245.03182983398438
248.19253540039062
247.40428161621094
248.23062133789062
243.9109344482422
255.2303466796875
252.53749084472656
240.3482666015625
249.67796325683594
238.9664306640625
232.06178283691406
253.53570556640625
244.15802001953125
230.53700256347656
245.94232177734375
239.09683227539062
235.8088836669922
232.93212890625
247.7397918701172
233.7040252685547
231.43038940429688
229.72735595703125
237.8494110107422
238.56512451171875
231.35086059570312
233.18336486816406
235.14892578125
233.79861450195312
230.8394317626953
226.1988067626953
234.9226837158203
231.90951538085938
228.17544555664062
236.3386688232422
237.05075073242188
236.81272888183594
233.7657470703125
235.00328063964844
227.3002166748047
238.6795654296875
231.21331787109375
233.03330993652344
244.71771240234375
249.7484893798828
231.48435974121094
226.29837036132812
234.18304443359375
228.900146484375
230.1466522216797
238.00099182128906
231.97030639648438
226.9498291015625
220.2570343017578
226.3201904296875
223.8416748046875
223.9407196044922
235.09759521484375
227.32969665527344
232.09620666503906
228.53866577148438
221.65869140625
220.71791076660156
220.18701171875
222.4348907470703
231.02447509765625
220.27120971679688
219.94850158691406
224.13775634765625
225.9633331298828
217.07232666015625
220.6262664794922
220.61537170410156
224.11868286132812
224.3807373046875
229.69815063476562
223.00242614746094
224.2410430908203
224.95436096191406
220.16763305664062
222.13218688964844
223.2316436767578
217.7136993408203
224.99070739746094
225.9864044189453
226.8538360595703
221.61557006835938
219.19334411621094
219.3987274169922
226.1736297607422
217.24037170410156
218.39515686035156
220.74305725097656
222.63955688476562
223.74203491210938
218.88714599609375
226.89735412597656
222.6986846923828
218.76715087890625
220.0343475341797
217.75721740722656
220.95262145996094
210.60263061523438
229.64553833007812
221.6891326904297
219.85650634765625
221.36138916015625
217.75794982910156
218.30575561523438
224.00624084472656
222.01190185546875
217.8755340576172
219.46127319335938
211.75428771972656
216.81988525390625
218.4533233642578
214.62344360351562
210.51632690429688
214.0958709716797
214.3791046142578
212.40635681152344
217.78208923339844
211.0064239501953
218.3877410888672
208.39437866210938
218.0749053955078
209.74586486816406
209.88671875
210.2311248779297
210.5368194580078
206.65371704101562
221.56393432617188
211.99607849121094
216.2366485595703
219.65249633789062
204.5563201904297
208.59092712402344
216.26171875
210.14205932617188
208.11376953125
212.0592803955078
202.83639526367188
207.91400146484375
209.02703857421875
210.5535430908203
203.40762329101562
208.58876037597656
209.29721069335938
213.69171142578125
212.08566284179688
210.79652404785156
208.92343139648438
211.2528839111328
208.086669921875
216.24501037597656
210.2163543701172
209.94717407226562
202.90933227539062
210.10797119140625
205.025390625
210.85997009277344
210.9934844970703
210.4302978515625
200.65322875976562
202.333984375
205.74496459960938
201.88766479492188
207.38821411132812
202.81570434570312
194.8760528564453
200.96510314941406
210.499755859375
200.3979949951172
205.7134246826172
200.78323364257812
205.64529418945312
206.64688110351562
198.95455932617188
197.7343292236328
204.79052734375
193.5035400390625
207.36097717285156
209.8101806640625
208.32496643066406
213.41033935546875
207.09486389160156
199.2982635498047
204.35447692871094
202.74087524414062
199.99920654296875
208.81324768066406
197.31982421875
204.0315704345703
197.03076171875
199.62904357910156
204.54409790039062
204.39633178710938
203.3601837158203
199.11192321777344
210.05230712890625
198.84730529785156
202.2165069580078
197.62911987304688
210.35794067382812
194.75315856933594
200.13394165039062
201.44451904296875
205.3418731689453
201.0106658935547
207.64866638183594
194.6146240234375
210.1655731201172
198.32872009277344
205.7761993408203
190.6207275390625
204.58584594726562
195.3555145263672
204.4350128173828
200.4154510498047
205.58795166015625
200.71095275878906
202.03176879882812
192.22499084472656
195.99838256835938
196.68495178222656
198.7608642578125
201.25299072265625
191.27806091308594
207.27037048339844
200.3849639892578
203.68418884277344
196.2167205810547
194.17864990234375
201.03533935546875
192.08628845214844
199.15518188476562
203.96913146972656
192.75425720214844
198.2021942138672
198.74732971191406
195.52845764160156
191.721435546875
202.39878845214844
203.8416290283203
202.6748046875
200.23187255859375
196.60105895996094
195.27142333984375
194.746826171875
206.8451385498047
204.56451416015625
191.42852783203125
197.5388946533203
196.424072265625
200.28726196289062
203.19032287597656
204.87619018554688
194.5150604248047
194.83872985839844
198.01329040527344
195.85987854003906
187.64816284179688
196.97154235839844
197.68408203125
201.49806213378906
191.8585968017578
196.11553955078125
190.51296997070312
197.88211059570312
194.27040100097656
190.5010223388672
195.1383056640625
192.3616485595703
198.7537078857422
197.46534729003906
186.99594116210938
199.5336456298828
193.74998474121094
190.43275451660156
199.14283752441406
196.23558044433594
189.63343811035156
195.46542358398438
197.4484100341797
196.9541778564453
190.4383544921875
194.89453125
192.69862365722656
193.1544189453125
195.3720703125
197.18548583984375
195.17247009277344
191.75601196289062
195.6456298828125
193.8974609375
193.42457580566406
192.98863220214844
192.6423797607422
193.9705352783203
199.86802673339844
190.5337371826172
194.6456298828125
192.2047576904297
195.340576171875
200.91920471191406
194.6898956298828
184.13262939453125
193.51812744140625
188.77972412109375
193.8212432861328
195.07650756835938
190.00299072265625
188.22695922851562
192.91725158691406
191.47271728515625
203.66273498535156
184.64576721191406
197.81707763671875
188.90969848632812
193.47396850585938
187.19944763183594
189.73765563964844
191.39108276367188
191.46627807617188
183.75277709960938
186.9180450439453
191.90853881835938
197.87960815429688
188.94618225097656
193.77810668945312
198.36732482910156
183.37681579589844
193.59634399414062
193.68756103515625
191.2210235595703
188.07925415039062
190.96202087402344
196.93495178222656
191.5443878173828
193.9375762939453
195.33163452148438
193.62139892578125
192.39527893066406
183.50059509277344
197.21652221679688
186.65440368652344
193.90879821777344
195.12933349609375
192.28762817382812
188.4703369140625
186.90724182128906
187.9288787841797
180.2000274658203
196.3222198486328
189.460693359375
191.5106201171875
194.04148864746094
187.58078002929688
193.9441375732422
187.92884826660156
186.3905029296875
189.50038146972656
187.4652862548828
187.0811309814453
191.1771240234375
190.86500549316406
188.8229522705078
189.971435546875
188.73187255859375
194.65016174316406
181.79075622558594
188.60704040527344
192.1376190185547
193.8511199951172
194.4569854736328
191.1059112548828
195.90011596679688
189.99571228027344
189.5805206298828
189.355712890625
190.5147705078125
193.42953491210938
190.55113220214844
194.82763671875
185.5699920654297
188.7767333984375
187.2520751953125
193.07891845703125
184.78550720214844
194.48976135253906
194.2211151123047
183.98416137695312
183.06356811523438
185.61795043945312
195.423828125
194.44515991210938
189.28724670410156
189.10098266601562
