182.12596130371094
176.87744140625
182.741455078125
168.35484313964844
176.85354614257812
177.3848114013672
180.51556396484375
171.08074951171875
176.0294189453125
171.5469207763672
174.4751739501953
177.8197479248047
185.0997314453125
175.4977569580078
174.84324645996094
180.4922332763672
183.60964965820312
176.26353454589844
175.9579620361328
174.45281982421875
169.22787475585938
179.36392211914062
177.0262908935547
174.70034790039062
175.3777313232422
172.67413330078125
185.0620880126953
179.70516967773438
174.88998413085938
178.03469848632812
174.85943603515625
171.2877960205078
171.205810546875
180.2383270263672
174.71768188476562
171.40597534179688
180.17330932617188
174.3403778076172
174.0622100830078
173.6843719482422
174.3206024169922
170.00413513183594
178.71360778808594
175.42298889160156
172.27993774414062
172.19090270996094
176.2795867919922
174.34922790527344
178.01658630371094
171.9812469482422
166.66323852539062
177.2763214111328
176.11793518066406
173.60325622558594
167.18447875976562
167.23597717285156
168.39010620117188
173.69622802734375
176.78506469726562
168.40679931640625
175.75912475585938
172.7458953857422
170.3572540283203
165.4672393798828
173.3054962158203
163.146484375
167.08807373046875
167.56346130371094
171.35208129882812
170.23178100585938
172.75831604003906
171.77662658691406
173.0393524169922
171.3037567138672
172.9499053955078
176.4163818359375
172.15325927734375
177.81385803222656
179.2345428466797
169.44630432128906
170.8359375
171.7705078125
169.88624572753906
180.864990234375
170.36981201171875
165.31182861328125
171.1832733154297
167.29507446289062
167.90744018554688
165.59390258789062
173.54820251464844
168.587890625
166.6599578857422
170.21636962890625
169.0548095703125
171.4102325439453
167.7228546142578
165.2402801513672
171.2734375
165.69729614257812
163.93679809570312
166.09889221191406
168.89990234375
168.13601684570312
167.6646270751953
170.58828735351562
171.92337036132812
169.59048461914062
167.05421447753906
169.02719116210938
163.8757781982422
169.79254150390625
168.35804748535156
172.0194091796875
172.26251220703125
177.4387969970703
171.15821838378906
168.93087768554688
174.76231384277344
171.0989532470703
168.54942321777344
167.38856506347656
165.07749938964844
166.72103881835938
164.12673950195312
163.61236572265625
161.6037139892578
168.4187469482422
172.38275146484375
170.4416961669922
169.36520385742188
168.37205505371094
161.1147003173828
162.2617645263672
162.2652130126953
166.8579864501953
168.84149169921875
164.695556640625
159.6714630126953
169.71759033203125
161.4118194580078
163.54763793945312
164.09181213378906
164.2608184814453
160.63766479492188
161.17921447753906
171.44349670410156
164.98826599121094
168.36383056640625
167.531982421875
163.8093719482422
166.7130126953125
165.201904296875
163.78759765625
168.96347045898438
162.59324645996094
164.38479614257812
161.8728485107422
164.97877502441406
164.29006958007812
169.0905303955078
159.05258178710938
162.9880828857422
166.0318603515625
166.5047607421875
160.1080322265625
165.57452392578125
173.51040649414062
162.48281860351562
165.33407592773438
166.50802612304688
164.8513946533203
161.46897888183594
159.73081970214844
169.16615295410156
167.5092010498047
163.65396118164062
162.46910095214844
163.54220581054688
168.1349639892578
165.72430419921875
169.1540985107422
162.27645874023438
163.85198974609375
161.7500762939453
162.7770233154297
166.0505828857422
160.50808715820312
158.1252899169922
159.56561279296875
157.85360717773438
156.61026000976562
161.62106323242188
158.35504150390625
165.17117309570312
156.24169921875
162.2156982421875
156.57867431640625
160.1136932373047
157.41812133789062
161.21063232421875
154.0499725341797
162.7902374267578
159.5305938720703
160.34857177734375
168.86618041992188
157.28509521484375
155.00469970703125
164.3762969970703
157.28981018066406
155.1589813232422
161.0401153564453
151.8516845703125
153.73867797851562
160.403076171875
157.83544921875
151.0528564453125
156.8692169189453
160.42591857910156
159.94346618652344
160.179443359375
154.89759826660156
154.86184692382812
158.19187927246094
154.64956665039062
161.0674285888672
156.53399658203125
159.41195678710938
159.6831817626953
158.58856201171875
153.13381958007812
158.38328552246094
159.76004028320312
161.0733184814453
148.3014373779297
154.4412841796875
157.1625213623047
153.075927734375
158.848388671875
150.06533813476562
147.63873291015625
151.63795471191406
157.01211547851562
152.76449584960938
155.52603149414062
151.44171142578125
155.70790100097656
151.87396240234375
150.90802001953125
149.64613342285156
157.18731689453125
145.02818298339844
154.6377410888672
157.67410278320312
161.29405212402344
161.6336669921875
156.20880126953125
150.1674346923828
153.44088745117188
155.24440002441406
152.81639099121094
155.03118896484375
151.05091857910156
156.75576782226562
151.84420776367188
154.285400390625
161.61170959472656
155.35699462890625
154.3053436279297
150.51800537109375
155.8129119873047
148.984130859375
153.40615844726562
152.11807250976562
161.90585327148438
150.7718963623047
151.61199951171875
152.82777404785156
156.0438690185547
154.910400390625
161.3437957763672
150.636474609375
162.62486267089844
151.6083984375
156.3964080810547
145.99395751953125
157.96900939941406
148.81394958496094
158.2958526611328
158.23252868652344
155.5941925048828
153.9542999267578
155.19744873046875
148.27891540527344
149.3415985107422
156.8590850830078
151.83290100097656
152.29017639160156
145.1233673095703
157.01622009277344
151.97476196289062
153.5063018798828
148.41258239746094
147.86207580566406
153.57644653320312
148.5532684326172
153.2877197265625
157.34007263183594
149.88287353515625
152.65548706054688
148.62997436523438
147.8533477783203
145.87698364257812
157.9788818359375
155.9370880126953
154.46139526367188
154.5331573486328
147.99464416503906
150.95285034179688
147.30810546875
158.6012420654297
158.131103515625
146.1336669921875
148.1080322265625
149.0225372314453
153.74246215820312
158.6995849609375
154.55828857421875
148.5146942138672
148.82566833496094
153.1818389892578
154.80587768554688
142.90545654296875
153.55406188964844
151.88487243652344
153.6365509033203
143.48007202148438
148.41429138183594
149.50086975097656
153.1741485595703
151.27413940429688
147.152587890625
150.97962951660156
143.355224609375
149.4589080810547
145.211181640625
140.8785858154297
149.7886199951172
145.5528564453125
146.9991912841797
150.07858276367188
154.20883178710938
148.4725341796875
148.98951721191406
151.84771728515625
146.06393432617188
145.82501220703125
147.95570373535156
148.56578063964844
146.3389892578125
152.0168914794922
150.03692626953125
149.13555908203125
142.53369140625
146.205810546875
149.23019409179688
147.8135986328125
152.10971069335938
142.94015502929688
143.85894775390625
151.07957458496094
144.52549743652344
149.75611877441406
146.38304138183594
147.91612243652344
151.6407928466797
147.37359619140625
141.57571411132812
154.31015014648438
145.36746215820312
145.88356018066406
147.14688110351562
143.43760681152344
141.44227600097656
146.22225952148438
145.52630615234375
159.6146240234375
138.7134552001953
149.51182556152344
144.64036560058594
145.53489685058594
141.2410125732422
143.27725219726562
143.90960693359375
144.42115783691406
136.22120666503906
140.68112182617188
146.00021362304688
151.05059814453125
144.5440216064453
147.7761688232422
147.88575744628906
137.90347290039062
148.0731658935547
147.21841430664062
143.1927490234375
144.19886779785156
143.0818634033203
145.57998657226562
151.49893188476562
144.62965393066406
146.44189453125
145.88731384277344
142.3394012451172
139.74679565429688
151.52439880371094
139.7510223388672
147.78697204589844
145.48419189453125
142.0465087890625
145.81973266601562
144.27310180664062
141.0200958251953
133.59597778320312
147.14437866210938
144.52984619140625
144.63018798828125
147.4379425048828
141.9358673095703
144.85069274902344
140.29669189453125
144.0994873046875
140.83822631835938
143.86044311523438
140.82017517089844
143.425537109375
148.2577667236328
140.0081787109375
142.84915161132812
141.7866973876953
150.0519256591797
138.15658569335938
143.4812774658203
146.62765502929688
143.48117065429688
144.81744384765625
141.87098693847656
146.55332946777344
145.98992919921875
144.22406005859375
139.8397216796875
144.55999755859375
144.25486755371094
142.12435913085938
143.93496704101562
142.350341796875
144.5094451904297
139.849609375
146.25503540039062
141.47459411621094
143.86312866210938
150.94142150878906
137.31988525390625
135.0294189453125
135.15150451660156
145.54086303710938
146.0967559814453
140.7174530029297
140.4816436767578
