147.32594299316406
141.99884033203125
148.2491912841797
136.52853393554688
140.75369262695312
142.40032958984375
148.6255645751953
138.4286651611328
140.9370574951172
136.86827087402344
141.2999267578125
142.86386108398438
152.77200317382812
140.8828582763672
138.09780883789062
146.86383056640625
151.1382598876953
141.43106079101562
141.1991424560547
140.77032470703125
130.65890502929688
144.1156005859375
143.4171142578125
139.6517333984375
138.93751525878906
136.55178833007812
147.5480499267578
145.39793395996094
139.43667602539062
141.07034301757812
141.6600341796875
137.53782653808594
137.5206756591797
142.1266632080078
139.70913696289062
137.13949584960938
146.12937927246094
141.21902465820312
139.5898895263672
138.67803955078125
137.57989501953125
137.18179321289062
141.38906860351562
137.73190307617188
135.35104370117188
137.25503540039062
139.78627014160156
138.28956604003906
139.58334350585938
136.8076171875
134.12887573242188
142.52122497558594
137.54559326171875
136.3243408203125
130.5574493408203
131.264404296875
133.91050720214844
134.09188842773438
137.41848754882812
133.58572387695312
138.51048278808594
134.91387939453125
133.55470275878906
128.84860229492188
137.39149475097656
131.45225524902344
132.32911682128906
136.0489044189453
135.46449279785156
136.5531768798828
138.39932250976562
136.18040466308594
137.38697814941406
134.5032196044922
139.4459228515625
140.28660583496094
140.01881408691406
144.12107849121094
142.94586181640625
134.98025512695312
133.9716339111328
135.5094757080078
132.36326599121094
142.92152404785156
137.79566955566406
129.583740234375
136.50253295898438
131.8209991455078
130.7087860107422
131.91119384765625
138.0831298828125
133.88656616210938
130.90647888183594
134.9173126220703
137.07196044921875
134.00096130371094
133.68283081054688
131.65660095214844
136.80392456054688
130.1649932861328
130.7989501953125
132.25477600097656
132.5689697265625
136.2803497314453
132.2566680908203
132.37718200683594
137.35336303710938
135.05844116210938
133.05267333984375
132.92327880859375
131.67178344726562
134.78533935546875
134.55784606933594
137.89828491210938
137.4752655029297
144.65472412109375
137.31109619140625
131.24525451660156
138.41220092773438
134.31385803222656
133.48175048828125
135.0654296875
129.46148681640625
133.7583770751953
127.9817886352539
131.59974670410156
126.19157409667969
132.5309295654297
139.96722412109375
135.2282257080078
134.52381896972656
132.2738037109375
129.81842041015625
131.17385864257812
130.4771728515625
132.4254150390625
134.38735961914062
128.59732055664062
126.01465606689453
137.06016540527344
130.45578002929688
129.86582946777344
128.16685485839844
132.03280639648438
132.2409210205078
128.67430114746094
135.5906219482422
132.18380737304688
132.89801025390625
130.3186798095703
131.41488647460938
134.09268188476562
131.7863311767578
130.0669708251953
133.68280029296875
130.18553161621094
129.66725158691406
128.81898498535156
132.07028198242188
129.04286193847656
136.40850830078125
122.68341827392578
133.17214965820312
130.66152954101562
135.83203125
128.01513671875
130.6302490234375
139.15365600585938
129.84124755859375
130.65435791015625
134.6536407470703
131.95458984375
128.67791748046875
128.210693359375
132.85406494140625
135.99375915527344
133.95651245117188
129.31919860839844
131.7792205810547
137.65277099609375
132.8837890625
136.7871856689453
128.93873596191406
131.7318572998047
130.5736541748047
131.4268035888672
131.62376403808594
133.1929168701172
125.29972839355469
126.03832244873047
127.29010772705078
124.29966735839844
130.85931396484375
125.91819763183594
131.54078674316406
122.00456237792969
130.80491638183594
124.58586883544922
125.86648559570312
126.0257339477539
128.2613983154297
122.32251739501953
132.7250518798828
125.08573913574219
129.50347900390625
134.69607543945312
126.9845199584961
123.43708038330078
133.00448608398438
126.71286010742188
127.56639099121094
129.07032775878906
122.12632751464844
123.84893035888672
128.45127868652344
127.28508758544922
123.25227355957031
125.5447998046875
129.40306091308594
127.35394287109375
125.98612213134766
123.32283020019531
127.58566284179688
127.59485626220703
124.2393569946289
128.59840393066406
125.98555755615234
132.8405303955078
131.74234008789062
126.8847885131836
125.42019653320312
126.43836212158203
130.3032989501953
131.6613006591797
118.22770690917969
127.33221435546875
126.0796127319336
121.30150604248047
128.91665649414062
118.54064178466797
119.30481719970703
121.66653442382812
124.6110610961914
122.46434783935547
128.0973358154297
122.56482696533203
126.37969970703125
124.05049133300781
120.35120391845703
118.77930450439453
125.64634704589844
116.88960266113281
123.79621124267578
126.02693176269531
131.03256225585938
128.23345947265625
125.94992065429688
118.9369888305664
122.35004425048828
125.22010040283203
122.89802551269531
123.56280517578125
124.8563003540039
126.79549407958984
119.31512451171875
125.35045623779297
128.97000122070312
127.27800750732422
124.14508056640625
119.90479278564453
127.16228485107422
120.91847229003906
124.74614715576172
121.17631530761719
132.49111938476562
123.19573211669922
123.2250747680664
123.95219421386719
126.65991973876953
126.8788070678711
131.3386688232422
123.65200805664062
134.256103515625
122.98270416259766
125.70267486572266
118.92279815673828
125.56159210205078
121.35517883300781
127.96136474609375
128.8338623046875
128.1835479736328
125.0405044555664
124.14501953125
117.82704162597656
119.91218566894531
124.3233642578125
123.66098022460938
123.23843383789062
117.91874694824219
125.95796966552734
122.19770050048828
126.4205551147461
119.49114990234375
119.21275329589844
126.62124633789062
118.49905395507812
125.06341552734375
126.38054656982422
122.45440673828125
122.25236511230469
119.30619812011719
119.23136138916016
119.95693969726562
127.57752227783203
125.26688385009766
126.66312408447266
127.39984893798828
122.08541870117188
122.11019134521484
119.73381042480469
132.15345764160156
127.88087463378906
120.36003875732422
118.21823120117188
119.73278045654297
128.9310302734375
128.61964416503906
124.6759262084961
121.34053039550781
117.56098937988281
123.7475814819336
124.00786590576172
116.2426528930664
122.9939956665039
122.44580841064453
125.31475067138672
116.80077362060547
121.88945770263672
121.5998306274414
125.38341522216797
122.8777847290039
120.7062759399414
122.09270477294922
117.34754180908203
120.5660400390625
119.85997009277344
113.57427978515625
121.83296203613281
119.01142883300781
119.62531280517578
119.57286834716797
127.51031494140625
123.04529571533203
118.46099090576172
122.7515869140625
118.35863494873047
115.28360748291016
119.14012145996094
120.08680725097656
120.63497161865234
123.16104125976562
122.7290267944336
121.85264587402344
117.77645874023438
119.1126937866211
122.28897094726562
118.75162506103516
124.20870208740234
115.820556640625
116.70857238769531
123.9274673461914
116.44415283203125
123.20567321777344
119.1989517211914
119.72744750976562
121.43353271484375
119.55266571044922
116.56596374511719
124.40020751953125
119.17308044433594
116.43548583984375
116.59746551513672
114.37124633789062
115.8957748413086
120.67352294921875
117.0723648071289
128.5713653564453
115.12223052978516
121.48687744140625
117.64887237548828
119.08890533447266
116.82371520996094
118.93672943115234
113.60635375976562
115.34795379638672
109.04425048828125
113.99835968017578
119.88714599609375
123.09112548828125
119.49021911621094
121.65254974365234
123.68057250976562
112.35359954833984
124.35376739501953
120.98043060302734
116.49911499023438
120.07392883300781
116.55149841308594
117.90402221679688
123.8145980834961
117.56413269042969
120.9233627319336
121.03518676757812
117.20759582519531
112.63788604736328
125.76824951171875
111.92700958251953
121.23759460449219
116.96005249023438
115.69499206542969
119.78618621826172
120.01898956298828
116.12824249267578
110.38227081298828
120.76313018798828
118.14842224121094
118.92918395996094
119.21288299560547
117.81829071044922
119.17924499511719
112.58354949951172
119.22979736328125
114.57242584228516
118.56291961669922
114.56133270263672
115.6422348022461
123.85845947265625
114.61536407470703
116.99769592285156
114.45331573486328
122.41666412353516
114.697265625
117.18325805664062
122.42508697509766
118.909423828125
118.0151138305664
118.59442138671875
119.7347412109375
123.84358978271484
120.07820129394531
112.7730941772461
119.90144348144531
118.07978820800781
117.07211303710938
120.07170104980469
117.62664794921875
120.19495391845703
113.63935852050781
118.28730773925781
117.41558837890625
116.3712158203125
124.88986206054688
112.69010925292969
110.05769348144531
110.07044219970703
119.79609680175781
118.75867462158203
116.4605941772461
116.53713989257812
