120.57872772216797
110.8978042602539
120.27832794189453
106.70386505126953
115.2918472290039
113.78687286376953
121.62702941894531
105.62024688720703
112.82843017578125
107.31122589111328
111.31686401367188
114.69727325439453
129.38650512695312
112.68138885498047
106.69303131103516
114.51127624511719
124.03311157226562
117.58586120605469
108.8432846069336
115.12985229492188
100.76006317138672
118.89007568359375
116.41494750976562
123.21430969238281
114.23582458496094
115.5469970703125
128.5491943359375
117.18462371826172
109.83425903320312
109.30104064941406
116.32843017578125
101.94328308105469
105.99341583251953
116.50971221923828
116.71326446533203
106.65190124511719
114.71272277832031
112.76447296142578
108.28008270263672
107.23114013671875
109.88877868652344
107.89946746826172
117.70635986328125
112.61357879638672
109.49172973632812
112.83863067626953
111.24095916748047
105.27067565917969
119.36910247802734
113.11972045898438
113.40238952636719
107.34986877441406
108.52742004394531
114.79157257080078
105.49292755126953
107.7325439453125
105.79729461669922
110.7311782836914
115.03990936279297
107.62476348876953
118.96141052246094
117.64850616455078
114.83192443847656
110.36636352539062
109.15467834472656
111.13216400146484
111.45541381835938
107.90653991699219
114.14877319335938
107.93067932128906
125.49051666259766
121.16450500488281
118.30736541748047
120.51778411865234
123.83492279052734
119.77716064453125
119.3878173828125
127.98831176757812
118.06930541992188
115.8966064453125
108.9734878540039
115.80816650390625
103.1944580078125
124.41663360595703
115.88289642333984
104.5476303100586
113.80180358886719
105.8255844116211
106.77828979492188
110.68243408203125
115.72200012207031
117.564453125
113.89354705810547
114.66150665283203
116.20389556884766
120.53973388671875
109.17816162109375
116.05659484863281
112.07581329345703
109.3101806640625
119.08985900878906
112.09929656982422
116.61409759521484
116.77991485595703
110.9621810913086
126.19667053222656
119.67351531982422
118.39408111572266
114.22762298583984
110.79203033447266
109.16840362548828
112.56901550292969
113.41048431396484
112.45417785644531
126.1961898803711
125.13460540771484
109.84384155273438
106.25309753417969
114.08436584472656
109.712890625
106.21482849121094
116.97681427001953
116.31758880615234
115.3399429321289
107.31451416015625
112.18925476074219
109.84626007080078
110.53903198242188
118.88821411132812
117.00311279296875
109.98033142089844
109.16625213623047
103.66277313232422
112.96721649169922
101.92598724365234
108.84201049804688
113.76380157470703
104.2117919921875
108.14783477783203
111.33734893798828
116.8803482055664
109.79022216796875
110.42037200927734
111.92994689941406
115.73410034179688
111.69620513916016
121.21527862548828
111.63385009765625
116.33958435058594
111.63064575195312
116.20053100585938
118.42332458496094
111.81260681152344
113.01626586914062
122.77972412109375
119.31431579589844
114.60981750488281
107.8110122680664
108.49750518798828
117.7053451538086
122.4560317993164
111.49658203125
110.94352722167969
115.4911880493164
119.57999420166016
114.43628692626953
112.21588134765625
119.17129516601562
117.75037384033203
115.39210510253906
118.99759674072266
108.3354263305664
115.65478515625
107.32794189453125
122.00126647949219
110.10789489746094
112.60761260986328
107.90496063232422
116.16119384765625
112.10897064208984
110.10064697265625
114.16242980957031
113.08649444580078
111.66621398925781
113.2131118774414
113.13162231445312
112.32423400878906
116.47655487060547
105.81707763671875
107.63692474365234
109.07974243164062
101.75321197509766
120.1339111328125
109.95655822753906
107.79570770263672
108.12334442138672
110.40101623535156
109.5137939453125
106.4278335571289
106.29505157470703
114.62325286865234
107.82447052001953
112.20496368408203
105.77976989746094
108.37973022460938
114.6745834350586
108.87442016601562
107.50208282470703
124.97859191894531
107.77628326416016
106.22822570800781
121.74539184570312
107.69012451171875
107.43492889404297
109.9941635131836
114.57418060302734
107.48981475830078
107.48672485351562
112.318359375
119.72584533691406
113.16984558105469
117.20276641845703
116.76817321777344
111.90068054199219
108.96333312988281
115.98958587646484
101.61273956298828
111.38780212402344
108.00148010253906
110.54605102539062
100.2319564819336
118.74491119384766
111.11894989013672
110.52774047851562
106.00054168701172
114.0514144897461
113.39935302734375
109.3456802368164
115.16093444824219
113.27032470703125
106.6451187133789
107.6128921508789
112.55504608154297
105.99069213867188
120.5827407836914
109.0096435546875
117.28865814208984
109.43942260742188
111.2680892944336
109.93257141113281
111.11421203613281
110.91670989990234
119.48063659667969
122.69888305664062
114.13341522216797
129.26153564453125
118.73603057861328
103.90613555908203
110.69610595703125
110.89579010009766
103.9501724243164
112.53829193115234
107.13887023925781
106.54254913330078
109.46566009521484
105.90496826171875
120.28805541992188
114.41587829589844
109.93586730957031
104.64330291748047
112.77348327636719
107.85711669921875
116.3688735961914
112.52822875976562
118.39656066894531
113.43563079833984
109.54346466064453
120.13868713378906
121.46902465820312
117.75614929199219
118.2521743774414
111.7273178100586
121.85041809082031
105.6452865600586
126.71218872070312
107.93122863769531
119.447509765625
106.32205200195312
124.20423889160156
113.21253967285156
108.24512481689453
111.32115936279297
112.0585708618164
103.53736114501953
103.61039733886719
110.1656723022461
111.4163818359375
114.43719482421875
100.58267211914062
122.85260772705078
107.17683410644531
114.77529907226562
107.0812759399414
111.82821655273438
107.80197143554688
111.20643615722656
122.79436492919922
112.77679443359375
113.95743560791016
111.77274322509766
106.7033462524414
111.87464141845703
108.84034729003906
117.83234405517578
115.68937683105469
117.21680450439453
115.67964172363281
102.53382873535156
110.05290985107422
112.16272735595703
108.76365661621094
112.72802734375
105.56706237792969
102.32329559326172
101.88156127929688
118.67630004882812
123.40365600585938
118.35501098632812
115.68718719482422
107.2942123413086
112.93074798583984
110.2132568359375
104.0664291381836
110.38301849365234
104.18336486816406
108.69004821777344
104.17904663085938
104.57846069335938
110.42127990722656
122.04912567138672
109.2627944946289
101.51384735107422
103.81449890136719
103.84736633300781
109.45781707763672
113.74519348144531
100.98873138427734
119.24746704101562
121.26136016845703
110.4390640258789
124.9020004272461
115.3687973022461
115.16754150390625
114.57182312011719
117.2696762084961
110.78399658203125
112.00414276123047
110.33078002929688
108.73161315917969
106.84226989746094
111.51874542236328
121.10055541992188
107.74051666259766
106.06851959228516
110.09989929199219
116.13619995117188
116.95911407470703
114.57503509521484
104.64517974853516
105.59950256347656
107.72308349609375
103.53308868408203
106.08811950683594
107.379638671875
111.06470489501953
119.81420135498047
113.4984130859375
102.28952026367188
114.37114715576172
109.9061279296875
118.70556640625
113.7731704711914
104.24579620361328
100.95491027832031
113.65569305419922
111.4453125
125.05656433105469
102.99402618408203
116.96772003173828
106.24173736572266
109.88130950927734
107.03386688232422
113.51407623291016
108.445556640625
114.9129867553711
105.89802551269531
104.05599212646484
110.59425354003906
116.69332885742188
114.28871154785156
112.50788879394531
124.5568618774414
98.41876220703125
112.04100036621094
115.48506164550781
104.80590057373047
113.99679565429688
106.13847351074219
119.9764175415039
111.73870086669922
108.19940185546875
108.15696716308594
116.57996368408203
117.7820053100586
96.88556671142578
122.80882263183594
101.48104858398438
113.14109802246094
113.53132629394531
105.00740051269531
100.58729553222656
108.58879089355469
113.96893310546875
103.51174926757812
114.5384292602539
113.59500885009766
112.67527770996094
111.90850067138672
112.86412048339844
118.40120697021484
106.79783630371094
111.19596862792969
107.20562744140625
111.27497863769531
105.30682373046875
113.93294525146484
116.04132843017578
105.80109405517578
110.59905242919922
106.65396118164062
112.45904541015625
107.44671630859375
112.29203796386719
123.84056091308594
111.0308837890625
110.36181640625
118.50126647949219
115.12557983398438
104.39401245117188
106.05282592773438
106.56007385253906
105.37586975097656
109.89379119873047
105.612548828125
107.43135833740234
104.21294403076172
105.79476928710938
106.2701416015625
107.3348388671875
104.58812713623047
106.11495971679688
111.81624603271484
96.26966094970703
101.38044738769531
93.57644653320312
114.30268096923828
111.9507064819336
112.7193374633789
107.99654388427734
