129.6685791015625
128.34222412109375
133.96746826171875
121.85281372070312
123.31194305419922
128.2323760986328
131.0430450439453
120.46382904052734
123.22349548339844
121.69306182861328
126.223388671875
126.46820068359375
136.30650329589844
123.75338745117188
118.12071228027344
131.82286071777344
137.47225952148438
127.11200714111328
124.78256225585938
125.13714599609375
116.09832000732422
134.31236267089844
126.83122253417969
131.39459228515625
125.99302673339844
127.40131378173828
133.84266662597656
131.78933715820312
124.0541763305664
126.92017364501953
126.29411315917969
121.97844696044922
124.76227569580078
128.4923095703125
127.95510864257812
122.22262573242188
133.62939453125
125.2908935546875
124.21691131591797
122.62747955322266
124.5445327758789
122.42204284667969
132.8699493408203
123.43220520019531
122.66371154785156
121.49433135986328
125.00550842285156
123.212890625
126.83037567138672
123.17082214355469
124.57830047607422
124.4586410522461
125.50489044189453
124.85505676269531
118.33819580078125
119.06185913085938
121.39971160888672
122.4218521118164
127.18305969238281
118.32450866699219
125.91848754882812
126.30076599121094
123.60160827636719
121.52986145019531
126.39212036132812
120.16577911376953
127.36393737792969
122.70712280273438
123.56661987304688
124.92755126953125
136.09056091308594
127.43687438964844
127.67591094970703
125.31018829345703
141.00682067871094
134.07803344726562
133.0491943359375
133.91177368164062
131.43319702148438
128.99302673339844
124.54429626464844
124.85039520263672
117.78547668457031
132.80343627929688
128.41262817382812
119.41175842285156
128.1256103515625
122.30311584472656
123.7217025756836
123.98338317871094
125.54763793945312
125.70526885986328
121.1557388305664
125.53946685791016
130.48104858398438
128.6283721923828
121.18856811523438
118.27069091796875
124.95352172851562
123.85331726074219
126.94174194335938
121.22718811035156
122.29721069335938
124.76028442382812
123.4298095703125
124.1096420288086
129.62539672851562
127.68311309814453
124.7789535522461
125.09701538085938
121.66865539550781
127.7519302368164
129.80967712402344
130.01681518554688
137.16868591308594
135.47024536132812
128.22283935546875
120.77568054199219
127.95964813232422
125.410888671875
126.66494750976562
124.20555114746094
128.37564086914062
124.48414611816406
120.78654479980469
124.14971923828125
123.95626068115234
121.91455078125
127.2338638305664
125.1834716796875
128.3048858642578
123.10803985595703
121.04337310791016
125.87440490722656
115.94439697265625
124.08818817138672
125.90287780761719
118.64570617675781
119.3077392578125
127.0555419921875
122.0614013671875
120.49588775634766
121.5107421875
126.61575317382812
126.86543273925781
120.45294952392578
128.11459350585938
119.94664001464844
130.02767944335938
122.5845947265625
124.90119934082031
126.28435516357422
125.51455688476562
125.69152069091797
125.930908203125
124.02314758300781
122.52247619628906
118.828857421875
126.7374038696289
126.1270980834961
128.57635498046875
122.05084991455078
125.02386474609375
132.32740783691406
127.16250610351562
121.0280990600586
123.98418426513672
128.54620361328125
126.25901794433594
124.67218017578125
133.3369903564453
125.2786865234375
125.3170394897461
120.0719223022461
133.38470458984375
128.0798797607422
126.86019134521484
122.03582763671875
125.01763916015625
125.35098266601562
127.62776184082031
132.9516143798828
122.35065460205078
122.3234634399414
122.56914520263672
125.87615203857422
124.9228515625
123.95614624023438
119.62117767333984
122.34432983398438
116.92401123046875
116.99011993408203
122.91645812988281
119.42649841308594
120.55194854736328
117.05801391601562
123.05195617675781
121.50503540039062
119.47666931152344
118.8608169555664
120.8898696899414
120.55357360839844
125.41636657714844
118.99017333984375
123.10578918457031
131.462646484375
122.91510009765625
117.10086822509766
130.66268920898438
120.92852020263672
115.98926544189453
121.69490051269531
114.93408966064453
118.53701782226562
120.46749877929688
125.26692962646484
116.6678237915039
122.85723114013672
122.39061737060547
136.2965545654297
124.55448150634766
125.79096984863281
128.9037628173828
122.04895782470703
120.18370819091797
128.63967895507812
119.910400390625
125.36727905273438
125.6876220703125
119.59539794921875
120.5264663696289
123.60511016845703
127.04409790039062
124.97868347167969
118.41384887695312
122.9636001586914
122.66842651367188
118.98269653320312
127.25714111328125
118.63209533691406
114.04135131835938
114.66167449951172
120.58163452148438
116.34927368164062
124.21208190917969
117.21167755126953
122.58744812011719
121.50469207763672
115.7983627319336
117.14231872558594
119.11498260498047
116.53277587890625
120.98079681396484
129.96835327148438
127.4405288696289
131.66232299804688
124.38140869140625
117.46588134765625
115.48296356201172
124.19451141357422
117.89425659179688
122.13801574707031
115.1735610961914
119.34027862548828
119.14876556396484
121.8550796508789
125.64285278320312
123.0788345336914
117.96640014648438
119.78764343261719
127.58766174316406
120.94428253173828
120.300048828125
123.81800079345703
126.65536499023438
121.44046020507812
118.53143310546875
119.64321899414062
125.2154769897461
124.69175720214844
129.2445831298828
124.27102661132812
134.29148864746094
121.97899627685547
132.85267639160156
121.28704071044922
122.56743621826172
121.45059967041016
135.74034118652344
123.88872528076172
128.2270050048828
122.34344482421875
122.76554870605469
114.97882843017578
117.67095184326172
126.43206787109375
122.52625274658203
122.58555603027344
114.54204559326172
127.29954528808594
118.95188903808594
124.90105438232422
117.91109466552734
128.22401428222656
123.20915985107422
126.35929870605469
128.663818359375
124.87810516357422
127.11322021484375
123.18999481201172
116.21217346191406
124.29861450195312
120.14868927001953
125.95736694335938
129.87960815429688
128.05621337890625
125.38045501708984
119.05268859863281
127.103515625
119.38404083251953
122.57080841064453
125.92451477050781
117.72129821777344
114.7462158203125
117.45297241210938
130.26795959472656
126.74925231933594
126.9161605834961
120.81022644042969
116.58914947509766
123.37283325195312
127.39344787597656
114.81378173828125
119.82588958740234
119.77931213378906
120.07894897460938
114.48307037353516
118.29276275634766
117.9581069946289
123.17413330078125
119.96104431152344
117.63317108154297
122.55514526367188
113.45640563964844
117.46955108642578
117.87420654296875
114.32242584228516
124.13461303710938
124.34232330322266
120.45260620117188
124.65910339355469
124.52393341064453
128.8072967529297
123.91215515136719
125.4359359741211
120.00340270996094
116.64579772949219
119.51956176757812
118.19967651367188
120.72330474853516
124.47116088867188
131.4746856689453
122.49848175048828
118.7915267944336
120.1438217163086
122.4752197265625
124.91329956054688
127.7568359375
112.98249053955078
119.62737274169922
124.54505157470703
116.423583984375
121.81129455566406
119.63671875
118.3793716430664
121.60687255859375
128.35557556152344
111.59931945800781
125.07975769042969
119.25251007080078
126.60533142089844
119.96046447753906
108.82913208007812
115.35531616210938
119.03581237792969
117.0355453491211
128.19268798828125
115.46966552734375
125.16464233398438
120.7551498413086
118.56493377685547
118.11051177978516
115.84044647216797
115.11537170410156
116.66210174560547
114.0490951538086
119.81179809570312
119.8036117553711
126.46761322021484
122.71275329589844
119.89031219482422
122.08950805664062
111.63009643554688
123.80927276611328
119.04437255859375
119.60942840576172
117.9681167602539
114.8108901977539
121.72010803222656
122.03024291992188
120.59538269042969
121.3197250366211
120.8521957397461
127.94164276123047
110.68635559082031
130.3294677734375
114.3655014038086
127.94721984863281
127.1617202758789
117.99626922607422
122.74620819091797
118.61141967773438
120.34780883789062
114.0742416381836
121.2384033203125
129.286865234375
123.78194427490234
125.3124771118164
123.1446304321289
125.47625732421875
115.59879302978516
119.68455505371094
116.27362823486328
122.87657928466797
119.86442565917969
122.06456756591797
123.92642974853516
114.12025451660156
119.35778045654297
118.13263702392578
127.37040710449219
114.41453552246094
120.63008880615234
125.31249237060547
116.22799682617188
119.8315200805664
123.71173858642578
125.0125961303711
123.31104278564453
113.7289810180664
117.70738220214844
119.90328216552734
120.53089904785156
119.64274597167969
118.85469055175781
119.71202087402344
119.41525268554688
118.18609619140625
125.63550567626953
123.91780090332031
119.61045837402344
127.02591705322266
114.95646667480469
112.91879272460938
111.1254653930664
125.75462341308594
120.87448120117188
121.35669708251953
113.26187133789062
