123.11581420898438
114.3909912109375
125.82563018798828
113.53583526611328
113.41902923583984
118.40465545654297
124.75167083740234
107.92344665527344
114.84358978271484
110.96715545654297
116.95003509521484
115.75873565673828
126.69055938720703
122.2017822265625
112.47016143798828
122.8147964477539
134.54295349121094
117.94270324707031
112.1810073852539
115.64912414550781
101.91461181640625
121.53631591796875
116.33332824707031
122.4698486328125
117.48273468017578
118.55138397216797
129.94775390625
120.6304702758789
120.74544525146484
118.44038391113281
120.87635803222656
111.59005737304688
112.75569152832031
120.02972412109375
122.7883071899414
112.95616149902344
121.83171081542969
119.33397674560547
114.62272644042969
117.00865173339844
114.12797546386719
113.05191802978516
123.5899887084961
121.06742858886719
115.69013214111328
120.67213439941406
115.79754638671875
115.6415786743164
122.24681854248047
111.03932189941406
118.31791687011719
118.7398452758789
116.96551513671875
121.28153991699219
108.24168395996094
112.19564819335938
112.84797668457031
116.45989227294922
121.4036865234375
108.6233139038086
119.49414825439453
117.85176086425781
119.9759292602539
117.08135986328125
117.37309265136719
111.84388732910156
118.17051696777344
115.03298950195312
115.53196716308594
118.60057067871094
130.38748168945312
122.83013916015625
123.68891906738281
124.60148620605469
130.6063232421875
124.34790802001953
127.1249008178711
135.0447235107422
128.00537109375
117.3644790649414
121.97026824951172
117.42013549804688
111.55554962158203
124.97142028808594
121.40019989013672
108.77499389648438
124.82603454589844
113.33323669433594
114.48869323730469
110.7988510131836
120.12495422363281
119.79591369628906
111.46514892578125
118.0384750366211
120.63324737548828
121.32342529296875
117.31564331054688
118.64143371582031
117.70758819580078
120.79143524169922
125.00436401367188
116.86619567871094
118.84418487548828
119.13204193115234
115.08576202392578
124.0150375366211
126.54034423828125
126.58732604980469
121.41697692871094
119.27555847167969
112.17578125
118.70870208740234
119.2494125366211
121.08222198486328
129.77589416503906
132.8263397216797
121.76722717285156
112.27340698242188
121.64461517333984
118.79637908935547
115.50151824951172
115.05961608886719
121.76087951660156
117.87948608398438
113.1478500366211
120.11692810058594
119.09563446044922
115.27935791015625
127.02653503417969
116.66941833496094
123.29376220703125
120.1797866821289
117.80464172363281
112.32891082763672
108.76390075683594
119.14167022705078
120.87653350830078
109.57546997070312
113.83072662353516
116.24246215820312
116.71736145019531
114.85277557373047
118.774169921875
117.95735931396484
121.66929626464844
116.42488861083984
124.46238708496094
113.40237426757812
125.09146118164062
114.81075286865234
114.55792999267578
124.12406921386719
118.93328857421875
120.05060577392578
122.95929718017578
118.2195053100586
116.29792022705078
111.47087860107422
116.58104705810547
120.51033020019531
121.97241973876953
113.76233673095703
114.92137908935547
122.64917755126953
123.34703826904297
117.20520782470703
117.67034149169922
131.98118591308594
122.73894500732422
118.16531372070312
123.26943969726562
118.8005142211914
117.72137451171875
110.3995361328125
126.69728088378906
120.6402359008789
122.4580307006836
118.84107208251953
123.75017547607422
119.34310150146484
120.73957061767578
123.2742919921875
117.2591781616211
110.9537353515625
113.44853973388672
116.99180603027344
114.3840103149414
121.27326965332031
107.39179229736328
115.30290985107422
110.89263916015625
109.83716583251953
121.73863220214844
110.87831115722656
113.25080108642578
111.31425476074219
114.52973937988281
115.18634033203125
116.13729858398438
113.87486267089844
118.31570434570312
114.68197631835938
121.97415161132812
111.84379577636719
115.35090637207031
127.15090942382812
112.38682556152344
115.32756042480469
125.2725601196289
113.09392547607422
114.67848205566406
125.79226684570312
110.11992645263672
112.99446105957031
113.26248168945312
119.09872436523438
112.6373062133789
111.10541534423828
112.49060821533203
125.7867431640625
116.18276977539062
115.41189575195312
116.1465835571289
119.79264831542969
118.07054138183594
122.21385955810547
110.2866439819336
120.35025024414062
118.78728485107422
121.47859191894531
108.53882598876953
114.55821228027344
118.80598449707031
115.56383514404297
104.57850646972656
116.47735595703125
120.72398376464844
111.12279510498047
115.78397369384766
112.8994369506836
110.66499328613281
113.64295959472656
116.13023376464844
109.68982696533203
117.23621368408203
110.99364471435547
113.40057373046875
116.01847839355469
112.89311981201172
107.21038818359375
113.54104614257812
113.21302795410156
117.0423583984375
119.20918273925781
123.91405487060547
121.96451568603516
122.72496795654297
112.08092498779297
113.46862030029297
114.72108459472656
113.70465850830078
119.53724670410156
111.07368469238281
114.72026824951172
115.62738800048828
110.49002838134766
122.74885559082031
120.02545166015625
112.62483215332031
115.97205352783203
124.18449401855469
116.8505630493164
122.18342590332031
117.96566009521484
129.255615234375
117.30137634277344
113.26683044433594
121.38504028320312
124.34890747070312
124.81097412109375
121.28880310058594
116.24417114257812
119.6815185546875
112.24420166015625
122.43252563476562
112.29776763916016
111.4773941040039
108.73583221435547
122.2884521484375
118.13137817382812
119.340087890625
120.20951843261719
114.69474792480469
110.62361907958984
116.4612045288086
115.69837951660156
119.03323364257812
119.07810974121094
105.41043090820312
125.4689712524414
111.71539306640625
119.9217758178711
118.33268737792969
113.67327880859375
112.03754425048828
116.7068862915039
125.44513702392578
126.45491027832031
119.1998291015625
115.01026153564453
115.94349670410156
119.42648315429688
117.36782836914062
121.37765502929688
129.5972442626953
127.52932739257812
122.63491821289062
116.8193588256836
122.14771270751953
124.28047943115234
114.23401641845703
124.73635864257812
110.42485809326172
107.9019546508789
110.48472595214844
117.47018432617188
122.7778091430664
119.12957000732422
112.58245849609375
108.07392120361328
117.05274963378906
115.01900482177734
108.82017517089844
113.00146484375
114.28780364990234
118.23389434814453
111.43911743164062
109.5372314453125
114.70123291015625
120.3711929321289
112.7511215209961
108.48948669433594
111.85985565185547
114.89825439453125
115.68009948730469
118.64862060546875
108.14713287353516
121.43755340576172
120.20643615722656
117.27718353271484
125.92335510253906
117.67931365966797
114.87014770507812
116.59718322753906
119.01912689208984
111.96392822265625
120.82025146484375
110.95618438720703
114.83110809326172
114.11614990234375
122.33171844482422
126.95362854003906
117.95242309570312
109.0717544555664
111.13418579101562
116.76686096191406
119.08537292480469
124.94464111328125
109.87419128417969
117.83920288085938
120.97394561767578
110.57743835449219
115.07209014892578
105.06572723388672
116.29900360107422
115.05464935302734
112.58174896240234
109.8485107421875
115.50405883789062
115.22019958496094
118.6756362915039
112.84175109863281
105.98260498046875
108.28314208984375
110.75067901611328
109.30097961425781
128.4513397216797
105.62705993652344
116.99427032470703
116.30183410644531
111.7667465209961
113.14794921875
111.0842514038086
113.81427001953125
124.91116333007812
114.29178619384766
113.12736511230469
115.11051177978516
120.47909545898438
122.85174560546875
112.1976089477539
125.77824401855469
105.60694885253906
121.12934875488281
119.14540100097656
118.08360290527344
113.81549835205078
108.65535736083984
123.02955627441406
118.33573913574219
114.22496032714844
123.28823852539062
118.40837097167969
118.91377258300781
101.91000366210938
123.05606842041016
108.0783920288086
110.72702026367188
118.82443237304688
108.58039855957031
112.23674011230469
112.08354949951172
121.11030578613281
103.8025131225586
116.43608093261719
120.84306335449219
115.47936248779297
122.27080535888672
118.0582046508789
112.70887756347656
110.276611328125
119.48257446289062
111.85736846923828
114.69681549072266
104.68624877929688
111.55270385742188
117.49142456054688
113.59942626953125
117.13471984863281
112.1611328125
119.81446838378906
112.02836608886719
115.896240234375
117.7076644897461
115.57971954345703
117.25299072265625
117.73193359375
118.64966583251953
114.51789093017578
106.79573822021484
109.45276641845703
113.4491958618164
115.8703384399414
109.52579498291016
123.1470718383789
117.81188201904297
120.25193786621094
121.55317687988281
125.42057800292969
115.104736328125
116.86216735839844
127.91146850585938
113.93653869628906
108.33604431152344
107.70838928222656
122.5619888305664
117.73124694824219
111.23890686035156
113.70295715332031
