92.72509765625
91.33071899414062
95.47942352294922
84.15560913085938
89.20513916015625
92.46371459960938
96.17804718017578
86.13532257080078
89.08670043945312
84.66358184814453
89.29685974121094
89.47575378417969
96.38823699951172
91.02072143554688
84.94027709960938
96.36097717285156
97.81600189208984
91.23664093017578
87.11856842041016
88.97074127197266
78.93238067626953
93.2562026977539
90.796142578125
90.11508178710938
88.76498413085938
89.71939849853516
95.57905578613281
94.13154602050781
87.24102020263672
88.95491027832031
93.97447204589844
86.94116973876953
89.79850769042969
88.70779418945312
90.01644897460938
85.4027099609375
90.12505340576172
92.79020690917969
90.62281036376953
90.22803497314453
88.33564758300781
84.77143096923828
91.7161865234375
86.90001678466797
88.32315826416016
89.8664779663086
87.47339630126953
89.26013946533203
90.60643768310547
88.12290954589844
85.18525695800781
92.16059875488281
87.74068450927734
85.76170349121094
85.4585952758789
82.82225799560547
86.52205657958984
85.00390625
86.96913146972656
82.07154083251953
92.37189483642578
88.47185516357422
86.24935150146484
84.62599182128906
86.57161712646484
87.59487915039062
87.18367004394531
85.45840454101562
89.4552230834961
86.6982192993164
90.91155242919922
87.25294494628906
90.02972412109375
88.1824951171875
92.97367095947266
92.14485931396484
93.32189178466797
94.38927459716797
93.81591033935547
87.73521423339844
85.11680603027344
87.95137023925781
84.02046203613281
91.48118591308594
90.95079040527344
83.84134674072266
90.7109375
86.34303283691406
88.02500915527344
88.17053985595703
91.65019989013672
89.49931335449219
84.54974365234375
87.33122253417969
90.42471313476562
88.59662628173828
87.48503112792969
84.93333435058594
89.98414611816406
84.76628112792969
85.63482666015625
86.1041030883789
86.93995666503906
88.75816345214844
88.58342742919922
85.65472412109375
91.31897735595703
88.7364501953125
89.34170532226562
90.04763793945312
87.68476867675781
91.05831909179688
90.38716125488281
91.73344421386719
93.30668640136719
96.43011474609375
88.93536376953125
84.6853256225586
90.87571716308594
87.73716735839844
88.03874206542969
88.48546600341797
88.97579956054688
87.4536361694336
86.54493713378906
88.85665893554688
81.61386108398438
86.34310150146484
94.15472412109375
88.75642395019531
88.66650390625
86.46946716308594
84.89207458496094
86.57734680175781
84.25565338134766
88.66824340820312
89.38922119140625
83.08563995361328
84.82160949707031
88.62547302246094
86.59015655517578
86.88508605957031
84.96881866455078
87.36383819580078
90.03479766845703
86.16607666015625
88.1011962890625
84.40740966796875
87.36738586425781
85.23889923095703
85.46200561523438
90.16598510742188
87.57527160644531
86.48356628417969
89.00810241699219
86.63938903808594
85.688720703125
84.39273071289062
87.51326751708984
84.22633361816406
92.84408569335938
79.90313720703125
89.18734741210938
86.4667739868164
91.70268249511719
83.50723266601562
84.52578735351562
95.27324676513672
86.15630340576172
86.58460998535156
89.091064453125
88.25942993164062
88.08200073242188
83.210693359375
90.09611511230469
90.80288696289062
90.76731872558594
85.99808502197266
89.79517364501953
91.96102905273438
86.17855834960938
88.4708480834961
87.49969482421875
86.19358825683594
90.3396224975586
85.64514923095703
86.26133728027344
90.40155792236328
81.55512237548828
82.37677764892578
83.37811279296875
81.36428833007812
87.93569946289062
86.3411865234375
85.40594482421875
80.59672546386719
88.15155792236328
83.52234649658203
85.83898162841797
82.98063659667969
84.32489013671875
85.87670135498047
93.97241973876953
81.81566619873047
87.6195068359375
92.39649963378906
84.8761978149414
80.50883483886719
87.35392761230469
84.68163299560547
85.29386138916016
88.05937194824219
84.42583465576172
86.08355712890625
85.64250183105469
86.18354797363281
81.19608306884766
86.37376403808594
83.66154479980469
86.9161148071289
86.3283920288086
81.1069107055664
83.56809997558594
86.273681640625
87.96073150634766
88.93086242675781
83.51492309570312
89.09222412109375
91.82318115234375
85.47377014160156
83.2044906616211
83.73338317871094
88.72278594970703
89.28054809570312
78.61332702636719
85.22894287109375
84.2957763671875
82.62532806396484
88.05481719970703
80.10089111328125
81.34314727783203
80.26333618164062
85.68840789794922
82.32154846191406
88.03910827636719
85.09577941894531
84.40531158447266
83.71269226074219
80.7518310546875
79.53119659423828
83.00698852539062
81.8855209350586
84.81632995605469
84.50772857666016
87.741455078125
85.84521484375
85.26504516601562
79.20643615722656
81.23841094970703
88.5114974975586
83.55690002441406
83.31916046142578
82.94014739990234
87.80078125
82.1933822631836
83.5208969116211
89.53752899169922
85.6595458984375
82.35196685791016
83.09953308105469
85.01276397705078
83.44856262207031
83.97077178955078
79.79002380371094
93.20401763916016
84.88104248046875
84.22342681884766
86.42414093017578
90.45655822753906
84.31719970703125
86.4722671508789
83.79420471191406
90.95772552490234
81.82215881347656
86.56453704833984
79.66427612304688
82.65269470214844
83.54997253417969
88.84473419189453
90.36212158203125
85.84950256347656
85.93439483642578
84.50692749023438
81.03892517089844
81.70578002929688
86.26657104492188
85.80142974853516
79.99658966064453
78.58219146728516
88.8630142211914
82.29544830322266
84.56238555908203
77.3872299194336
79.08145904541016
81.98567962646484
80.56649780273438
88.0338134765625
89.41388702392578
84.03585815429688
81.0146255493164
79.52323913574219
79.77442932128906
80.9651870727539
86.44308471679688
85.56918334960938
88.18647766113281
86.36309814453125
82.65939331054688
83.89830780029297
84.10333251953125
88.58210754394531
86.60873413085938
78.2861328125
81.8280258178711
81.14353942871094
90.67271423339844
88.21424102783203
88.76223754882812
83.42713165283203
77.84281158447266
84.08058166503906
85.96266174316406
79.26923370361328
86.6382064819336
83.26068115234375
84.4227294921875
79.55108642578125
81.97560119628906
83.0118179321289
87.03018188476562
85.65919494628906
81.6762924194336
86.55072784423828
80.2274169921875
82.90005493164062
86.71702575683594
75.68896484375
83.32794189453125
81.02584838867188
82.44033813476562
79.93206024169922
89.81783294677734
84.1093978881836
83.0066146850586
83.0035400390625
81.41226196289062
80.81613159179688
82.66169738769531
80.82856750488281
81.5162353515625
84.88163757324219
85.77078247070312
85.771484375
80.39814758300781
80.28575134277344
86.09502410888672
82.2950439453125
89.46085357666016
80.56016540527344
80.2258071899414
82.82365417480469
77.0634765625
87.69615936279297
81.30060577392578
81.30963134765625
83.16204071044922
80.5699462890625
79.89495849609375
84.88959503173828
83.4316635131836
80.21380615234375
78.00029754638672
79.26141357421875
79.38484954833984
82.91356658935547
79.3097915649414
92.6862564086914
78.98942565917969
87.60665893554688
78.97645568847656
82.98790740966797
81.56851196289062
81.1111831665039
78.44221496582031
80.23125457763672
73.22893524169922
79.16156005859375
81.70443725585938
85.21100616455078
82.93562316894531
80.90414428710938
86.62545013427734
80.2006607055664
86.94607543945312
83.36160278320312
79.0970230102539
80.79109191894531
82.62606048583984
80.27330017089844
85.13671875
81.13253021240234
86.65184020996094
82.3698501586914
84.836181640625
75.90872192382812
90.22578430175781
76.55537414550781
83.19482421875
83.99051666259766
77.74964904785156
82.0374526977539
82.92866516113281
80.55037689208984
77.83392333984375
85.37773132324219
85.76692199707031
83.27902221679688
80.63751983642578
82.5153579711914
81.119140625
75.1977767944336
80.05419921875
79.20143127441406
80.20502471923828
78.19867706298828
82.80188751220703
89.59343719482422
79.5479507446289
82.09362030029297
80.79853820800781
84.6843032836914
79.18148803710938
78.87367248535156
84.84024810791016
82.3994140625
84.06053161621094
86.60589599609375
84.33939361572266
86.48226928710938
81.46383666992188
78.1884765625
85.20838928222656
83.25579833984375
80.09149169921875
84.13134002685547
83.86043548583984
82.53450012207031
77.52774810791016
82.27764892578125
82.56143188476562
82.13285827636719
84.28797149658203
77.916748046875
79.71420288085938
75.6926498413086
83.78755187988281
82.82444763183594
81.78731536865234
81.36711120605469
