549.7411499023438
552.2225341796875
543.49267578125
534.7559204101562
524.315185546875
513.4097900390625
506.46990966796875
493.0719299316406
484.41058349609375
471.8163757324219
461.2515563964844
453.78790283203125
445.73687744140625
433.58056640625
423.4622497558594
414.72454833984375
406.5871887207031
395.4577331542969
383.8001708984375
374.12420654296875
366.91461181640625
364.6365051269531
351.5594177246094
349.20318603515625
342.89959716796875
335.4185485839844
340.5337829589844
329.966064453125
319.8122253417969
316.390380859375
315.78997802734375
307.403076171875
298.5149841308594
309.2464904785156
300.09552001953125
301.3206787109375
294.8128662109375
291.057373046875
286.060791015625
286.2539367675781
287.5252990722656
277.3470153808594
284.3958435058594
287.71917724609375
276.5653381347656
277.371337890625
280.227294921875
271.5841979980469
275.4175720214844
270.4710693359375
275.5954895019531
273.952880859375
274.0492858886719
270.3298034667969
261.8742370605469
263.62017822265625
259.4573974609375
273.98468017578125
272.7294006347656
261.5072021484375
274.9480285644531
274.91033935546875
268.1468811035156
252.95489501953125
269.3852233886719
256.4423828125
255.58644104003906
257.5823669433594
270.1469421386719
265.8841552734375
271.843505859375
268.2422790527344
263.8836975097656
269.3460388183594
267.4453125
266.7272644042969
269.6962585449219
273.24420166015625
272.91351318359375
261.2925109863281
265.1543884277344
262.3229064941406
258.5993957519531
271.9863586425781
261.50189208984375
250.8262176513672
267.39056396484375
260.02972412109375
257.9725646972656
253.7924346923828
269.4436340332031
255.06201171875
253.08074951171875
247.74551391601562
257.3943176269531
255.61439514160156
249.98597717285156
252.7804412841797
249.4101104736328
251.12745666503906
247.61740112304688
248.25880432128906
255.83863830566406
247.32260131835938
246.2144317626953
255.53543090820312
254.76785278320312
252.96409606933594
252.75279235839844
252.58566284179688
241.2145538330078
255.39553833007812
250.10081481933594
253.93414306640625
262.3136901855469
266.0933532714844
248.589111328125
245.55230712890625
250.76795959472656
246.88148498535156
247.73129272460938
254.61642456054688
247.68991088867188
243.26197814941406
236.59388732910156
241.0353240966797
241.3572235107422
241.6376190185547
250.9315948486328
240.44227600097656
247.51409912109375
244.27854919433594
238.25732421875
236.1416015625
236.13815307617188
237.97657775878906
246.52499389648438
238.70281982421875
235.84060668945312
240.0787811279297
240.26504516601562
233.48992919921875
237.52098083496094
238.11074829101562
240.6292266845703
239.83154296875
247.0484619140625
239.14974975585938
239.2903594970703
239.49021911621094
236.5892791748047
240.23245239257812
240.78688049316406
234.44186401367188
241.3573760986328
242.92466735839844
243.95762634277344
240.14122009277344
236.0111541748047
236.7071533203125
241.3970184326172
232.5570068359375
234.61013793945312
238.0217742919922
239.64688110351562
239.80264282226562
237.57850646972656
244.93768310546875
238.09744262695312
235.60975646972656
237.84446716308594
233.73580932617188
237.73507690429688
225.20635986328125
246.5470733642578
237.85482788085938
236.43099975585938
236.46971130371094
234.7877197265625
233.8584442138672
240.606201171875
237.34339904785156
233.90817260742188
235.95025634765625
228.5870819091797
234.02655029296875
236.52133178710938
230.54913330078125
227.3629913330078
227.90512084960938
229.86447143554688
228.02584838867188
235.65052795410156
227.4966583251953
235.23643493652344
225.63531494140625
232.7047119140625
226.4079132080078
225.1208953857422
227.08340454101562
226.26246643066406
222.89720153808594
239.26756286621094
230.4373321533203
230.64224243164062
235.7029571533203
222.13890075683594
224.5162811279297
236.17977905273438
226.38394165039062
224.3988037109375
232.2870330810547
219.28330993652344
225.33567810058594
224.9769744873047
228.44590759277344
221.25865173339844
225.3963623046875
226.7621307373047
230.4757080078125
229.3994598388672
227.8997802734375
227.0833282470703
228.7978515625
225.8053741455078
235.15126037597656
227.7147674560547
227.36224365234375
218.99729919433594
227.94281005859375
221.47630310058594
229.42584228515625
229.46841430664062
227.92160034179688
219.0492401123047
218.72314453125
224.36402893066406
217.53945922851562
224.66664123535156
222.0849151611328
213.880126953125
218.3422088623047
227.68862915039062
216.52523803710938
224.12477111816406
217.81893920898438
224.31301879882812
223.57359313964844
217.63394165039062
216.058349609375
224.1644744873047
212.30099487304688
224.8177490234375
229.587890625
224.54371643066406
233.24658203125
225.5666046142578
215.154296875
222.85646057128906
222.1131591796875
218.63885498046875
230.40435791015625
215.18450927734375
220.88658142089844
216.503173828125
217.23484802246094
223.87632751464844
221.29605102539062
223.47193908691406
217.1748809814453
228.55787658691406
215.5381317138672
220.32533264160156
215.5160369873047
228.13111877441406
213.9896697998047
215.85598754882812
221.74615478515625
224.52394104003906
220.4634246826172
225.5919647216797
212.25103759765625
229.98455810546875
215.5848846435547
225.8632049560547
208.40988159179688
223.3697509765625
215.1067657470703
223.6353759765625
218.11770629882812
222.1099395751953
218.56578063964844
220.08314514160156
210.04690551757812
216.0113067626953
216.01397705078125
217.83094787597656
219.6093292236328
206.7827606201172
226.65480041503906
218.26808166503906
220.3751678466797
215.40682983398438
212.61337280273438
216.57858276367188
210.91744995117188
218.72598266601562
221.82118225097656
211.608642578125
216.7700958251953
216.50454711914062
215.8390655517578
208.59947204589844
220.3184051513672
222.83306884765625
223.036865234375
215.82843017578125
211.90576171875
214.59754943847656
211.78472900390625
225.3198699951172
222.3194580078125
210.51068115234375
214.4776153564453
214.05125427246094
217.7165985107422
218.89561462402344
221.41123962402344
210.68505859375
212.55804443359375
214.1349639892578
214.39712524414062
205.07534790039062
211.87403869628906
214.02755737304688
217.14556884765625
207.30516052246094
211.08558654785156
206.60433959960938
214.94297790527344
208.76889038085938
206.1073455810547
209.7628936767578
208.73130798339844
214.5989227294922
213.25283813476562
201.9755401611328
215.3986053466797
210.1805877685547
204.7865753173828
217.6153106689453
212.32786560058594
206.94410705566406
212.40591430664062
215.41696166992188
213.42689514160156
208.2082977294922
211.02737426757812
206.99305725097656
208.82774353027344
209.33285522460938
212.84921264648438
209.9736785888672
204.38787841796875
210.34750366210938
208.65182495117188
209.5955047607422
207.913818359375
207.07437133789062
210.51243591308594
215.93934631347656
206.31732177734375
208.99623107910156
205.662841796875
209.5990447998047
217.1337432861328
209.50315856933594
196.62193298339844
207.8362579345703
204.13941955566406
209.22312927246094
210.17745971679688
204.76138305664062
200.67457580566406
206.48806762695312
206.21844482421875
217.80953979492188
200.0095977783203
212.315673828125
204.15342712402344
209.42941284179688
202.60061645507812
202.31565856933594
205.96043395996094
206.3890838623047
197.74853515625
199.60595703125
205.40345764160156
212.0344696044922
203.10147094726562
206.71914672851562
211.9004364013672
196.5253448486328
207.1179656982422
209.00108337402344
205.20655822753906
201.41868591308594
206.0854949951172
209.9405059814453
206.31362915039062
207.5719757080078
210.31642150878906
207.95062255859375
207.19851684570312
196.4340057373047
210.7276611328125
200.49513244628906
206.5227813720703
210.91751098632812
205.080810546875
201.66070556640625
201.73887634277344
201.11598205566406
193.3980712890625
208.92877197265625
202.28900146484375
204.24282836914062
208.43374633789062
199.92324829101562
206.9005584716797
202.18930053710938
199.83499145507812
201.44471740722656
200.0265655517578
200.4521026611328
203.09068298339844
203.13717651367188
201.58038330078125
202.20968627929688
200.61300659179688
208.36163330078125
195.3537139892578
202.2281494140625
204.6006317138672
205.82949829101562
207.8157501220703
203.92623901367188
207.4160614013672
202.2698211669922
201.121337890625
201.15708923339844
202.56040954589844
206.09803771972656
202.892578125
207.01177978515625
199.09182739257812
201.2624053955078
201.87181091308594
206.4357452392578
197.45848083496094
205.48550415039062
206.52603149414062
196.03106689453125
194.68850708007812
197.48599243164062
207.65675354003906
206.5555877685547
200.3886260986328
201.7676239013672
