69.77577209472656
73.71310424804688
70.51879119873047
64.10554504394531
66.84156036376953
75.39093017578125
76.81645202636719
66.32411193847656
68.86800384521484
71.09965515136719
69.10908508300781
71.85594177246094
83.11553192138672
75.52626037597656
66.49992370605469
79.17530822753906
76.30519104003906
73.88239288330078
66.35537719726562
69.74346160888672
60.643985748291016
69.55171966552734
71.35099792480469
68.63544464111328
69.96286010742188
70.47236633300781
79.15355682373047
73.79546356201172
68.81791687011719
71.79312896728516
69.80329895019531
66.87506103515625
65.76750183105469
71.3804702758789
72.10088348388672
65.64306640625
73.16634368896484
69.62406158447266
67.64257049560547
72.99633026123047
66.63452911376953
64.21874237060547
74.39238739013672
67.24760437011719
69.65567779541016
71.65414428710938
73.02311706542969
70.87410736083984
67.33091735839844
69.47969818115234
68.40222930908203
71.25830841064453
69.18514251708984
68.0533447265625
68.50365447998047
62.29314422607422
64.90068054199219
68.77286529541016
69.8370361328125
63.248252868652344
77.05409240722656
70.97821044921875
66.33826446533203
70.43363952636719
68.31036376953125
67.9780502319336
68.84190368652344
63.66395950317383
71.03166961669922
68.71110534667969
75.55315399169922
67.48994445800781
72.16815185546875
68.06737518310547
75.8827896118164
73.19831085205078
74.88414001464844
79.11225891113281
72.05107116699219
70.10427856445312
68.87987518310547
70.63584899902344
64.30360412597656
69.66085052490234
78.59739685058594
63.47209167480469
71.25260162353516
65.15460205078125
68.27845001220703
66.57678985595703
74.85111236572266
68.72160339355469
64.8319320678711
71.08966064453125
71.79891967773438
71.56212615966797
65.0261001586914
71.05357360839844
73.43526458740234
65.6977767944336
73.19601440429688
66.61637878417969
69.31367492675781
73.16370391845703
72.91272735595703
74.27667999267578
77.49760437011719
73.93572998046875
72.45923614501953
74.31311798095703
70.96710205078125
78.56137084960938
69.86151123046875
72.83515930175781
74.86266326904297
82.40052032470703
72.66130828857422
65.41065216064453
70.82139587402344
66.68803405761719
66.3814697265625
69.41592407226562
68.181640625
70.14373779296875
68.09349060058594
71.61357116699219
61.12889099121094
67.93242645263672
74.05754089355469
67.66490173339844
69.48908996582031
69.8882827758789
65.28544616699219
69.77052307128906
62.64183807373047
67.5333023071289
77.52733612060547
67.548095703125
75.18086242675781
67.49470520019531
72.44657135009766
70.69896697998047
69.86238861083984
69.29448699951172
71.29851531982422
68.37089538574219
72.65074157714844
66.66179656982422
74.67567443847656
66.69154357910156
72.45808410644531
71.32891845703125
69.12057495117188
70.33184814453125
73.4299545288086
72.1431655883789
69.71699523925781
68.52398681640625
70.15318298339844
69.91024017333984
78.72826385498047
65.27830505371094
69.37251281738281
75.02330017089844
73.76032257080078
63.15113830566406
66.74835968017578
71.32948303222656
70.90684509277344
69.92790222167969
72.14977264404297
67.43834686279297
66.77810668945312
64.53589630126953
71.21326446533203
68.97467803955078
69.49105072021484
69.9678955078125
77.00151824951172
72.51902770996094
69.3248291015625
71.95021057128906
73.74412536621094
72.79351806640625
72.79786682128906
67.6236801147461
72.4325180053711
74.90205383300781
63.70612335205078
62.26481628417969
63.51939010620117
61.81916427612305
75.15382385253906
65.11483764648438
66.31783294677734
63.880401611328125
67.18151092529297
66.92176055908203
66.223876953125
63.702186584472656
64.85997009277344
65.84297943115234
74.30203247070312
75.11724853515625
68.37149047851562
73.71771240234375
65.14344787597656
64.5211181640625
69.66683959960938
67.17321014404297
66.9911117553711
72.78380584716797
63.73188400268555
65.76422882080078
68.47010803222656
69.3359603881836
63.141273498535156
74.18558502197266
67.47528839111328
76.12335205078125
68.42171478271484
65.60682678222656
71.85865783691406
70.11643981933594
69.19921875
75.6698989868164
64.70490264892578
72.08448028564453
70.50636291503906
69.9193115234375
64.57128143310547
70.81527709960938
69.98805236816406
70.95344543457031
63.92533874511719
66.15135192871094
71.60816955566406
63.2333869934082
69.77682495117188
66.46392059326172
65.19873046875
65.81259155273438
68.08413696289062
63.80238723754883
69.9285888671875
66.92242431640625
74.31639099121094
65.38306427001953
68.48920440673828
67.33013916015625
64.37321472167969
65.09821319580078
73.56975555419922
72.17437744140625
73.90050506591797
75.97638702392578
67.9522476196289
60.23215866088867
61.1409912109375
71.3754653930664
61.03041076660156
68.61556243896484
65.30949401855469
70.70598602294922
66.54204559326172
64.57587432861328
67.86846923828125
68.71575927734375
66.5231704711914
68.43312072753906
72.19702911376953
64.7132339477539
63.38788986206055
63.248023986816406
75.44937896728516
66.75230407714844
69.90681457519531
69.2034912109375
71.65231323242188
70.66242980957031
72.46011352539062
70.4759292602539
77.56519317626953
65.74140930175781
70.94023895263672
59.556907653808594
65.7739028930664
62.57853698730469
73.82640075683594
72.92091369628906
70.41383361816406
64.85227966308594
64.16732788085938
62.97239685058594
61.946720123291016
65.95166015625
70.04167175292969
66.1996841430664
62.014617919921875
74.44610595703125
65.30775451660156
72.91927337646484
66.13931274414062
63.097103118896484
71.19837951660156
65.69034576416016
75.54219055175781
70.14253234863281
69.25244140625
69.00757598876953
68.10442352294922
66.1026611328125
63.328895568847656
68.58779907226562
70.91416931152344
74.32886505126953
69.11878204345703
64.1319351196289
67.1596908569336
71.41368865966797
69.58667755126953
69.45823669433594
60.22365951538086
64.70056915283203
64.67698669433594
71.32378387451172
70.706298828125
73.17376708984375
63.37110137939453
61.08314514160156
71.13008117675781
66.88226318359375
64.89939880371094
67.67316436767578
66.97340393066406
67.631591796875
66.04816436767578
64.41893005371094
65.820556640625
78.47315979003906
68.25324249267578
63.749412536621094
67.36544036865234
67.66453552246094
65.31737518310547
70.30554962158203
67.18930053710938
70.06999206542969
70.85491180419922
65.68157196044922
73.63548278808594
73.02855682373047
68.0112533569336
69.51651763916016
68.73332214355469
66.59890747070312
67.18167114257812
65.0053482055664
61.402687072753906
66.74347686767578
70.33425903320312
71.16133880615234
64.70513153076172
65.18252563476562
63.075958251953125
70.19100952148438
75.16770935058594
68.73841857910156
63.42988586425781
62.67628479003906
74.46994018554688
62.34666061401367
71.8028793334961
63.631805419921875
70.75483703613281
65.11631774902344
65.24127197265625
65.91622924804688
65.76216125488281
65.81629943847656
66.02552795410156
64.1243896484375
64.45448303222656
64.3873291015625
67.44735717773438
67.47578430175781
80.64958190917969
66.65138244628906
71.80574035644531
68.97344970703125
63.876190185546875
65.81806945800781
67.0219955444336
64.66093444824219
69.24413299560547
67.79049682617188
64.50348663330078
70.10275268554688
74.47416687011719
67.41036987304688
67.74224853515625
73.08165740966797
66.48921966552734
66.99752044677734
70.02561950683594
65.12228393554688
61.87395477294922
71.47007751464844
69.17619323730469
68.338623046875
67.85346221923828
72.42410278320312
66.60829162597656
75.66068267822266
58.02511215209961
75.77552795410156
62.89207077026367
70.01995849609375
71.18988037109375
62.718055725097656
65.97286224365234
61.62095642089844
68.37104797363281
61.97565841674805
67.11869812011719
69.83775329589844
67.84317016601562
61.68756866455078
65.88308715820312
67.01205444335938
60.13186264038086
63.63376998901367
65.12887573242188
63.01884841918945
65.08817291259766
69.76741790771484
76.16947937011719
65.05491638183594
68.29795837402344
72.55659484863281
72.25060272216797
62.82991027832031
66.92877197265625
66.67212677001953
66.1659927368164
67.96361541748047
68.34580993652344
67.33358764648438
69.92266082763672
65.26172637939453
60.23548889160156
66.93705749511719
69.02000427246094
63.25209426879883
67.46253967285156
64.56761169433594
65.0819320678711
66.54670715332031
70.35952758789062
66.54683685302734
71.34384155273438
68.4625015258789
64.85515594482422
64.56682586669922
65.75738525390625
73.6538314819336
67.35000610351562
72.46525573730469
70.20068359375
