192.5308380126953
184.98580932617188
190.19891357421875
178.087158203125
185.76397705078125
187.4695281982422
191.4876251220703
182.29519653320312
186.4186553955078
182.28805541992188
187.01438903808594
187.93312072753906
197.49290466308594
186.71177673339844
186.2514190673828
193.1161346435547
197.5133056640625
186.75096130371094
187.7363739013672
186.82960510253906
178.63674926757812
189.44393920898438
188.1302490234375
188.51060485839844
187.33343505859375
182.5912322998047
195.71524047851562
193.4293670654297
186.9782257080078
186.99493408203125
188.54652404785156
182.78976440429688
181.47869873046875
191.83981323242188
186.64840698242188
183.62257385253906
189.48497009277344
186.41104125976562
184.669921875
184.68519592285156
190.09030151367188
184.4595947265625
187.15419006347656
185.26373291015625
183.261474609375
185.72698974609375
187.6848602294922
185.78323364257812
188.6457977294922
185.989501953125
179.4255828857422
187.66928100585938
188.08982849121094
186.52374267578125
179.492431640625
180.13096618652344
181.10552978515625
186.30393981933594
189.9723663330078
180.6162872314453
186.96737670898438
185.0699005126953
184.2847900390625
176.31716918945312
188.56199645996094
178.24302673339844
177.60610961914062
179.91546630859375
184.65518188476562
184.4835968017578
188.23045349121094
182.91644287109375
183.89712524414062
187.8080291748047
186.25308227539062
188.8944854736328
185.73715209960938
191.27525329589844
191.9931182861328
184.48321533203125
185.52679443359375
182.6690673828125
180.9622039794922
195.7174072265625
182.7557830810547
176.56808471679688
186.51611328125
181.04896545410156
185.31101989746094
178.7748260498047
187.40045166015625
181.80015563964844
178.6687774658203
181.14649963378906
183.28089904785156
183.47276306152344
181.71041870117188
181.1068115234375
185.0069580078125
179.5838623046875
177.83302307128906
176.49127197265625
183.03549194335938
182.07510375976562
179.22373962402344
184.31053161621094
186.65830993652344
185.1770782470703
180.9983673095703
188.289794921875
180.2659912109375
184.93092346191406
181.69044494628906
184.43853759765625
188.66409301757812
190.18399047851562
181.30685424804688
180.62939453125
186.8638916015625
180.9611358642578
183.7018280029297
183.48695373535156
180.8521270751953
180.5315399169922
175.61659240722656
178.76382446289062
176.5791015625
181.27789306640625
187.84170532226562
182.72979736328125
184.5677490234375
180.17047119140625
174.44482421875
176.25990295410156
175.1484832763672
178.34487915039062
184.63107299804688
178.4847869873047
172.448974609375
182.29791259765625
176.6927947998047
175.3269805908203
179.08700561523438
175.51544189453125
179.84217834472656
173.8567352294922
182.99949645996094
178.79014587402344
181.40118408203125
182.6029510498047
176.46725463867188
180.15869140625
179.40040588378906
176.8633575439453
183.56407165527344
175.5493927001953
182.21607971191406
177.5689239501953
178.14578247070312
176.43435668945312
184.96519470214844
171.3180694580078
179.33770751953125
180.03610229492188
179.81539916992188
176.30296325683594
177.68801879882812
183.55699157714844
180.3631134033203
177.80697631835938
181.37088012695312
177.86619567871094
177.3590087890625
172.82984924316406
183.11077880859375
180.5386505126953
178.494384765625
178.27110290527344
178.80517578125
180.04830932617188
179.53829956054688
183.38229370117188
175.9958038330078
180.22222900390625
177.11102294921875
178.47711181640625
179.24217224121094
173.73109436035156
170.904296875
173.06048583984375
174.7710723876953
171.17416381835938
174.5709991455078
172.42381286621094
176.9087371826172
167.1190948486328
178.25344848632812
170.3004150390625
174.4805145263672
170.88967895507812
174.07730102539062
169.0251922607422
177.93019104003906
171.1619110107422
177.3249053955078
180.88555908203125
167.0662384033203
168.70993041992188
176.4793243408203
171.7265167236328
170.8268585205078
172.9904327392578
165.99720764160156
168.6724395751953
172.1644744873047
169.553466796875
165.8585205078125
170.95404052734375
169.74876403808594
171.81747436523438
170.4410858154297
169.14407348632812
168.01535034179688
169.48912048339844
169.16285705566406
175.12709045410156
170.52764892578125
169.409423828125
168.2334442138672
173.6529541015625
166.90911865234375
170.20181274414062
174.33642578125
173.36941528320312
163.17691040039062
165.43756103515625
169.26951599121094
165.80909729003906
168.42941284179688
162.6960906982422
158.23863220214844
164.41531372070312
171.15599060058594
162.53445434570312
170.30345153808594
163.61094665527344
163.66220092773438
163.91061401367188
162.04696655273438
163.13992309570312
168.74148559570312
157.64102172851562
166.525634765625
168.25421142578125
171.39927673339844
174.87261962890625
169.84437561035156
161.21597290039062
166.7189483642578
162.5889129638672
163.53384399414062
165.44155883789062
159.83395385742188
166.511962890625
162.1737823486328
161.95315551757812
170.18951416015625
167.50987243652344
163.5350341796875
159.5968017578125
166.00155639648438
159.69451904296875
162.43478393554688
160.29632568359375
169.8763427734375
159.253662109375
163.39797973632812
162.66946411132812
166.58184814453125
163.25804138183594
168.58924865722656
161.06564331054688
170.63369750976562
161.332763671875
165.05841064453125
154.71395874023438
166.14764404296875
157.1217498779297
164.67803955078125
162.90467834472656
163.74847412109375
162.23377990722656
162.09603881835938
153.6103515625
156.55575561523438
162.26651000976562
159.01564025878906
159.09132385253906
153.24888610839844
163.27398681640625
161.50819396972656
161.86209106445312
153.99087524414062
154.2488555908203
160.1568145751953
154.93344116210938
161.73826599121094
165.7137908935547
157.1974334716797
160.13009643554688
156.05198669433594
153.47393798828125
154.37142944335938
162.89401245117188
163.05723571777344
161.97421264648438
160.4178466796875
157.4219512939453
157.5112762451172
153.26431274414062
165.68911743164062
161.64071655273438
151.54144287109375
155.703369140625
155.83578491210938
159.35702514648438
165.18478393554688
162.99679565429688
153.36134338378906
153.6778106689453
158.2301483154297
159.39877319335938
149.69189453125
159.27365112304688
155.37615966796875
157.28878784179688
152.05128479003906
154.5521697998047
154.1644744873047
156.61495971679688
154.87850952148438
152.40151977539062
156.58204650878906
147.61602783203125
154.9024200439453
150.0175323486328
146.82852172851562
157.55899047851562
152.0108642578125
150.3226318359375
156.92942810058594
159.14971923828125
152.16824340820312
153.27622985839844
158.37527465820312
152.4229278564453
149.2349853515625
153.54933166503906
153.0855255126953
151.31597900390625
156.9364471435547
154.34707641601562
152.82672119140625
150.154541015625
150.29920959472656
154.14346313476562
151.5543975830078
154.39971923828125
150.90916442871094
146.70880126953125
154.0420379638672
150.57086181640625
155.20892333984375
149.93824768066406
152.65228271484375
156.85321044921875
153.25509643554688
147.37130737304688
155.82676696777344
149.40463256835938
150.7336883544922
152.2227325439453
146.13058471679688
148.64939880371094
150.1221923828125
148.67626953125
162.0485076904297
141.59193420410156
153.04061889648438
147.5359649658203
147.57225036621094
144.9633331298828
146.64434814453125
146.63943481445312
148.79493713378906
142.73011779785156
143.31640625
148.49949645996094
154.5599822998047
149.77984619140625
151.9740447998047
152.8437042236328
140.6013946533203
153.44903564453125
151.62107849121094
147.506103515625
147.31446838378906
147.80374145507812
149.63804626464844
152.28640747070312
147.69410705566406
151.45985412597656
148.95118713378906
147.00091552734375
142.22557067871094
155.9524383544922
143.41909790039062
150.3659210205078
148.0341339111328
148.0594482421875
151.6730499267578
147.15785217285156
145.60328674316406
136.36207580566406
152.74493408203125
147.01637268066406
147.8411407470703
149.6299591064453
144.59144592285156
147.06800842285156
141.73487854003906
144.27011108398438
143.62115478515625
144.6520233154297
143.49163818359375
145.8966522216797
149.6521453857422
141.77149963378906
147.13279724121094
141.93380737304688
151.6162109375
142.13534545898438
146.32449340820312
147.60511779785156
144.7056121826172
148.03402709960938
146.6883544921875
150.27435302734375
149.29795837402344
144.73890686035156
141.27688598632812
149.4419403076172
147.95252990722656
142.59693908691406
145.2682647705078
142.39071655273438
146.9268341064453
142.6324920654297
148.48861694335938
145.02769470214844
148.28834533691406
151.165283203125
139.54232788085938
135.72840881347656
138.4989471435547
150.09298706054688
147.62359619140625
143.29061889648438
141.76292419433594
