67.6313247680664
70.47840881347656
70.19862365722656
61.36177062988281
65.11151885986328
70.63362884521484
74.1141357421875
63.18781661987305
64.31376647949219
65.25553131103516
71.54885864257812
67.15043640136719
73.4582290649414
72.72903442382812
60.25505828857422
72.57686614990234
77.37407684326172
66.76422119140625
63.14948654174805
64.21293640136719
56.30550765991211
66.98036193847656
66.60000610351562
66.07577514648438
65.11888122558594
66.57476806640625
71.92431640625
71.65745544433594
61.39619445800781
65.87889099121094
64.0933837890625
61.802268981933594
64.41769409179688
65.10350799560547
70.85525512695312
62.79356002807617
67.72901916503906
67.55076599121094
66.22965240478516
67.66981506347656
67.68757629394531
61.2605094909668
73.72049713134766
65.76640319824219
64.1530990600586
66.11991882324219
67.4979476928711
66.4324722290039
65.74519348144531
65.92369842529297
64.36465454101562
65.44132995605469
62.330230712890625
63.67210388183594
60.25589370727539
59.99943923950195
59.502479553222656
63.789573669433594
69.30368041992188
58.708248138427734
76.30512237548828
65.18045043945312
66.29440307617188
63.982330322265625
65.0367202758789
62.748722076416016
64.88665771484375
61.38123321533203
68.20771789550781
69.03265380859375
72.58741760253906
66.73619079589844
66.69967651367188
64.89129638671875
76.75518798828125
67.51652526855469
71.4310302734375
75.28379821777344
63.915977478027344
64.17601776123047
63.88371276855469
63.42304992675781
58.178733825683594
62.72431182861328
69.51852416992188
61.38269805908203
64.31165313720703
61.42290115356445
62.98560333251953
61.80830383300781
69.65312194824219
65.45196533203125
61.302757263183594
66.97978210449219
70.31253051757812
68.2811279296875
58.24939727783203
67.4749526977539
67.81622314453125
65.49249267578125
70.7803955078125
63.5662841796875
65.51158905029297
67.45835876464844
66.17413330078125
72.41116333007812
68.58417510986328
68.70071411132812
68.27336883544922
70.21083068847656
63.46342468261719
77.67022705078125
67.98069763183594
68.21756744384766
76.05834197998047
81.10226440429688
65.79713439941406
60.951385498046875
65.73155212402344
66.7904281616211
64.35741424560547
68.29060363769531
68.05923461914062
66.79275512695312
58.441070556640625
65.78021240234375
60.743099212646484
59.234596252441406
75.09529113769531
62.57395935058594
66.48588562011719
67.43909454345703
63.538307189941406
67.5837631225586
60.6779670715332
66.5164566040039
75.2821273803711
60.54584503173828
66.2249526977539
65.01732635498047
68.4837417602539
68.4688491821289
63.34848403930664
63.29335021972656
64.40097045898438
68.93771362304688
68.39474487304688
63.485408782958984
71.60301208496094
66.0489730834961
67.2215805053711
72.24633026123047
64.88462829589844
65.52499389648438
70.74961853027344
69.30584716796875
74.69766235351562
64.41299438476562
60.570953369140625
66.53150177001953
67.93949127197266
63.00260543823242
63.28884506225586
66.89775085449219
72.91136169433594
63.05503845214844
58.0255012512207
65.95716857910156
65.14276123046875
64.89659118652344
64.69300079345703
64.60758209228516
63.77172088623047
60.51870346069336
73.0386962890625
63.18122863769531
73.01272583007812
63.677921295166016
68.46782684326172
64.4569091796875
62.40232849121094
65.44678497314453
65.39636993408203
66.2455825805664
67.69277954101562
63.09608459472656
66.35882568359375
70.1868896484375
58.20137405395508
61.311920166015625
57.704681396484375
60.037925720214844
71.17993927001953
60.37808609008789
64.06166076660156
61.261512756347656
64.10213470458984
65.74034881591797
60.748382568359375
61.24530029296875
63.771095275878906
62.52991485595703
73.16926574707031
68.08816528320312
65.33661651611328
72.40760803222656
66.78079986572266
61.43518829345703
65.82048034667969
60.26335144042969
58.260013580322266
70.4677734375
59.96247100830078
65.28633117675781
62.74736785888672
67.67227172851562
60.57415771484375
60.9938850402832
65.49899291992188
71.32892608642578
66.20702362060547
59.64994430541992
71.60958099365234
60.66900634765625
65.96590423583984
68.28145599365234
62.257240295410156
65.13167572021484
66.37860107421875
63.61180877685547
59.75103759765625
65.02104949951172
67.73887634277344
66.13002014160156
57.430198669433594
59.71220397949219
61.998260498046875
60.768741607666016
65.31623840332031
65.48135375976562
64.79730224609375
64.69227600097656
63.5884895324707
64.31517791748047
69.45861053466797
64.03569030761719
70.64714050292969
65.36360931396484
64.468017578125
64.89682006835938
65.94038391113281
65.97109985351562
70.63798522949219
73.68445587158203
70.43321228027344
69.13807678222656
64.3569564819336
54.98357391357422
57.794677734375
63.316200256347656
58.53997802734375
64.1390380859375
62.128761291503906
63.02471923828125
60.348419189453125
61.90174102783203
68.97893524169922
63.272544860839844
61.69273376464844
61.511695861816406
71.25269317626953
60.4141845703125
59.67738342285156
61.54476547241211
71.96198272705078
62.84535598754883
63.242401123046875
67.80453491210938
68.24765014648438
62.65831756591797
67.22188568115234
62.98082733154297
75.6534423828125
65.62969970703125
72.58198547363281
62.0880126953125
66.39247131347656
58.640846252441406
69.88536834716797
68.48356628417969
59.9705924987793
61.32598876953125
59.55294418334961
57.20244598388672
60.67353820800781
64.59016418457031
67.06974792480469
59.28350067138672
57.43903350830078
74.87686920166016
60.83622360229492
67.63710021972656
66.3255615234375
62.02785110473633
65.48809814453125
64.10900115966797
74.53001403808594
64.2373275756836
63.28339767456055
63.97754669189453
58.75385284423828
63.351806640625
61.15021514892578
66.14372253417969
67.35397338867188
72.69855499267578
67.54574584960938
60.063438415527344
62.75923156738281
69.825927734375
64.22297668457031
62.28632736206055
55.06894302368164
63.20551300048828
57.14252471923828
63.464569091796875
61.8165283203125
63.73834991455078
58.809600830078125
55.220359802246094
62.539527893066406
61.29576873779297
61.73829650878906
62.4454345703125
61.91227722167969
63.70025634765625
60.35923767089844
60.958229064941406
64.60256958007812
68.12303161621094
63.10658264160156
59.406471252441406
61.475196838378906
66.21859741210938
61.391143798828125
72.106201171875
58.58720779418945
74.17620849609375
65.93875122070312
57.94373321533203
70.09831237792969
69.20599365234375
65.12168884277344
71.21884155273438
68.43154907226562
65.79127502441406
66.8907699584961
59.35979461669922
60.77314376831055
64.0341567993164
67.29934692382812
75.42932891845703
65.17303466796875
60.40202331542969
62.321556091308594
66.80258178710938
72.64442443847656
68.77555847167969
59.84586715698242
68.42972564697266
66.55823516845703
61.17645263671875
62.98207092285156
57.36896896362305
68.97583770751953
57.7437629699707
58.54270935058594
60.28489303588867
58.72840118408203
60.852317810058594
60.177330017089844
58.875919342041016
59.919227600097656
61.427303314208984
66.53766632080078
63.73192596435547
80.52484130859375
59.75170135498047
69.8550033569336
62.9000244140625
64.3027572631836
64.20516204833984
65.04544067382812
66.09010314941406
70.01922607421875
58.71354293823242
58.81226348876953
58.909912109375
71.36430358886719
66.98651123046875
65.87437438964844
74.365234375
60.8929557800293
66.34516143798828
67.27437591552734
63.721675872802734
66.68266296386719
64.82638549804688
70.173583984375
68.03279876708984
69.58157348632812
67.71942901611328
65.87678527832031
71.03014373779297
53.531944274902344
72.32218933105469
60.75815200805664
74.22695922851562
67.61819458007812
56.274742126464844
63.259246826171875
55.48896789550781
63.501922607421875
54.330448150634766
65.75726318359375
68.98098754882812
66.42230224609375
61.438697814941406
63.63038635253906
58.799522399902344
60.19713592529297
57.776336669921875
60.468719482421875
60.48558807373047
57.48252487182617
62.66472625732422
75.84495544433594
61.10212326049805
66.59575653076172
66.25247192382812
66.7271728515625
55.57134246826172
61.72418212890625
61.37934875488281
65.79895782470703
63.615020751953125
66.75354766845703
65.5776138305664
65.28661346435547
59.64729690551758
55.30356979370117
60.33061218261719
63.23015213012695
59.51274108886719
63.06795120239258
64.86756134033203
62.76874542236328
64.88214874267578
62.215633392333984
62.87438201904297
60.65654754638672
70.220947265625
59.638519287109375
58.29962158203125
56.217830657958984
65.65092468261719
69.75946044921875
65.91655731201172
60.29574203491211
