204.1997528076172
197.36607360839844
201.81948852539062
192.21531677246094
197.95286560058594
200.23260498046875
203.51174926757812
195.76492309570312
198.97430419921875
194.55599975585938
197.5397186279297
200.00668334960938
209.5140380859375
197.0468292236328
199.8245086669922
205.63206481933594
209.60311889648438
198.80113220214844
198.28048706054688
197.9621124267578
191.1348114013672
201.62179565429688
199.04188537597656
201.48651123046875
200.98936462402344
196.68177795410156
207.90293884277344
205.46315002441406
198.5161590576172
198.7423553466797
201.17739868164062
195.4421844482422
193.5836639404297
204.14892578125
199.1289520263672
195.423583984375
202.91015625
198.07907104492188
197.17007446289062
196.79803466796875
200.60641479492188
195.49412536621094
199.6053924560547
200.10768127441406
193.25987243652344
196.31776428222656
199.65240478515625
198.64093017578125
202.70494079589844
197.15277099609375
192.32826232910156
199.06301879882812
201.57986450195312
199.87950134277344
192.7209014892578
191.52418518066406
193.87062072753906
200.51426696777344
202.97813415527344
192.19113159179688
199.9363250732422
198.56228637695312
196.56069946289062
187.1886749267578
199.4035186767578
190.45281982421875
187.77867126464844
190.8898162841797
195.88914489746094
197.30203247070312
199.64064025878906
194.78907775878906
195.32920837402344
199.57225036621094
200.44578552246094
201.61724853515625
198.3035430908203
201.85809326171875
206.02560424804688
197.22238159179688
196.76780700683594
195.82740783691406
193.61801147460938
206.86708068847656
196.99623107910156
189.21212768554688
198.7019805908203
196.93997192382812
197.96142578125
191.12339782714844
201.81385803222656
194.19346618652344
193.0157928466797
194.60247802734375
196.4901885986328
197.3026885986328
194.74542236328125
193.82505798339844
196.4837646484375
193.1326446533203
191.0149383544922
188.97024536132812
196.95668029785156
193.8490753173828
193.98146057128906
197.63563537597656
199.19004821777344
199.87222290039062
193.54470825195312
202.4233856201172
192.95936584472656
198.20223999023438
195.16354370117188
199.2698974609375
204.13836669921875
205.50038146972656
195.26512145996094
195.39639282226562
200.2036895751953
195.8260040283203
198.22137451171875
197.3342742919922
195.47442626953125
196.3946075439453
188.5621795654297
191.2881317138672
190.89845275878906
196.7064666748047
199.28115844726562
195.5540771484375
200.39857482910156
193.9789581298828
187.02853393554688
191.09828186035156
190.65223693847656
192.2253875732422
198.8575897216797
194.22903442382812
188.2826690673828
195.9202117919922
191.3411865234375
189.75718688964844
193.69956970214844
191.61761474609375
193.60256958007812
188.03819274902344
199.5255584716797
193.7165985107422
195.86953735351562
196.1027069091797
192.36036682128906
195.43603515625
196.2393035888672
192.09368896484375
200.26527404785156
189.5338592529297
197.82089233398438
193.1704559326172
192.80020141601562
192.2639617919922
199.4210968017578
187.4208526611328
196.09107971191406
195.2436065673828
194.99819946289062
193.8123321533203
194.4239044189453
201.07948303222656
194.79843139648438
194.24610900878906
198.75462341308594
194.2964630126953
194.1754913330078
189.46966552734375
201.11886596679688
196.14793395996094
194.17391967773438
195.3995819091797
195.72543334960938
196.28378295898438
197.38555908203125
200.28111267089844
193.09841918945312
196.5973663330078
194.72421264648438
195.7025909423828
196.61117553710938
189.7196807861328
187.75448608398438
189.90066528320312
192.05198669433594
189.92294311523438
193.57603454589844
188.96705627441406
195.21963500976562
186.06198120117188
193.88450622558594
188.90577697753906
192.87570190429688
189.47457885742188
189.8267059326172
188.8604736328125
196.40048217773438
191.6549835205078
196.23451232910156
200.2152862548828
186.78993225097656
188.62635803222656
196.01158142089844
190.6333465576172
188.828125
194.28179931640625
185.51617431640625
188.6420440673828
191.11904907226562
192.55618286132812
185.5542755126953
191.5725860595703
189.20684814453125
193.9987335205078
192.51800537109375
189.9666290283203
189.81735229492188
190.6590576171875
191.03257751464844
196.32777404785156
191.4447021484375
190.69808959960938
187.888671875
192.94522094726562
187.99691772460938
190.19052124023438
195.44851684570312
195.6046600341797
185.3697509765625
186.22286987304688
193.23526000976562
188.0843505859375
191.2378387451172
183.8505859375
179.05023193359375
187.13980102539062
193.49737548828125
183.06954956054688
190.5531005859375
185.263671875
186.78082275390625
189.56907653808594
184.27992248535156
187.16848754882812
192.94525146484375
178.91612243652344
187.77392578125
192.4998779296875
192.8204803466797
198.36343383789062
194.31541442871094
185.92784118652344
191.68519592285156
187.96044921875
187.35125732421875
193.5134735107422
181.88182067871094
189.67367553710938
185.15414428710938
186.98289489746094
195.112548828125
190.3240509033203
188.94410705566406
186.517822265625
195.47337341308594
185.1657257080078
189.3000030517578
185.51231384277344
195.54080200195312
182.54563903808594
189.84783935546875
189.73365783691406
194.495849609375
190.98513793945312
195.1612091064453
184.82229614257812
195.54379272460938
188.24928283691406
192.82704162597656
178.6396026611328
192.67022705078125
184.08981323242188
192.57041931152344
189.9983367919922
190.98455810546875
189.42372131347656
189.60267639160156
182.09559631347656
183.7948760986328
186.50523376464844
187.9054718017578
190.39125061035156
181.13528442382812
193.321533203125
190.6508026123047
192.6796417236328
182.98410034179688
183.2537078857422
191.25953674316406
182.51034545898438
190.03225708007812
195.66737365722656
187.0286865234375
186.9993896484375
186.77261352539062
184.24044799804688
181.294677734375
192.61293029785156
193.72259521484375
191.4806365966797
188.51483154296875
185.45347595214844
186.584716796875
185.40316772460938
195.34909057617188
191.59706115722656
180.1798095703125
186.04090881347656
185.99806213378906
187.6149444580078
195.6626739501953
195.77691650390625
188.53778076171875
186.74583435058594
188.464111328125
191.506591796875
179.52232360839844
188.66845703125
188.30755615234375
187.78744506835938
183.42227172851562
185.26441955566406
181.49061584472656
187.18226623535156
185.44174194335938
179.50341796875
187.47613525390625
182.7945556640625
187.82870483398438
183.33355712890625
178.55455017089844
189.56100463867188
183.04849243164062
181.9398193359375
189.7301788330078
189.08834838867188
184.44859313964844
187.33377075195312
188.4342041015625
185.7137908935547
182.16336059570312
184.82029724121094
184.90805053710938
182.7609100341797
186.31838989257812
186.18801879882812
186.25575256347656
182.62429809570312
184.5901641845703
187.63101196289062
182.91110229492188
185.90431213378906
182.73548889160156
181.9497528076172
188.635498046875
181.73387145996094
185.9706573486328
181.8101348876953
184.5924530029297
190.716552734375
184.98545837402344
176.4373016357422
186.9268035888672
182.5355682373047
186.1180419921875
188.10882568359375
178.8728790283203
179.9506072998047
184.2075958251953
182.48365783691406
196.07550048828125
176.7695770263672
188.82794189453125
180.46823120117188
186.4396209716797
180.8726806640625
181.64453125
181.74258422851562
181.279052734375
176.56100463867188
177.39004516601562
182.90379333496094
189.0033416748047
182.4557647705078
184.6182098388672
185.71200561523438
174.47906494140625
186.62245178222656
184.8878173828125
182.40599060058594
178.4000244140625
179.2972412109375
186.2275390625
186.28582763671875
180.95172119140625
185.57192993164062
185.24464416503906
182.0507354736328
175.57464599609375
189.14649963378906
177.49826049804688
184.9503173828125
184.60617065429688
181.77996826171875
181.97535705566406
179.31295776367188
177.16513061523438
170.68148803710938
189.74038696289062
181.62484741210938
182.21719360351562
183.06060791015625
177.7854461669922
183.412841796875
177.35308837890625
175.9278564453125
179.13119506835938
177.8829345703125
179.2626190185547
179.98191833496094
181.4092559814453
179.27413940429688
178.90797424316406
179.70973205566406
184.1998291015625
175.05503845214844
182.02133178710938
183.11572265625
182.61001586914062
185.1597442626953
180.9965362548828
187.2522430419922
178.36256408691406
179.1152801513672
179.045654296875
180.41915893554688
183.2970733642578
179.24896240234375
178.72076416015625
177.67276000976562
181.2613525390625
176.18191528320312
182.2073211669922
175.65924072265625
183.5518798828125
185.82009887695312
173.56922912597656
171.45167541503906
172.89932250976562
183.5368194580078
182.4354248046875
178.60739135742188
175.81210327148438
