118.38567352294922
115.66232299804688
121.47960662841797
110.86064147949219
115.45552825927734
117.07044982910156
119.15457916259766
112.1656723022461
114.38434600830078
109.43326568603516
115.78726959228516
116.59574890136719
120.31793212890625
115.94572448730469
110.75310516357422
121.85745239257812
124.32574462890625
117.19867706298828
113.6976089477539
115.16199493408203
104.68780517578125
120.61820220947266
116.2602310180664
115.60820770263672
114.29766082763672
111.46730041503906
120.53028869628906
119.54707336425781
111.86959838867188
113.09901428222656
116.26100158691406
113.21350860595703
114.24658203125
114.937744140625
113.15956115722656
113.41432189941406
117.20323181152344
117.41887664794922
113.43753051757812
113.64695739746094
112.37799072265625
112.4119873046875
117.42436981201172
111.8749008178711
111.5040283203125
112.2323989868164
112.63162231445312
114.54117584228516
114.69110107421875
112.34022521972656
112.68126678466797
117.13600158691406
112.42662811279297
111.92174530029297
109.01815795898438
107.75018310546875
110.38139343261719
111.41889953613281
114.03060150146484
107.3078384399414
116.58183288574219
112.44666290283203
110.19123840332031
108.46665954589844
112.22966766357422
110.92210388183594
108.94781494140625
113.98950958251953
112.98056030273438
111.70318603515625
117.37965393066406
111.775390625
114.39239501953125
112.44203186035156
119.2917709350586
117.09661865234375
114.48080444335938
119.00503540039062
120.1135025024414
112.41500854492188
111.97955322265625
113.02262878417969
107.0458984375
119.42622375488281
114.60548400878906
106.58999633789062
115.15615844726562
108.51197052001953
110.3410873413086
110.57772064208984
113.45446014404297
113.23075866699219
110.89128112792969
113.60440063476562
114.2845687866211
112.85742950439453
111.39207458496094
108.67832946777344
115.69281768798828
108.2486572265625
110.85518646240234
110.78935241699219
111.4380111694336
113.46053314208984
109.40513610839844
109.9044418334961
114.17569732666016
114.5772705078125
112.05763244628906
112.387451171875
113.32791137695312
113.14745330810547
112.33924865722656
114.80268096923828
115.66480255126953
121.10833740234375
115.06561279296875
109.21508026123047
116.44279479980469
112.44287109375
111.81121826171875
110.3075180053711
108.05371856689453
113.57463836669922
109.40306854248047
113.79322052001953
106.54196166992188
111.1153793334961
120.09768676757812
113.95697021484375
112.39523315429688
111.0306167602539
110.31009674072266
109.5309066772461
108.36087799072266
112.7596206665039
113.42705535888672
107.20256805419922
104.32099914550781
115.19922637939453
110.07962036132812
110.71797180175781
108.45662689208984
111.01282501220703
113.0246353149414
110.5558853149414
113.41780853271484
109.22459411621094
111.95930480957031
108.5916748046875
109.68826293945312
112.76994323730469
110.5712661743164
110.61825561523438
112.663818359375
110.96282196044922
110.66656494140625
106.43743133544922
111.76277160644531
109.0279541015625
116.39531707763672
103.56028747558594
111.79563903808594
109.6032485961914
114.99810028076172
108.54125213623047
110.24777221679688
118.41866302490234
110.04959869384766
110.70702362060547
113.5841293334961
112.46453857421875
110.46636962890625
108.84764862060547
112.01382446289062
116.81529998779297
113.19278717041016
111.44126892089844
113.26508331298828
116.62522888183594
113.25897979736328
115.80323791503906
110.55259704589844
111.08750915527344
110.93108367919922
109.98111724853516
110.28099060058594
114.55743408203125
104.96610260009766
106.4953842163086
108.0156021118164
103.81086730957031
110.68319702148438
108.50601959228516
109.63656616210938
105.33220672607422
110.91276550292969
105.47509002685547
108.57733154296875
106.08895111083984
107.80087280273438
106.83975219726562
112.66015625
103.83236694335938
109.86354064941406
115.88655853271484
108.99147033691406
104.21708679199219
111.73336791992188
108.90625762939453
108.65386962890625
110.80119323730469
105.57926177978516
106.61599731445312
107.17174530029297
108.0660400390625
105.32715606689453
107.85834503173828
107.87077331542969
108.14112854003906
106.68115234375
105.51546478271484
110.24281311035156
108.05016326904297
107.76541137695312
110.93926239013672
105.8736801147461
113.57202911376953
113.15812683105469
107.80229949951172
106.93357849121094
106.83538055419922
111.28255462646484
113.03905487060547
100.00364685058594
107.75234985351562
107.34261322021484
103.46734619140625
109.71416473388672
102.60846710205078
101.97129821777344
103.98341369628906
106.96546173095703
102.68682861328125
111.74360656738281
104.99097442626953
107.8424072265625
106.08434295654297
103.12136840820312
101.74283599853516
106.44161987304688
101.77191162109375
107.18807220458984
106.73387908935547
112.92390441894531
109.48400115966797
107.77897644042969
101.6268310546875
103.03343200683594
106.64794158935547
106.07172393798828
104.5225830078125
105.61416625976562
109.87458801269531
103.7371597290039
105.90392303466797
111.4288558959961
108.89852905273438
105.32984161376953
104.5211410522461
110.4922103881836
104.89413452148438
108.07198333740234
103.81038665771484
113.49504089355469
106.91560363769531
105.29817199707031
108.35570526123047
112.34492492675781
108.22994995117188
111.42963409423828
107.46341705322266
114.21672058105469
105.73741149902344
108.97369384765625
101.80606842041016
105.66468048095703
104.52973175048828
109.69607543945312
107.46336364746094
109.38452911376953
107.64471435546875
107.70967864990234
99.9100341796875
102.89259338378906
107.1033706665039
106.163330078125
104.69134521484375
101.37489318847656
110.20024871826172
103.7783432006836
107.83042907714844
98.42646026611328
102.41895294189453
106.5878677368164
102.78997039794922
109.71118927001953
109.06040954589844
105.07661437988281
102.9158935546875
102.03580474853516
101.4455795288086
103.38446807861328
109.76750946044922
107.74163818359375
109.98442840576172
109.4269027709961
104.83162689208984
106.82681274414062
103.44995880126953
111.65666961669922
108.5535659790039
103.28019714355469
102.51226043701172
101.0132064819336
110.08796691894531
111.07371520996094
107.6283187866211
106.87776947021484
100.73841094970703
106.0055923461914
107.11438751220703
100.12781524658203
108.17974090576172
105.4342041015625
106.3237075805664
101.57473754882812
103.04957580566406
105.33726501464844
108.8372802734375
107.41619873046875
103.51387023925781
104.59819793701172
100.82728576660156
105.35978698730469
103.20714569091797
97.61201477050781
106.0473861694336
103.16124725341797
104.06873321533203
103.16256713867188
110.52306365966797
105.04932403564453
102.39752197265625
104.98153686523438
103.0031509399414
99.27265930175781
102.91254425048828
100.7979736328125
105.00347137451172
107.47004699707031
107.39043426513672
106.26226043701172
103.06673431396484
101.78852081298828
106.76398468017578
102.31770324707031
108.91502380371094
99.74605560302734
100.0523681640625
105.0584487915039
97.8260498046875
108.34976196289062
102.66691589355469
103.79013061523438
104.2762680053711
102.1591796875
102.16201782226562
106.83087158203125
105.16163635253906
99.4342269897461
96.99612426757812
98.53946685791016
97.49315643310547
103.35121154785156
100.23973846435547
113.00471496582031
98.92982482910156
106.42574310302734
101.05791473388672
102.96977233886719
101.0977783203125
102.14250183105469
96.8491439819336
101.5291748046875
94.74899291992188
99.97023010253906
102.03636932373047
106.69319915771484
105.85432434082031
104.59407043457031
107.73478698730469
98.61944580078125
107.67227935791016
105.02116394042969
101.28919982910156
104.4251937866211
101.55426788330078
102.30931091308594
107.2449951171875
101.5050048828125
104.66210174560547
104.58088684082031
103.13733673095703
98.77998352050781
109.65306854248047
98.5901107788086
105.22933959960938
104.30398559570312
97.04742431640625
102.19487762451172
103.4169921875
102.21453094482422
96.0961685180664
105.01940155029297
103.2968978881836
103.06736755371094
101.91748809814453
102.67408752441406
102.34552001953125
96.32878112792969
102.74000549316406
99.3115234375
102.3842544555664
98.3227767944336
100.98004913330078
108.3753662109375
99.70587158203125
101.66095733642578
99.15083312988281
105.39947509765625
98.81411743164062
100.65937042236328
106.41896057128906
103.6799087524414
102.65050506591797
103.1468276977539
104.33993530273438
106.35997009277344
102.01129150390625
99.27609252929688
104.70907592773438
101.69029235839844
101.0203857421875
104.64006805419922
102.49612426757812
105.14907836914062
98.1395263671875
102.84735870361328
100.41958618164062
102.36260986328125
107.10972595214844
96.93937683105469
98.1743392944336
94.96663665771484
103.99827575683594
104.51528930664062
101.14701080322266
100.88167572021484
