83.07281494140625
82.15702056884766
82.4169921875
76.05084228515625
79.9161148071289
85.55814361572266
89.08119201660156
78.30319213867188
79.2071762084961
79.1251220703125
80.11835479736328
80.68329620361328
87.8647689819336
80.27679443359375
77.74940490722656
87.44158935546875
88.30655670166016
84.56086730957031
76.54582214355469
82.167724609375
71.5876235961914
83.99308776855469
81.3692626953125
81.19319152832031
79.69094848632812
81.6395492553711
88.37498474121094
83.98304748535156
77.19384002685547
82.02488708496094
83.28105926513672
78.02639770507812
81.99784851074219
81.73944854736328
82.34648132324219
74.87618255615234
80.81672668457031
82.48008728027344
80.26487731933594
80.57557678222656
79.71566009521484
77.2445068359375
83.56194305419922
78.32450866699219
79.32805633544922
78.92544555664062
81.00971221923828
80.3315200805664
81.50039672851562
81.06304168701172
76.54327392578125
82.48375701904297
79.25094604492188
80.01005554199219
77.0853042602539
76.38507843017578
77.12032318115234
75.55935668945312
80.44357299804688
73.21541595458984
82.78260040283203
80.04912567138672
81.1292953491211
74.73344421386719
78.89936065673828
80.00841522216797
78.06262969970703
76.51991271972656
80.81780242919922
79.87831115722656
82.39106750488281
78.22967529296875
78.23932647705078
80.62984466552734
81.24665832519531
82.39767456054688
81.70372772216797
91.25361633300781
82.5563735961914
78.97515106201172
76.70997619628906
80.81307220458984
75.361328125
81.1455078125
83.38011169433594
75.04838562011719
82.93025970458984
77.27005004882812
77.20040893554688
78.09762573242188
82.40817260742188
78.9920654296875
75.947509765625
77.61953735351562
80.3376235961914
78.36213684082031
75.67794799804688
76.06339263916016
80.0742416381836
77.34864807128906
77.48646545410156
76.71268463134766
78.14391326904297
79.67073822021484
78.88842010498047
77.91293334960938
83.3994140625
78.9393539428711
80.43921661376953
80.79898071289062
80.21768951416016
84.30538940429688
80.84505462646484
81.96940612792969
85.03978729248047
87.98267364501953
79.61341857910156
76.96871948242188
81.05561065673828
79.98193359375
79.04136657714844
80.01599884033203
78.38843536376953
79.67900085449219
75.89055633544922
81.20597839355469
72.0985107421875
75.9463119506836
87.25003051757812
83.69698333740234
81.48611450195312
78.4174575805664
75.23429870605469
77.95794677734375
75.66751098632812
79.21561431884766
81.2601089477539
73.25447845458984
75.7668685913086
79.44286346435547
74.03288269042969
77.62992858886719
74.5927734375
77.58091735839844
81.81753540039062
79.07234954833984
81.16423797607422
77.62551879882812
78.31484985351562
75.53890228271484
77.657958984375
80.14454650878906
78.95559692382812
77.34925079345703
80.14530181884766
77.84751892089844
79.20067596435547
74.42301177978516
78.81917572021484
77.65331268310547
86.2698974609375
77.94190216064453
81.78121948242188
76.98531341552734
82.15775299072266
76.67405700683594
78.64688873291016
85.22791290283203
76.68351745605469
79.17097473144531
78.64535522460938
78.92948150634766
80.74657440185547
74.93036651611328
79.6599349975586
81.66157531738281
82.404296875
76.36872863769531
82.30162811279297
83.91976165771484
78.57917785644531
80.80644226074219
78.45128631591797
81.5727767944336
80.8204345703125
76.24476623535156
80.3410415649414
81.85821533203125
74.9463119506836
73.41876983642578
75.21723937988281
72.31980895996094
81.94453430175781
77.79180908203125
79.55973815917969
73.92134094238281
81.3199462890625
75.4709701538086
78.8966064453125
73.70477294921875
75.98307037353516
77.37811279296875
84.82439422607422
74.77287292480469
79.45219421386719
83.30367279052734
77.51346588134766
74.14059448242188
82.63584899902344
74.62213897705078
75.85626220703125
80.95832061767578
75.05200958251953
75.60693359375
79.12144470214844
80.34037017822266
73.41839599609375
81.10415649414062
76.42756652832031
77.66639709472656
80.93014526367188
76.45381927490234
77.12693786621094
79.20206451416016
77.89693450927734
80.04393768310547
75.4974365234375
81.43284606933594
83.01380157470703
76.68208312988281
74.42633056640625
76.54000854492188
79.14985656738281
81.0617904663086
69.86457061767578
78.21458435058594
76.9463119506836
75.15311431884766
80.27092742919922
72.20731353759766
74.26642608642578
73.41546630859375
76.91517639160156
75.67655944824219
80.76737976074219
74.55321502685547
80.6316909790039
76.473876953125
76.544921875
72.98953247070312
73.49234771728516
75.30028533935547
76.5270004272461
79.46125793457031
77.8876953125
77.77217102050781
78.01737213134766
70.72382354736328
73.1510238647461
79.33849334716797
74.08700561523438
75.17902374267578
75.05738067626953
78.50276184082031
76.12802124023438
75.31256866455078
80.74942016601562
77.69815826416016
75.15003967285156
78.39012145996094
78.05154418945312
74.4680404663086
75.94165802001953
73.18678283691406
83.34756469726562
76.02716064453125
76.50668334960938
80.71795654296875
83.79584503173828
76.16864013671875
82.57662963867188
79.35523986816406
83.50772857666016
75.67141723632812
78.56979370117188
72.96862030029297
74.69795989990234
73.44412231445312
81.4845962524414
81.46028900146484
78.9539794921875
77.32404327392578
76.68767547607422
72.42933654785156
72.38824462890625
76.37548065185547
79.01925659179688
72.90099334716797
70.96849060058594
86.3602066040039
74.27761840820312
77.4712142944336
69.91670989990234
72.18487548828125
78.06794738769531
74.2149887084961
81.73554229736328
78.71802520751953
75.0011215209961
73.31149291992188
72.11863708496094
72.2685317993164
73.269775390625
79.46453857421875
76.45362854003906
79.72087097167969
79.05317687988281
70.95442199707031
77.16688537597656
75.98821258544922
81.78807067871094
79.31651306152344
71.52046966552734
73.62071990966797
73.71011352539062
85.1103744506836
81.17798614501953
80.95601654052734
76.23357391357422
70.82477569580078
77.20782470703125
77.41343688964844
73.61152648925781
80.1351547241211
76.20358276367188
80.33004760742188
73.02799987792969
74.15104675292969
77.39859008789062
84.96092987060547
78.96940612792969
75.66822052001953
78.15665435791016
70.83682250976562
77.05148315429688
74.67914581298828
70.87785339355469
74.93008422851562
74.22943115234375
76.60668182373047
79.24505615234375
83.11488342285156
78.70199584960938
76.32601165771484
78.720458984375
74.64299774169922
73.25492095947266
75.01758575439453
73.37833404541016
77.44796752929688
77.46894836425781
77.19477844238281
75.96141052246094
73.43294525146484
74.40164947509766
80.31085968017578
74.91433715820312
82.43763732910156
72.99002838134766
72.05924987792969
75.24359130859375
70.83573913574219
78.9621810913086
75.42009735107422
78.86410522460938
75.67333984375
73.54720306396484
73.47140502929688
76.3269271850586
76.90727996826172
75.76134490966797
74.2598648071289
72.23338317871094
70.82014465332031
74.8497314453125
74.24088287353516
82.1590805053711
74.6657943725586
82.47315979003906
74.75167846679688
76.16065979003906
78.39935302734375
77.79715728759766
72.00569915771484
75.91560363769531
65.42301940917969
72.59765625
73.84540557861328
81.30049133300781
76.40614318847656
74.74645233154297
83.40535736083984
71.77576446533203
76.91651916503906
76.20291137695312
72.54608154296875
78.66535186767578
76.84608459472656
74.59716796875
77.11426544189453
75.34845733642578
79.25131225585938
76.66980743408203
79.9292984008789
69.30982208251953
80.21058654785156
72.13935852050781
80.12815856933594
78.6635513305664
72.09442138671875
76.64139556884766
74.77362060546875
72.44141387939453
70.28148651123047
79.42859649658203
78.84351348876953
76.82110595703125
73.23551940917969
77.79502868652344
77.00584411621094
69.7803955078125
74.30500030517578
72.78349304199219
74.47298431396484
72.2573013305664
76.82499694824219
85.43732452392578
72.5868911743164
73.56976318359375
75.02145385742188
77.61058044433594
70.85551452636719
72.7198715209961
78.34357452392578
77.48367309570312
75.59721374511719
79.39195251464844
78.22357940673828
78.4859619140625
73.82572937011719
72.43919372558594
77.4190444946289
76.85503387451172
73.67589569091797
77.4628677368164
77.61497497558594
75.65478515625
71.3976821899414
75.33186340332031
75.0031967163086
74.27340698242188
79.29273223876953
69.7735366821289
72.14439392089844
70.38961791992188
76.696044921875
76.13691711425781
75.16349792480469
74.51535034179688
