122.87358093261719
107.89115905761719
123.53988647460938
104.80714416503906
102.22113037109375
111.65312957763672
117.234375
99.49834442138672
104.95673370361328
101.39947509765625
108.69229888916016
110.24320983886719
123.73949432373047
108.76493835449219
104.72908020019531
117.85303497314453
120.04426574707031
113.3936996459961
105.72305297851562
107.90078735351562
98.57908630371094
115.25301361083984
110.72229766845703
118.98664093017578
108.40797424316406
108.12015533447266
125.4226303100586
113.5499496459961
111.04423522949219
110.99846649169922
114.15682983398438
101.5505599975586
99.03062438964844
112.27677917480469
108.92931365966797
98.09552001953125
114.32200622558594
108.6664047241211
106.02153778076172
107.0186538696289
109.128662109375
103.20433807373047
111.05169677734375
110.38291931152344
104.21400451660156
109.31413269042969
115.21575164794922
97.73719787597656
106.07080841064453
102.50751495361328
109.07457733154297
105.16162872314453
108.93526458740234
107.84130096435547
101.97105407714844
95.91998291015625
103.1312255859375
101.53378295898438
108.71531677246094
96.28540802001953
110.85736083984375
114.23413848876953
106.89939880371094
106.48064422607422
101.33263397216797
103.34226989746094
106.50471496582031
99.1864013671875
110.58009338378906
95.88967895507812
114.86790466308594
113.43791961669922
114.1852035522461
111.9776611328125
118.75382995605469
116.36752319335938
115.72211456298828
125.1624526977539
117.67539978027344
112.27278137207031
109.26785278320312
110.79850769042969
99.38609313964844
116.5579605102539
110.80236053466797
98.57865142822266
113.09052276611328
102.38861083984375
110.05792236328125
104.80480194091797
109.64662170410156
105.73690032958984
103.17423248291016
104.85694122314453
112.010498046875
119.50040435791016
112.11932373046875
101.93975830078125
111.41512298583984
110.87108612060547
112.26980590820312
111.80790710449219
121.46452331542969
108.49239349365234
101.22854614257812
112.88995361328125
107.94386291503906
112.43072509765625
109.73654174804688
112.58573913574219
104.65280151367188
111.4559555053711
111.61605072021484
109.94669342041016
126.70035552978516
129.30279541015625
108.67271423339844
101.75386047363281
103.1634521484375
103.35694885253906
102.90518188476562
106.91393280029297
107.46306610107422
107.86695861816406
105.07579040527344
109.3390121459961
107.51856994628906
105.52465057373047
113.43961334228516
111.42713165283203
117.64368438720703
106.96236419677734
107.08472442626953
104.92044830322266
103.20246887207031
113.7985610961914
121.71694946289062
101.96160125732422
108.89860534667969
107.65245056152344
112.94654083251953
108.47588348388672
106.28339385986328
111.41783142089844
110.39151763916016
115.22451782226562
109.82328796386719
103.70281982421875
115.00792694091797
103.24899291992188
105.0865249633789
114.6877212524414
113.12652587890625
107.17507934570312
111.96854400634766
111.39543151855469
119.19939422607422
110.12101745605469
107.19993591308594
110.39669799804688
122.40472412109375
107.28569793701172
111.12295532226562
114.29215240478516
116.89855194091797
113.07472229003906
109.643798828125
125.40267181396484
112.04450225830078
110.89334869384766
117.78436279296875
105.37299346923828
110.63563537597656
98.72924041748047
119.97125244140625
103.92005157470703
108.80257415771484
107.97071075439453
110.63224029541016
107.90469360351562
107.35997009277344
110.17733764648438
108.27397918701172
108.35025024414062
103.71244812011719
107.60784912109375
109.54862976074219
108.21533966064453
93.95723724365234
98.21548461914062
102.4524154663086
97.04133605957031
115.73628997802734
99.82569885253906
101.4802017211914
102.30387878417969
107.9326400756836
106.04991149902344
102.3052749633789
103.68844604492188
109.01191711425781
104.06690216064453
120.6034164428711
110.33783721923828
104.66694641113281
116.68716430664062
103.37759399414062
109.89212036132812
123.58264923095703
103.537841796875
102.20841217041016
120.42709350585938
103.18579864501953
112.20980072021484
109.49768829345703
110.49673461914062
107.25588989257812
102.72403717041016
106.85262298583984
118.65355682373047
112.30355072021484
110.10906982421875
109.7037124633789
106.03598022460938
107.94918060302734
110.26029968261719
100.11174011230469
110.61048126220703
103.06912231445312
106.97758483886719
97.92057800292969
101.46591186523438
112.21908569335938
101.11719512939453
101.34228515625
104.61156463623047
110.85801696777344
106.64747619628906
107.8888931274414
104.42236328125
100.83157348632812
103.44982147216797
110.76085662841797
97.65850067138672
115.93888854980469
108.02080535888672
116.38963317871094
106.66221618652344
107.6615982055664
102.5740966796875
111.26873779296875
105.94377899169922
110.50746154785156
113.09313201904297
113.26441955566406
121.14144134521484
113.73338317871094
96.59397888183594
102.95050048828125
111.212158203125
100.52254486083984
116.1207275390625
106.98388671875
103.9266357421875
106.76043701171875
101.38560485839844
115.69493865966797
109.93135070800781
105.00995635986328
107.46263122558594
119.26158905029297
104.58660888671875
111.2879638671875
112.46441650390625
116.6420669555664
110.53699493408203
107.24737548828125
111.11886596679688
117.70685577392578
118.70280456542969
114.87142944335938
111.94660186767578
122.14578247070312
107.23946380615234
125.73797607421875
96.88829040527344
108.5302734375
97.99532318115234
113.92400360107422
110.52708435058594
100.44405364990234
104.59513092041016
105.2256088256836
95.40106201171875
98.4699478149414
110.77344512939453
112.56044006347656
105.75617980957031
96.41664123535156
116.75921630859375
105.76761627197266
109.65155792236328
101.18276977539062
103.41625213623047
99.62098693847656
107.813232421875
115.15298461914062
112.0770034790039
109.56766510009766
107.14933013916016
101.64175415039062
108.21824645996094
100.20990753173828
118.98558807373047
120.73029327392578
125.7157974243164
111.01139068603516
102.89093780517578
110.05402374267578
111.01146697998047
103.10537719726562
107.17329406738281
99.6642837524414
100.272216796875
97.24482727050781
117.21337890625
112.22958374023438
113.55672454833984
108.3163070678711
103.25811004638672
107.1253433227539
116.66585540771484
103.05377197265625
103.86088562011719
103.73834991455078
104.54244995117188
96.02804565429688
99.02790832519531
101.63015747070312
114.31697082519531
102.09536743164062
98.83099365234375
100.11444854736328
101.57980346679688
105.62171936035156
105.13170623779297
93.87515258789062
111.63573455810547
114.71142578125
102.46729278564453
122.65120697021484
110.08124542236328
114.60012817382812
115.22078704833984
119.84347534179688
104.88838195800781
108.4656982421875
99.81224060058594
102.20085144042969
100.91193389892578
108.50922393798828
113.9360122680664
101.62458801269531
102.75652313232422
101.90058135986328
114.87333679199219
108.44564056396484
114.24564361572266
102.51467895507812
101.79203033447266
107.00021362304688
99.03018188476562
100.98925018310547
101.91714477539062
108.45120239257812
106.86425018310547
110.81410217285156
94.86097717285156
109.55741119384766
102.61312866210938
121.77629089355469
108.02462005615234
97.58411407470703
94.29443359375
102.7289047241211
101.6580810546875
116.23733520507812
98.95840454101562
109.23188018798828
96.22021484375
102.06800842285156
97.98848724365234
109.68984985351562
101.27900695800781
103.0584945678711
96.43500518798828
103.9799575805664
104.97001647949219
116.28441619873047
109.496337890625
104.72492980957031
120.78579711914062
95.93505859375
108.92414093017578
108.18893432617188
103.21233367919922
109.90159606933594
98.5594711303711
121.92156982421875
109.4536361694336
105.46794128417969
115.28018188476562
115.1785888671875
123.2115707397461
91.948974609375
115.01325988769531
100.74945068359375
113.35417175292969
114.09198760986328
106.84280395507812
108.74573516845703
98.36380767822266
110.16593170166016
99.62567901611328
109.16555786132812
113.34346771240234
113.9635009765625
109.6402587890625
106.38204193115234
110.22466278076172
103.33325958251953
109.0335693359375
107.14224243164062
109.97669982910156
103.6135482788086
109.32500457763672
111.22113037109375
98.48417663574219
108.15742492675781
110.69318389892578
110.00968170166016
102.70124816894531
103.43608856201172
123.60131072998047
108.11884307861328
108.5307388305664
115.07796478271484
114.54740905761719
102.77993774414062
102.26229858398438
100.20671081542969
107.36779022216797
102.89085388183594
100.69071960449219
114.05506896972656
103.18780517578125
103.33926391601562
102.76660919189453
106.93762969970703
103.9791488647461
112.75737762451172
115.50159454345703
105.05619812011719
101.53915405273438
95.76882934570312
112.07846069335938
107.87384796142578
104.04119110107422
100.76007080078125
