113.49114990234375
100.68601989746094
109.1042709350586
93.22586059570312
101.6416015625
102.75898742675781
107.90380096435547
100.58004760742188
100.60322570800781
95.50608825683594
103.3893814086914
107.37228393554688
121.40763092041016
109.76578521728516
100.83879089355469
110.56610870361328
118.0352783203125
106.69654846191406
101.1690902709961
104.49398040771484
93.72098541259766
111.20379638671875
107.42097473144531
112.86959075927734
105.97594451904297
105.87725830078125
118.47795104980469
110.23092651367188
109.48652648925781
106.69499969482422
104.76039123535156
95.52723693847656
94.72679901123047
107.95317840576172
111.95597839355469
104.68688201904297
104.98185729980469
106.72213745117188
100.5704574584961
105.08039093017578
106.27499389648438
100.22915649414062
108.4118423461914
109.22801208496094
105.23297119140625
101.1165542602539
108.12890625
98.20867919921875
107.24191284179688
107.133056640625
104.81037902832031
100.72894287109375
106.59555053710938
104.24636840820312
94.13459777832031
91.80673217773438
99.94649505615234
99.35454559326172
103.53295135498047
94.00072479248047
110.243896484375
110.34056091308594
107.80921936035156
107.64199829101562
111.89830780029297
103.30233001708984
101.21342468261719
101.72215270996094
109.94269561767578
107.06544494628906
116.5959701538086
115.91334533691406
107.3685531616211
114.51043701171875
117.86305236816406
116.9184799194336
105.69046783447266
125.39356231689453
112.3183822631836
103.4686050415039
102.28645324707031
100.42964172363281
94.84856414794922
115.28497314453125
110.8236083984375
97.59913635253906
109.14811706542969
99.89215850830078
97.85690307617188
96.69276428222656
108.33667755126953
111.0526123046875
102.44083404541016
103.75536346435547
103.81172943115234
109.7626724243164
104.13106536865234
100.55255126953125
104.8527603149414
109.17024993896484
111.63986206054688
103.50934600830078
114.77420806884766
107.12281799316406
102.91140747070312
110.69563293457031
108.29945373535156
113.39251708984375
104.68187713623047
111.11805725097656
101.80632781982422
110.98845672607422
114.19938659667969
104.39148712158203
123.64262390136719
131.86634826660156
103.21735382080078
101.00444793701172
103.11669921875
104.73995971679688
104.69894409179688
108.92867279052734
106.68180847167969
102.96144104003906
98.24557495117188
104.08096313476562
101.30953216552734
97.86738586425781
113.44239044189453
105.0027084350586
101.78050994873047
98.01065826416016
95.73270416259766
97.05712127685547
92.66999053955078
100.72943115234375
107.94715881347656
95.08019256591797
102.94063568115234
101.88256072998047
111.4572525024414
104.78157806396484
100.56285095214844
99.48213958740234
102.55977630615234
109.15203857421875
106.97399139404297
100.6484146118164
109.48705291748047
100.02728271484375
110.16629028320312
109.59127807617188
108.34115600585938
112.49786376953125
114.59976959228516
116.09838104248047
114.73239135742188
107.06571197509766
104.873046875
109.80899810791016
112.19888305664062
96.03608703613281
102.57928466796875
114.98473358154297
111.70964050292969
106.274169921875
102.43115997314453
121.071533203125
114.24882507324219
105.96556091308594
105.65556335449219
104.59639739990234
103.64663696289062
95.62135314941406
115.15574645996094
104.7320556640625
103.9965591430664
101.16305541992188
106.28482055664062
108.93269348144531
104.88426971435547
106.28763580322266
114.5226058959961
107.9015121459961
105.44332885742188
98.96383666992188
102.67147827148438
107.83062744140625
93.7817153930664
98.56126403808594
96.65025329589844
92.19944763183594
112.2117919921875
100.92835998535156
94.5946044921875
102.0855484008789
101.96308135986328
106.78395080566406
100.95354461669922
100.09996795654297
107.94783020019531
103.06553649902344
119.91471099853516
107.11503601074219
105.0436019897461
114.94991302490234
98.2159423828125
103.38603210449219
125.20496368408203
98.99855041503906
100.12141418457031
111.30624389648438
94.17366790771484
104.31770324707031
106.8934326171875
106.15223693847656
96.3471450805664
99.8993148803711
96.64879608154297
111.69255828857422
106.93184661865234
97.36906433105469
111.37651824951172
106.9017562866211
101.19587707519531
105.62107849121094
94.98736572265625
107.5804443359375
96.46774291992188
101.89692687988281
95.18380737304688
108.71593475341797
103.81249237060547
106.29425811767578
101.41885375976562
106.13566589355469
106.09661102294922
99.4377670288086
100.54309844970703
106.16477966308594
99.24456787109375
94.97235107421875
107.77490234375
90.0010757446289
109.54305267333984
102.06354522705078
112.94503021240234
103.87841033935547
106.63224029541016
100.78897857666016
112.5284652709961
103.27257537841797
111.4079818725586
113.1915054321289
113.47003173828125
122.03610229492188
108.58900451660156
95.49818420410156
106.53933715820312
108.8536605834961
96.75670623779297
113.2989273071289
101.19296264648438
105.97711181640625
103.56433868408203
100.62633514404297
111.84613037109375
108.37615966796875
101.3544692993164
109.53727722167969
112.22029113769531
102.50212097167969
107.2981185913086
103.44921112060547
121.1397705078125
105.63066101074219
102.45376586914062
109.57296752929688
113.11188507080078
116.05853271484375
109.74859619140625
103.87287902832031
117.34480285644531
95.05149841308594
121.34174346923828
98.32527923583984
109.16920471191406
102.70191955566406
114.11958312988281
109.57649230957031
104.83350372314453
106.77629852294922
100.07676696777344
92.4778060913086
94.09721374511719
101.71940612792969
105.51396179199219
102.31878662109375
89.3206558227539
109.10990142822266
100.82782745361328
108.6966781616211
93.80374908447266
97.91022491455078
105.88233947753906
104.40107727050781
111.42132568359375
105.82083129882812
103.01094818115234
106.46055603027344
100.96357727050781
110.3465805053711
98.01211547851562
115.02235412597656
119.22429656982422
120.28392028808594
104.15167999267578
97.51280212402344
109.25955963134766
107.92654418945312
102.71839904785156
105.69387817382812
97.21894836425781
101.07020568847656
94.25238800048828
104.8692398071289
113.68133544921875
112.78702545166016
105.38294982910156
99.82408905029297
104.99803924560547
111.12733459472656
97.61261749267578
102.53376770019531
105.43382263183594
106.02005004882812
95.34111022949219
102.38548278808594
100.02799987792969
111.00912475585938
101.46845245361328
94.74483489990234
98.46526336669922
101.32186889648438
99.88654327392578
102.98068237304688
94.33850860595703
106.796875
108.31116485595703
99.26763916015625
114.54955291748047
106.45476531982422
105.16658782958984
106.58073425292969
109.91187286376953
110.13581085205078
107.10075378417969
97.80239868164062
103.2684555053711
102.37477111816406
103.90644836425781
114.48149108886719
97.44622039794922
95.91767120361328
105.52719116210938
111.76827239990234
110.20296478271484
112.9593505859375
104.73748016357422
103.19053649902344
106.28721618652344
97.02361297607422
103.92440795898438
101.04113006591797
106.30316925048828
108.34920501708984
102.6114730834961
96.8886947631836
113.94986724853516
108.38414764404297
120.90483093261719
108.31963348388672
98.24797821044922
97.32862854003906
101.3465347290039
103.37515258789062
120.06326293945312
93.44292449951172
108.60311126708984
96.32299041748047
94.36748504638672
94.5020751953125
101.83172607421875
97.48199462890625
103.50543975830078
100.72095489501953
107.53121948242188
106.4073486328125
110.39818572998047
105.29939270019531
102.1855239868164
115.68754577636719
92.7442398071289
108.67511749267578
104.2221908569336
99.4435806274414
104.45771789550781
97.00167083740234
112.55712890625
103.65511322021484
100.85935974121094
108.9582290649414
105.6692123413086
111.2744140625
90.38589477539062
113.78772735595703
94.96733093261719
104.36433410644531
109.44904327392578
101.45799255371094
101.46864318847656
95.39288330078125
107.19397735595703
91.9787826538086
111.13603210449219
117.89640808105469
111.30094146728516
107.39020538330078
99.99302673339844
106.53253173828125
103.01964569091797
99.9162368774414
98.22538757324219
99.77559661865234
97.25648498535156
102.59779357910156
106.87299346923828
94.92049407958984
103.23505401611328
106.73445129394531
106.25680541992188
101.33529663085938
101.90425872802734
118.62826538085938
103.75799560546875
105.47628021240234
109.84635925292969
112.73016357421875
101.7523193359375
93.82772064208984
98.81951141357422
107.97712707519531
105.53072357177734
97.60145568847656
109.63392639160156
88.67955780029297
101.8746337890625
97.59129333496094
101.19718933105469
103.91046905517578
113.82670593261719
114.22642517089844
102.97554016113281
101.69398498535156
93.82259368896484
112.82563018798828
105.8662109375
103.1194076538086
100.202392578125
