-104.34064483642578
-114.17183685302734
-107.53076171875
-111.61474609375
-111.76270294189453
-109.5654525756836
-104.9625244140625
-97.80498504638672
-110.47486114501953
-103.17028045654297
-111.69957733154297
-106.1181411743164
-113.57132720947266
-110.6021728515625
-106.79097747802734
-102.2386474609375
-104.28121948242188
-112.16085815429688
-108.56116485595703
-103.35869598388672
-109.48442077636719
-103.64537048339844
-106.78717803955078
-108.50041961669922
-112.12216186523438
-112.40094757080078
-102.92683410644531
-111.03945922851562
-103.26089477539062
-104.27989196777344
-110.08879089355469
-118.4439697265625
-113.23692321777344
-114.433837890625
-112.11331176757812
-104.70341491699219
-104.8959732055664
-107.98514556884766
-108.99687957763672
-106.09185028076172
-101.72785186767578
-102.0716552734375
-110.66104888916016
-106.56626892089844
-105.42640686035156
-111.64495849609375
-108.3545150756836
-108.50704956054688
-107.56322479248047
-106.41495513916016
-104.66287994384766
-105.74661254882812
-105.23406982421875
-116.02571105957031
-111.56159973144531
-108.12886047363281
-111.0911865234375
-103.86521911621094
-101.17957305908203
-114.18582916259766
-107.96221923828125
-110.65028381347656
-104.01206970214844
-107.77082061767578
-108.91162109375
-102.19549560546875
-107.56376647949219
-108.99046325683594
-109.01258850097656
-104.67514038085938
-106.27813720703125
-102.94337463378906
-103.64385986328125
-113.37149047851562
-108.04497528076172
-111.05538177490234
-104.49927520751953
-111.05781555175781
-107.98201751708984
-110.56937408447266
-105.5763168334961
-107.25559997558594
-101.3007583618164
-108.04850006103516
-110.45425415039062
-108.02230834960938
-108.8885498046875
-101.8429946899414
-110.07470703125
-104.51165008544922
-105.79317474365234
-106.70309448242188
-106.7342758178711
-108.59416198730469
-112.71036529541016
-106.44310760498047
-108.17501068115234
-106.46408081054688
-107.03650665283203
-107.49032592773438
-108.15620422363281
-98.64351654052734
-111.70191955566406
-110.19088745117188
-106.41637420654297
-111.19987487792969
-109.8510971069336
-102.839599609375
-106.15653228759766
-100.6798095703125
-108.03483581542969
-97.46878814697266
-108.90779113769531
-102.81736755371094
-107.36227416992188
-104.48067474365234
-109.36783599853516
-105.86729431152344
-105.29948425292969
-100.37691497802734
-112.8981704711914
-109.0182113647461
-109.39143371582031
-104.73168182373047
-99.40275573730469
-111.21430969238281
-106.59492492675781
-102.69795227050781
-107.23524475097656
-107.41561889648438
-100.24073791503906
-109.20402526855469
-102.03502655029297
-107.43059539794922
-101.65900421142578
-102.80123901367188
-102.34770202636719
-107.9507827758789
-106.25843048095703
-103.61311340332031
-108.70343780517578
-109.04930877685547
-104.36771392822266
-106.71483612060547
-107.52271270751953
-104.49207305908203
-106.7823486328125
-106.1351318359375
-112.1782455444336
-109.3017349243164
-114.86734771728516
-102.16597747802734
-111.42768859863281
-109.49142456054688
-112.24845123291016
-112.28507995605469
-115.10198974609375
-108.43267059326172
-110.1488037109375
-103.86613464355469
-106.25506591796875
-108.19461059570312
-110.16187286376953
-105.14756774902344
-102.61734008789062
-104.73717498779297
-109.89569091796875
-113.5786361694336
-112.7172622680664
-107.32257080078125
-108.13064575195312
-97.9510726928711
-109.37744140625
-106.4968490600586
-100.80660247802734
-106.35353088378906
-106.7334976196289
-103.93115234375
-109.87438201904297
-101.97882843017578
-107.82579803466797
-112.23268127441406
-105.27466583251953
-105.62892150878906
-100.4599838256836
-109.99311065673828
-103.26852416992188
-108.25509643554688
-107.30667877197266
-107.97408294677734
-111.46971893310547
-102.39695739746094
-102.97563934326172
-107.53073120117188
-103.3960952758789
-107.01548767089844
-104.54940032958984
-108.58995056152344
-102.37232208251953
-104.46695709228516
-104.47586059570312
-105.274169921875
-111.19615936279297
-100.74347686767578
-106.73390197753906
-110.67455291748047
-112.79161834716797
-102.37789916992188
-100.38884735107422
-110.15560150146484
-105.5040054321289
-105.24693298339844
-105.42936706542969
-112.78376770019531
-106.10799407958984
-109.2801742553711
-110.16506958007812
-103.99075317382812
-107.75696563720703
-104.13175964355469
-101.80001068115234
-111.24983978271484
-104.34658813476562
-111.54521179199219
-108.81477355957031
-109.7296371459961
-110.33382415771484
-109.01252746582031
-109.45560455322266
-109.26324462890625
-115.72297668457031
-116.0687484741211
-109.53353118896484
-108.24078369140625
-108.6606216430664
-101.46466064453125
-110.20874786376953
-110.16378021240234
-110.4649887084961
-106.62858581542969
-110.12105560302734
-106.8734130859375
-107.56745147705078
-108.36979675292969
-108.10621643066406
-106.85289001464844
-105.92776489257812
-109.4306640625
-105.16954040527344
-103.74388885498047
-112.39081573486328
-108.51435852050781
-103.46414184570312
-101.63961029052734
-105.50853729248047
-105.60321044921875
-108.67595672607422
-114.87228393554688
-105.51870727539062
-110.19220733642578
-110.87994384765625
-106.15067291259766
-107.1243667602539
-103.05259704589844
-103.9223403930664
-107.83763885498047
-107.63670349121094
-100.64292907714844
-103.9823226928711
-107.15525817871094
-104.48278045654297
-107.80594635009766
-106.18609619140625
-109.05525970458984
-102.11375427246094
-105.83262634277344
-109.13275146484375
-101.33838653564453
-105.82391357421875
-110.10813903808594
-100.32319641113281
-104.14728546142578
-106.58953094482422
-103.9464340209961
-103.02372741699219
-109.43354034423828
-105.1541976928711
-108.97846984863281
-108.36000061035156
-108.27098083496094
-107.1523208618164
-103.6342544555664
-104.611083984375
-109.34077453613281
-109.55606079101562
-109.59710693359375
-105.00943756103516
-109.94202423095703
-107.93167877197266
-104.20459747314453
-105.48518371582031
-106.04903411865234
-111.5033187866211
-107.94657135009766
-112.03654479980469
-103.83104705810547
-102.51759338378906
-111.16281127929688
-109.34200286865234
-106.80281829833984
-111.00452423095703
-107.62074279785156
-104.53237915039062
-106.70376586914062
-101.41991424560547
-106.64752960205078
-103.16940307617188
-109.67616271972656
-108.04462432861328
-107.00385284423828
-106.68241882324219
-113.36036682128906
-103.12377166748047
-102.15802764892578
-102.81733703613281
-109.5934829711914
-111.09312438964844
-103.53961944580078
-110.56912231445312
-108.33453369140625
-108.89305877685547
-104.81221008300781
-105.34896087646484
-108.80491638183594
-113.42709350585938
-112.6377182006836
-107.417724609375
-106.27627563476562
-103.6111068725586
-110.47185516357422
-111.42647552490234
-107.43607330322266
-112.21385192871094
-103.80009460449219
-109.93543243408203
-103.4404296875
-102.9974594116211
-105.5672607421875
-107.58003234863281
-112.95861053466797
-107.81888580322266
-108.81664276123047
-111.60508728027344
-110.33623504638672
-103.89917755126953
-108.86549377441406
-108.6773681640625
-112.84927368164062
-113.54454040527344
-108.42298126220703
-110.19307708740234
-109.22906494140625
-108.28143310546875
-111.5615463256836
-107.29985046386719
-105.76720428466797
-108.49429321289062
-106.04519653320312
-109.35850524902344
-107.12857055664062
-107.46469116210938
-107.85607147216797
-101.83759307861328
-114.31500244140625
-108.66273498535156
-112.33174896240234
-103.80396270751953
-104.12449645996094
-99.97362518310547
-105.54833984375
-105.50328063964844
-103.87016296386719
-104.84764099121094
-102.7565689086914
-110.73504638671875
-107.07132720947266
-104.49991607666016
-109.12057495117188
-111.24807739257812
-106.2984390258789
-101.82221984863281
-103.50810241699219
-108.40840911865234
-103.6381607055664
-107.02955627441406
-103.37354278564453
-100.36180114746094
-111.99136352539062
-102.84298706054688
-105.03655242919922
-107.3725814819336
-104.00304412841797
-107.96717834472656
-101.55886840820312
-105.05414581298828
-114.37675476074219
-102.912841796875
-104.95467376708984
-107.769775390625
-107.18894958496094
-114.67887115478516
-109.90440368652344
-109.7918701171875
-104.17092895507812
-102.11417388916016
-101.50618743896484
-113.75409698486328
-104.54547119140625
-102.52976989746094
-108.49793243408203
-107.99784851074219
-100.6435317993164
-103.65396881103516
-111.76570892333984
-101.97327423095703
-103.9655532836914
-107.16334533691406
-103.98770904541016
-102.67047882080078
-112.43347930908203
-103.3230209350586
-112.04511260986328
-101.01406860351562
-103.9255599975586
-102.481201171875
-110.704833984375
-105.10223388671875
-105.568115234375
-106.2867202758789
-105.9284439086914
-108.29082489013672
-105.52210998535156
-110.44652557373047
-95.96414184570312
-108.1992416381836
-103.01966857910156
-107.25777435302734
-104.32627868652344
-103.01830291748047
-109.75318908691406
-104.70103454589844
-111.35472106933594
-104.71517181396484
-105.26644897460938
-114.03700256347656
-107.76663208007812
-109.75645446777344
-108.47399139404297
-110.79060363769531
-102.81248474121094
-107.56976318359375
-102.61608123779297
-114.59454345703125
-98.71858978271484
-106.67125701904297
-110.05139923095703
-111.79621124267578
-108.76806640625
-102.9361572265625
-99.67926788330078
-108.64293670654297
-105.0080337524414
-104.32492065429688
-107.135009765625
-105.17000579833984
-103.4840087890625
-105.9185562133789
-111.36018371582031
-103.03834533691406
-105.25344848632812
-97.17414855957031
-104.36055755615234
-106.63070678710938
-101.3678207397461
-110.57450103759766
-103.45482635498047
-104.95189666748047
-101.83341217041016
-109.22722625732422
-110.3720932006836
-106.47968292236328
-104.84691619873047
-104.64276123046875
-110.2155532836914
-103.26994323730469
-108.26536560058594
-102.50968933105469
-103.98181915283203
-102.2798080444336
-104.80115509033203
-105.35102081298828
-105.738525390625
-102.43228149414062
-102.41363525390625
-107.74600982666016
-103.88642120361328
-109.68888854980469
-104.27911376953125
-107.11273956298828
-107.83235168457031
-106.3706283569336
-110.31123352050781
-114.01013946533203
-103.9112548828125
-102.39460754394531
-101.94316101074219
-103.69667053222656
-103.98567962646484
-110.66028594970703
-104.38756561279297
-106.36821746826172
-104.87867736816406
-106.66281127929688
-107.79843139648438
-103.04637145996094
-106.21038818359375
-105.8540267944336
-111.94879913330078
-104.22756958007812
-103.96835327148438
-105.99862670898438
-108.22566986083984
-106.62683868408203
-111.39892578125
-110.81259155273438
-102.5022964477539
-107.01451873779297
-107.327880859375
-103.82241821289062
-107.21521759033203
-112.0398178100586
-106.24896240234375
-100.66102600097656
-109.39501953125
-110.11690521240234
-103.45145416259766
-105.9270248413086
-101.58880615234375
-112.32893371582031
-109.3846206665039
-110.0794906616211
-102.5223617553711
-105.83548736572266
-104.74161529541016
-108.00294494628906
-107.13016510009766
-108.31301879882812
-109.21786499023438
-109.77178192138672
-105.69819641113281
-109.06287384033203
-106.56704711914062
-102.58963012695312
-109.20254516601562
-111.73309326171875
-112.300537109375
-106.94735717773438
-103.65116119384766
-104.81824493408203
-110.18956756591797
-104.49439239501953
-101.51314544677734
-104.20620727539062
-112.17344665527344
-99.91315460205078
-109.17576599121094
-101.68853759765625
-114.15380859375
-111.91947937011719
-106.6202392578125
-109.99571990966797
-107.51693725585938
-109.07201385498047
-103.59519958496094
-107.67938232421875
-107.40628051757812
-105.1259994506836
-99.64163208007812
-103.19131469726562
-101.00450897216797
-105.66856384277344
-105.15550231933594
-103.84989166259766
-108.02363586425781
-104.00269317626953
-107.01526641845703
-102.62071990966797
-102.39472198486328
-110.55585479736328
-110.15357971191406
-107.14275360107422
-107.33271026611328
-109.41285705566406
-108.64430236816406
-103.5431137084961
-103.40733337402344
-106.07537078857422
-102.84300994873047
-108.01946258544922
-104.89167785644531
-101.34517669677734
-106.69512176513672
-103.42797088623047
-112.06892395019531
-110.22126007080078
-106.03299713134766
-104.08804321289062
-106.83316040039062
-102.15117645263672
-104.82927703857422
-106.54352569580078
-101.4743881225586
-104.1564712524414
-105.40663146972656
-101.77527618408203
-105.1722412109375
-110.36787414550781
-105.49584197998047
-106.00799560546875
-109.9660873413086
-107.11795043945312
-105.28163146972656
-110.41923522949219
-103.92684173583984
-102.70323944091797
-107.33589935302734
-108.95491027832031
-105.99221801757812
-102.95111083984375
-111.53570556640625
-107.96613311767578
-111.24800872802734
-113.01895141601562
-106.64533233642578
-105.75102233886719
-99.60188293457031
-103.45497131347656
-103.00577545166016
-102.74374389648438
-105.23703002929688
-106.03334045410156
-116.71114349365234
-106.81224822998047
-113.81025695800781
-112.9473876953125
-105.35225677490234
-103.35594940185547
-108.51793670654297
-103.91374969482422
-104.4381103515625
-109.57427978515625
-101.45661163330078
-110.1972885131836
-106.24109649658203
-99.5540771484375
-103.10419464111328
-110.72142028808594
-105.54267883300781
-105.66734313964844
-109.73870849609375
-108.6116714477539
-108.39617156982422
-103.5430679321289
-103.69227600097656
-109.41557312011719
-103.74329376220703
-101.16607666015625
-109.60470581054688
-109.79724884033203
-110.74925231933594
-108.82575225830078
-107.35829162597656
-104.45866394042969
-107.64798736572266
-109.097900390625
-104.32623291015625
-102.78765106201172
-102.95289611816406
-107.78692626953125
-106.7769775390625
-101.92244720458984
-107.43624877929688
-98.49417114257812
-103.94776153564453
-105.39991760253906
-107.2154769897461
-106.25269317626953
-100.28927612304688
-106.17400360107422
-104.70555877685547
-101.87832641601562
-106.73213195800781
-114.66761016845703
-111.0818862915039
-104.79377746582031
-107.31304168701172
-107.02320861816406
-104.29641723632812
-108.35558319091797
-105.96416473388672
-103.68265533447266
-106.65067291259766
-105.95154571533203
-103.05916595458984
-106.3315200805664
-105.73060607910156
-106.5192642211914
-103.9622802734375
-105.21649932861328
-109.16539001464844
-112.11801147460938
-103.0433578491211
-105.23505401611328
-110.458251953125
-107.20475006103516
-110.74600219726562
-102.8332290649414
-104.7529067993164
-112.36225128173828
-100.9995346069336
-103.20907592773438
-110.83287048339844
-104.50285339355469
-108.8792724609375
-108.34122467041016
-111.65773010253906
-101.53398895263672
-107.08892822265625
-106.51734924316406
-100.31531524658203
-105.64684295654297
-107.53852844238281
-103.66172790527344
-102.79827880859375
-110.38204956054688
-108.27327728271484
-106.76541137695312
-103.9693832397461
-104.29853820800781
-110.8554916381836
-107.29592895507812
-106.34571838378906
-103.6754379272461
-104.79708862304688
-101.9214859008789
-106.23267364501953
-106.39895629882812
-108.33493041992188
-103.59733581542969
-112.06515502929688
-103.28910064697266
-104.68609619140625
-100.64374542236328
-104.18955993652344
-102.06773376464844
-103.28501892089844
-106.35193634033203
-96.70195007324219
-106.88218688964844
-110.06916809082031
-106.43834686279297
-103.40392303466797
-110.64576721191406
-114.86185455322266
-101.95950317382812
-101.62947845458984
-108.6350326538086
-107.9372787475586
-101.7408218383789
-107.72691345214844
-105.55613708496094
-104.49382781982422
-104.67594146728516
-104.62053680419922
-107.46902465820312
-106.69181060791016
-101.09110260009766
-104.7149658203125
-107.65911865234375
-99.45270538330078
-97.8080825805664
-103.88734436035156
-102.38069915771484
-105.19471740722656
-103.17263793945312
-106.22530364990234
-111.28089904785156
-107.36734008789062
-103.3643569946289
-106.9798583984375
-105.6313247680664
-107.83727264404297
-107.06103515625
-112.2452392578125
-100.81910705566406
-103.92585754394531
-106.26287841796875
-110.16154479980469
-105.00930786132812
-104.60264587402344
-106.3244857788086
-103.55136108398438
-110.78944396972656
-101.64413452148438
-105.2704849243164
-107.06910705566406
-104.79712677001953
-108.75704956054688
-105.49359130859375
-110.56917572021484
-105.16185760498047
-106.96434020996094
-107.86869049072266
-104.11773681640625
-107.8924789428711
-107.62957000732422
-108.355712890625
-104.57450866699219
-100.6300048828125
-100.06155395507812
-108.37236022949219
-111.27389526367188
-107.85956573486328
-99.19080352783203
-108.2548599243164
-109.35665893554688
-110.9719467163086
-109.32455444335938
-106.73779296875
-102.99783325195312
-108.38442993164062
-104.14518737792969
-107.83232116699219
-105.72195434570312
-105.26009368896484
-102.2108383178711
-103.74212646484375
-98.6643295288086
-106.25190734863281
-108.40875244140625
-107.82862091064453
-106.46067810058594
-107.84443664550781
-103.78035736083984
-104.04936218261719
-108.08943176269531
-102.4348373413086
-109.12828826904297
-102.6256103515625
-106.01329803466797
-98.88605499267578
-102.72522735595703
-107.00718688964844
-106.39146423339844
-105.69762420654297
-108.56304931640625
-105.91307067871094
-105.58096313476562
-102.03804779052734
-104.87576293945312
-105.73705291748047
-107.1476821899414
-108.3544921875
-109.96572875976562
-104.82315063476562
-104.66060638427734
-103.4812240600586
-109.4849853515625
-100.20075225830078
-110.68025970458984
-105.05659484863281
-107.33140563964844
-104.15937805175781
-101.04176330566406
-105.4743881225586
-106.05235290527344
-107.01390075683594
-110.51109313964844
-107.7447738647461
-105.25749206542969
-103.25758361816406
-111.53477478027344
-105.66873931884766
-108.50279235839844
-111.24409484863281
-109.13069915771484
-107.42100524902344
-109.99232482910156
-103.7118911743164
-108.2728271484375
-103.19320678710938
-105.66156768798828
-107.87308502197266
-109.3119125366211
-108.22882080078125
-109.5701675415039
-107.61865234375
-105.68112182617188
-107.11947631835938
-106.58200073242188
-102.47117614746094
-109.84890747070312
-102.04859924316406
-109.31732177734375
-105.07408905029297
-101.12905883789062
-108.09246826171875
-106.69729614257812
-105.32333374023438
-104.24170684814453
-109.79576873779297
-108.11393737792969
-107.22991943359375
-112.30398559570312
-99.22400665283203
-106.94755554199219
-99.89746856689453
-108.64665222167969
-100.16974639892578
-102.697998046875
-107.85123443603516
-108.25247955322266
-108.68885803222656
-107.70042419433594
-103.97503662109375
-106.78517150878906
-108.1034927368164
-108.60917663574219
