-555.1435546875
-524.78857421875
-496.6177062988281
-468.9970397949219
-434.4019775390625
-396.55059814453125
-352.6898193359375
-318.56817626953125
-315.35791015625
-305.1835632324219
-300.62890625
-285.5940856933594
-274.4715270996094
-275.7184143066406
-249.343505859375
-240.06246948242188
-236.5353546142578
-240.8184356689453
-235.91424560546875
-230.2126922607422
-238.87649536132812
-230.69967651367188
-228.37384033203125
-232.5479736328125
-237.18264770507812
-227.91981506347656
-214.23599243164062
-231.76522827148438
-221.47145080566406
-220.85577392578125
-226.81654357910156
-218.6732635498047
-230.07322692871094
-219.09796142578125
-219.56365966796875
-218.16249084472656
-217.06985473632812
-211.76528930664062
-209.48924255371094
-216.19895935058594
-207.53314208984375
-210.3309783935547
-216.00503540039062
-212.84698486328125
-208.16885375976562
-217.11390686035156
-216.5370635986328
-215.75442504882812
-212.40399169921875
-209.69778442382812
-209.2814483642578
-213.2045440673828
-215.20489501953125
-228.55642700195312
-219.70623779296875
-213.60784912109375
-216.2078857421875
-209.66542053222656
-199.5616912841797
-224.02354431152344
-207.3782958984375
-214.0199737548828
-205.25450134277344
-206.5448455810547
-210.35467529296875
-196.33514404296875
-214.20945739746094
-213.0139617919922
-210.69631958007812
-210.3294219970703
-205.0414581298828
-204.8056640625
-205.39337158203125
-215.27769470214844
-203.6732177734375
-203.7905731201172
-198.90968322753906
-207.7296600341797
-196.362548828125
-208.0301513671875
-201.5396270751953
-212.60055541992188
-189.2675323486328
-206.8567352294922
-204.43235778808594
-200.7709197998047
-207.27406311035156
-196.46624755859375
-203.1645965576172
-191.74563598632812
-200.76820373535156
-196.74998474121094
-199.1430206298828
-206.9150390625
-204.48550415039062
-194.18162536621094
-197.94117736816406
-203.98789978027344
-196.06483459472656
-199.58258056640625
-197.6027069091797
-180.33363342285156
-201.8108673095703
-195.72015380859375
-193.9144287109375
-202.08056640625
-200.17733764648438
-186.0173797607422
-189.5614013671875
-182.46510314941406
-191.95623779296875
-182.2340545654297
-191.006103515625
-180.44314575195312
-190.05189514160156
-185.37530517578125
-189.95849609375
-188.4378662109375
-185.01327514648438
-180.34014892578125
-190.932373046875
-184.2045440673828
-185.12303161621094
-180.84796142578125
-171.60223388671875
-189.6713409423828
-174.89938354492188
-175.15794372558594
-183.1225128173828
-180.71852111816406
-161.07754516601562
-182.35984802246094
-167.6458740234375
-179.7548828125
-169.73646545410156
-175.85780334472656
-171.1632843017578
-180.47802734375
-177.38229370117188
-174.6499786376953
-176.40184020996094
-176.93099975585938
-174.1585693359375
-172.0402069091797
-176.3806610107422
-172.26776123046875
-171.8832244873047
-174.0260772705078
-173.8339385986328
-175.4602813720703
-181.15692138671875
-169.3151092529297
-175.20677185058594
-172.9756317138672
-176.71115112304688
-176.9127197265625
-178.0725860595703
-172.9366912841797
-174.3632354736328
-162.6036834716797
-166.606689453125
-167.04855346679688
-170.66400146484375
-165.20533752441406
-161.5992889404297
-164.9552001953125
-174.44857788085938
-175.6775665283203
-173.3741455078125
-162.41517639160156
-166.1195831298828
-152.67538452148438
-168.5831298828125
-167.7708282470703
-158.0331573486328
-166.397216796875
-162.36463928222656
-158.8124237060547
-167.11341857910156
-157.5021209716797
-163.36717224121094
-168.25128173828125
-161.47994995117188
-162.9247589111328
-152.62750244140625
-167.35427856445312
-158.0086212158203
-165.3728485107422
-164.77484130859375
-161.1455841064453
-167.95863342285156
-156.46737670898438
-155.48165893554688
-159.8846893310547
-154.70481872558594
-162.9951934814453
-159.5453338623047
-166.2527618408203
-153.96400451660156
-159.33004760742188
-154.92398071289062
-161.49583435058594
-158.6519317626953
-153.21702575683594
-160.2401580810547
-159.6217498779297
-163.26104736328125
-152.689697265625
-153.08697509765625
-163.0014190673828
-155.50259399414062
-157.56167602539062
-155.1805877685547
-166.87551879882812
-160.41744995117188
-156.5316619873047
-157.7100830078125
-153.75820922851562
-160.64492797851562
-156.04490661621094
-146.5832061767578
-162.58111572265625
-151.78758239746094
-165.37197875976562
-156.2696990966797
-157.9873504638672
-160.4185333251953
-158.40524291992188
-161.61805725097656
-156.77911376953125
-166.1636199951172
-166.0731964111328
-158.72723388671875
-156.24990844726562
-155.05506896972656
-149.0377960205078
-160.90713500976562
-157.6859893798828
-160.84710693359375
-150.2201385498047
-156.60377502441406
-150.72024536132812
-154.17140197753906
-156.1189727783203
-153.23623657226562
-151.0279998779297
-153.02455139160156
-153.81600952148438
-150.68434143066406
-148.49661254882812
-155.00135803222656
-153.87400817871094
-150.5139923095703
-143.45809936523438
-150.03468322753906
-153.26930236816406
-153.2068634033203
-162.9851837158203
-149.10658264160156
-158.4882049560547
-155.6888427734375
-152.0210723876953
-154.49424743652344
-146.99554443359375
-145.2158966064453
-153.22544860839844
-153.82638549804688
-143.6482696533203
-145.895751953125
-150.42697143554688
-147.25677490234375
-152.77981567382812
-151.03424072265625
-152.70692443847656
-144.80796813964844
-147.64453125
-149.49493408203125
-139.60272216796875
-148.15261840820312
-153.28500366210938
-143.41775512695312
-148.8216552734375
-149.64169311523438
-146.21942138671875
-142.546142578125
-149.128662109375
-144.4202423095703
-151.2013702392578
-150.8009033203125
-151.29287719726562
-150.6239776611328
-144.72064208984375
-148.45408630371094
-150.6218719482422
-149.2015838623047
-146.73828125
-146.42218017578125
-150.62550354003906
-150.5125274658203
-143.2989959716797
-145.32550048828125
-146.1936492919922
-154.42691040039062
-148.4513702392578
-151.9618377685547
-142.64747619628906
-142.45278930664062
-151.66546630859375
-148.8548126220703
-148.61978149414062
-152.22300720214844
-142.43995666503906
-146.38400268554688
-146.79371643066406
-140.29257202148438
-146.72525024414062
-143.01666259765625
-151.66099548339844
-145.15380859375
-143.20751953125
-145.3568115234375
-154.30613708496094
-141.29945373535156
-137.49749755859375
-142.10470581054688
-151.593505859375
-151.5789794921875
-140.62982177734375
-153.07315063476562
-148.4761199951172
-146.20953369140625
-142.27195739746094
-144.74111938476562
-145.29942321777344
-152.14910888671875
-153.5731658935547
-145.31040954589844
-142.94976806640625
-140.56109619140625
-151.0551300048828
-151.6478271484375
-147.40223693847656
-147.57408142089844
-142.48660278320312
-148.80218505859375
-141.77398681640625
-142.18179321289062
-140.03463745117188
-145.6039276123047
-151.5359649658203
-146.0633087158203
-147.22984313964844
-148.31214904785156
-145.47479248046875
-138.2353057861328
-146.40188598632812
-141.06683349609375
-147.89218139648438
-150.5403289794922
-144.65530395507812
-146.7910919189453
-145.29782104492188
-144.91197204589844
-149.4774627685547
-146.8909912109375
-139.6620635986328
-144.39126586914062
-141.6600341796875
-143.9603729248047
-143.260498046875
-141.57057189941406
-145.75497436523438
-134.9092254638672
-153.11880493164062
-142.89768981933594
-145.340087890625
-138.5341033935547
-136.24815368652344
-135.44125366210938
-140.87103271484375
-142.4733428955078
-137.8702392578125
-139.0970458984375
-134.50323486328125
-141.8625946044922
-141.90927124023438
-138.6644744873047
-143.0179901123047
-148.8303985595703
-137.2969512939453
-135.72055053710938
-136.26614379882812
-144.2078094482422
-137.91583251953125
-139.99066162109375
-136.0982208251953
-131.88717651367188
-146.1908721923828
-133.96356201171875
-138.0206298828125
-141.35000610351562
-135.88832092285156
-140.08766174316406
-132.73814392089844
-135.04864501953125
-148.65414428710938
-135.05482482910156
-136.79501342773438
-140.48399353027344
-140.66677856445312
-148.4556121826172
-142.47247314453125
-141.1592254638672
-134.48486328125
-132.96800231933594
-133.9940643310547
-148.81590270996094
-133.98948669433594
-133.63038635253906
-139.22576904296875
-141.1772003173828
-131.15631103515625
-137.0478057861328
-142.95372009277344
-132.17039489746094
-135.5956573486328
-138.78187561035156
-133.96200561523438
-131.41917419433594
-143.66278076171875
-132.93833923339844
-143.95233154296875
-131.85350036621094
-133.26657104492188
-131.6546630859375
-140.63027954101562
-136.34722900390625
-135.1391143798828
-139.73793029785156
-136.0104522705078
-140.66461181640625
-134.90023803710938
-142.35536193847656
-124.49374389648438
-136.10752868652344
-135.398193359375
-137.55694580078125
-134.54127502441406
-132.07864379882812
-139.31312561035156
-132.5266876220703
-141.0756072998047
-134.5303192138672
-134.50572204589844
-143.71133422851562
-139.2316131591797
-139.04293823242188
-137.50172424316406
-142.74993896484375
-130.3230438232422
-137.78395080566406
-131.92938232421875
-145.53282165527344
-124.21336364746094
-137.31031799316406
-139.42294311523438
-140.95713806152344
-138.32261657714844
-128.28541564941406
-128.72494506835938
-134.98179626464844
-132.398193359375
-132.08990478515625
-133.30307006835938
-132.1824951171875
-131.3699493408203
-133.266357421875
-141.55831909179688
-130.183349609375
-130.38998413085938
-122.18882751464844
-134.1826934814453
-134.82054138183594
-124.87892150878906
-140.4077606201172
-128.52105712890625
-133.1630859375
-126.9931869506836
-136.27894592285156
-138.86817932128906
-131.54791259765625
-130.6419219970703
-132.85360717773438
-135.87646484375
-129.71759033203125
-135.4175567626953
-126.2961654663086
-131.447509765625
-125.79486846923828
-129.76443481445312
-130.37498474121094
-132.2788848876953
-127.82402801513672
-125.38116455078125
-132.79193115234375
-131.45997619628906
-134.4031524658203
-129.73959350585938
-135.0204620361328
-135.31869506835938
-132.9642791748047
-136.07269287109375
-138.1017608642578
-129.4716033935547
-126.58021545410156
-127.3072280883789
-128.81906127929688
-128.2692108154297
-137.16404724121094
-128.21319580078125
-130.82594299316406
-127.98503875732422
-131.92242431640625
-131.61856079101562
-128.59776306152344
-129.9066925048828
-130.2034912109375
-136.4656982421875
-126.74685668945312
-127.73810577392578
-132.15199279785156
-131.83322143554688
-129.6221466064453
-139.31903076171875
-137.40667724609375
-126.39549255371094
-131.9235382080078
-130.63943481445312
-129.17742919921875
-130.83828735351562
-136.3277130126953
-129.244140625
-121.45500183105469
-134.6102752685547
-136.28857421875
-126.66748046875
-129.5143585205078
-124.90959930419922
-137.7887725830078
-133.9994354248047
-135.2962188720703
-123.2960433959961
-129.01063537597656
-128.10414123535156
-132.41421508789062
-130.63983154296875
-131.69168090820312
-134.15286254882812
-132.25949096679688
-128.84884643554688
-135.26760864257812
-130.11721801757812
-125.67214965820312
-130.50128173828125
-140.9072265625
-135.89266967773438
-132.5865478515625
-123.70834350585938
-128.0859375
-134.90118408203125
-126.03019714355469
-123.43048095703125
-127.66152954101562
-135.4949493408203
-122.07075500488281
-132.16180419921875
-123.15717315673828
-140.15609741210938
-135.38856506347656
-129.75271606445312
-131.87802124023438
-128.5289306640625
-130.8118896484375
-127.41867065429688
-129.23426818847656
-129.11099243164062
-126.17533111572266
-120.29815673828125
-125.51626586914062
-122.40115356445312
-129.8816680908203
-128.30172729492188
-124.5897445678711
-131.99485778808594
-126.17538452148438
-130.30589294433594
-122.74909973144531
-121.81112670898438
-134.16192626953125
-131.06126403808594
-127.50276947021484
-128.7451934814453
-132.00685119628906
-130.41261291503906
-124.37248229980469
-124.466064453125
-127.95777130126953
-124.9773178100586
-131.14480590820312
-127.18394470214844
-121.12397766113281
-127.29397583007812
-126.30467224121094
-135.59315490722656
-133.8330078125
-129.24270629882812
-125.8489761352539
-128.2471160888672
-123.43486785888672
-127.07369995117188
-126.71163177490234
-124.80098724365234
-125.04743957519531
-124.93617248535156
-120.5008316040039
-126.30139923095703
-132.99136352539062
-128.2747344970703
-125.9309310913086
-133.01092529296875
-129.09796142578125
-128.4683380126953
-133.8618621826172
-126.86740112304688
-122.4356918334961
-127.92571258544922
-130.08335876464844
-126.16293334960938
-119.9585189819336
-131.30728149414062
-130.3433074951172
-133.7744903564453
-134.20716857910156
-128.57073974609375
-126.02360534667969
-119.31089782714844
-124.9208755493164
-122.04589080810547
-123.27111053466797
-126.52326202392578
-127.22195434570312
-137.70144653320312
-127.1253890991211
-135.1897735595703
-133.14476013183594
-126.39755249023438
-124.92918395996094
-129.22140502929688
-122.22895812988281
-122.12741088867188
-133.36184692382812
-121.97945404052734
-132.74893188476562
-126.39110565185547
-118.54488372802734
-122.8615493774414
-131.13279724121094
-126.0750503540039
-124.07352447509766
-128.76742553710938
-128.79942321777344
-127.93144226074219
-123.60282897949219
-123.02198791503906
-128.74305725097656
-121.60517883300781
-121.69898223876953
-129.85198974609375
-129.22689819335938
-130.8030242919922
-128.81173706054688
-126.69286346435547
-123.35368347167969
-125.66222381591797
-130.1251678466797
-122.38182830810547
-121.99275207519531
-122.30574035644531
-125.966064453125
-125.56464385986328
-120.68289947509766
-126.78988647460938
-115.19332885742188
-123.1939468383789
-126.32962036132812
-126.61576080322266
-126.77384185791016
-121.49629974365234
-123.84992218017578
-124.88268280029297
-122.75886535644531
-124.97196197509766
-135.27919006347656
-129.0665283203125
-125.47978973388672
-125.57148742675781
-124.62030792236328
-122.36274719238281
-128.0991973876953
-125.25457000732422
-120.54361724853516
-128.0948944091797
-125.78512573242188
-119.29872131347656
-125.88380432128906
-121.29539489746094
-124.74173736572266
-121.2358627319336
-122.79399108886719
-124.88800811767578
-136.46847534179688
-120.223388671875
-122.36447143554688
-130.22897338867188
-124.68338012695312
-128.0434112548828
-121.10731506347656
-123.0278549194336
-128.57522583007812
-118.63723754882812
-120.17231750488281
-132.03463745117188
-124.17900085449219
-124.8741455078125
-126.1181640625
-129.3934326171875
-119.05756378173828
-125.16558837890625
-124.43643951416016
-117.35022735595703
-123.36133575439453
-124.13226318359375
-120.73335266113281
-119.46269989013672
-127.21826934814453
-126.18509674072266
-125.34632873535156
-118.116455078125
-120.6414794921875
-128.0903778076172
-126.8463134765625
-122.50798797607422
-121.76600646972656
-121.24217987060547
-119.0786361694336
-123.57703399658203
-125.62507629394531
-126.74491882324219
-119.8336181640625
-129.68629455566406
-120.45092010498047
-123.0940933227539
-119.80254364013672
-123.26859283447266
-118.75831604003906
-120.61096954345703
-122.25719451904297
-114.21157836914062
-124.05685424804688
-125.93891906738281
-122.7789535522461
-118.78384399414062
-130.7977294921875
-133.7269744873047
-119.81905364990234
-117.9399642944336
-129.4911651611328
-124.37346649169922
-118.97457885742188
-123.54202270507812
-122.48928833007812
-121.28641510009766
-120.29529571533203
-120.66889190673828
-123.4475326538086
-121.6643295288086
-117.01589965820312
-121.2970199584961
-124.91630554199219
-116.50192260742188
-111.44947052001953
-118.8012466430664
-118.34894561767578
-122.74378204345703
-121.67921447753906
-123.52420043945312
-128.6849365234375
-123.82816314697266
-121.27146911621094
-123.84939575195312
-122.11177062988281
-124.6739501953125
-124.61327362060547
-129.8301544189453
-116.97357940673828
-121.54508972167969
-123.46965026855469
-126.63378143310547
-121.38644409179688
-121.50350952148438
-120.57757568359375
-118.79688262939453
-126.55164337158203
-118.88529968261719
-120.35791015625
-122.2823715209961
-120.07042694091797
-125.67610168457031
-118.92208862304688
-127.94805908203125
-121.20332336425781
-122.93727111816406
-123.69693756103516
-122.63532257080078
-125.08760833740234
-121.96774291992188
-125.17762756347656
-118.14424896240234
-117.89718627929688
-114.44490814208984
-126.83494567871094
-128.660400390625
-123.62139129638672
-113.62623596191406
-124.5656509399414
-124.68994140625
-126.51427459716797
-123.02368927001953
-121.94894409179688
-118.38604736328125
-125.98017883300781
-118.73362731933594
-122.03009033203125
-124.11001586914062
-120.75790405273438
-117.85621643066406
-118.58275604248047
-113.86418151855469
-122.39637756347656
-124.0645751953125
-124.9520034790039
-122.04894256591797
-124.7207260131836
-119.49874114990234
-119.56927490234375
-124.74906921386719
-117.01742553710938
-124.78671264648438
-118.22673797607422
-121.78816986083984
-114.71106719970703
-118.6856918334961
-122.84124755859375
-120.77555847167969
-118.80791473388672
-121.375732421875
-119.80657196044922
-121.73394775390625
-118.4099349975586
-118.08097076416016
-120.9394760131836
-121.1073989868164
-125.74227142333984
-125.9861831665039
-120.14615631103516
-119.5787582397461
-116.41748046875
-126.59495544433594
-114.66690063476562
-126.60826873779297
-122.4691162109375
-125.34803009033203
-117.61843872070312
-116.60487365722656
-122.15580749511719
-120.6835708618164
-121.50386810302734
-126.9737548828125
-122.25872039794922
-119.34549713134766
-118.30462646484375
-127.43399047851562
-119.22557830810547
-123.78617095947266
-124.09906005859375
-123.45036315917969
-122.46504211425781
-124.88204956054688
-118.72738647460938
-123.3935317993164
-116.9059066772461
-119.93604278564453
-122.91624450683594
-126.27696228027344
-122.03473663330078
-124.29023742675781
-120.88495635986328
-120.23097229003906
-123.2518310546875
-122.11302185058594
-118.9582290649414
-124.98947143554688
-115.8049087524414
-126.31512451171875
-119.99223327636719
-117.12345886230469
-121.57099914550781
-122.27203369140625
-121.51252746582031
-118.36172485351562
-123.76300048828125
-121.00862884521484
-123.05990600585938
-128.38253784179688
-112.00737762451172
-121.77098846435547
-110.9805908203125
-123.0830078125
-114.63139343261719
-115.01350402832031
-123.46817779541016
-123.7821273803711
-123.65510559082031
-122.23417663574219
-120.5427474975586
-121.6007308959961
-122.83153533935547
-122.9811782836914
