-101.21090698242188
-110.88358306884766
-104.5827407836914
-107.78449249267578
-109.19377136230469
-107.55834197998047
-100.84596252441406
-94.8381118774414
-106.9561538696289
-100.20123291015625
-107.56149291992188
-103.62051391601562
-110.14131164550781
-107.27037811279297
-104.5932388305664
-99.9373779296875
-100.97634887695312
-108.88339233398438
-105.60600280761719
-100.32810974121094
-106.14801025390625
-101.66461181640625
-103.96210479736328
-105.73758697509766
-109.16704559326172
-109.2448501586914
-99.2396240234375
-107.82728576660156
-101.02942657470703
-102.02800750732422
-106.98210144042969
-113.67472839355469
-110.07279205322266
-111.21173095703125
-109.70264434814453
-101.99527740478516
-101.60212707519531
-104.56358337402344
-106.05142974853516
-102.93276977539062
-99.47422790527344
-98.5812759399414
-106.333740234375
-103.72796630859375
-102.67121887207031
-109.58911895751953
-105.8918685913086
-105.48318481445312
-104.00333404541016
-103.30817413330078
-101.2690658569336
-102.52863311767578
-101.56566619873047
-112.9384994506836
-109.45063018798828
-106.33706665039062
-107.39696502685547
-101.4764633178711
-97.70111083984375
-110.74956512451172
-106.18025207519531
-107.67166137695312
-100.98074340820312
-105.329833984375
-105.51608276367188
-97.67904663085938
-104.86246490478516
-106.26742553710938
-104.38127899169922
-101.78894805908203
-103.96710205078125
-100.90755462646484
-101.08086395263672
-109.89381408691406
-104.40979766845703
-107.94493865966797
-101.83741760253906
-106.6773452758789
-104.90707397460938
-106.59879302978516
-102.98207092285156
-104.46115112304688
-97.0626220703125
-103.71240997314453
-107.20792388916016
-105.11204528808594
-106.88259887695312
-99.89617919921875
-107.64005279541016
-101.37973022460938
-103.27780151367188
-103.61409759521484
-103.77581787109375
-105.94352722167969
-108.36788177490234
-103.75172424316406
-104.8624496459961
-103.78528594970703
-105.0328369140625
-104.10443115234375
-105.34492492675781
-94.6133804321289
-107.17005157470703
-107.3416748046875
-104.34396362304688
-108.12537384033203
-106.37791442871094
-101.00602722167969
-102.88719177246094
-98.27393341064453
-105.88811492919922
-94.51800537109375
-105.50372314453125
-100.29650115966797
-104.6274642944336
-101.14863586425781
-107.29558563232422
-103.50128173828125
-102.65933990478516
-98.60572814941406
-109.01737976074219
-106.11618041992188
-106.00975036621094
-101.75220489501953
-96.8245620727539
-107.2964096069336
-103.87940979003906
-98.96854400634766
-104.74800109863281
-103.83988952636719
-97.49354553222656
-107.55726623535156
-99.6108169555664
-103.90791320800781
-98.4394302368164
-100.14894104003906
-99.88103485107422
-104.06292724609375
-103.99080657958984
-101.99273681640625
-105.36933135986328
-105.97913360595703
-102.7346420288086
-103.82115936279297
-104.96971130371094
-101.4571304321289
-103.31670379638672
-104.8517074584961
-110.18087768554688
-106.44325256347656
-110.94133758544922
-99.14733123779297
-107.88021850585938
-105.70010375976562
-108.31094360351562
-109.18415069580078
-111.7948226928711
-105.3875961303711
-106.94956970214844
-100.16087341308594
-104.80001068115234
-105.50151062011719
-106.49658203125
-102.25535583496094
-100.40585327148438
-101.24932861328125
-105.83084869384766
-111.36263275146484
-110.08558654785156
-105.83328247070312
-104.57518005371094
-96.08443450927734
-106.06088256835938
-102.52677917480469
-97.32913208007812
-103.83412170410156
-104.1854019165039
-101.6113510131836
-106.66573333740234
-99.16340637207031
-104.22959899902344
-109.44591522216797
-102.54959869384766
-102.42900848388672
-98.47798919677734
-106.5869140625
-100.71792602539062
-104.22262573242188
-103.88993072509766
-105.19422149658203
-108.62037658691406
-100.58743286132812
-101.13094329833984
-105.79335021972656
-99.31036376953125
-103.6215591430664
-102.44890594482422
-107.14981079101562
-99.30914306640625
-102.76331329345703
-101.79959106445312
-103.61141967773438
-107.49174499511719
-99.03307342529297
-103.94725799560547
-106.60404205322266
-111.0556411743164
-99.00299835205078
-97.62676239013672
-107.58522033691406
-102.34942626953125
-104.14159393310547
-102.14859008789062
-109.7567138671875
-103.10930633544922
-105.87976837158203
-107.37168884277344
-101.27191925048828
-106.317138671875
-102.63115692138672
-99.8978500366211
-109.17713928222656
-103.8688735961914
-108.964599609375
-105.27928924560547
-107.69184875488281
-107.72314453125
-105.7979736328125
-106.5037841796875
-106.10885620117188
-111.91816711425781
-112.5519027709961
-107.31736755371094
-105.88885498046875
-106.45094299316406
-98.67791748046875
-107.81463623046875
-107.41116333007812
-106.33200073242188
-104.10636901855469
-107.14291381835938
-103.1734390258789
-104.49761962890625
-105.70975494384766
-104.64997863769531
-104.69717407226562
-103.25164031982422
-107.40737915039062
-101.58856964111328
-100.04025268554688
-108.34188079833984
-104.70137786865234
-100.79191589355469
-99.98699188232422
-103.58573913574219
-102.71794128417969
-106.21285247802734
-111.94964599609375
-102.74118041992188
-107.0701675415039
-108.58157348632812
-103.57469177246094
-104.53189849853516
-101.4733657836914
-101.36540222167969
-104.54549407958984
-105.05520629882812
-97.15511322021484
-99.41242980957031
-105.0328140258789
-101.61271667480469
-104.82543182373047
-104.25462341308594
-105.69746398925781
-99.73857879638672
-103.2281265258789
-106.12248229980469
-96.93559265136719
-102.61920166015625
-106.43733215332031
-98.63865661621094
-102.13316345214844
-103.89862823486328
-100.4615478515625
-99.999267578125
-106.9531478881836
-102.61741638183594
-106.54718017578125
-106.81039428710938
-106.3570327758789
-104.9015884399414
-99.30022430419922
-102.034423828125
-107.36408233642578
-105.48095703125
-105.99750518798828
-102.9882583618164
-107.60953521728516
-104.34586334228516
-101.69451141357422
-103.20738983154297
-104.1683120727539
-110.11917877197266
-104.85515594482422
-109.4149398803711
-100.53862762451172
-100.71245574951172
-108.42890167236328
-107.32488250732422
-104.20367431640625
-108.8947525024414
-105.18199920654297
-102.4745864868164
-104.58654022216797
-98.9632797241211
-104.18299102783203
-100.6369857788086
-107.85112762451172
-104.43276977539062
-104.10897827148438
-103.77586364746094
-110.40077209472656
-100.46165466308594
-101.51441955566406
-99.82257080078125
-106.62892150878906
-107.79792022705078
-101.46065521240234
-107.44172668457031
-105.25811767578125
-105.05294036865234
-101.34162902832031
-104.13705444335938
-107.84111785888672
-111.1804428100586
-109.22354888916016
-105.2940444946289
-105.00568389892578
-101.84464263916016
-108.47441101074219
-108.89109802246094
-105.4703140258789
-109.978515625
-102.81050109863281
-107.15202331542969
-100.2539291381836
-99.50627899169922
-103.6617202758789
-104.64832305908203
-110.95568084716797
-104.97379302978516
-105.45184326171875
-108.65923309326172
-108.16024017333984
-101.52581024169922
-105.884765625
-106.25513458251953
-108.65142059326172
-109.13948822021484
-105.4072265625
-105.9308090209961
-106.54177856445312
-104.94949340820312
-109.2862319946289
-104.85321044921875
-102.89669036865234
-106.0233383178711
-103.44804382324219
-106.76910400390625
-104.15937805175781
-104.85118865966797
-104.80335998535156
-99.07295227050781
-110.80717468261719
-106.4465103149414
-108.8846435546875
-102.35118865966797
-102.28759765625
-97.7994613647461
-103.52853393554688
-103.97709655761719
-101.43500518798828
-102.31096649169922
-100.43120574951172
-107.35061645507812
-104.88032531738281
-101.83667755126953
-105.19889831542969
-108.54717254638672
-104.06929016113281
-99.22065734863281
-100.76725006103516
-106.35409545898438
-101.17378234863281
-104.58142852783203
-101.58428955078125
-98.11880493164062
-110.09525299072266
-100.6463851928711
-102.62646484375
-105.41956329345703
-101.12014770507812
-104.90910339355469
-99.35202026367188
-101.69376373291016
-111.7161636352539
-101.47708892822266
-102.7016372680664
-105.89143371582031
-104.68661499023438
-112.02571105957031
-107.73074340820312
-107.09159851074219
-102.15990447998047
-98.59828186035156
-100.09334564208984
-109.92227172851562
-102.44969940185547
-100.40766143798828
-105.08580017089844
-105.70882415771484
-99.70112609863281
-101.63533020019531
-108.71964263916016
-100.40046691894531
-101.22440338134766
-105.01762390136719
-102.5604019165039
-100.1007308959961
-110.00314331054688
-101.02792358398438
-108.73626708984375
-99.34573364257812
-102.27540588378906
-100.18086242675781
-108.21550750732422
-102.66511535644531
-103.49120330810547
-103.38036346435547
-104.05538177490234
-106.4633560180664
-103.0039291381836
-108.44598388671875
-94.0423812866211
-104.73950958251953
-100.7414321899414
-105.41883087158203
-101.73094177246094
-100.67059326171875
-106.79531860351562
-101.31455993652344
-107.56301879882812
-102.33761596679688
-103.26396942138672
-112.06140899658203
-105.69570922851562
-107.98051452636719
-106.61406707763672
-108.6111831665039
-100.23706817626953
-106.88983154296875
-100.27301025390625
-112.0975570678711
-95.35469055175781
-104.38682556152344
-107.60796356201172
-108.86872863769531
-106.0211181640625
-98.86639404296875
-98.27630615234375
-106.489013671875
-102.4495849609375
-101.01237487792969
-104.84900665283203
-102.73993682861328
-100.42433166503906
-103.46757507324219
-108.5566635131836
-101.2528305053711
-102.33588409423828
-95.53048706054688
-101.82196807861328
-103.74531555175781
-98.20223999023438
-108.65589904785156
-101.24950408935547
-102.43818664550781
-98.76189422607422
-106.52574920654297
-108.43106842041016
-102.90328216552734
-101.73751831054688
-101.87765502929688
-108.10120391845703
-102.06961059570312
-104.81764221191406
-99.84628295898438
-101.30068969726562
-99.86209106445312
-101.20097351074219
-103.49395751953125
-104.12279510498047
-98.9210433959961
-101.11994171142578
-105.01731872558594
-102.11610412597656
-107.37493133544922
-103.20913696289062
-104.67684936523438
-105.61679077148438
-103.95272827148438
-106.90938568115234
-109.97949981689453
-101.5586929321289
-100.24459838867188
-100.1188735961914
-100.87931823730469
-102.4428482055664
-107.76078033447266
-101.87796020507812
-103.93928527832031
-101.52203369140625
-104.89387512207031
-104.54541778564453
-99.82626342773438
-103.09300231933594
-102.58815002441406
-109.40396118164062
-100.58926391601562
-101.49884796142578
-104.00538635253906
-105.21565246582031
-103.59943389892578
-109.00731658935547
-109.28255462646484
-99.88593292236328
-103.5740966796875
-105.38965606689453
-100.25531768798828
-105.52803802490234
-110.09065246582031
-103.15266418457031
-98.9730224609375
-106.54952239990234
-108.66484832763672
-99.77059173583984
-102.7228775024414
-100.88982391357422
-110.11817169189453
-108.6282958984375
-108.22806549072266
-99.4832992553711
-102.87830352783203
-102.9049072265625
-106.84928894042969
-105.14097595214844
-105.68254852294922
-106.10005950927734
-108.22547149658203
-101.6382064819336
-107.04637145996094
-103.25037384033203
-100.26593780517578
-104.11967468261719
-108.92770385742188
-110.2253189086914
-105.44628143310547
-101.79171752929688
-103.23008728027344
-108.05464935302734
-101.82537841796875
-99.2444076538086
-101.60274505615234
-109.19385528564453
-97.93849182128906
-105.02755737304688
-99.77301025390625
-112.28071594238281
-108.56758880615234
-103.6123046875
-107.40745544433594
-104.5077133178711
-105.75713348388672
-101.06002807617188
-104.54430389404297
-104.06723022460938
-102.28564453125
-98.19159698486328
-100.34727478027344
-98.82093811035156
-103.8597640991211
-103.115234375
-101.91084289550781
-106.03117370605469
-101.62409973144531
-104.17234802246094
-100.75714874267578
-99.78977966308594
-108.66297912597656
-106.9090805053711
-104.50778198242188
-104.847412109375
-106.82386779785156
-105.92171478271484
-101.78375244140625
-101.1994400024414
-103.46257019042969
-100.02637481689453
-106.54354858398438
-102.94926452636719
-98.13797760009766
-102.8426513671875
-100.75936889648438
-109.9542465209961
-107.94284057617188
-102.76873779296875
-102.9022216796875
-104.00405883789062
-100.45185089111328
-101.51481628417969
-102.82452392578125
-99.14008331298828
-101.41951751708984
-102.81322479248047
-99.19709777832031
-101.9252700805664
-109.01032257080078
-102.73417663574219
-103.26262664794922
-107.94427490234375
-104.94503784179688
-102.14363098144531
-109.33976745605469
-102.10992431640625
-99.69157409667969
-103.91520690917969
-107.31510162353516
-104.02908325195312
-100.11421203613281
-109.00508880615234
-106.32396697998047
-107.16439056396484
-110.02519989013672
-104.44972229003906
-103.30001068115234
-97.3544692993164
-100.91869354248047
-100.18415832519531
-100.23636627197266
-103.19806671142578
-104.55516052246094
-114.28437042236328
-105.35440063476562
-112.17272186279297
-109.20671081542969
-102.8136978149414
-101.57391357421875
-106.96398162841797
-100.18606567382812
-102.10711669921875
-107.89286041259766
-99.5568618774414
-106.9731216430664
-103.32846069335938
-97.54078674316406
-100.4254379272461
-108.2745361328125
-102.6031265258789
-101.28109741210938
-106.75733947753906
-106.22358703613281
-105.40624237060547
-100.35758972167969
-101.26791381835938
-108.03013610839844
-101.28922271728516
-98.21446990966797
-107.02204132080078
-107.07695770263672
-108.25135040283203
-105.68565368652344
-105.20568084716797
-102.6195297241211
-106.09036254882812
-106.22230529785156
-102.23594665527344
-102.47611236572266
-102.25727081298828
-104.5249252319336
-104.37763214111328
-99.32827758789062
-105.14610290527344
-95.77466583251953
-102.0203857421875
-104.22659301757812
-105.30974578857422
-104.2877426147461
-98.63973999023438
-103.73818969726562
-102.65899658203125
-99.21858978271484
-103.37828826904297
-112.23359680175781
-109.83052825927734
-102.42239379882812
-104.11276245117188
-104.83313751220703
-101.03317260742188
-107.30084228515625
-104.2973861694336
-100.70292663574219
-103.70698547363281
-103.81178283691406
-100.92668914794922
-104.52194213867188
-103.25376892089844
-103.11712646484375
-100.68563079833984
-102.52144622802734
-105.96871948242188
-109.79956817626953
-100.65591430664062
-102.42201232910156
-107.0655288696289
-105.05237579345703
-107.83502960205078
-101.13526153564453
-102.80447387695312
-110.03997802734375
-98.16996002197266
-102.06275939941406
-107.14393615722656
-102.58596801757812
-105.63742065429688
-106.1890640258789
-107.72872924804688
-99.86840057373047
-103.87248229980469
-104.60477447509766
-99.71401977539062
-103.18462371826172
-105.58258056640625
-101.3747787475586
-100.50595092773438
-107.95035552978516
-105.44754028320312
-102.68976593017578
-101.57777404785156
-101.97176361083984
-107.94488525390625
-104.16968536376953
-103.3563232421875
-101.57534790039062
-102.89080810546875
-99.96382141113281
-104.05540466308594
-103.60643005371094
-105.93536376953125
-101.71976470947266
-110.04374694824219
-100.91386413574219
-102.75312805175781
-98.66346740722656
-103.07357788085938
-99.96648406982422
-101.23162078857422
-103.68123626708984
-97.06243133544922
-105.27371978759766
-107.6209487915039
-103.90321350097656
-101.68821716308594
-109.84954833984375
-112.6326904296875
-99.87887573242188
-100.20741271972656
-107.21895599365234
-105.64976501464844
-98.91581726074219
-105.31419372558594
-102.22899627685547
-102.28738403320312
-102.689208984375
-102.51728820800781
-105.57546997070312
-103.87578582763672
-98.66923522949219
-102.7590103149414
-105.6989517211914
-97.27861785888672
-95.60015106201172
-100.81452941894531
-100.47891235351562
-104.50322723388672
-100.3156967163086
-104.68508911132812
-109.08140563964844
-104.70464324951172
-100.62095642089844
-104.45555877685547
-103.12481689453125
-105.69328308105469
-102.95765686035156
-109.34718322753906
-99.26931762695312
-102.275146484375
-103.66761779785156
-107.32112121582031
-103.25946807861328
-102.84548950195312
-104.32852935791016
-101.59883117675781
-107.95101928710938
-99.72051239013672
-101.53909301757812
-104.26222229003906
-102.77368927001953
-106.64588165283203
-104.48825073242188
-107.6678466796875
-103.91472625732422
-104.552001953125
-106.4217758178711
-103.43241119384766
-106.22804260253906
-105.79231262207031
-107.64861297607422
-102.80757904052734
-97.88285064697266
-98.84251403808594
-106.74384307861328
-109.97850036621094
-105.07059478759766
-97.82875061035156
-105.12382507324219
-106.3425064086914
-107.34968566894531
-105.90804290771484
-102.99079895019531
-101.16609954833984
-106.81574249267578
-102.31414794921875
-104.52448272705078
-103.99129486083984
-103.56681823730469
-101.24098205566406
-101.42781829833984
-97.62752532958984
-103.36341857910156
-105.1627197265625
-105.54122924804688
-104.70311737060547
-106.79243469238281
-101.16520690917969
-101.80552673339844
-105.72472381591797
-100.7960433959961
-106.61479187011719
-101.90887451171875
-104.04727935791016
-96.4971923828125
-100.95169067382812
-105.75863647460938
-102.71098327636719
-104.60295867919922
-105.97087097167969
-102.65906524658203
-104.87342071533203
-99.304931640625
-103.53434753417969
-103.30402374267578
-105.11161804199219
-108.6939926147461
-108.11402130126953
-102.60725402832031
-102.1925048828125
-101.89747619628906
-106.98918914794922
-97.67500305175781
-110.02383422851562
-103.33866882324219
-105.66439056396484
-102.3576431274414
-99.99052429199219
-102.3076171875
-103.22577667236328
-104.02678680419922
-108.74744415283203
-106.97000885009766
-104.13361358642578
-101.91512298583984
-108.55374145507812
-102.14733123779297
-107.13301849365234
-108.97162628173828
-105.54067993164062
-105.57546997070312
-107.85797119140625
-103.08234405517578
-107.02567291259766
-101.54219055175781
-104.67520904541016
-106.39109802246094
-107.65208435058594
-105.85398864746094
-108.0111312866211
-105.17688751220703
-103.4542007446289
-105.14982604980469
-103.52336120605469
-101.28337097167969
-109.06245422363281
-100.87954711914062
-106.27909851074219
-104.19876861572266
-98.94087219238281
-105.63814544677734
-105.30996704101562
-103.16886138916016
-101.70285034179688
-107.25125885009766
-105.56370544433594
-105.57159423828125
-111.12003326416016
-97.9198989868164
-105.21849822998047
-97.55084228515625
-107.44546508789062
-98.22451782226562
-100.27510070800781
-104.72840881347656
-106.71463775634766
-106.65744018554688
-104.60105895996094
-101.53153991699219
-105.05319213867188
-106.72338104248047
-106.75386810302734
