-99.09481048583984
-108.76678466796875
-102.14836883544922
-105.07438659667969
-106.35220336914062
-104.72421264648438
-99.05823516845703
-93.97176361083984
-106.3446273803711
-98.13472747802734
-103.91439056396484
-101.33747863769531
-106.97007751464844
-104.4779281616211
-100.44874572753906
-98.82939147949219
-98.92838287353516
-106.74488067626953
-104.20208740234375
-98.30083465576172
-103.13960266113281
-99.66521453857422
-102.053955078125
-104.0641098022461
-105.74923706054688
-107.0153579711914
-97.2081298828125
-105.9654312133789
-97.7081069946289
-100.34305572509766
-103.8392105102539
-111.04434204101562
-106.7369155883789
-107.91575622558594
-106.489013671875
-98.95609283447266
-98.94633483886719
-102.55009460449219
-103.19953918457031
-100.62431335449219
-96.86737060546875
-95.99879455566406
-103.61312866210938
-101.20629119873047
-99.64852905273438
-105.939697265625
-102.22084045410156
-102.37808990478516
-101.32991790771484
-101.0018081665039
-99.54975128173828
-101.27792358398438
-100.19037628173828
-110.14292907714844
-106.3864974975586
-102.84912872314453
-104.51909637451172
-99.40833282470703
-94.67018127441406
-107.96896362304688
-104.13333892822266
-105.59923553466797
-98.15754699707031
-102.52933502197266
-101.8536376953125
-96.47034454345703
-101.4794921875
-104.37120819091797
-101.44405364990234
-98.9124755859375
-102.58207702636719
-98.3261947631836
-98.54051208496094
-106.60014343261719
-102.02754974365234
-104.12416076660156
-99.38851928710938
-104.53934478759766
-101.73027038574219
-103.28286743164062
-99.7175521850586
-101.4854965209961
-95.34204864501953
-101.86061096191406
-105.5969009399414
-103.2870101928711
-104.60090637207031
-98.04702758789062
-105.67386627197266
-99.37913513183594
-100.45292663574219
-101.72325134277344
-102.0594253540039
-103.16407775878906
-106.31610107421875
-101.8749008178711
-103.5727767944336
-100.99890899658203
-101.95596313476562
-102.37184143066406
-102.10076141357422
-93.56993865966797
-105.28641510009766
-104.80905151367188
-101.79119873046875
-105.9201431274414
-103.6445083618164
-98.19754028320312
-101.30540466308594
-96.64364624023438
-104.28738403320312
-93.98159790039062
-102.36467742919922
-97.69071197509766
-101.29100036621094
-99.92427825927734
-103.71712493896484
-100.63348388671875
-99.99292755126953
-95.53900146484375
-105.82608032226562
-103.19022369384766
-102.6989517211914
-99.09854888916016
-94.248291015625
-104.39029693603516
-102.0738525390625
-97.32659149169922
-102.65257263183594
-101.89479064941406
-96.07202911376953
-104.4992446899414
-96.86753845214844
-102.551513671875
-95.69622039794922
-96.86046600341797
-97.46704864501953
-101.84268951416016
-102.62186431884766
-99.24395751953125
-102.70280456542969
-102.83685302734375
-100.69801330566406
-100.64668273925781
-101.74272155761719
-99.80743408203125
-101.72216796875
-100.80127716064453
-106.21641540527344
-105.01213836669922
-107.95980072021484
-97.3682632446289
-104.52330017089844
-102.9465103149414
-106.25617218017578
-106.51628112792969
-108.64442443847656
-101.7200698852539
-104.59523010253906
-98.45071411132812
-101.75017547607422
-102.06766510009766
-103.63187408447266
-100.16604614257812
-98.10388946533203
-98.02061462402344
-103.44520568847656
-107.68518829345703
-108.06273651123047
-102.78634643554688
-100.77104949951172
-93.57977294921875
-102.608154296875
-101.37899780273438
-95.87385559082031
-100.24931335449219
-101.08096313476562
-99.9975814819336
-103.23645782470703
-97.34339141845703
-102.42472839355469
-105.98539733886719
-99.58282470703125
-100.7076187133789
-96.48517608642578
-103.74724578857422
-97.7868881225586
-102.42874908447266
-101.59567260742188
-102.63737487792969
-105.77017974853516
-99.1534194946289
-98.69669342041016
-101.79251098632812
-98.35482788085938
-101.29529571533203
-101.01263427734375
-104.17586517333984
-98.95489501953125
-100.79032135009766
-99.13671112060547
-101.21023559570312
-104.53118896484375
-96.25727081298828
-100.77962493896484
-104.74915313720703
-107.2226791381836
-96.1432876586914
-95.85485076904297
-104.79139709472656
-100.40946960449219
-101.41012573242188
-98.86959838867188
-106.84410095214844
-100.65580749511719
-103.84130859375
-105.677490234375
-100.27632904052734
-104.03689575195312
-100.62086486816406
-99.01404571533203
-106.47290802001953
-100.80362701416016
-106.66963958740234
-104.05073547363281
-105.11294555664062
-104.64481353759766
-104.10240173339844
-105.00273132324219
-103.81774139404297
-110.14154052734375
-108.89424133300781
-104.20314025878906
-103.31675720214844
-104.20152282714844
-96.78138732910156
-104.76594543457031
-104.87847900390625
-103.9476547241211
-101.76847076416016
-105.20123291015625
-100.49463653564453
-102.22799682617188
-102.71963500976562
-103.04136657714844
-103.01175689697266
-101.8309097290039
-104.07864379882812
-99.71376037597656
-98.34940338134766
-106.51564025878906
-101.96318817138672
-98.58055114746094
-96.997314453125
-101.0300521850586
-100.31744384765625
-103.83157348632812
-110.53688049316406
-100.70152282714844
-103.0659408569336
-105.61778259277344
-100.93824768066406
-102.2547607421875
-99.1277084350586
-99.87413024902344
-102.98304748535156
-102.9827880859375
-94.82886505126953
-98.22312927246094
-103.78352355957031
-99.5808334350586
-101.75106811523438
-101.96456909179688
-102.79326629638672
-96.35848236083984
-101.32952117919922
-103.27269744873047
-94.7933578491211
-99.9544448852539
-104.1015625
-95.55137634277344
-99.93153381347656
-101.16210174560547
-98.68505859375
-98.76432800292969
-104.73279571533203
-100.22193145751953
-104.05609893798828
-103.91175842285156
-103.55294799804688
-102.21055603027344
-97.60630798339844
-99.27375030517578
-104.92149353027344
-104.21797943115234
-103.25855255126953
-100.64826202392578
-105.02417755126953
-102.90707397460938
-99.25962829589844
-100.88133239746094
-100.79934692382812
-106.6038818359375
-102.9250717163086
-106.68345642089844
-99.56883239746094
-97.6610336303711
-105.33182525634766
-103.92074584960938
-103.34013366699219
-105.02970123291016
-102.4708251953125
-99.27857971191406
-101.57575225830078
-96.79341888427734
-101.82318115234375
-98.95956420898438
-103.51448822021484
-103.03192901611328
-102.92240905761719
-102.53775787353516
-107.46002197265625
-99.16320037841797
-97.95944213867188
-96.8215560913086
-102.90337371826172
-105.5630874633789
-98.91730499267578
-105.20747375488281
-103.16358947753906
-101.67377471923828
-99.81526184082031
-100.6430892944336
-104.58448791503906
-108.46370697021484
-107.13150787353516
-102.2290267944336
-102.10545349121094
-98.50377655029297
-105.10176086425781
-106.50456237792969
-103.45442962646484
-107.87985229492188
-100.27137756347656
-104.89988708496094
-98.99773406982422
-97.24665832519531
-101.01860809326172
-102.68504333496094
-108.52330780029297
-102.40743255615234
-102.30083465576172
-104.702880859375
-105.42578125
-100.50102233886719
-104.19763946533203
-103.79700469970703
-107.68810272216797
-107.8376235961914
-102.8051528930664
-104.04801177978516
-104.75924682617188
-102.83100891113281
-107.24223327636719
-101.38044738769531
-100.93513488769531
-103.10662078857422
-100.55604553222656
-104.4543228149414
-101.47087097167969
-100.98757934570312
-103.0079116821289
-97.30908203125
-107.97793579101562
-104.2022933959961
-105.87566375732422
-99.61083221435547
-100.7227554321289
-95.73603057861328
-100.85783386230469
-101.81037902832031
-99.32938385009766
-98.98934936523438
-98.80792999267578
-106.56985473632812
-102.32006072998047
-99.429931640625
-103.6991958618164
-105.83113861083984
-101.47235870361328
-98.4422836303711
-98.49148559570312
-102.77973175048828
-99.02300262451172
-101.37493133544922
-98.85418701171875
-96.17201232910156
-106.21906280517578
-97.97406768798828
-100.54776000976562
-103.18990325927734
-98.53826904296875
-102.02974700927734
-97.7790298461914
-98.8055191040039
-108.86573791503906
-98.9902114868164
-100.59603118896484
-103.27526092529297
-103.03843688964844
-110.12906646728516
-104.26296997070312
-105.57460021972656
-100.1791000366211
-97.30931091308594
-96.80329895019531
-106.95492553710938
-100.43844604492188
-97.66462707519531
-102.18070983886719
-103.40892791748047
-95.63905334472656
-100.99532318115234
-106.28223419189453
-97.60318756103516
-99.01242065429688
-102.49395751953125
-98.50605773925781
-97.4109115600586
-107.90239715576172
-100.0551528930664
-106.87212371826172
-97.31147003173828
-99.26982116699219
-97.50494384765625
-105.12249755859375
-101.10922241210938
-101.15970611572266
-100.99449157714844
-101.33174133300781
-103.75678253173828
-100.626708984375
-106.67987823486328
-92.06615447998047
-101.80834197998047
-97.77401733398438
-103.3309326171875
-98.5634536743164
-97.40386962890625
-104.84759521484375
-100.44498443603516
-104.58251953125
-99.27598571777344
-101.44316864013672
-110.00865173339844
-102.64736938476562
-105.50411224365234
-104.06159973144531
-106.35295867919922
-97.99707794189453
-104.366943359375
-97.96308898925781
-109.59492492675781
-93.91596221923828
-101.43492889404297
-105.76451110839844
-106.12225341796875
-103.24859619140625
-96.77149200439453
-96.08162689208984
-103.89079284667969
-99.06814575195312
-99.91539001464844
-101.87894439697266
-101.2125015258789
-99.36273956298828
-100.34793853759766
-106.9250259399414
-98.550537109375
-99.04911041259766
-92.5115966796875
-99.70647430419922
-100.8790283203125
-95.69788360595703
-106.13421630859375
-99.46617889404297
-100.27255249023438
-95.58948516845703
-104.41419219970703
-105.34251403808594
-100.66888427734375
-98.93197631835938
-99.83143615722656
-105.4043960571289
-100.38219451904297
-103.09619140625
-98.19824981689453
-99.53189086914062
-97.4516830444336
-100.9883041381836
-102.05672454833984
-101.34077453613281
-97.2329330444336
-99.03860473632812
-103.25691986083984
-100.33980560302734
-104.906494140625
-101.32012939453125
-102.48013305664062
-103.65343475341797
-102.2001953125
-104.15387725830078
-107.87809753417969
-98.81465148925781
-98.1092758178711
-97.93199920654297
-98.90721130371094
-100.54212951660156
-107.0990219116211
-99.57230377197266
-102.10423278808594
-98.87181854248047
-101.56043243408203
-102.45535278320312
-98.74758911132812
-101.21105194091797
-101.18404388427734
-107.27494049072266
-99.68932342529297
-100.06884765625
-101.60916137695312
-102.66886138916016
-101.59305572509766
-107.13751220703125
-106.73155975341797
-98.0024185180664
-101.8235855102539
-102.84111785888672
-98.21865844726562
-103.0567855834961
-108.0136947631836
-100.55374145507812
-97.31246948242188
-104.4792709350586
-105.35697174072266
-98.43798828125
-101.93250274658203
-97.83758544921875
-107.43313598632812
-104.03258514404297
-106.28689575195312
-96.72596740722656
-100.85307312011719
-100.23096466064453
-104.39611053466797
-102.70838165283203
-104.37480163574219
-104.89753723144531
-105.02677154541016
-100.27577209472656
-104.52476501464844
-102.1393814086914
-98.01468658447266
-102.48429107666016
-105.99628448486328
-107.4698486328125
-103.05278015136719
-100.14226531982422
-101.47026824951172
-105.05120849609375
-98.8985824584961
-96.35388946533203
-98.62793731689453
-105.79034423828125
-95.37987518310547
-102.9666519165039
-97.58504486083984
-109.24146270751953
-106.71467590332031
-100.56669616699219
-105.07103729248047
-102.52162170410156
-104.57862091064453
-99.51092529296875
-102.46688079833984
-101.70904541015625
-100.2247543334961
-95.9756088256836
-97.44226837158203
-97.03559875488281
-101.34951782226562
-100.58534240722656
-99.69786834716797
-103.60377502441406
-99.04829406738281
-101.75849914550781
-98.13986206054688
-97.87962341308594
-105.36495208740234
-105.5721664428711
-101.71709442138672
-101.93318939208984
-104.47786712646484
-104.21155548095703
-99.62749481201172
-99.41048431396484
-101.2034912109375
-98.66909790039062
-103.83859252929688
-100.66361999511719
-96.90828704833984
-101.31840515136719
-98.22245025634766
-107.43192291259766
-105.66720581054688
-101.54605102539062
-100.20297241210938
-101.27010345458984
-98.0718002319336
-99.69188690185547
-101.12459564208984
-96.45996856689453
-98.80549621582031
-100.95896911621094
-97.57746887207031
-100.89466094970703
-106.84950256347656
-101.50041198730469
-101.27082061767578
-105.2805404663086
-103.48811340332031
-101.70217895507812
-107.03790283203125
-99.48617553710938
-97.20612335205078
-103.12194061279297
-104.50077056884766
-101.40133666992188
-98.15399932861328
-107.7544937133789
-102.77025604248047
-104.93318176269531
-107.56880187988281
-102.28501892089844
-99.53661346435547
-95.3283920288086
-98.93505859375
-98.33906555175781
-97.60033416748047
-101.59285736083984
-101.83268737792969
-112.15189361572266
-102.3307113647461
-108.7552719116211
-107.01431274414062
-100.48294830322266
-99.2018814086914
-104.47177124023438
-99.50780487060547
-99.19680786132812
-106.41142272949219
-97.30516815185547
-104.87056732177734
-101.92506408691406
-94.57137298583984
-99.19461822509766
-106.04488372802734
-100.47283172607422
-99.62914276123047
-104.67467498779297
-105.04756927490234
-103.60202026367188
-97.89846801757812
-98.79295349121094
-104.714111328125
-97.67459869384766
-97.03137969970703
-105.46370697021484
-103.78807830810547
-104.54469299316406
-104.1402816772461
-102.53749084472656
-99.39098358154297
-103.62257385253906
-103.92544555664062
-100.09442138671875
-98.85684204101562
-98.91065216064453
-102.85198211669922
-102.29618072509766
-98.21057891845703
-102.36001586914062
-94.19560241699219
-100.00822448730469
-101.39842987060547
-102.8733901977539
-102.44660186767578
-97.0614242553711
-101.0900650024414
-100.42290496826172
-96.88421630859375
-102.52877044677734
-110.17291259765625
-106.27589416503906
-101.30011749267578
-102.18709564208984
-103.89756774902344
-99.09420013427734
-104.71501159667969
-101.41043090820312
-98.73883819580078
-100.13098907470703
-101.37041473388672
-98.51730346679688
-102.04811096191406
-101.97149658203125
-101.38107299804688
-98.98219299316406
-101.71089172363281
-104.37294006347656
-107.1788330078125
-98.45185089111328
-101.0684585571289
-105.72761535644531
-101.66326904296875
-106.748291015625
-98.56240844726562
-100.85246276855469
-107.94456481933594
-98.10942077636719
-99.9364242553711
-105.38103485107422
-101.02360534667969
-102.6410140991211
-104.42009735107422
-105.26168060302734
-97.17916870117188
-101.90935516357422
-102.8251953125
-97.00203704833984
-102.3943099975586
-103.186767578125
-98.24114990234375
-98.3952407836914
-105.73400115966797
-102.49515533447266
-100.5797348022461
-98.96588134765625
-100.59223937988281
-104.87199401855469
-101.57308197021484
-100.62985229492188
-99.33338165283203
-100.49983978271484
-97.12234497070312
-101.31217193603516
-101.61080932617188
-103.92704010009766
-99.2607421875
-107.12836456298828
-98.57357025146484
-100.73771667480469
-96.09571075439453
-99.89058685302734
-98.70904541015625
-99.39675903320312
-101.2994155883789
-93.44905090332031
-103.69558715820312
-104.919921875
-102.13483428955078
-99.81549072265625
-106.35015869140625
-110.67176055908203
-98.72884368896484
-98.48086547851562
-104.45693969726562
-103.96187591552734
-96.53785705566406
-103.3322982788086
-100.13297271728516
-100.48332977294922
-99.82012176513672
-100.27684783935547
-102.85284423828125
-102.07459259033203
-96.09231567382812
-99.94924926757812
-103.7126693725586
-95.73558044433594
-94.14290618896484
-98.89566040039062
-98.80181121826172
-102.15792846679688
-99.78789520263672
-102.63262176513672
-107.10260009765625
-101.68302917480469
-98.18801879882812
-101.97982788085938
-101.34957122802734
-104.01000213623047
-100.54401397705078
-107.93682098388672
-97.27481079101562
-100.73295593261719
-100.17365264892578
-104.80170440673828
-100.49296569824219
-99.86479187011719
-101.195068359375
-100.39315795898438
-105.88424682617188
-97.87220001220703
-100.37952423095703
-102.85306549072266
-101.16973114013672
-103.92025756835938
-101.88983917236328
-105.68218994140625
-101.02992248535156
-101.86601257324219
-104.5440673828125
-100.60054779052734
-102.73138427734375
-103.6573257446289
-104.94326782226562
-101.58065795898438
-97.11953735351562
-96.71707153320312
-104.0963134765625
-106.51786804199219
-102.41378784179688
-94.90589141845703
-102.77672576904297
-104.70844268798828
-104.39955139160156
-103.53998565673828
-101.12687683105469
-99.68240356445312
-104.11654663085938
-100.0875473022461
-103.63774108886719
-101.53264617919922
-102.01927185058594
-98.27410888671875
-98.68785095214844
-95.16934967041016
-102.03041076660156
-102.70486450195312
-103.34329223632812
-102.26155853271484
-103.77447509765625
-98.24813079833984
-99.61846923828125
-103.13906860351562
-99.14920043945312
-104.0279769897461
-99.74069213867188
-102.45536041259766
-94.09184265136719
-100.2989730834961
-103.50486755371094
-100.79521179199219
-102.76225280761719
-104.6908950805664
-100.20137786865234
-100.88488006591797
-98.38964080810547
-101.60098266601562
-101.10346221923828
-102.07069396972656
-106.04268646240234
-105.43844604492188
-100.30201721191406
-100.35954284667969
-100.318115234375
-106.45186614990234
-96.0684814453125
-106.91596984863281
-101.10009765625
-102.70231628417969
-99.71435546875
-98.17045593261719
-101.86710357666016
-101.39375305175781
-102.1349105834961
-105.47916412353516
-104.65996551513672
-101.32505798339844
-98.8985595703125
-106.71392059326172
-99.31743621826172
-105.2774429321289
-106.63662719726562
-103.52630615234375
-103.25608825683594
-104.85427856445312
-100.61637878417969
-103.85694122314453
-98.75703430175781
-100.89622497558594
-104.10518646240234
-104.82131958007812
-104.12474060058594
-105.19914245605469
-103.07730865478516
-101.76937103271484
-104.05587005615234
-101.67991638183594
-98.52489471435547
-105.83614349365234
-98.31417846679688
-104.39012908935547
-102.44762420654297
-96.9693832397461
-104.16150665283203
-103.07669067382812
-100.68898010253906
-99.23170471191406
-104.27938842773438
-103.50469970703125
-102.88378143310547
-108.65233612060547
-95.55010986328125
-102.98123168945312
-96.85938262939453
-104.7564926147461
-96.33792877197266
-98.37493896484375
-103.71432495117188
-103.71084594726562
-103.6466293334961
-102.25589752197266
-99.53197479248047
-101.86186218261719
-104.0550308227539
-104.7417221069336
