-118.10861206054688
-127.27976989746094
-118.1347427368164
-122.14512634277344
-125.99890899658203
-121.7659683227539
-117.9971694946289
-110.04447174072266
-123.98434448242188
-114.58077239990234
-124.09353637695312
-119.54107666015625
-126.75825500488281
-122.02597045898438
-118.83466339111328
-113.51886749267578
-115.6715316772461
-124.31381225585938
-121.0538330078125
-112.8447036743164
-120.95330047607422
-116.76395416259766
-119.05583953857422
-119.85511016845703
-124.75778198242188
-125.58613586425781
-113.3912353515625
-125.83843231201172
-115.10935974121094
-115.97737121582031
-122.5645980834961
-129.83074951171875
-125.6485595703125
-127.15692138671875
-123.66506958007812
-116.44898986816406
-115.791259765625
-119.54713439941406
-120.95899963378906
-117.25192260742188
-113.46187591552734
-113.67617797851562
-123.3359603881836
-117.9207534790039
-116.7781753540039
-124.16876220703125
-120.08037567138672
-118.85505676269531
-119.8990707397461
-119.7745132446289
-116.13772583007812
-117.73696899414062
-116.9994125366211
-128.30494689941406
-123.20968627929688
-120.2552261352539
-123.61601257324219
-114.70440673828125
-110.96542358398438
-127.3216552734375
-119.11652374267578
-122.14177703857422
-114.49147033691406
-118.79668426513672
-120.62886047363281
-113.35514831542969
-119.0269546508789
-121.93310546875
-120.14893341064453
-115.71499633789062
-116.97649383544922
-113.77790832519531
-114.83868408203125
-127.16693115234375
-118.17900848388672
-123.40631103515625
-115.20597839355469
-122.7715835571289
-117.00321197509766
-121.99520111083984
-116.44133758544922
-119.94152069091797
-111.68862915039062
-118.27070617675781
-121.2374038696289
-117.90223693847656
-121.67066192626953
-111.97845458984375
-120.15863037109375
-114.40430450439453
-117.6799087524414
-117.5599594116211
-118.12820434570312
-120.28279876708984
-123.26146697998047
-116.76692962646484
-119.45701599121094
-117.90187072753906
-117.42875671386719
-116.69805145263672
-120.52186584472656
-108.65679168701172
-120.96148681640625
-123.3524169921875
-116.82637786865234
-123.83438110351562
-121.37825012207031
-113.73458862304688
-118.71434783935547
-110.6863784790039
-118.8438949584961
-106.87419891357422
-119.60958099365234
-112.25237274169922
-115.53532409667969
-114.58985900878906
-119.78946685791016
-115.44353485107422
-117.01969909667969
-111.28524017333984
-123.69863891601562
-118.90565490722656
-119.88445281982422
-116.74312591552734
-108.96766662597656
-121.77394104003906
-117.20758056640625
-111.1667709350586
-117.62950897216797
-116.91548156738281
-111.57271575927734
-121.11272430419922
-110.69255065917969
-119.82937622070312
-111.81851959228516
-115.67323303222656
-113.88911437988281
-118.88225555419922
-118.04716491699219
-114.17308044433594
-120.1871109008789
-119.57608795166016
-112.79353332519531
-117.8420639038086
-117.34932708740234
-114.83360290527344
-118.98471069335938
-118.64598083496094
-120.959228515625
-118.91194915771484
-126.46094512939453
-111.92489624023438
-121.52031707763672
-119.63700866699219
-123.09272003173828
-122.87002563476562
-125.44784545898438
-119.96956634521484
-120.87786865234375
-112.32471466064453
-116.54222106933594
-117.2003173828125
-120.284423828125
-115.50823211669922
-112.34396362304688
-116.46586608886719
-119.69611358642578
-124.32640075683594
-125.31930541992188
-118.90471649169922
-116.94418334960938
-107.93603515625
-121.81649780273438
-117.75833129882812
-110.45622253417969
-117.33472442626953
-116.04649353027344
-114.23432922363281
-119.34810638427734
-111.2094497680664
-115.99079132080078
-123.3510513305664
-116.05023956298828
-114.79773712158203
-110.74674224853516
-120.67121124267578
-113.87934112548828
-118.40558624267578
-117.5028076171875
-117.9926528930664
-122.2918472290039
-112.7517318725586
-112.47943878173828
-117.0152587890625
-112.21800231933594
-117.74362182617188
-113.7107162475586
-120.0181655883789
-113.37760162353516
-115.62057495117188
-113.994873046875
-114.97869110107422
-119.6473388671875
-110.5986557006836
-116.81959533691406
-120.49726104736328
-123.71520233154297
-111.65943908691406
-109.16059112548828
-121.68858337402344
-114.13484191894531
-115.17718505859375
-115.3340835571289
-124.76673126220703
-116.9212646484375
-117.2441177368164
-119.932373046875
-113.73665618896484
-120.17230224609375
-114.96043395996094
-110.95254516601562
-121.24917602539062
-113.67554473876953
-122.89872741699219
-120.33405303955078
-119.26734161376953
-119.32600402832031
-118.66339874267578
-118.55797576904297
-119.65373992919922
-126.63336944580078
-124.61215209960938
-118.83943176269531
-116.440673828125
-118.73027801513672
-110.84526824951172
-121.23294830322266
-118.93907165527344
-120.84940338134766
-116.08019256591797
-120.29774475097656
-115.71281433105469
-115.91064453125
-119.48080444335938
-117.85521697998047
-115.66513061523438
-116.8075180053711
-117.88599395751953
-114.70295715332031
-113.22892761230469
-120.27454376220703
-117.40929412841797
-113.2147445678711
-109.80599975585938
-113.71549224853516
-116.10620880126953
-117.09359741210938
-125.64372253417969
-114.51436614990234
-120.11416625976562
-121.9378662109375
-114.16348266601562
-117.2336196899414
-112.36126708984375
-112.9991455078125
-117.43305206298828
-117.99358367919922
-109.71165466308594
-111.38260650634766
-117.45885467529297
-113.87098693847656
-117.32330322265625
-115.0008544921875
-117.98406982421875
-110.830078125
-115.64766693115234
-117.48959350585938
-107.97989654541016
-115.3847885131836
-119.43163299560547
-109.52242279052734
-113.36109924316406
-117.13732147216797
-112.1989517211914
-110.96000671386719
-119.76782989501953
-114.17947387695312
-118.02922821044922
-118.02108764648438
-117.78765869140625
-117.6323471069336
-111.91368865966797
-113.91558074951172
-117.9618911743164
-117.45897674560547
-117.88441467285156
-114.9565658569336
-118.30939483642578
-116.83313751220703
-113.33401489257812
-114.8955078125
-116.00102996826172
-121.07350158691406
-116.54261016845703
-120.85060119628906
-112.14054870605469
-112.59909057617188
-119.94424438476562
-117.9227523803711
-117.53704071044922
-119.4408950805664
-115.14891815185547
-115.0329360961914
-116.40757751464844
-109.6551513671875
-114.60002899169922
-112.18489074707031
-119.98107147216797
-116.1178970336914
-113.81227111816406
-113.82041931152344
-122.64129638671875
-110.06917572021484
-110.37859344482422
-110.82696533203125
-119.50482940673828
-121.82633972167969
-110.79476928710938
-121.30054473876953
-118.02214813232422
-116.6705322265625
-112.16642761230469
-114.51860046386719
-116.93677520751953
-122.41803741455078
-120.7577133178711
-116.4402084350586
-115.69216918945312
-111.20333099365234
-119.58009338378906
-121.44969177246094
-116.76053619384766
-120.1738052368164
-113.24919891357422
-119.03267669677734
-112.5348129272461
-111.7439956665039
-114.5312728881836
-114.38868713378906
-122.20600128173828
-116.02996826171875
-118.39105987548828
-120.0936279296875
-119.76579284667969
-112.9027328491211
-119.15962982177734
-116.6896743774414
-122.41077423095703
-122.76883697509766
-117.71537780761719
-119.11627197265625
-118.2432861328125
-116.33180236816406
-122.02848052978516
-115.80978393554688
-113.75359344482422
-118.7303466796875
-113.32081604003906
-119.13212585449219
-116.1378173828125
-115.56663513183594
-116.11396789550781
-109.21918487548828
-122.92086029052734
-116.66252899169922
-120.48406982421875
-112.23007202148438
-111.80464172363281
-107.727783203125
-114.18792724609375
-116.4155502319336
-111.46599578857422
-113.0716552734375
-111.52601623535156
-118.80229187011719
-116.28018188476562
-112.72911071777344
-118.18910217285156
-119.18932342529297
-115.19099426269531
-110.04765319824219
-110.5455551147461
-115.90478515625
-112.58917236328125
-115.19048309326172
-111.49726867675781
-106.5638656616211
-121.36651611328125
-109.88835144042969
-113.82982635498047
-115.20933532714844
-110.01634216308594
-116.263671875
-108.05413055419922
-111.81898498535156
-121.74717712402344
-110.25129699707031
-111.58750915527344
-116.83982849121094
-116.05480194091797
-122.74290466308594
-117.16439056396484
-118.08016967773438
-111.4483642578125
-109.62500762939453
-108.83555603027344
-122.29790496826172
-112.5736312866211
-109.2684097290039
-115.50033569335938
-117.14879608154297
-107.7734603881836
-113.35223388671875
-119.87168884277344
-109.3877944946289
-112.20069122314453
-116.24626159667969
-112.00012969970703
-110.63114166259766
-120.53593444824219
-111.0343017578125
-121.82703399658203
-109.04032135009766
-111.25788116455078
-108.86192321777344
-118.16294860839844
-113.41366577148438
-113.2886734008789
-115.21709442138672
-114.55999755859375
-116.54027557373047
-111.61286926269531
-117.62408447265625
-102.85590362548828
-114.56594848632812
-110.23233032226562
-114.35799407958984
-112.20057678222656
-110.18878173828125
-116.65917205810547
-112.25144958496094
-117.7811279296875
-112.62678527832031
-113.42140197753906
-121.05329132080078
-115.2737808227539
-119.08441162109375
-115.81645965576172
-118.72451782226562
-108.3292465209961
-115.42743682861328
-110.18740844726562
-122.53408813476562
-105.5618896484375
-115.57188415527344
-117.55287170410156
-120.63732147216797
-115.95162200927734
-109.71326446533203
-106.41581726074219
-115.09222412109375
-111.23369598388672
-108.93003845214844
-114.37156677246094
-111.34856414794922
-110.74051666259766
-113.12371063232422
-119.32588195800781
-110.91380310058594
-112.68370056152344
-102.82179260253906
-111.72601318359375
-113.47903442382812
-107.58145141601562
-119.20718383789062
-110.41004180908203
-111.7662124633789
-107.42703247070312
-116.47090148925781
-117.85885620117188
-112.98660278320312
-111.4642333984375
-110.41117858886719
-118.2940902709961
-110.61958312988281
-115.61866760253906
-108.45370483398438
-111.52686309814453
-107.25321960449219
-111.30159759521484
-111.72625732421875
-113.76895904541016
-109.01228332519531
-108.78671264648438
-115.28797149658203
-112.31578826904297
-115.98065185546875
-110.32904052734375
-115.30450439453125
-115.45551300048828
-114.25941467285156
-116.85121154785156
-119.63890838623047
-109.04239654541016
-109.49140930175781
-109.06205749511719
-109.69929504394531
-110.37836456298828
-117.26969146728516
-111.58594512939453
-113.63114166259766
-110.50809478759766
-113.65738677978516
-114.50160217285156
-110.40838623046875
-113.50122833251953
-112.76583862304688
-119.70890808105469
-110.78266906738281
-109.64845275878906
-113.4439468383789
-116.39676666259766
-113.52798461914062
-121.05403137207031
-118.167724609375
-108.81781005859375
-115.71160125732422
-113.08924865722656
-111.60387420654297
-114.6279525756836
-119.14788818359375
-113.95658874511719
-106.7168960571289
-116.88404083251953
-117.68515014648438
-108.7123794555664
-113.31218719482422
-109.94007873535156
-118.70394134521484
-117.4490966796875
-117.38549041748047
-108.09141540527344
-113.07184600830078
-111.43987274169922
-115.55404663085938
-114.72518157958984
-113.93330383300781
-116.00853729248047
-116.44074249267578
-113.25720977783203
-116.21593475341797
-113.70235443115234
-109.52853393554688
-114.57861328125
-120.79019165039062
-119.50701141357422
-113.51708221435547
-110.50684356689453
-111.91381072998047
-117.13226318359375
-111.03163146972656
-106.96065521240234
-110.70133209228516
-118.96239471435547
-105.14018249511719
-116.50333404541016
-108.39350128173828
-122.87806701660156
-117.86886596679688
-113.11287689208984
-116.95902252197266
-114.81775665283203
-115.4081802368164
-110.53724670410156
-113.22166442871094
-115.49851989746094
-110.9247817993164
-105.55194854736328
-109.62777709960938
-107.2131118774414
-113.06156921386719
-113.14545440673828
-112.01025390625
-115.01588439941406
-110.80926513671875
-113.56248474121094
-108.74559783935547
-107.94410705566406
-119.18730163574219
-115.94718170166016
-112.42256164550781
-113.35797119140625
-116.84939575195312
-115.07061767578125
-110.04866027832031
-110.2800521850586
-111.9778823852539
-109.1404800415039
-115.5409164428711
-111.18975830078125
-106.53687286376953
-111.81564331054688
-112.11959838867188
-120.67522430419922
-117.72474670410156
-112.73774719238281
-111.7039566040039
-112.80787658691406
-108.94001007080078
-111.21463012695312
-112.38236999511719
-108.54602813720703
-110.39508819580078
-111.9900131225586
-107.2380599975586
-112.0615463256836
-117.72348022460938
-112.32843780517578
-112.21516418457031
-117.69190979003906
-115.20220184326172
-112.47818756103516
-117.3532485961914
-110.67206573486328
-108.35209655761719
-113.30098724365234
-115.39569854736328
-111.86141204833984
-107.02706146240234
-117.84994506835938
-115.56141662597656
-116.9079818725586
-118.82599639892578
-113.12639617919922
-111.30348205566406
-105.26054382324219
-110.86394500732422
-108.95789337158203
-108.27198028564453
-112.54285430908203
-111.0771255493164
-123.83576202392578
-112.65641021728516
-120.29920196533203
-118.79783630371094
-112.9372787475586
-109.7864990234375
-115.01966857910156
-107.80792999267578
-108.95954132080078
-116.93636322021484
-107.00796508789062
-116.87842559814453
-111.65794372558594
-105.93756103515625
-109.92102813720703
-117.13272094726562
-111.7120132446289
-112.16373443603516
-116.19987487792969
-116.3074951171875
-113.955322265625
-110.40420532226562
-108.75680541992188
-115.85861206054688
-109.25885009765625
-107.98285675048828
-115.16263580322266
-115.97222137451172
-115.64191436767578
-115.84673309326172
-112.21000671386719
-109.40719604492188
-113.99528503417969
-117.00472259521484
-110.88363647460938
-109.4927749633789
-110.67938995361328
-113.83290100097656
-112.77474975585938
-107.1487045288086
-113.09825134277344
-102.96700286865234
-108.89253234863281
-112.71056365966797
-112.52669525146484
-112.43293762207031
-106.56078338623047
-109.96796417236328
-111.16249084472656
-109.26822662353516
-111.34486389160156
-120.43653106689453
-116.57798767089844
-112.81895446777344
-112.45069122314453
-113.41577911376953
-110.09770965576172
-113.08401489257812
-111.40679168701172
-108.36383819580078
-113.44625091552734
-110.67176055908203
-107.72454833984375
-112.05892181396484
-110.61078643798828
-112.08364868164062
-108.99800872802734
-112.024169921875
-114.5673599243164
-120.34811401367188
-107.75719451904297
-111.68220520019531
-116.74626922607422
-112.33157348632812
-116.05008697509766
-109.3812484741211
-111.28831481933594
-117.37974548339844
-106.65145111083984
-108.21700286865234
-118.7571029663086
-111.32106018066406
-113.35440063476562
-114.15087890625
-116.1588134765625
-107.35415649414062
-112.01351928710938
-111.66735076904297
-105.98387908935547
-112.17155456542969
-112.50310516357422
-109.45821380615234
-108.43675231933594
-115.69190216064453
-114.44549560546875
-113.23685455322266
-107.6446304321289
-109.84461975097656
-116.42560577392578
-113.78761291503906
-112.98291015625
-110.14311218261719
-110.44638061523438
-107.24581146240234
-113.83292388916016
-113.1268539428711
-113.81999969482422
-109.05088806152344
-117.43562316894531
-108.4900131225586
-110.82840728759766
-106.96349334716797
-109.73306274414062
-107.65222930908203
-109.97074127197266
-111.45733642578125
-103.29255676269531
-113.06720733642578
-115.62553405761719
-112.45027160644531
-108.37084197998047
-116.98809051513672
-122.7286148071289
-108.47589111328125
-106.71403503417969
-116.27696990966797
-114.14094543457031
-108.45061492919922
-113.79376983642578
-109.91580200195312
-109.2997817993164
-109.03491973876953
-110.01189422607422
-111.7928237915039
-111.86048889160156
-106.52947235107422
-109.55414581298828
-113.17876434326172
-104.71085357666016
-102.21723175048828
-110.01838684082031
-108.4473876953125
-112.593505859375
-108.66930389404297
-111.834716796875
-116.84080505371094
-113.95038604736328
-110.26778411865234
-112.40376281738281
-112.05845642089844
-113.17806243896484
-110.69325256347656
-118.6534194946289
-107.28328704833984
-111.28396606445312
-111.72018432617188
-115.44789123535156
-110.27677917480469
-111.55284118652344
-110.3348159790039
-108.04602813720703
-116.75098419189453
-108.49432373046875
-110.27226257324219
-111.83871459960938
-110.36015319824219
-114.39151000976562
-110.41963195800781
-116.05525207519531
-111.15046691894531
-112.09542083740234
-114.26885223388672
-111.30471801757812
-113.7037353515625
-112.09075927734375
-114.28677368164062
-110.3354721069336
-107.4584732055664
-104.63650512695312
-114.46282196044922
-116.06204986572266
-112.32405090332031
-104.31175231933594
-114.2768783569336
-114.65100860595703
-114.92269897460938
-112.94635009765625
-111.29853820800781
-107.7562026977539
-114.15303039550781
-108.880126953125
-111.82201385498047
-112.56523132324219
-109.96833801269531
-108.4891357421875
-109.23580932617188
-104.25208282470703
-111.81450653076172
-113.48780059814453
-113.19835662841797
-111.16241455078125
-113.61415100097656
-109.21302032470703
-108.31160736083984
-114.31145477294922
-107.48863983154297
-114.03765106201172
-108.08059692382812
-111.99462890625
-104.40995025634766
-108.9981689453125
-113.16558837890625
-111.28910827636719
-110.17356872558594
-112.58602905273438
-109.5955810546875
-111.34072875976562
-107.15275573730469
-108.8216552734375
-110.11944580078125
-113.06037902832031
-116.00829315185547
-116.36759185791016
-111.10597229003906
-109.41315460205078
-106.79067993164062
-115.81124877929688
-105.05339813232422
-117.08211517333984
-110.64350128173828
-114.39208984375
-109.27198791503906
-107.29998779296875
-111.45805358886719
-111.4524917602539
-111.60508728027344
-116.77644348144531
-113.40961456298828
-111.81590270996094
-108.64341735839844
-116.10415649414062
-109.20022583007812
-114.43933868408203
-115.16822814941406
-114.03733825683594
-113.15186309814453
-116.2331771850586
-109.2975845336914
-114.19856262207031
-108.20407104492188
-111.484375
-113.14183807373047
-116.50784301757812
-112.10872650146484
-114.4288558959961
-111.84188079833984
-110.70691680908203
-113.32144927978516
-112.66937255859375
-109.8972396850586
-114.26873016357422
-108.04135131835938
-114.72415924072266
-110.25601959228516
-107.52793884277344
-112.35464477539062
-113.16822052001953
-110.91923522949219
-108.17477416992188
-114.94310760498047
-112.84102630615234
-112.68556213378906
-117.81979370117188
-103.33415222167969
-112.09608459472656
-104.59083557128906
-113.24696350097656
-106.5482177734375
-106.9061050415039
-114.53073120117188
-113.64054107666016
-113.88188171386719
-112.85652160644531
-110.19221496582031
-112.44276428222656
-114.04845428466797
-113.49918365478516
