-100.09788513183594
-109.3154296875
-103.6559829711914
-106.72362518310547
-109.32334899902344
-106.12055206298828
-101.61185455322266
-93.71034240722656
-106.91200256347656
-99.46086883544922
-106.7571792602539
-103.6513442993164
-108.10502624511719
-105.40579223632812
-102.8931655883789
-98.74884033203125
-99.45514678955078
-108.01785278320312
-104.85134887695312
-99.50352478027344
-105.15167236328125
-101.12718963623047
-102.84466552734375
-104.7929916381836
-107.40296936035156
-109.04287719726562
-98.34626770019531
-107.27366638183594
-98.56300354003906
-102.4674301147461
-105.69569396972656
-112.44637298583984
-108.73249053955078
-109.00630187988281
-107.95442199707031
-100.93095397949219
-101.29052734375
-103.67182922363281
-104.53482818603516
-101.98638916015625
-98.57427978515625
-98.02689361572266
-106.4666976928711
-103.56900787353516
-100.85585021972656
-107.57035827636719
-104.19893646240234
-104.83743286132812
-104.09122467041016
-102.58780670166016
-100.33509826660156
-101.96189880371094
-100.90088653564453
-111.19664001464844
-108.54393768310547
-104.85822296142578
-106.5796890258789
-100.25489044189453
-96.91726684570312
-109.79631805419922
-105.33702850341797
-106.27186584472656
-100.90314483642578
-103.96158599853516
-104.36700439453125
-97.5836410522461
-103.77934265136719
-105.67314910888672
-104.2110366821289
-101.74974822998047
-103.70171356201172
-99.689697265625
-100.04685974121094
-110.15316009521484
-103.9718017578125
-106.5377426147461
-100.95703887939453
-106.85853576660156
-104.22667694091797
-105.40113830566406
-101.72404479980469
-102.78511047363281
-97.17097473144531
-103.81781768798828
-106.33807373046875
-104.07174682617188
-105.87588500976562
-99.53579711914062
-106.31353759765625
-100.21231079101562
-101.67432403564453
-103.75099182128906
-102.4200210571289
-104.63526153564453
-108.294189453125
-103.82303619384766
-104.76712799072266
-103.23392486572266
-103.00697326660156
-103.54952239990234
-104.72408294677734
-94.85736083984375
-108.19190979003906
-106.9154281616211
-102.85395050048828
-108.06827545166016
-104.29490661621094
-99.51119995117188
-102.17921447753906
-98.10533905029297
-104.36524963378906
-94.17473602294922
-104.61376953125
-98.85009765625
-103.96915435791016
-100.12230682373047
-105.95914459228516
-103.3729248046875
-102.03790283203125
-97.69955444335938
-108.25277709960938
-104.57223510742188
-105.6507339477539
-101.68818664550781
-96.25031280517578
-105.74842834472656
-103.15925598144531
-98.4333267211914
-104.87091827392578
-104.19242858886719
-97.42469024658203
-105.63996124267578
-97.96167755126953
-102.96088409423828
-96.939697265625
-99.2371826171875
-100.05015563964844
-104.95939636230469
-103.40914916992188
-100.68792724609375
-104.56210327148438
-103.34406280517578
-101.33348083496094
-102.81752014160156
-103.58824920654297
-101.60924530029297
-103.4628677368164
-102.90850067138672
-108.7066421508789
-106.09251403808594
-109.40177154541016
-98.3179931640625
-106.72463989257812
-106.08164978027344
-108.08223724365234
-108.23723602294922
-111.50516510009766
-103.60667419433594
-106.31153869628906
-99.31378936767578
-103.00531005859375
-103.59501647949219
-105.08445739746094
-100.88691711425781
-99.4236831665039
-99.78369140625
-106.01908111572266
-110.0894775390625
-109.75753021240234
-104.6723861694336
-103.6767807006836
-94.69842529296875
-105.6879653930664
-103.13812255859375
-97.4333724975586
-102.65694427490234
-102.44481658935547
-100.80017852783203
-105.62791442871094
-98.2652359008789
-103.98257446289062
-108.97393798828125
-101.40118408203125
-101.57508087158203
-97.2232894897461
-105.885498046875
-98.67657470703125
-103.75872039794922
-103.69799041748047
-104.62718200683594
-107.28871154785156
-100.8992919921875
-100.9286117553711
-103.3415298461914
-99.38749694824219
-102.35137176513672
-102.42308044433594
-105.08415985107422
-97.88986206054688
-101.59671783447266
-100.80048370361328
-102.79214477539062
-106.06857299804688
-97.66876983642578
-103.09886169433594
-106.87251281738281
-109.5316162109375
-97.88729858398438
-96.40682983398438
-105.50196838378906
-101.13483428955078
-102.70370483398438
-100.01583862304688
-108.77410125732422
-101.89954376220703
-105.5745620727539
-106.82505798339844
-100.83214569091797
-105.98735809326172
-101.78569030761719
-99.14278411865234
-107.9055404663086
-102.02853393554688
-107.78006744384766
-105.20586395263672
-106.60311126708984
-107.13933563232422
-105.8592300415039
-106.5689468383789
-105.00931549072266
-111.15352630615234
-110.05709838867188
-106.07771301269531
-105.01303100585938
-106.40982055664062
-98.2945327758789
-106.1552963256836
-105.65705108642578
-106.34220123291016
-103.62702178955078
-106.44339752197266
-103.35385131835938
-103.0230941772461
-105.17535400390625
-103.57881927490234
-104.22509002685547
-103.66802978515625
-105.03996276855469
-102.06559753417969
-99.85626220703125
-108.42146301269531
-103.91822052001953
-98.74552917480469
-97.89189147949219
-101.71437072753906
-102.9227066040039
-105.38308715820312
-111.81124114990234
-103.15264129638672
-105.54212188720703
-106.62574768066406
-103.68171691894531
-102.93232727050781
-99.35472106933594
-100.77361297607422
-103.75849151611328
-104.46746826171875
-97.34471130371094
-99.28409576416016
-104.72200012207031
-100.73687744140625
-104.58485412597656
-103.09765625
-105.47429656982422
-99.26375579833984
-102.60066223144531
-105.7684326171875
-97.3767318725586
-101.3775863647461
-105.07823181152344
-97.76319885253906
-100.46082305908203
-102.7300796508789
-100.22846221923828
-99.69007873535156
-105.97383880615234
-101.76608276367188
-105.77812194824219
-105.96646118164062
-105.61920166015625
-104.212646484375
-100.15839385986328
-101.26931762695312
-106.42588806152344
-105.92466735839844
-104.03623962402344
-101.81256103515625
-106.40132141113281
-103.94249725341797
-99.90624237060547
-101.49348449707031
-102.94256591796875
-108.04157257080078
-104.90216064453125
-109.19564819335938
-99.63449096679688
-98.76268005371094
-107.3743896484375
-105.81524658203125
-104.71768951416016
-106.25308227539062
-104.08833312988281
-100.8844223022461
-102.43645477294922
-97.85980224609375
-102.68160247802734
-99.70858001708984
-105.1838607788086
-103.19857788085938
-102.39667510986328
-102.60501098632812
-109.01007843017578
-99.88882446289062
-99.95013427734375
-98.9789047241211
-104.77973175048828
-107.25607299804688
-101.09236145019531
-106.53117370605469
-104.665771484375
-104.81584930419922
-101.30142974853516
-102.41001892089844
-105.43134307861328
-109.85049438476562
-108.96428680419922
-104.56396484375
-103.4559097290039
-99.37178039550781
-107.87100219726562
-108.82838439941406
-104.51995086669922
-108.4848403930664
-101.9476318359375
-107.52832794189453
-100.95193481445312
-99.72460174560547
-102.11238098144531
-104.84007263183594
-111.05217742919922
-104.54057312011719
-104.24663543701172
-106.75196075439453
-106.84903717041016
-101.09110260009766
-105.49111938476562
-105.1867446899414
-109.92801666259766
-110.15263366699219
-104.85211181640625
-105.3168716430664
-106.66629028320312
-104.28557586669922
-108.33901977539062
-105.21337127685547
-102.42491149902344
-105.04057312011719
-102.63265228271484
-105.65546417236328
-103.46209716796875
-103.20452880859375
-104.60164642333984
-99.91384887695312
-110.3954086303711
-105.44562530517578
-107.77758026123047
-100.39154052734375
-102.0357437133789
-96.95460510253906
-102.17739868164062
-103.11305236816406
-99.99759674072266
-101.58048248291016
-99.43455505371094
-107.28578186035156
-103.25102996826172
-100.6792984008789
-105.02919006347656
-106.76597595214844
-102.5461654663086
-98.87336730957031
-100.4363021850586
-104.55497741699219
-100.51073455810547
-102.62828826904297
-100.59716796875
-97.25157165527344
-109.37928009033203
-99.19884490966797
-103.25674438476562
-105.21250915527344
-99.85411834716797
-103.26209259033203
-97.89673614501953
-100.16497039794922
-110.30567169189453
-99.99310302734375
-102.56452178955078
-105.28946685791016
-105.39628601074219
-112.13853454589844
-107.47262573242188
-106.42518615722656
-102.57914733886719
-99.00248718261719
-98.19569396972656
-108.5296630859375
-101.65512084960938
-99.35603332519531
-104.28455352783203
-103.88163757324219
-97.3332748413086
-102.11618041992188
-107.79973602294922
-98.50369262695312
-100.9971694946289
-103.82823944091797
-100.70966339111328
-98.6783447265625
-108.49879455566406
-100.52288055419922
-108.14404296875
-98.7164077758789
-100.77372741699219
-100.00843048095703
-107.11752319335938
-101.69960021972656
-102.28671264648438
-101.91447448730469
-102.32981872558594
-105.23070526123047
-102.29625701904297
-107.7525634765625
-93.44280242919922
-103.83573913574219
-100.17308807373047
-104.94113159179688
-100.43338012695312
-99.823974609375
-106.81428527832031
-100.64299774169922
-107.03666687011719
-101.67351531982422
-103.13972473144531
-110.75547790527344
-104.55387115478516
-106.79983520507812
-105.5180435180664
-107.40038299560547
-99.40162658691406
-105.96599578857422
-99.88993835449219
-111.12959289550781
-94.1453628540039
-103.37626647949219
-106.55362701416016
-108.66810607910156
-105.89939880371094
-98.3593978881836
-96.81631469726562
-104.95135498046875
-100.59483337402344
-100.72871398925781
-103.48391723632812
-102.61917114257812
-100.26860046386719
-101.32050323486328
-107.7203598022461
-99.39818572998047
-101.78072357177734
-94.89799499511719
-101.9154281616211
-103.19233703613281
-97.60308074951172
-107.6606674194336
-100.29891967773438
-101.91322326660156
-97.79640197753906
-105.37998962402344
-107.1549072265625
-102.08775329589844
-100.92244720458984
-100.62015533447266
-107.93971252441406
-101.3176498413086
-105.00121307373047
-99.99588775634766
-100.67938995361328
-99.20064544677734
-101.90734100341797
-102.82410430908203
-104.18236541748047
-98.7743911743164
-99.36471557617188
-105.04158020019531
-102.93002319335938
-107.06564331054688
-102.4692153930664
-104.33927154541016
-104.62210083007812
-103.28179931640625
-106.4188232421875
-110.80734252929688
-101.24714660644531
-99.29938507080078
-100.44352722167969
-100.31819915771484
-102.07635498046875
-108.01980590820312
-100.61101531982422
-104.60786437988281
-100.88507843017578
-104.45397186279297
-104.75019836425781
-100.80513000488281
-103.42208099365234
-102.11587524414062
-108.80880737304688
-99.92179107666016
-100.58488464355469
-102.82380676269531
-103.8996353149414
-103.19131469726562
-108.70436096191406
-107.74331665039062
-99.4512710571289
-102.5706787109375
-103.86443328857422
-99.39704895019531
-103.72596740722656
-109.40007019042969
-102.25515747070312
-99.04978942871094
-105.12071228027344
-107.4482421875
-99.44747924804688
-101.92643737792969
-99.20833587646484
-108.616455078125
-106.00936889648438
-107.8792953491211
-98.7617416381836
-102.40045928955078
-101.57945251464844
-104.92920684814453
-104.4011001586914
-104.91796875
-106.40385437011719
-107.40072631835938
-102.11283874511719
-105.4653091430664
-103.60319519042969
-100.37334442138672
-104.06932067871094
-108.2550277709961
-109.29470825195312
-104.61343383789062
-101.36457824707031
-102.2862777709961
-106.688232421875
-100.75824737548828
-97.39939880371094
-100.44992065429688
-108.60234832763672
-96.44676971435547
-105.68699645996094
-98.48087310791016
-111.6319351196289
-109.22135162353516
-102.30179595947266
-106.2194595336914
-104.19159698486328
-106.11980438232422
-101.01717376708984
-103.98333740234375
-103.95023345947266
-101.42822265625
-97.31108856201172
-99.95172882080078
-98.13075256347656
-103.01097106933594
-102.75275421142578
-101.19007873535156
-104.6831283569336
-101.29520416259766
-102.82608795166016
-100.77163696289062
-97.75054931640625
-108.59515380859375
-105.6860580444336
-102.42060089111328
-104.20356750488281
-105.79821014404297
-104.83197021484375
-100.34730529785156
-99.98368835449219
-102.36648559570312
-100.32217407226562
-104.86092376708984
-101.71411895751953
-98.07904052734375
-102.0779800415039
-100.71064758300781
-109.35994720458984
-106.53810119628906
-102.69821166992188
-101.60383605957031
-103.4229965209961
-99.37993621826172
-100.8118667602539
-103.80306243896484
-98.25819396972656
-100.0869140625
-103.51753234863281
-97.9295883178711
-102.31845092773438
-107.40088653564453
-102.21794128417969
-102.67719268798828
-106.8379135131836
-104.53601837158203
-103.49140167236328
-108.56816864013672
-100.76644897460938
-99.48526763916016
-104.02178955078125
-106.981689453125
-102.78643798828125
-100.01749420166016
-108.08313751220703
-105.27926635742188
-106.7232666015625
-109.7005615234375
-104.59580993652344
-102.16752624511719
-96.68708801269531
-99.87186431884766
-99.76702880859375
-100.3544921875
-103.2130355834961
-103.65214538574219
-114.1432876586914
-104.04886627197266
-109.73094177246094
-107.48088073730469
-102.21484375
-99.85066986083984
-105.78081512451172
-100.46293640136719
-101.11955261230469
-106.98640441894531
-97.88341522216797
-106.29273986816406
-101.64313507080078
-95.67869567871094
-101.0323257446289
-108.69245910644531
-102.38581848144531
-101.01548767089844
-106.04908752441406
-105.86558532714844
-105.44819641113281
-100.86042022705078
-99.84207153320312
-106.27184295654297
-99.67567443847656
-98.85074615478516
-106.81348419189453
-106.16390991210938
-107.04876708984375
-106.58949279785156
-104.25741577148438
-101.2677230834961
-105.24274444580078
-106.04661560058594
-102.19938659667969
-100.2630615234375
-99.99571228027344
-104.15938568115234
-103.99818420410156
-98.55490112304688
-104.70175170898438
-95.76569366455078
-101.5793685913086
-102.4300765991211
-104.37762451171875
-103.87921905517578
-97.84420776367188
-103.18653106689453
-101.66436767578125
-98.58326721191406
-102.35199737548828
-111.60769653320312
-107.81501770019531
-102.80567169189453
-104.11561584472656
-104.3294448852539
-101.0946044921875
-106.24531555175781
-103.62591552734375
-99.43357849121094
-103.35933685302734
-102.57887268066406
-99.62520599365234
-103.84618377685547
-103.16999816894531
-102.59091186523438
-100.46131896972656
-101.8059310913086
-105.10405731201172
-108.55127716064453
-98.88324737548828
-102.37554168701172
-107.4019546508789
-103.50736999511719
-107.66123962402344
-99.58951568603516
-102.27226257324219
-109.0601577758789
-98.90084075927734
-100.8101806640625
-106.55084228515625
-102.24761199951172
-104.61376953125
-105.38482666015625
-106.3892822265625
-99.5279312133789
-103.7303695678711
-103.43903350830078
-98.98746490478516
-102.07653045654297
-104.91065216064453
-100.80970764160156
-99.6749267578125
-107.24542999267578
-104.18861389160156
-102.287109375
-101.04714965820312
-102.05058288574219
-106.74580383300781
-103.83464050292969
-103.4405517578125
-100.6370620727539
-102.86854553222656
-99.01472473144531
-103.41985321044922
-102.79340362548828
-104.6988296508789
-101.5901870727539
-108.64102172851562
-100.22921752929688
-101.5696029663086
-97.30609130859375
-101.53125762939453
-99.42760467529297
-101.1027603149414
-103.44891357421875
-95.63417053222656
-103.52294921875
-106.70643615722656
-103.99510192871094
-100.8667221069336
-108.57186126708984
-111.0514907836914
-99.25946807861328
-99.0285415649414
-106.5266342163086
-105.46340942382812
-98.46257019042969
-104.5946044921875
-102.21984100341797
-101.51728820800781
-101.1780014038086
-101.80591583251953
-104.37023162841797
-103.68617248535156
-98.17620086669922
-101.53292846679688
-104.0863265991211
-97.94769287109375
-94.98536682128906
-100.62332916259766
-99.97454071044922
-103.4456558227539
-100.19095611572266
-102.9262924194336
-107.9776840209961
-103.741455078125
-99.5238265991211
-104.44290924072266
-102.96202087402344
-105.05883026123047
-101.93367004394531
-109.55599212646484
-99.06527709960938
-102.19371795654297
-102.03654479980469
-106.22171783447266
-102.77725982666016
-101.83702087402344
-102.20455932617188
-101.9665298461914
-107.5499267578125
-100.37225341796875
-101.73550415039062
-103.60211181640625
-102.59648895263672
-106.13726043701172
-103.0400390625
-106.81471252441406
-102.99275207519531
-103.24150848388672
-105.75482177734375
-101.46430969238281
-105.1005630493164
-104.79732513427734
-106.34735107421875
-102.1574478149414
-98.0698471069336
-97.89558410644531
-105.2176284790039
-108.89289855957031
-103.83567810058594
-97.15888977050781
-104.40265655517578
-106.25656127929688
-106.04940795898438
-105.0035171508789
-103.13801574707031
-101.03742980957031
-105.73355865478516
-101.54634094238281
-104.68699645996094
-104.12156677246094
-102.88851165771484
-100.70159149169922
-101.21038818359375
-96.40470123291016
-102.1986083984375
-104.90625762939453
-104.43387603759766
-103.80270385742188
-104.25298309326172
-100.83149719238281
-100.65290832519531
-105.42350769042969
-101.23068237304688
-106.58470153808594
-101.4483871459961
-103.6821517944336
-96.08549499511719
-100.25985717773438
-105.2686767578125
-103.45027923583984
-101.83804321289062
-105.12530517578125
-102.81735229492188
-103.15750885009766
-99.33937072753906
-102.27789306640625
-102.5587158203125
-104.3765640258789
-106.7264175415039
-107.24171447753906
-102.28271484375
-102.26679992675781
-100.66661071777344
-106.87593078613281
-97.61369323730469
-108.56773376464844
-102.98809814453125
-105.57194519042969
-101.10124206542969
-98.69062042236328
-103.59485626220703
-102.00495910644531
-104.03463745117188
-107.74506378173828
-106.28227996826172
-103.24588775634766
-101.11951446533203
-107.2022476196289
-102.11146545410156
-106.8674087524414
-108.92787170410156
-104.55294036865234
-105.73358154296875
-106.26484680175781
-100.8389892578125
-105.21733856201172
-100.95313262939453
-103.32003021240234
-105.54769134521484
-106.63648223876953
-104.73644256591797
-105.81873321533203
-104.86980438232422
-102.92059326171875
-104.41092681884766
-103.41230010986328
-100.05680847167969
-106.9479751586914
-100.06283569335938
-104.38925170898438
-103.20079803466797
-99.10079193115234
-105.33891296386719
-103.94255828857422
-102.33870697021484
-101.28526306152344
-105.73954772949219
-104.51752471923828
-104.98336791992188
-109.01637268066406
-96.83564758300781
-104.48049926757812
-97.31824493408203
-104.84797668457031
-98.00080871582031
-98.88390350341797
-104.27519226074219
-105.18185424804688
-104.88233184814453
-104.51976776123047
-100.88138580322266
-103.77611541748047
-105.19026947021484
-104.90023040771484
