-100.15037536621094
-108.74152374267578
-102.52684020996094
-106.2269058227539
-106.58255767822266
-106.95309448242188
-99.99833679199219
-93.68436431884766
-106.13481140136719
-99.93626403808594
-106.4921875
-102.7221908569336
-107.38799285888672
-106.55408477783203
-102.26390838623047
-98.82698059082031
-100.187744140625
-106.88668823242188
-105.0311050415039
-99.4657974243164
-105.11651611328125
-99.82371520996094
-103.67591857910156
-104.97703552246094
-106.70147705078125
-108.31291198730469
-98.514404296875
-105.88215637207031
-97.70155334472656
-100.83162689208984
-106.12033081054688
-112.54954528808594
-109.15782165527344
-108.71827697753906
-107.1397705078125
-100.09747314453125
-99.62744140625
-102.45820617675781
-104.67488861083984
-101.34637451171875
-98.44708251953125
-97.52688598632812
-105.51908874511719
-102.26335144042969
-100.61114501953125
-108.00725555419922
-104.72647094726562
-103.55867004394531
-103.08138275146484
-102.79524230957031
-100.1221694946289
-102.2369613647461
-99.73770904541016
-111.4303207397461
-107.099365234375
-103.50675201416016
-106.34130859375
-100.3519515991211
-95.74346923828125
-109.22816467285156
-104.48758697509766
-105.7762451171875
-99.75938415527344
-103.32917785644531
-103.72333526611328
-98.23052215576172
-102.10292053222656
-104.8157958984375
-102.99712371826172
-101.09078216552734
-101.7164077758789
-99.19334411621094
-99.08665466308594
-107.76231384277344
-104.06884765625
-105.39750671386719
-100.38700103759766
-105.05084228515625
-103.11090850830078
-104.1708984375
-101.83992767333984
-102.39324188232422
-96.50341796875
-103.0608901977539
-105.790283203125
-103.36946868896484
-105.40861511230469
-100.06489562988281
-107.29788208007812
-99.68936920166016
-100.46640014648438
-102.56798553466797
-102.47293090820312
-103.74664306640625
-106.71671295166016
-101.62871551513672
-104.05905151367188
-100.947998046875
-102.57263946533203
-103.80769348144531
-103.29454040527344
-93.57653045654297
-106.111083984375
-105.73522186279297
-101.77259826660156
-106.60171508789062
-103.5649642944336
-99.15623474121094
-101.2557601928711
-96.59491729736328
-104.06024169921875
-94.0147476196289
-101.5776596069336
-98.15621185302734
-103.82752227783203
-100.31328582763672
-104.04222869873047
-101.4413833618164
-101.93650817871094
-96.49471282958984
-107.64842224121094
-104.39637756347656
-104.61152648925781
-99.90953063964844
-95.10145568847656
-105.62879180908203
-102.50839233398438
-98.0438232421875
-103.37626647949219
-103.27782440185547
-95.7197036743164
-104.4471206665039
-98.02207946777344
-102.40733337402344
-96.72063446044922
-99.24736785888672
-98.66654205322266
-103.13292694091797
-102.64604187011719
-100.20944213867188
-103.55814361572266
-104.4654312133789
-100.76268768310547
-101.46149444580078
-102.9133529663086
-100.18093872070312
-103.20088195800781
-102.41026306152344
-107.93060302734375
-105.09795379638672
-109.22706604003906
-98.02340698242188
-107.31493377685547
-105.28201293945312
-107.7294692993164
-107.4698486328125
-110.79888153076172
-103.61737060546875
-105.097900390625
-99.17247009277344
-103.70689392089844
-103.59171295166016
-104.28081512451172
-100.57637023925781
-98.96190643310547
-99.74095916748047
-104.6992416381836
-109.32474517822266
-108.24224090576172
-102.83960723876953
-102.32756042480469
-94.7690200805664
-104.52806091308594
-102.92682647705078
-96.78932189941406
-102.11026763916016
-102.14617919921875
-100.4256591796875
-104.54107666015625
-97.96820831298828
-103.2570571899414
-107.41410064697266
-101.96292877197266
-101.10846710205078
-96.69220733642578
-105.80762481689453
-98.5940933227539
-103.49325561523438
-102.61616516113281
-103.30538177490234
-107.9526596069336
-98.68384552001953
-100.70130920410156
-102.96434783935547
-99.22217559814453
-102.5402603149414
-101.05702209472656
-104.42523956298828
-98.18973541259766
-101.52313232421875
-99.2362060546875
-102.39888763427734
-105.41818237304688
-97.29325866699219
-102.19755554199219
-105.69488525390625
-108.45243835449219
-97.5912094116211
-96.16844177246094
-105.07288360595703
-100.77936553955078
-102.24893951416016
-99.36888122558594
-108.71231842041016
-101.97704315185547
-104.59535217285156
-105.67280578613281
-99.41271209716797
-105.64236450195312
-101.81079864501953
-99.12677001953125
-107.61115264892578
-102.30624389648438
-106.97001647949219
-104.74285125732422
-104.92347717285156
-106.10319519042969
-104.66061401367188
-105.97730255126953
-104.23503875732422
-110.75291442871094
-109.60608673095703
-105.72425079345703
-104.56413269042969
-104.58692169189453
-98.33709716796875
-106.08476257324219
-106.28260803222656
-105.46723175048828
-102.63590240478516
-105.07994842529297
-102.02928161621094
-103.35366821289062
-104.53193664550781
-103.94905853271484
-103.8857650756836
-102.52230072021484
-105.62413787841797
-100.99494934082031
-99.34329223632812
-106.45063781738281
-102.68032836914062
-99.22813415527344
-97.85132598876953
-102.11248779296875
-102.33961486816406
-105.19329071044922
-111.74723052978516
-102.73773193359375
-104.3094253540039
-106.30591583251953
-102.5469741821289
-103.18553924560547
-99.51689910888672
-99.54695129394531
-102.88417053222656
-104.17330169677734
-96.47369384765625
-99.2860336303711
-104.14436340332031
-101.2212142944336
-103.59579467773438
-103.0103988647461
-104.81536102294922
-97.8223876953125
-101.1965103149414
-104.93745422363281
-96.14810943603516
-100.14614868164062
-104.61410522460938
-96.27230834960938
-100.445068359375
-102.54804229736328
-99.5312728881836
-99.01634216308594
-105.52936553955078
-101.71163177490234
-105.08234405517578
-104.62924194335938
-104.80694580078125
-103.79056549072266
-98.52996063232422
-100.46047973632812
-106.65376281738281
-104.86776733398438
-105.09380340576172
-101.25051879882812
-105.90843963623047
-102.76033782958984
-100.00163269042969
-101.37326049804688
-102.88192749023438
-107.47607421875
-103.45690155029297
-107.92083740234375
-99.03251647949219
-98.05293273925781
-106.7835922241211
-104.34059143066406
-104.34156799316406
-106.16363525390625
-102.2310562133789
-100.76950073242188
-102.57040405273438
-98.5492935180664
-103.38823699951172
-99.41899108886719
-104.04322814941406
-102.64684295654297
-102.9739990234375
-102.90510559082031
-108.7113037109375
-99.83458709716797
-100.13248443603516
-98.5789794921875
-104.86398315429688
-107.07869720458984
-100.17170715332031
-106.51129913330078
-104.16929626464844
-103.25311279296875
-101.35570526123047
-101.70729064941406
-105.76488494873047
-109.45907592773438
-107.47608184814453
-103.9516372680664
-103.17808532714844
-98.93528747558594
-107.38011932373047
-107.25933837890625
-103.9226303100586
-107.94351959228516
-101.84034729003906
-106.54576110839844
-99.25698852539062
-98.52496337890625
-102.71930694580078
-102.72627258300781
-109.78153991699219
-103.33409881591797
-102.7923812866211
-106.667724609375
-106.53180694580078
-98.89273834228516
-105.7069091796875
-105.03158569335938
-107.51860809326172
-109.01123809814453
-103.71324920654297
-105.38379669189453
-105.76929473876953
-102.68750762939453
-107.89794158935547
-103.64502716064453
-102.4039306640625
-104.42473602294922
-101.08218383789062
-105.15057373046875
-102.31538391113281
-101.73075866699219
-103.84406280517578
-97.96337127685547
-109.72496032714844
-104.9401626586914
-106.39910888671875
-100.75941467285156
-101.25985717773438
-97.71060180664062
-102.26109313964844
-102.73442077636719
-99.61134338378906
-102.18497467041016
-99.43717956542969
-106.19847106933594
-102.43720245361328
-100.23430633544922
-104.09016418457031
-107.3147964477539
-102.1569595336914
-98.79778289794922
-99.20164489746094
-104.59915924072266
-99.9208984375
-102.31407928466797
-99.25347900390625
-96.16828918457031
-107.28855895996094
-99.23845672607422
-101.53665924072266
-104.51219177246094
-100.10491943359375
-102.9622573852539
-97.8701171875
-99.89900970458984
-110.28329467773438
-100.16365051269531
-100.95020294189453
-104.05970001220703
-104.23068237304688
-110.28286743164062
-105.31051635742188
-106.58079528808594
-100.4980697631836
-98.37431335449219
-97.794677734375
-107.26317596435547
-101.70808410644531
-98.70370483398438
-103.80257415771484
-103.68046569824219
-97.20620727539062
-100.72348022460938
-107.1787109375
-98.17935943603516
-100.91217041015625
-103.09886169433594
-100.3735580444336
-98.52320098876953
-108.34521484375
-100.75972747802734
-108.28546905517578
-97.74455261230469
-100.76074981689453
-98.40470886230469
-106.70420837402344
-100.8493423461914
-101.44219970703125
-101.2712631225586
-101.83973693847656
-105.0784683227539
-101.14382934570312
-106.42791748046875
-92.02976989746094
-102.15066528320312
-99.38182830810547
-104.71934509277344
-101.27479553222656
-98.86893463134766
-105.02875518798828
-100.69075012207031
-106.81137084960938
-99.94393157958984
-101.6916275024414
-110.50393676757812
-104.01107788085938
-105.9701919555664
-104.82707214355469
-106.87612915039062
-98.26850128173828
-105.25861358642578
-98.47756958007812
-109.89939880371094
-93.86563110351562
-103.40532684326172
-105.71629333496094
-107.69862365722656
-103.71376037597656
-98.6441650390625
-97.3159408569336
-104.11473846435547
-99.45796203613281
-99.9014663696289
-103.09861755371094
-101.20829772949219
-99.565673828125
-100.7610092163086
-107.2043685913086
-99.49942016601562
-100.90104675292969
-92.89608001708984
-99.31407165527344
-102.78009796142578
-96.7151107788086
-107.03094482421875
-100.58584594726562
-100.99310302734375
-96.54021453857422
-105.06505584716797
-106.21073150634766
-100.95243835449219
-99.93067169189453
-99.85396575927734
-106.35454559326172
-101.64928436279297
-103.89667510986328
-99.36630249023438
-99.43624114990234
-98.45763397216797
-100.78829956054688
-102.82102966308594
-102.68159484863281
-98.34776306152344
-99.86825561523438
-104.04354858398438
-100.48190307617188
-104.96572875976562
-101.656982421875
-103.95707702636719
-103.82826232910156
-102.1195297241211
-105.71726989746094
-108.04570770263672
-99.5950698852539
-98.93295288085938
-98.95166778564453
-101.12611389160156
-100.75718688964844
-105.98165893554688
-100.47949981689453
-103.06430053710938
-100.63185119628906
-103.00299835205078
-103.63180541992188
-99.39039611816406
-102.02996826171875
-100.96353912353516
-108.20250701904297
-100.90364074707031
-100.25924682617188
-102.05387115478516
-104.22293090820312
-103.11846923828125
-107.68781280517578
-106.96902465820312
-98.65482330322266
-103.11876678466797
-103.37004089355469
-99.33711242675781
-104.29022979736328
-107.46665954589844
-101.51029968261719
-97.80538177490234
-105.53290557861328
-105.42084503173828
-98.14807891845703
-101.43177795410156
-99.26017761230469
-108.09964752197266
-105.9837417602539
-106.76964569091797
-98.30104064941406
-101.57215881347656
-101.23155975341797
-105.65203094482422
-103.8128662109375
-104.93514251708984
-105.81697845458984
-106.7994613647461
-101.54814147949219
-105.85432434082031
-103.10672760009766
-99.71868133544922
-103.21554565429688
-106.82470703125
-108.20952606201172
-103.91800689697266
-100.90187072753906
-101.47931671142578
-106.5766372680664
-100.32814025878906
-98.04731750488281
-100.4252700805664
-106.82842254638672
-97.40438842773438
-104.54964447021484
-98.5867691040039
-110.14923095703125
-108.07975006103516
-101.88468170166016
-106.13027954101562
-103.98806762695312
-105.39502716064453
-100.87379455566406
-103.4786376953125
-103.2094955444336
-100.7536392211914
-96.92552947998047
-99.18164825439453
-98.01458740234375
-102.1241226196289
-102.55882263183594
-101.18730163574219
-105.25045013427734
-99.75990295410156
-102.15382385253906
-99.28018188476562
-98.21466064453125
-107.17147064208984
-105.0663070678711
-102.31131744384766
-103.30816650390625
-105.23667907714844
-104.83627319335938
-100.62471008300781
-98.9956283569336
-101.42776489257812
-98.5997085571289
-104.80686950683594
-101.71955871582031
-97.52734375
-102.30958557128906
-99.3912353515625
-108.73597717285156
-107.08845520019531
-102.7226333618164
-100.66175842285156
-100.91976165771484
-99.18925476074219
-99.8922348022461
-101.83623504638672
-97.53399658203125
-100.52664947509766
-102.14576721191406
-98.20590209960938
-101.68578338623047
-106.9146957397461
-101.49298095703125
-101.86033630371094
-106.56275939941406
-103.49324798583984
-102.0134048461914
-107.31277465820312
-100.61640167236328
-98.63092803955078
-103.97897338867188
-105.6314697265625
-101.82151794433594
-99.09877014160156
-108.48583984375
-103.59248352050781
-105.76091766357422
-107.82267761230469
-101.9853515625
-100.4996566772461
-96.31709289550781
-100.22581481933594
-99.78884887695312
-99.31484985351562
-102.52322387695312
-102.86150360107422
-113.80815124511719
-104.4219970703125
-109.5426254272461
-107.32976531982422
-102.48439025878906
-99.94003295898438
-104.87776184082031
-99.6945571899414
-102.05709075927734
-106.1628189086914
-98.35425567626953
-105.52933502197266
-102.10968780517578
-96.8740234375
-99.30854797363281
-107.1689453125
-101.26475524902344
-101.13304138183594
-105.80577850341797
-105.01969146728516
-106.12316131591797
-100.4040756225586
-99.81000518798828
-106.88685607910156
-98.76216888427734
-98.15609741210938
-105.14903259277344
-104.93327331542969
-106.54100036621094
-106.37065887451172
-102.60749816894531
-100.06991577148438
-104.99494171142578
-105.25958251953125
-102.05293273925781
-99.87722778320312
-100.78771209716797
-104.13268280029297
-103.34979248046875
-98.4048080444336
-103.70267486572266
-94.86310577392578
-100.35888671875
-102.39374542236328
-103.66897583007812
-103.52690124511719
-98.49359893798828
-102.09260559082031
-101.04058074951172
-98.0113525390625
-103.22550964355469
-110.84468078613281
-107.63973999023438
-101.56343078613281
-104.27852630615234
-104.10923767089844
-100.23667907714844
-105.86614990234375
-102.67591094970703
-99.20855712890625
-101.92080688476562
-102.70059967041016
-99.1167984008789
-103.45893859863281
-102.0235824584961
-101.50534057617188
-100.15254211425781
-102.12540435791016
-104.66179656982422
-106.7524185180664
-100.02938842773438
-102.44189453125
-106.11698913574219
-102.54515838623047
-107.4686050415039
-99.12248229980469
-101.51576232910156
-108.3028335571289
-98.12271881103516
-99.71414184570312
-106.94436645507812
-101.32880401611328
-103.35757446289062
-105.34717559814453
-106.59252166748047
-98.1775131225586
-103.15353393554688
-102.16740417480469
-97.61630249023438
-101.71475982666016
-104.04560089111328
-99.58113861083984
-99.13088989257812
-106.67024993896484
-103.71372985839844
-101.53296661376953
-101.04659271240234
-101.46383666992188
-106.2275161743164
-104.11578369140625
-103.34571838378906
-100.88126373291016
-101.42208099365234
-98.63902282714844
-102.57749938964844
-102.37588500976562
-104.30835723876953
-100.88206481933594
-107.75897216796875
-100.43568420410156
-102.76520538330078
-97.7059555053711
-101.67277526855469
-98.7472152709961
-99.50782775878906
-102.3309326171875
-94.34379577636719
-103.34762573242188
-105.7629165649414
-102.5881576538086
-100.4288330078125
-107.0118637084961
-111.644287109375
-97.81387329101562
-98.85404205322266
-105.08650970458984
-104.77632904052734
-97.87774658203125
-103.50049591064453
-101.93540954589844
-100.66606903076172
-100.11803436279297
-101.06580352783203
-103.30130004882812
-103.77643585205078
-97.21665954589844
-100.52452087402344
-104.63499450683594
-96.72411346435547
-94.57467651367188
-99.83757781982422
-98.50362396240234
-102.65556335449219
-99.2984848022461
-102.301025390625
-107.24272155761719
-103.0527572631836
-99.57418060302734
-103.62663269042969
-101.95233917236328
-104.91361999511719
-101.50113677978516
-108.47560119628906
-98.338623046875
-101.16548919677734
-101.80370330810547
-106.54129028320312
-102.40738677978516
-102.1938705444336
-102.0923080444336
-101.5711669921875
-107.27445983886719
-98.8639907836914
-100.81998443603516
-103.9010009765625
-101.9638900756836
-105.04537963867188
-103.39321899414062
-106.92774200439453
-102.30575561523438
-103.01605224609375
-106.13911437988281
-101.45124053955078
-103.43905639648438
-104.61173248291016
-105.90435791015625
-101.41613006591797
-97.45610809326172
-98.44187927246094
-105.089599609375
-107.88346099853516
-102.15656280517578
-95.7391586303711
-104.07317352294922
-106.83625030517578
-105.80772399902344
-104.73070526123047
-102.22509002685547
-100.8367691040039
-104.62077331542969
-100.16622924804688
-104.53764343261719
-102.74382781982422
-102.8195571899414
-100.77021789550781
-99.73409271240234
-96.1689682006836
-102.6368637084961
-104.41608428955078
-104.38186645507812
-102.8681640625
-103.8028793334961
-99.01262664794922
-100.84477996826172
-103.94786071777344
-99.42476654052734
-105.2235336303711
-100.33455657958984
-102.8115005493164
-95.12115478515625
-99.84367370605469
-103.43376922607422
-102.28543853759766
-102.39601135253906
-104.57481384277344
-102.15272521972656
-103.70584106445312
-98.93309020996094
-101.7408447265625
-102.5255355834961
-103.127197265625
-106.84866333007812
-106.60160064697266
-101.50837707519531
-101.01639556884766
-100.6643295288086
-106.72874450683594
-96.4962158203125
-108.31752014160156
-101.79241943359375
-104.13955688476562
-100.13925170898438
-98.65406036376953
-102.5633773803711
-101.33458709716797
-102.92523956298828
-107.04634094238281
-105.77969360351562
-103.01629638671875
-99.15978240966797
-107.17374420166016
-100.64639282226562
-105.4964370727539
-106.7169418334961
-105.4990005493164
-103.97901153564453
-105.76927185058594
-101.43240356445312
-104.66533660888672
-99.9959945678711
-102.00405883789062
-105.19454193115234
-105.43069458007812
-104.39266967773438
-106.11310577392578
-104.01515197753906
-102.17801666259766
-103.46508026123047
-102.79252624511719
-98.95222473144531
-107.81755065917969
-99.17194366455078
-105.14436340332031
-102.15505981445312
-97.70048522949219
-104.40512084960938
-103.4513931274414
-102.00445556640625
-99.97976684570312
-105.86840057373047
-104.70498657226562
-104.4722671508789
-109.65247344970703
-96.29022979736328
-103.47093200683594
-96.63851165771484
-105.93561553955078
-97.13883972167969
-98.2304916381836
-103.04613494873047
-106.13782501220703
-105.66685485839844
-103.71697235107422
-101.26722717285156
-103.98687744140625
-105.50434112548828
-105.59343719482422
