-99.69220733642578
-109.24210357666016
-101.9825668334961
-105.18051147460938
-107.22188568115234
-105.20954132080078
-99.64189910888672
-92.23702239990234
-105.4293212890625
-99.16531372070312
-105.36503601074219
-102.64884948730469
-107.55445861816406
-104.4399185180664
-101.8399658203125
-97.58905029296875
-98.20149993896484
-106.90660095214844
-104.62139129638672
-99.4162826538086
-104.3763198852539
-98.62263488769531
-101.52030181884766
-103.99602508544922
-106.81208801269531
-107.10960388183594
-97.22855377197266
-105.51902770996094
-97.6489028930664
-101.45135498046875
-104.22409057617188
-111.08527374267578
-108.1633529663086
-108.15731811523438
-106.45636749267578
-99.62952423095703
-100.59840393066406
-102.44581604003906
-104.14674377441406
-100.31302642822266
-98.12313842773438
-96.8658218383789
-104.21937561035156
-102.08313751220703
-99.62254333496094
-107.23925018310547
-103.44532012939453
-104.01646423339844
-102.3329086303711
-102.5097885131836
-98.92181396484375
-100.56275177001953
-99.63871765136719
-110.43211364746094
-107.38481903076172
-103.59346008300781
-104.81153869628906
-100.3936996459961
-95.31136322021484
-108.47066497802734
-104.69572448730469
-105.36553192138672
-98.74091339111328
-102.11907958984375
-101.75596618652344
-95.81365966796875
-103.78901672363281
-104.43877410888672
-101.57245635986328
-99.76375579833984
-102.34663391113281
-97.97683715820312
-98.95699310302734
-107.15312194824219
-102.93016052246094
-104.30776977539062
-100.20619201660156
-105.11799621582031
-102.07148742675781
-104.62059020996094
-100.94693756103516
-101.63851928710938
-96.56683349609375
-102.34056091308594
-104.8993148803711
-102.6045150756836
-104.45967864990234
-98.58377075195312
-105.98709869384766
-98.83018493652344
-100.32369232177734
-101.98576354980469
-102.09706115722656
-103.99636840820312
-107.23619842529297
-101.54544830322266
-103.49929809570312
-101.05680084228516
-102.7630615234375
-102.32914733886719
-103.6161880493164
-93.32579040527344
-104.4998779296875
-105.73222351074219
-101.36770629882812
-106.56280517578125
-104.81266021728516
-98.32865905761719
-100.77647399902344
-97.07123565673828
-103.88690185546875
-92.22220611572266
-102.93498229980469
-97.834228515625
-102.60501861572266
-99.6979751586914
-104.05622100830078
-101.64224243164062
-100.52021789550781
-96.90876007080078
-106.90513610839844
-103.2609634399414
-103.70695495605469
-99.89009094238281
-94.85684967041016
-105.15888977050781
-101.58434295654297
-96.98055267333984
-102.22186279296875
-102.0846176147461
-95.30322265625
-105.2878189086914
-97.82176208496094
-102.16197204589844
-96.28759002685547
-98.05201721191406
-98.59361267089844
-102.95050048828125
-102.04682159423828
-100.03009033203125
-103.8015365600586
-103.87889099121094
-99.35253143310547
-100.94628143310547
-102.87981414794922
-99.16959381103516
-101.85205841064453
-103.10584259033203
-106.828857421875
-104.66531372070312
-109.75859069824219
-96.93570709228516
-106.12277221679688
-104.626220703125
-106.2545394897461
-106.71623229980469
-109.40503692626953
-102.66690826416016
-105.524169921875
-98.27462768554688
-102.56153869628906
-102.451904296875
-103.56800079345703
-99.35941314697266
-97.73954010009766
-98.72784423828125
-104.19447326660156
-109.15486145019531
-108.31442260742188
-101.67640686035156
-102.54878997802734
-94.9511489868164
-103.35356903076172
-102.09649658203125
-95.91519165039062
-100.78583526611328
-101.64398956298828
-99.61531829833984
-104.63422393798828
-97.41961669921875
-102.26849365234375
-106.93028259277344
-100.02361297607422
-101.19059753417969
-97.13447570800781
-104.57220458984375
-98.06084442138672
-103.67715454101562
-103.7934341430664
-101.90745544433594
-105.66748046875
-99.18367767333984
-99.77755737304688
-102.40044403076172
-98.56117248535156
-102.03800201416016
-101.18086242675781
-104.6158447265625
-98.06644439697266
-100.9167709350586
-99.3902587890625
-101.99308776855469
-105.73613739013672
-96.40724182128906
-101.90706634521484
-105.10733032226562
-108.41040802001953
-97.7629165649414
-95.13365936279297
-104.96895599365234
-99.84123992919922
-102.01526641845703
-98.95521545410156
-108.2878189086914
-101.17505645751953
-103.87811279296875
-106.31478881835938
-99.85672760009766
-104.8960189819336
-102.17662811279297
-98.9126205444336
-106.37873840332031
-100.93504333496094
-106.16939544677734
-105.1179428100586
-106.00619506835938
-105.30071258544922
-104.73640441894531
-104.95899963378906
-104.38835144042969
-110.13543701171875
-110.3974609375
-104.55677032470703
-103.6870346069336
-104.94318389892578
-96.48015594482422
-104.72653198242188
-105.34950256347656
-104.8238296508789
-103.0994873046875
-104.43347930908203
-100.48233795166016
-101.16185760498047
-103.35185241699219
-102.20587158203125
-102.91796875
-101.28019714355469
-103.83132934570312
-99.72169494628906
-97.9804458618164
-107.09610748291016
-102.56639862060547
-98.84903717041016
-97.17449951171875
-100.90858459472656
-101.2493667602539
-103.92936706542969
-110.36421966552734
-101.73269653320312
-104.33659362792969
-106.01691436767578
-101.12561798095703
-102.8399658203125
-99.001953125
-98.71707916259766
-102.46629333496094
-102.96603393554688
-95.391845703125
-97.7189712524414
-102.94139862060547
-98.91343688964844
-103.53960418701172
-102.37631225585938
-103.57258605957031
-98.5057373046875
-101.69090270996094
-104.79116821289062
-95.89900970458984
-100.671142578125
-104.92547607421875
-95.36994934082031
-100.08898162841797
-100.85810089111328
-99.12139129638672
-98.59446716308594
-104.91551208496094
-100.66511535644531
-104.99186706542969
-103.2613754272461
-103.8936767578125
-103.234375
-97.9449462890625
-101.2124252319336
-104.5891342163086
-104.15306091308594
-103.85981750488281
-100.52959442138672
-104.29901123046875
-102.60394287109375
-100.0168228149414
-100.228759765625
-102.06629943847656
-107.04850006103516
-103.22262573242188
-106.52293395996094
-99.75749969482422
-97.98908233642578
-105.66800689697266
-104.40645599365234
-103.18943786621094
-105.41853332519531
-102.65353393554688
-101.34563446044922
-101.72563934326172
-97.7880630493164
-102.41256713867188
-98.99290466308594
-104.64924621582031
-103.1494140625
-102.55010986328125
-101.80592346191406
-108.24162292480469
-100.25035858154297
-99.0304946899414
-97.36060333251953
-103.48299407958984
-106.7969970703125
-100.27143096923828
-106.30247497558594
-103.24837493896484
-103.96651458740234
-100.72395324707031
-101.56964111328125
-105.40460205078125
-109.1937026977539
-106.77796173095703
-102.67646789550781
-103.58185577392578
-98.98213958740234
-106.63040924072266
-106.34016418457031
-102.51748657226562
-107.28523254394531
-100.36100006103516
-106.08692169189453
-98.88971710205078
-98.7580795288086
-101.1339111328125
-102.73177337646484
-109.56441497802734
-103.35114288330078
-103.06166076660156
-105.79489135742188
-105.85063934326172
-99.03323364257812
-104.38311004638672
-105.2474594116211
-106.83456420898438
-108.89437103271484
-102.81920623779297
-104.09801483154297
-104.93218231201172
-102.68651580810547
-107.45404815673828
-102.7820816040039
-101.97098541259766
-103.98389434814453
-101.26886749267578
-104.99864196777344
-101.14058685302734
-102.6583480834961
-103.14915466308594
-98.07623291015625
-109.95936584472656
-105.11231231689453
-106.13268280029297
-99.70916748046875
-100.83014678955078
-95.6442642211914
-101.21410369873047
-101.2315444946289
-99.32600402832031
-100.11396026611328
-99.21017456054688
-105.83043670654297
-102.46942138671875
-99.90635681152344
-104.64929962158203
-106.06793212890625
-101.676025390625
-98.12020111083984
-99.08915710449219
-103.78612518310547
-99.70637512207031
-102.27348327636719
-98.96611022949219
-96.54139709472656
-107.4590835571289
-98.1034164428711
-100.71833801269531
-104.48968505859375
-100.01625061035156
-102.70056915283203
-97.2906494140625
-100.41707611083984
-110.38219451904297
-99.09967803955078
-100.70831298828125
-103.65299224853516
-104.12580871582031
-110.21829986572266
-104.38636779785156
-105.08224487304688
-99.23761749267578
-96.81082153320312
-97.78350830078125
-107.06869506835938
-99.86012268066406
-98.8927001953125
-104.4169921875
-102.53947448730469
-96.46400451660156
-100.1739273071289
-106.09223175048828
-98.23147583007812
-99.81810760498047
-103.07727813720703
-99.32475280761719
-98.67083740234375
-107.64347839355469
-99.1930160522461
-106.99575805664062
-97.46002197265625
-100.44873809814453
-97.87333679199219
-105.98834228515625
-100.84907531738281
-101.01837158203125
-101.15398406982422
-102.6159896850586
-104.20392608642578
-100.99628448486328
-106.7613754272461
-91.87779235839844
-101.80912017822266
-98.78331756591797
-103.47442626953125
-98.77145385742188
-98.40052795410156
-104.75753784179688
-100.55323028564453
-106.31253051757812
-100.77335357666016
-101.88253784179688
-110.1824951171875
-102.9905776977539
-106.55415344238281
-103.98703002929688
-107.44503021240234
-98.69932556152344
-104.27310943603516
-98.3192138671875
-109.71832275390625
-94.12062072753906
-101.85543823242188
-106.26593017578125
-105.79056549072266
-105.04154205322266
-97.17344665527344
-96.81753540039062
-104.07962036132812
-99.49266815185547
-100.07964324951172
-102.30919647216797
-100.8508071899414
-98.99546813964844
-101.14921569824219
-107.15728759765625
-99.03924560546875
-99.8358154296875
-92.89400482177734
-99.56903076171875
-101.64970397949219
-96.54229736328125
-106.59848022460938
-99.35098266601562
-101.2607421875
-95.68096160888672
-104.95006561279297
-105.74601745605469
-100.62199401855469
-99.5641860961914
-99.20552062988281
-106.45669555664062
-100.32353210449219
-103.49291229248047
-99.06997680664062
-99.36652374267578
-97.27079010009766
-100.87348937988281
-102.46434020996094
-102.33531188964844
-96.959716796875
-99.70218658447266
-102.6123275756836
-101.0018081665039
-105.13090515136719
-100.75094604492188
-103.5280532836914
-103.74493408203125
-102.89520263671875
-105.0533676147461
-107.93656921386719
-100.43628692626953
-98.60195922851562
-98.46034240722656
-99.29309844970703
-100.40322875976562
-106.09300231933594
-99.64946746826172
-102.62207794189453
-99.46942901611328
-101.91401672363281
-104.0889663696289
-99.55484008789062
-102.89863586425781
-100.7840347290039
-107.82064056396484
-99.08439636230469
-99.71855926513672
-101.04454803466797
-103.48919677734375
-102.7751235961914
-107.03324890136719
-107.33244323730469
-98.51265716552734
-102.33660888671875
-103.44376373291016
-98.6719970703125
-104.14437103271484
-108.49011993408203
-101.3058853149414
-97.459228515625
-105.82444763183594
-105.54460144042969
-98.94436645507812
-101.4133071899414
-98.5508804321289
-107.88152313232422
-104.54103088378906
-107.17062377929688
-96.71336364746094
-101.4248275756836
-100.84038543701172
-104.75127410888672
-104.42208862304688
-104.26109313964844
-105.23040771484375
-106.17772674560547
-99.99295806884766
-105.0598373413086
-101.8741455078125
-98.33216857910156
-101.962158203125
-107.15133666992188
-107.74470520019531
-103.03821563720703
-100.32671356201172
-100.92134094238281
-105.80433654785156
-99.35833740234375
-97.76387786865234
-99.28972625732422
-106.69746398925781
-95.26563262939453
-104.04047393798828
-97.48409271240234
-109.91996002197266
-106.72776794433594
-101.69903564453125
-105.43035888671875
-102.57373809814453
-103.91851806640625
-99.46385955810547
-102.09112548828125
-102.57481384277344
-99.26644897460938
-96.16290283203125
-98.60677337646484
-96.60942077636719
-102.09957122802734
-101.76410675048828
-100.26129913330078
-105.36016845703125
-99.84786224365234
-101.903564453125
-99.66333770751953
-96.9984359741211
-106.75147247314453
-104.85993957519531
-101.47443389892578
-103.04270935058594
-104.18704986572266
-104.58782958984375
-99.27477264404297
-99.51134490966797
-102.39434814453125
-98.5846939086914
-103.6966552734375
-100.47168731689453
-96.70008087158203
-101.21903228759766
-99.17219543457031
-108.80699157714844
-106.20469665527344
-101.80586242675781
-100.18572235107422
-101.7463150024414
-99.06475830078125
-100.93589782714844
-101.3662338256836
-96.60784149169922
-99.201904296875
-100.9759521484375
-96.85488891601562
-100.74267578125
-107.66224670410156
-101.03475189208984
-101.577392578125
-107.09296417236328
-103.3818130493164
-102.21018981933594
-106.55612182617188
-99.33438873291016
-97.59382629394531
-103.4792709350586
-105.29683685302734
-101.51691436767578
-98.77835083007812
-107.80192565917969
-103.18515014648438
-105.25898742675781
-108.47830200195312
-101.74727630615234
-100.53380584716797
-95.26201629638672
-98.67028045654297
-99.0655288696289
-98.26438903808594
-101.95136260986328
-103.61139678955078
-112.9577865600586
-102.47933197021484
-109.17032623291016
-107.8946533203125
-101.2362289428711
-99.617431640625
-103.65988159179688
-99.9471664428711
-100.09563446044922
-105.2226333618164
-97.45886993408203
-105.78475952148438
-101.11541748046875
-96.17086791992188
-99.82233428955078
-106.64117431640625
-101.31280517578125
-100.5240249633789
-104.91297149658203
-104.68157958984375
-104.73218536376953
-98.00470733642578
-99.89697265625
-105.80814361572266
-98.19104766845703
-97.6261215209961
-105.30806732177734
-104.23604583740234
-105.62494659423828
-104.57064056396484
-102.89464569091797
-100.57658386230469
-104.72509765625
-104.05630493164062
-101.65444946289062
-100.29252624511719
-99.79505157470703
-103.7022705078125
-102.73638916015625
-98.001220703125
-102.73747253417969
-94.77006530761719
-101.02253723144531
-101.31356048583984
-103.48245239257812
-102.23612976074219
-96.64347839355469
-100.80278015136719
-101.50696563720703
-97.4883041381836
-100.89591217041016
-109.97543334960938
-106.4239730834961
-101.13871002197266
-103.54612731933594
-103.58880615234375
-100.19514465332031
-104.99373626708984
-102.72293853759766
-98.95559692382812
-100.67670440673828
-101.78196716308594
-97.8652114868164
-102.84371948242188
-101.26979064941406
-101.6576919555664
-99.38056945800781
-100.55488586425781
-104.13944244384766
-106.94144439697266
-99.70343017578125
-101.12899780273438
-106.65602111816406
-102.30184173583984
-107.12628173828125
-99.36203002929688
-99.87350463867188
-107.78025817871094
-97.19882202148438
-99.73358917236328
-106.41895294189453
-101.33468627929688
-103.24596405029297
-104.58979034423828
-106.21160125732422
-98.46520233154297
-102.58726501464844
-102.61674499511719
-96.95402526855469
-102.54948425292969
-104.25259399414062
-99.27780151367188
-98.82649993896484
-106.03699493408203
-103.48363494873047
-101.62384033203125
-99.01092529296875
-100.81710052490234
-105.64541625976562
-102.25029754638672
-102.321533203125
-99.6195068359375
-101.1709976196289
-97.37813568115234
-101.72575378417969
-102.37249755859375
-104.07598876953125
-99.93770599365234
-106.77916717529297
-98.96345520019531
-101.779541015625
-96.56727600097656
-100.01716613769531
-98.046630859375
-99.03016662597656
-102.37176513671875
-93.7465591430664
-102.81361389160156
-105.5619888305664
-101.86408996582031
-100.55960083007812
-107.01349639892578
-110.31600189208984
-98.05703735351562
-97.7637710571289
-105.84429931640625
-104.9404067993164
-97.13663482666016
-104.12808227539062
-100.30958557128906
-99.63670349121094
-100.21133422851562
-100.11080932617188
-103.27940368652344
-104.01139831542969
-96.94004821777344
-100.21534729003906
-103.81571197509766
-96.40058898925781
-92.97620391845703
-99.48621368408203
-98.40814208984375
-102.32110595703125
-99.47608947753906
-101.82508087158203
-106.54766082763672
-101.47802734375
-98.94808959960938
-103.25708770751953
-102.2149887084961
-103.5614013671875
-100.95502471923828
-109.09913635253906
-97.84153747558594
-101.58895874023438
-101.33744049072266
-105.2283935546875
-101.41949462890625
-100.5947265625
-102.92005157470703
-99.62633514404297
-105.73344421386719
-99.0947494506836
-100.58491516113281
-102.47657775878906
-101.64369201660156
-104.69117736816406
-102.17002868652344
-106.58221435546875
-101.9418716430664
-102.36337280273438
-104.52857208251953
-100.0908203125
-103.36236572265625
-103.54266357421875
-105.82034301757812
-100.24301147460938
-96.20750427246094
-96.97470092773438
-103.9997787475586
-107.13565826416016
-102.57231140136719
-94.83256530761719
-103.11866760253906
-105.06306457519531
-105.62554931640625
-103.1378402709961
-102.1735610961914
-100.17728424072266
-104.86229705810547
-100.39268493652344
-103.01160430908203
-102.32115936279297
-101.65308380126953
-99.85420227050781
-99.52042388916016
-94.47315216064453
-102.11463928222656
-103.72176361083984
-104.56854248046875
-103.65516662597656
-104.4293212890625
-99.24856567382812
-100.10445404052734
-103.92813873291016
-98.18048858642578
-105.09722900390625
-100.63081359863281
-103.24834442138672
-94.55097961425781
-100.21783447265625
-103.67106628417969
-101.09382629394531
-102.00794219970703
-104.66681671142578
-100.58345794677734
-102.33901977539062
-98.50685119628906
-102.05558013916016
-102.17485809326172
-103.41020965576172
-105.76114654541016
-105.95248413085938
-101.93238067626953
-101.81377410888672
-100.69839477539062
-106.81754302978516
-96.95864868164062
-107.76953887939453
-100.87138366699219
-103.92970275878906
-100.46744537353516
-97.37836456298828
-101.96349334716797
-101.21283721923828
-102.9600830078125
-106.99095153808594
-105.42644500732422
-101.5765609741211
-99.98845672607422
-107.24964904785156
-100.82066345214844
-104.43173217773438
-107.60716247558594
-105.83914184570312
-103.5316390991211
-105.62920379638672
-100.86715698242188
-104.65255737304688
-99.83003234863281
-101.70024871826172
-105.156494140625
-105.41228485107422
-104.2750244140625
-106.91806030273438
-103.06729125976562
-102.25811767578125
-104.47980499267578
-102.52006530761719
-98.55931854248047
-106.83549499511719
-98.75543212890625
-104.78910064697266
-102.57307434082031
-97.77369689941406
-103.70610809326172
-103.18647766113281
-99.85206604003906
-100.49551391601562
-104.53813934326172
-104.15116119384766
-103.85283660888672
-108.6001968383789
-95.66373443603516
-103.2571029663086
-96.82573699951172
-105.13998413085938
-97.08082580566406
-98.3501968383789
-102.8700942993164
-104.42506408691406
-103.68666076660156
-102.58895111083984
-100.81598663330078
-103.96104431152344
-104.39616394042969
-104.52251434326172
