-107.73319244384766
-117.87784576416016
-108.90515899658203
-115.22753143310547
-116.14241027832031
-114.57461547851562
-107.54850006103516
-101.79804229736328
-114.53722381591797
-105.88185119628906
-114.79296112060547
-110.05175018310547
-116.19865417480469
-113.2462158203125
-110.83533477783203
-105.06770324707031
-107.76148986816406
-113.92293548583984
-113.14912414550781
-105.92022705078125
-112.73334503173828
-107.25122833251953
-111.11331939697266
-111.9001235961914
-115.48343658447266
-115.95439910888672
-105.53739929199219
-116.40546417236328
-105.68690490722656
-107.61875915527344
-113.95941162109375
-121.4610824584961
-115.71065521240234
-117.63728332519531
-115.40985870361328
-107.37334442138672
-108.19202423095703
-110.00067138671875
-112.95362091064453
-109.00797271728516
-105.11541748046875
-105.25392150878906
-115.42874908447266
-109.65316772460938
-108.20548248291016
-115.2536392211914
-112.08644104003906
-111.04839324951172
-110.8118667602539
-110.39002227783203
-107.62132263183594
-108.88031768798828
-109.57743835449219
-119.90897369384766
-115.4348373413086
-111.74015808105469
-114.73085021972656
-107.13278198242188
-104.69772338867188
-117.29597473144531
-111.62500762939453
-113.32318878173828
-106.54780578613281
-110.83747863769531
-111.94316864013672
-105.76644897460938
-112.0816421508789
-112.94602966308594
-111.78150177001953
-108.33016204833984
-109.0864486694336
-106.37842559814453
-106.87520599365234
-116.89252471923828
-110.98591613769531
-114.51531219482422
-107.72035217285156
-113.17850494384766
-109.56511688232422
-114.28002166748047
-107.81159973144531
-110.0407943725586
-103.47319030761719
-111.05996704101562
-113.48359680175781
-110.17367553710938
-113.23426055908203
-104.4623031616211
-112.85902404785156
-106.88737487792969
-109.14196014404297
-109.30374908447266
-109.71089172363281
-111.3282241821289
-115.17489624023438
-110.07866668701172
-111.8883056640625
-109.74244689941406
-110.0816879272461
-109.53614807128906
-111.43299102783203
-100.06730651855469
-113.77287292480469
-114.47036743164062
-108.28165435791016
-114.69652557373047
-112.09424591064453
-106.33440399169922
-109.44090270996094
-104.39132690429688
-111.18550109863281
-100.92436218261719
-111.33251953125
-105.61970520019531
-109.89998626708984
-107.5431137084961
-112.7391128540039
-108.36962127685547
-108.15798950195312
-104.78441619873047
-116.1223373413086
-111.28266906738281
-111.44525909423828
-107.81507873535156
-102.02359771728516
-112.47615051269531
-109.85464477539062
-104.70721435546875
-109.85482025146484
-110.09864044189453
-103.35382080078125
-112.83161926269531
-104.917236328125
-109.82134246826172
-103.81937408447266
-106.94216918945312
-106.30027770996094
-110.31439971923828
-108.9777603149414
-107.17031860351562
-110.9217758178711
-112.39701080322266
-106.21464538574219
-110.1362533569336
-109.85802459716797
-107.18598937988281
-110.31501007080078
-110.29957580566406
-115.11662292480469
-111.52974700927734
-118.36554718017578
-104.01364135742188
-113.92422485351562
-111.63021850585938
-115.82401275634766
-115.87184143066406
-118.70882415771484
-111.50897979736328
-114.31351470947266
-105.4312744140625
-109.62933349609375
-110.26779174804688
-112.31610107421875
-109.09617614746094
-104.8065414428711
-107.87174987792969
-111.79618835449219
-116.97522735595703
-116.15927124023438
-112.33924865722656
-110.96475982666016
-101.30072021484375
-113.70252227783203
-109.46969604492188
-104.06543731689453
-110.82923126220703
-108.31465911865234
-107.80839538574219
-111.4099349975586
-104.86410522460938
-109.8637924194336
-115.7219009399414
-108.27134704589844
-108.15263366699219
-103.73619842529297
-112.18199157714844
-106.76362609863281
-110.67745208740234
-110.47540283203125
-110.18797302246094
-113.37583923339844
-105.9560546875
-105.05066680908203
-110.3698959350586
-104.99527740478516
-109.81792449951172
-108.65849304199219
-112.27073669433594
-105.06220245361328
-108.86994171142578
-106.51959228515625
-108.8387451171875
-113.05672454833984
-103.67620849609375
-110.37140655517578
-113.88385009765625
-116.1069107055664
-104.6845474243164
-102.76050567626953
-113.49911499023438
-108.28275299072266
-108.36915588378906
-108.43260192871094
-117.0872573852539
-109.74455261230469
-110.40087890625
-112.44754791259766
-107.16610717773438
-112.07078552246094
-107.06880950927734
-104.77531433105469
-114.33844757080078
-108.06063079833984
-114.93375396728516
-112.3824462890625
-113.61003112792969
-113.72177124023438
-111.92250061035156
-111.59634399414062
-112.27042388916016
-118.6360092163086
-119.44129180908203
-112.35456848144531
-110.86866760253906
-111.47953796386719
-104.70783233642578
-113.34375
-112.459716796875
-114.0192642211914
-108.81047058105469
-111.87157440185547
-108.93556213378906
-110.26519012451172
-112.57894897460938
-110.81449127197266
-109.36384582519531
-110.08053588867188
-111.56680297851562
-108.5030517578125
-105.21660614013672
-114.06987762451172
-110.6821517944336
-107.67955017089844
-103.22718811035156
-108.0707015991211
-108.46006774902344
-110.7673110961914
-118.1224365234375
-107.90754699707031
-113.3869400024414
-113.66542053222656
-107.83334350585938
-109.90789031982422
-106.12761688232422
-106.14014434814453
-111.01126861572266
-110.65931701660156
-102.92225646972656
-104.28521728515625
-110.15838623046875
-107.01862335205078
-110.84492492675781
-108.19063568115234
-111.83241271972656
-105.19873046875
-109.34532928466797
-111.31622314453125
-103.09357452392578
-108.44680786132812
-112.24555206298828
-102.10216522216797
-106.92447662353516
-110.7550048828125
-106.35279846191406
-104.69392395019531
-112.59098815917969
-107.28053283691406
-112.07415771484375
-111.66683197021484
-111.23416900634766
-111.25827026367188
-105.68594360351562
-108.29081726074219
-112.08163452148438
-110.3201675415039
-112.14434051513672
-108.12699127197266
-111.83003997802734
-111.53138732910156
-107.09573364257812
-108.72765350341797
-109.48486328125
-114.72840881347656
-111.01665496826172
-115.18502044677734
-106.24523162841797
-106.10150146484375
-114.07391357421875
-112.11238098144531
-110.46676635742188
-113.13871765136719
-110.35686492919922
-108.85719299316406
-110.187744140625
-104.41280364990234
-108.80387115478516
-106.48026275634766
-112.77779388427734
-110.08087921142578
-108.71110534667969
-108.56232452392578
-115.5096206665039
-104.74749755859375
-104.0597152709961
-105.67578125
-111.98444366455078
-114.58155059814453
-106.47882843017578
-115.36955261230469
-111.2532730102539
-110.18672943115234
-107.11158752441406
-109.11109161376953
-111.49903869628906
-116.0534439086914
-114.75708770751953
-110.36279296875
-109.51914978027344
-107.0147705078125
-113.8914794921875
-114.94279479980469
-110.25623321533203
-115.66192626953125
-107.01765441894531
-112.1604232788086
-106.91759490966797
-106.60397338867188
-109.02013397216797
-109.54825592041016
-115.34146118164062
-109.7587661743164
-110.8786392211914
-113.33680725097656
-113.15367126464844
-106.87682342529297
-113.029296875
-110.25454711914062
-114.72367095947266
-116.06039428710938
-111.80801391601562
-112.24295043945312
-112.04386901855469
-111.3733901977539
-113.81062316894531
-109.25594329833984
-108.9371337890625
-111.73380279541016
-107.79964447021484
-112.29188537597656
-108.91667938232422
-108.73063659667969
-111.11640930175781
-104.53465270996094
-116.18655395507812
-111.06616973876953
-113.34931182861328
-106.49565887451172
-106.48899841308594
-102.34376525878906
-107.75968170166016
-109.4432373046875
-106.6055679321289
-106.69691467285156
-105.4755630493164
-112.55196380615234
-109.5267333984375
-107.11578369140625
-112.25191497802734
-113.65882873535156
-108.86311340332031
-105.34085845947266
-105.67058563232422
-110.97676849365234
-106.62372589111328
-108.78752899169922
-105.98406982421875
-102.58145904541016
-115.25859832763672
-105.34660339355469
-107.99702453613281
-109.92943572998047
-106.14434814453125
-111.0146255493164
-103.2018814086914
-106.77063751220703
-117.400634765625
-105.42256164550781
-106.97329711914062
-111.592041015625
-111.8411865234375
-117.38954162597656
-112.22701263427734
-113.80904388427734
-106.64876556396484
-104.705810546875
-103.81598663330078
-116.1589126586914
-107.3726806640625
-104.99773406982422
-109.51066589355469
-110.51802825927734
-102.98160552978516
-106.49673461914062
-113.45185852050781
-105.16529083251953
-106.59253692626953
-109.71452331542969
-107.34163665771484
-104.83708953857422
-116.30062866210938
-105.71756744384766
-114.51079559326172
-104.39568328857422
-106.94451141357422
-104.17057037353516
-113.03721618652344
-107.49231719970703
-108.320556640625
-108.77445220947266
-108.03311157226562
-110.6565170288086
-107.31427764892578
-112.8645248413086
-99.09798431396484
-109.611083984375
-105.04611206054688
-110.47956085205078
-106.68485260009766
-105.74610900878906
-112.00448608398438
-106.2567367553711
-113.4026107788086
-106.99445343017578
-109.1668701171875
-115.85317993164062
-109.7427749633789
-113.28266143798828
-111.4334487915039
-113.998046875
-104.68115234375
-110.4712142944336
-105.0282974243164
-116.21694946289062
-100.39208221435547
-109.28636932373047
-112.40766906738281
-114.317626953125
-110.41693878173828
-104.64698028564453
-102.53398895263672
-109.99807739257812
-106.5583267211914
-105.74003601074219
-109.49993896484375
-106.48918151855469
-105.56004333496094
-107.50247955322266
-113.4173583984375
-105.09598541259766
-107.43265533447266
-99.54540252685547
-106.79986572265625
-107.88871765136719
-102.31909942626953
-114.16480255126953
-106.20159912109375
-107.847412109375
-102.77098083496094
-111.75277709960938
-112.39679718017578
-107.67504119873047
-105.5674057006836
-106.35478210449219
-112.94090270996094
-106.25741577148438
-110.64022827148438
-104.8215103149414
-106.31857299804688
-103.82879638671875
-105.48111724853516
-107.69078063964844
-108.08056640625
-103.00831604003906
-105.07880401611328
-110.54198455810547
-107.18895721435547
-111.90937042236328
-107.20834350585938
-109.7492904663086
-110.6750259399414
-108.79119110107422
-112.48249053955078
-115.04053497314453
-104.81541442871094
-104.4567642211914
-104.2041015625
-105.6756591796875
-105.94889068603516
-113.04435729980469
-106.13525390625
-109.31257629394531
-106.0958023071289
-108.68894958496094
-108.92888641357422
-104.98953247070312
-108.4810562133789
-107.16024017333984
-115.07467651367188
-106.12052154541016
-104.70489501953125
-108.21574401855469
-111.99053192138672
-109.7873306274414
-112.86812591552734
-113.27349090576172
-104.36946105957031
-108.45614624023438
-109.26947784423828
-105.92890930175781
-109.71016693115234
-114.97539520263672
-107.95283508300781
-102.68955993652344
-111.70201873779297
-111.66012573242188
-103.92866516113281
-107.66886138916016
-105.02510070800781
-115.72882080078125
-111.42720794677734
-113.14920043945312
-103.89143371582031
-108.33247375488281
-107.33885192871094
-111.30388641357422
-110.8892593383789
-109.42845153808594
-110.8675765991211
-111.91087341308594
-107.25859069824219
-112.24784851074219
-108.9945068359375
-105.13775634765625
-109.67668151855469
-114.2861557006836
-115.78582000732422
-109.94686126708984
-105.65604400634766
-106.30365753173828
-112.52166748046875
-106.58051300048828
-103.57856750488281
-106.85407257080078
-114.49461364746094
-101.66641235351562
-112.59236145019531
-104.37675476074219
-116.58528137207031
-114.23281860351562
-108.35955810546875
-110.90657043457031
-110.87260437011719
-111.15713500976562
-107.12605285644531
-108.91246795654297
-109.22854614257812
-106.62496185302734
-102.40852355957031
-105.1099853515625
-102.82709503173828
-108.55316162109375
-107.71098327636719
-106.28843688964844
-110.6784439086914
-105.95085906982422
-109.15762329101562
-105.36943817138672
-103.5471420288086
-113.68392944335938
-111.74626922607422
-107.40011596679688
-109.84657287597656
-111.61270904541016
-110.3714828491211
-105.61624908447266
-105.95037841796875
-108.50249481201172
-104.11449432373047
-110.35562133789062
-106.76914978027344
-102.81845092773438
-108.20535278320312
-107.16323852539062
-115.3499755859375
-113.0023193359375
-107.07855987548828
-106.08841705322266
-107.79480743408203
-104.86744689941406
-105.67666625976562
-107.8804702758789
-103.612060546875
-105.41122436523438
-107.4356918334961
-103.50113677978516
-107.95352935791016
-113.1076889038086
-106.95443725585938
-107.86689758300781
-112.76368713378906
-110.28788757324219
-108.55570220947266
-112.701416015625
-106.55329895019531
-103.87019348144531
-110.50223541259766
-111.49838256835938
-108.76530456542969
-104.51378631591797
-113.95153045654297
-109.99773406982422
-112.6915512084961
-114.94357299804688
-109.55951690673828
-106.54086303710938
-101.58596801757812
-106.91173553466797
-104.9204330444336
-105.27976989746094
-107.86518096923828
-108.03956604003906
-119.70401000976562
-108.55406188964844
-117.0253677368164
-113.66828918457031
-106.94364929199219
-104.87891387939453
-110.31562042236328
-105.78453063964844
-105.70878601074219
-111.84735107421875
-102.75507354736328
-113.2074966430664
-108.19200897216797
-102.03738403320312
-105.9161376953125
-111.82245635986328
-107.41483306884766
-106.84623718261719
-111.89305877685547
-110.77271270751953
-110.30936431884766
-105.67888641357422
-105.28900909423828
-111.59059143066406
-104.95074462890625
-102.81707000732422
-113.04483032226562
-111.72232055664062
-112.09741973876953
-111.03215026855469
-109.24856567382812
-106.10025787353516
-110.67316436767578
-110.38207244873047
-106.26029205322266
-105.33402252197266
-105.14742279052734
-109.91714477539062
-109.04031372070312
-102.77003479003906
-109.76756286621094
-99.05001068115234
-105.67225646972656
-107.37818908691406
-109.08135986328125
-109.77408599853516
-102.58837890625
-107.7511978149414
-107.51789855957031
-103.60359191894531
-109.1366195678711
-116.77906799316406
-112.46580505371094
-107.27900695800781
-108.2846908569336
-109.3501205444336
-106.2612075805664
-109.38369750976562
-107.55445861816406
-104.90351104736328
-109.01148223876953
-107.19378662109375
-104.2018051147461
-107.28829193115234
-106.06852722167969
-107.68672180175781
-104.72173309326172
-108.03543090820312
-110.0824203491211
-114.15679168701172
-105.05314636230469
-107.71257019042969
-111.56491088867188
-108.94369506835938
-112.54256439208984
-104.87663269042969
-107.52643585205078
-114.2137222290039
-103.23716735839844
-105.37831115722656
-112.8015365600586
-106.813720703125
-109.46529388427734
-109.53462219238281
-112.6312484741211
-104.33721160888672
-108.2134017944336
-107.7338638305664
-102.2159423828125
-107.61962890625
-108.83866119384766
-105.24887084960938
-104.77225494384766
-111.97683715820312
-110.30448913574219
-107.87877655029297
-104.54910278320312
-107.32494354248047
-111.85910034179688
-110.5290298461914
-108.02709197998047
-105.62483978271484
-107.03337097167969
-103.626953125
-108.24972534179688
-109.07099151611328
-109.33309936523438
-105.9896469116211
-114.19976043701172
-105.30447387695312
-106.69049072265625
-102.73131561279297
-106.48313903808594
-104.46769714355469
-105.37660217285156
-107.40912628173828
-99.33256530761719
-109.23826599121094
-111.54783630371094
-107.96117401123047
-105.93579864501953
-113.01820373535156
-118.57552337646484
-104.51387023925781
-103.38383483886719
-111.7500228881836
-110.39859008789062
-104.95049285888672
-110.18936920166016
-106.65314483642578
-104.16541290283203
-106.21683502197266
-106.2928466796875
-108.32549285888672
-108.60587310791016
-102.97169494628906
-105.95404052734375
-110.47564697265625
-101.83991241455078
-99.98340606689453
-105.78483581542969
-104.19190216064453
-108.89139556884766
-104.78336334228516
-108.20638275146484
-112.85977935791016
-109.12776184082031
-106.0537338256836
-108.66202545166016
-107.78495788574219
-109.34326171875
-107.657958984375
-113.81967163085938
-103.60497283935547
-106.16426086425781
-107.96856689453125
-111.91506958007812
-107.23072052001953
-107.17530822753906
-106.6722183227539
-105.43704223632812
-112.53279876708984
-103.55667114257812
-107.44041442871094
-108.98562622070312
-107.28301239013672
-111.83509826660156
-107.66339874267578
-112.78642272949219
-108.2768783569336
-108.38604736328125
-110.85072326660156
-106.390869140625
-110.01943969726562
-108.19017028808594
-111.07564544677734
-106.969482421875
-103.27533721923828
-102.55534362792969
-111.05709838867188
-113.87770080566406
-107.6816177368164
-101.01638793945312
-109.81031799316406
-111.5114517211914
-111.67900848388672
-109.74324035644531
-107.80362701416016
-105.20046997070312
-111.31934356689453
-105.77404022216797
-109.09483337402344
-108.63168334960938
-106.65472412109375
-104.788818359375
-105.71461486816406
-100.63008117675781
-108.22772979736328
-110.1620864868164
-110.28596496582031
-107.96209716796875
-109.23794555664062
-105.1545181274414
-105.98512268066406
-110.10650634765625
-105.79914855957031
-111.32493591308594
-106.29527282714844
-108.29283142089844
-100.04934692382812
-105.6129379272461
-109.00982666015625
-108.06199645996094
-107.00579071044922
-109.75177764892578
-106.17259979248047
-107.27027130126953
-103.75182342529297
-106.53450012207031
-107.0447998046875
-108.2353744506836
-111.88607788085938
-111.97615814208984
-107.62129211425781
-106.4788589477539
-104.82469177246094
-111.86038208007812
-100.88853454589844
-112.71833038330078
-107.8338851928711
-109.94113159179688
-105.0697021484375
-103.77770233154297
-107.50518798828125
-107.42984008789062
-107.49222564697266
-112.83865356445312
-110.53379821777344
-106.87258911132812
-105.11489868164062
-112.57707214355469
-106.07669830322266
-110.0148696899414
-113.61259460449219
-110.27584075927734
-109.5028305053711
-112.0499496459961
-106.16044616699219
-111.38744354248047
-105.00035858154297
-108.24002838134766
-110.12474822998047
-112.3984146118164
-109.41780853271484
-111.09915161132812
-107.3440933227539
-107.1319808959961
-109.46019744873047
-108.92916870117188
-104.69092559814453
-111.96800231933594
-104.2806167602539
-111.3458251953125
-107.40858459472656
-103.20350646972656
-109.71708679199219
-109.6162109375
-107.60884094238281
-105.6074447631836
-111.31311798095703
-109.15739440917969
-109.13433837890625
-113.6927719116211
-100.91576385498047
-108.02664947509766
-100.96444702148438
-110.1524429321289
-102.52916717529297
-103.84542083740234
-109.43815612792969
-109.87454986572266
-110.52571105957031
-109.01820373535156
-107.04594421386719
-109.0337142944336
-109.73239135742188
-109.26981353759766
