-102.55157470703125
-110.59905242919922
-105.55874633789062
-109.5401611328125
-110.935791015625
-108.9331283569336
-102.39068603515625
-96.65125274658203
-108.94025421142578
-101.31848907470703
-109.19888305664062
-104.9555435180664
-110.9145736694336
-108.81655883789062
-105.21491241455078
-100.52428436279297
-102.03099060058594
-108.92922973632812
-106.8614273071289
-101.84135437011719
-108.17939758300781
-102.40595245361328
-105.52267456054688
-106.94782257080078
-109.68548583984375
-110.70655059814453
-100.41610717773438
-109.16141510009766
-101.74821472167969
-103.27291870117188
-107.3448715209961
-116.29080200195312
-111.2037582397461
-112.10014343261719
-110.74114990234375
-103.1418685913086
-102.74443054199219
-105.90979766845703
-106.87257385253906
-104.05583190917969
-100.54491424560547
-100.34712219238281
-108.64659881591797
-104.70115661621094
-103.22138214111328
-110.4849853515625
-106.76022338867188
-106.95003509521484
-105.12679290771484
-104.84566497802734
-102.64692687988281
-104.01941680908203
-103.54937744140625
-114.80484008789062
-109.77493286132812
-105.74971771240234
-108.4149398803711
-102.13546752929688
-99.01439666748047
-111.36308288574219
-107.28549194335938
-108.94548797607422
-102.90354919433594
-106.09660339355469
-106.65885925292969
-99.39216613769531
-105.83055877685547
-107.27513885498047
-106.50737762451172
-103.40680694580078
-105.0917739868164
-101.44319915771484
-101.21234130859375
-111.33193969726562
-106.04512023925781
-109.18877410888672
-103.43965911865234
-108.2830581665039
-105.58860778808594
-107.3598403930664
-102.96748352050781
-105.57093048095703
-99.09899139404297
-105.33660888671875
-109.33405303955078
-105.35391235351562
-107.72377014160156
-101.31004333496094
-109.91932678222656
-102.76599884033203
-103.09178924560547
-105.50735473632812
-105.77386474609375
-106.90258026123047
-110.3536148071289
-104.87203216552734
-106.71674346923828
-104.26789093017578
-105.40494537353516
-105.58119201660156
-106.50804901123047
-95.56658172607422
-108.7624282836914
-107.94734191894531
-104.11915588378906
-110.77843475341797
-107.10150909423828
-101.86974334716797
-105.66366577148438
-99.44342803955078
-105.82406616210938
-96.08314514160156
-105.3424072265625
-100.65658569335938
-105.12825775146484
-102.29106903076172
-107.97897338867188
-104.67543029785156
-103.34627532958984
-99.34344482421875
-110.52742767333984
-107.16305541992188
-107.33880615234375
-104.35324096679688
-97.69725036621094
-108.69723510742188
-106.45748138427734
-101.12859344482422
-105.5814208984375
-104.59771728515625
-99.11527252197266
-108.15357208251953
-99.7519302368164
-105.06716918945312
-99.35428619384766
-101.59506225585938
-101.08098602294922
-106.01927947998047
-105.00260925292969
-102.38946533203125
-106.1774673461914
-106.89762878417969
-103.2118148803711
-105.4494400024414
-106.04935455322266
-103.25614166259766
-104.93292236328125
-104.33753204345703
-111.09370422363281
-108.02167510986328
-111.67279815673828
-99.90499877929688
-109.47284698486328
-107.78087615966797
-109.7154312133789
-110.82797241210938
-113.81476593017578
-106.50265502929688
-108.41669464111328
-100.56309509277344
-105.57884216308594
-106.6763916015625
-107.18476867675781
-102.48931884765625
-100.76468658447266
-102.06501770019531
-107.06678009033203
-111.4557113647461
-111.47465515136719
-106.80712127685547
-105.50515747070312
-96.55877685546875
-108.20310974121094
-104.53273010253906
-99.82586669921875
-104.49762725830078
-103.9713363647461
-102.85454559326172
-107.18782806396484
-99.74761199951172
-106.30068969726562
-110.34085083007812
-102.96455383300781
-103.79632568359375
-99.17096710205078
-107.6421890258789
-102.06388854980469
-105.6554183959961
-105.70713806152344
-105.71380615234375
-109.62248229980469
-101.49679565429688
-102.59805297851562
-105.70454406738281
-101.06787109375
-105.34949493408203
-103.87609100341797
-107.58966064453125
-99.82291412353516
-103.86731719970703
-102.75653839111328
-104.58673095703125
-109.08170318603516
-99.23728942871094
-104.52327728271484
-108.26290130615234
-111.8408203125
-100.56807708740234
-99.24205780029297
-108.44607543945312
-103.19313049316406
-104.88367462158203
-102.9174575805664
-111.24188995361328
-105.84260559082031
-107.40637969970703
-109.34803009033203
-102.92426300048828
-107.09349060058594
-103.64754486083984
-101.61263275146484
-110.94296264648438
-103.36002349853516
-110.87258911132812
-107.76338195800781
-108.71564483642578
-108.9286880493164
-107.1279067993164
-107.54546356201172
-107.87454223632812
-113.48312377929688
-113.03404235839844
-107.6219482421875
-108.0177001953125
-107.06968688964844
-99.75968933105469
-108.58570098876953
-108.70396423339844
-108.50072479248047
-105.84639739990234
-108.85919189453125
-105.91677856445312
-105.84222412109375
-107.887451171875
-106.18733978271484
-105.95842742919922
-105.34761810302734
-106.50292205810547
-104.11454772949219
-101.58930969238281
-109.55118560791016
-105.55062103271484
-102.20023345947266
-98.98123168945312
-104.95990753173828
-104.51473236083984
-107.56415557861328
-113.48821258544922
-104.0063247680664
-107.11325073242188
-109.036865234375
-104.63143157958984
-105.51194763183594
-101.99468231201172
-102.41632843017578
-106.1501235961914
-105.7786865234375
-98.64290618896484
-101.10746765136719
-105.63115692138672
-102.49618530273438
-105.71764373779297
-104.97181701660156
-107.7037124633789
-99.92332458496094
-104.26673889160156
-108.24539947509766
-99.11505889892578
-103.0241470336914
-108.35420227050781
-99.52975463867188
-102.5882797241211
-105.29259490966797
-102.73910522460938
-100.7435302734375
-107.2613525390625
-103.68701171875
-107.58300018310547
-107.24789428710938
-106.50631713867188
-106.53726196289062
-102.66221618652344
-103.4767837524414
-107.54615783691406
-107.02855682373047
-107.52191162109375
-103.78607177734375
-107.68704223632812
-106.42879486083984
-102.93330383300781
-103.53767395019531
-105.16141510009766
-110.07402038574219
-107.0859146118164
-111.07109832763672
-101.37353515625
-99.91764831542969
-109.2647476196289
-107.62972259521484
-106.36029815673828
-108.85063171386719
-106.1357192993164
-103.74739837646484
-105.32624053955078
-100.2486801147461
-105.33154296875
-102.83455657958984
-108.59579467773438
-106.49417877197266
-105.54878997802734
-105.01556396484375
-111.26448822021484
-101.73167419433594
-102.1325912475586
-101.06099700927734
-107.47940826416016
-109.51378631591797
-102.69458770751953
-109.32371520996094
-107.42964172363281
-107.00141906738281
-102.58222198486328
-103.47303771972656
-107.5806655883789
-113.19703674316406
-110.82286834716797
-105.47969818115234
-105.05145263671875
-103.00214385986328
-108.86117553710938
-110.59793090820312
-106.17132568359375
-110.12791442871094
-103.34537506103516
-108.18563079833984
-101.36553192138672
-100.68118286132812
-104.41319274902344
-105.46390533447266
-112.6672592163086
-105.81707763671875
-106.99197387695312
-109.7781753540039
-109.46822357177734
-103.17584228515625
-108.21105194091797
-107.08963012695312
-111.28530883789062
-110.31459045410156
-105.5206298828125
-108.12789154052734
-107.70909118652344
-107.08352661132812
-111.0120849609375
-106.57261657714844
-105.04206848144531
-106.9765396118164
-104.8264389038086
-108.53246307373047
-105.03482818603516
-104.6257095336914
-105.45790100097656
-100.64163208007812
-113.37005615234375
-106.81903076171875
-109.73311614990234
-102.70207977294922
-103.23877716064453
-98.22177124023438
-104.36837005615234
-104.66202545166016
-101.71297454833984
-102.49195861816406
-101.28717041015625
-109.2548599243164
-105.24861145019531
-103.07025909423828
-107.75862121582031
-108.89376831054688
-104.56705474853516
-101.47264099121094
-101.10682678222656
-106.24279022216797
-101.94031524658203
-105.04900360107422
-102.26924896240234
-98.21714782714844
-110.72726440429688
-100.65821075439453
-104.18258666992188
-106.36164855957031
-101.73587799072266
-105.35865783691406
-100.9292221069336
-102.79055786132812
-113.16741180419922
-101.61966705322266
-104.54753112792969
-106.270263671875
-106.05821990966797
-113.13805389404297
-108.08499145507812
-108.34513854980469
-102.69962310791016
-100.91413116455078
-99.82733917236328
-110.4105453491211
-103.52003479003906
-100.8254165649414
-106.09467315673828
-107.07686614990234
-98.79146575927734
-102.3591537475586
-109.9686050415039
-100.24026489257812
-102.21761322021484
-106.24699401855469
-102.32942962646484
-101.00559997558594
-111.0542984008789
-101.35319519042969
-110.39524841308594
-100.01424407958984
-102.95106506347656
-101.28225708007812
-108.72010040283203
-102.68805694580078
-105.11798858642578
-104.16680908203125
-104.63330078125
-107.13824462890625
-104.0145034790039
-109.2813491821289
-94.53483581542969
-104.87429809570312
-101.75370025634766
-105.9510726928711
-102.75459289550781
-100.72826385498047
-108.26189422607422
-102.90642547607422
-109.31389617919922
-102.36511993408203
-104.83866119384766
-112.59994506835938
-107.0223617553711
-109.52935791015625
-106.95994567871094
-109.78150177001953
-101.13180541992188
-107.62977600097656
-101.8331069946289
-111.74732971191406
-96.57533264160156
-104.57185363769531
-108.4917221069336
-111.44855499267578
-107.22761535644531
-100.49899291992188
-99.7435531616211
-108.17582702636719
-101.56278991699219
-101.31131744384766
-105.31600952148438
-103.38987731933594
-102.50697326660156
-104.30245971679688
-110.26390075683594
-101.81867218017578
-102.80546569824219
-94.79255676269531
-103.19654846191406
-103.90743255615234
-98.99455261230469
-109.79859161376953
-102.44891357421875
-103.30276489257812
-100.16895294189453
-107.39412689208984
-108.94876098632812
-103.17762756347656
-101.87699890136719
-102.23554992675781
-109.89173889160156
-102.46179962158203
-106.74785614013672
-101.06451416015625
-103.33084106445312
-101.0225601196289
-103.24622344970703
-104.0530776977539
-104.90283966064453
-100.72708892822266
-101.31212615966797
-106.91614532470703
-103.31836700439453
-108.71051025390625
-103.59278106689453
-105.60667419433594
-106.22280883789062
-104.74198150634766
-107.88349914550781
-111.35603332519531
-102.55416870117188
-100.91838836669922
-101.52337646484375
-103.08004760742188
-102.10352325439453
-108.59868621826172
-102.57169342041016
-105.8040771484375
-101.93505859375
-105.79127502441406
-106.07954406738281
-101.9843521118164
-105.0524673461914
-103.56477355957031
-110.25865173339844
-101.90900421142578
-101.77140045166016
-104.78533935546875
-106.28072357177734
-104.59365844726562
-110.69037628173828
-109.56037902832031
-100.69779968261719
-105.29308319091797
-106.11165618896484
-102.39710998535156
-105.66838073730469
-112.33303833007812
-104.85846710205078
-99.68964385986328
-107.52947998046875
-109.90695190429688
-101.19849395751953
-105.1538314819336
-100.84100341796875
-111.41067504882812
-106.78728485107422
-109.55841827392578
-100.62368774414062
-104.5414810180664
-103.23016357421875
-106.87123107910156
-106.13798522949219
-106.27739715576172
-107.34465026855469
-109.4446029663086
-103.56314849853516
-107.54593658447266
-105.58953094482422
-100.9250717163086
-105.3090591430664
-110.21119689941406
-111.40441131591797
-105.65187072753906
-101.97613525390625
-104.92167663574219
-109.00305938720703
-102.42669677734375
-100.62285614013672
-102.37820434570312
-110.01249694824219
-98.74678039550781
-107.37635803222656
-101.18180847167969
-112.72498321533203
-110.73721313476562
-105.11782836914062
-107.68647003173828
-106.2815933227539
-107.5553970336914
-101.64619445800781
-105.85684967041016
-106.01905059814453
-102.43914794921875
-99.10844421386719
-102.07925415039062
-99.58120727539062
-104.53910827636719
-104.22608184814453
-102.8557357788086
-106.89498138427734
-102.63691711425781
-104.56382751464844
-102.0514144897461
-100.29895782470703
-109.36945343017578
-107.5676040649414
-104.24365997314453
-105.11354064941406
-108.23004913330078
-107.23141479492188
-102.819091796875
-101.69879150390625
-104.72727966308594
-101.62338256835938
-106.71977233886719
-104.1360092163086
-99.57859802246094
-104.17082214355469
-101.91912078857422
-112.03858184814453
-108.13921356201172
-104.50841522216797
-103.20872497558594
-105.3497314453125
-101.72935485839844
-103.57164001464844
-103.6678695678711
-100.05298614501953
-102.0235595703125
-105.6324462890625
-99.95761108398438
-103.94628143310547
-110.79668426513672
-104.02001953125
-104.47209930419922
-109.69837951660156
-107.33830261230469
-105.16419219970703
-109.78105163574219
-102.59740447998047
-100.6605224609375
-105.69684600830078
-107.73129272460938
-103.28556823730469
-100.92289733886719
-109.93709564208984
-106.97943878173828
-107.6817398071289
-111.06327056884766
-105.99633026123047
-104.49327850341797
-97.65786743164062
-102.42105865478516
-101.33349609375
-101.62029266357422
-104.65999603271484
-104.75342559814453
-116.7166748046875
-105.95218658447266
-113.32950592041016
-110.74070739746094
-104.1356430053711
-102.93368530273438
-106.94784545898438
-102.30244445800781
-102.60696411132812
-109.13298797607422
-100.37242126464844
-109.0600814819336
-104.48387145996094
-97.37744140625
-102.7304458618164
-109.13684844970703
-104.09932708740234
-104.0501708984375
-108.00785827636719
-107.96790313720703
-107.48011016845703
-102.20092010498047
-102.33882141113281
-108.4417953491211
-101.51905059814453
-99.5279541015625
-108.40089416503906
-107.83919525146484
-108.29495239257812
-108.04357147216797
-104.78556060791016
-103.28897857666016
-106.90666961669922
-107.16981506347656
-103.17642974853516
-101.88871765136719
-101.69459533691406
-106.43121337890625
-105.66769409179688
-101.23057556152344
-105.12603759765625
-97.56260681152344
-103.47088623046875
-104.2778549194336
-104.85625457763672
-104.21461486816406
-99.76945495605469
-104.00333404541016
-102.94632720947266
-99.6897201538086
-105.58264923095703
-113.31204986572266
-109.07447814941406
-103.30121612548828
-104.18367004394531
-106.29415893554688
-104.11540985107422
-106.30960845947266
-105.10478210449219
-101.10284423828125
-103.78008270263672
-104.13330078125
-101.7108154296875
-104.65071868896484
-104.74410247802734
-103.74160766601562
-101.77900695800781
-103.8172607421875
-106.44961547851562
-109.75862884521484
-101.67900848388672
-103.97614288330078
-108.33168029785156
-104.81139373779297
-108.67066192626953
-101.6383056640625
-103.95675659179688
-109.74494171142578
-100.97998046875
-100.98750305175781
-109.44932556152344
-103.97997283935547
-106.2660903930664
-106.33802795410156
-108.78433227539062
-99.45967864990234
-105.27499389648438
-105.58433532714844
-99.77218627929688
-103.85358428955078
-107.17867279052734
-102.47119903564453
-101.10248565673828
-109.09217071533203
-106.52439880371094
-103.96192169189453
-101.18832397460938
-102.99100494384766
-108.9033432006836
-105.49864959716797
-105.38916015625
-102.16864013671875
-103.61846160888672
-99.83159637451172
-105.25328826904297
-105.790283203125
-106.72502136230469
-103.74868774414062
-109.62738800048828
-102.19721221923828
-102.78048706054688
-99.58544158935547
-103.55007934570312
-100.8846435546875
-102.06718444824219
-103.48719787597656
-97.25161743164062
-106.12186431884766
-108.73187255859375
-104.90161895751953
-102.73543548583984
-109.6670150756836
-113.90799713134766
-101.0531005859375
-100.95977020263672
-109.09535217285156
-107.11773681640625
-99.52281951904297
-106.93878936767578
-103.79115295410156
-102.15480041503906
-102.6784896850586
-102.69950103759766
-105.38334655761719
-105.39654541015625
-99.36199188232422
-103.35009002685547
-105.86605072021484
-98.59721374511719
-97.33325958251953
-102.0932846069336
-101.45026397705078
-104.94071197509766
-100.83010864257812
-105.33903503417969
-109.48856353759766
-105.77853393554688
-101.73226165771484
-105.8475112915039
-104.8320083618164
-106.0890121459961
-103.74532318115234
-110.82532501220703
-100.43766021728516
-104.09133911132812
-103.56880950927734
-108.94703674316406
-103.66410064697266
-104.28755187988281
-104.81309509277344
-102.67752838134766
-109.25279998779297
-100.82846069335938
-103.09123229980469
-105.41410827636719
-104.19847869873047
-107.01660919189453
-103.97908020019531
-108.5807876586914
-104.9480972290039
-105.39318084716797
-107.51084899902344
-102.57386779785156
-107.00588989257812
-105.87378692626953
-108.81179809570312
-104.07405853271484
-99.63671875
-99.8357925415039
-108.02218627929688
-109.31736755371094
-105.4963150024414
-97.40311431884766
-106.24996185302734
-108.47049713134766
-108.56810760498047
-105.92865753173828
-104.05194091796875
-103.13821411132812
-107.21922302246094
-102.79171752929688
-105.77578735351562
-105.24624633789062
-103.8943099975586
-102.72113037109375
-102.81045532226562
-97.4847640991211
-104.11537170410156
-106.22112274169922
-106.98888397216797
-105.33381652832031
-105.8998031616211
-103.09416198730469
-102.85657501220703
-106.00950622558594
-101.70606994628906
-108.37614440917969
-101.56399536132812
-104.99128723144531
-96.8399658203125
-101.69384765625
-106.6546859741211
-104.24491119384766
-104.15996551513672
-106.32926940917969
-103.66027069091797
-104.55594635009766
-100.9189224243164
-103.31010437011719
-105.27791595458984
-105.80195617675781
-108.14529418945312
-108.5349349975586
-103.78509521484375
-103.09089660644531
-102.70110321044922
-107.93515014648438
-98.76093292236328
-110.97454833984375
-104.46161651611328
-106.36786651611328
-102.62234497070312
-99.8992919921875
-103.41799926757812
-104.80413818359375
-104.74405670166016
-108.70499420166016
-107.56674194335938
-104.55811309814453
-100.92076110839844
-109.80255889892578
-102.39244842529297
-107.12326049804688
-109.8486557006836
-107.78353118896484
-106.5208969116211
-108.7711181640625
-103.41621398925781
-106.3692855834961
-101.99229431152344
-104.58112335205078
-106.55916595458984
-107.88017272949219
-107.38176727294922
-108.15232849121094
-105.48247528076172
-104.459228515625
-105.4391098022461
-105.34638977050781
-101.73483276367188
-108.10111999511719
-101.30075073242188
-107.1494369506836
-104.3252944946289
-100.23365783691406
-105.56333923339844
-106.19453430175781
-104.9745101928711
-102.66218566894531
-107.85916900634766
-106.34369659423828
-106.5431900024414
-111.54303741455078
-98.39381408691406
-105.7684097290039
-99.3368911743164
-107.09442138671875
-100.0680160522461
-100.72367095947266
-106.2800521850586
-107.42659759521484
-107.65017700195312
-106.37689971923828
-102.43675994873047
-106.77387237548828
-107.59745025634766
-107.89878845214844
