-117.26815795898438
-130.23558044433594
-122.75979614257812
-126.68927001953125
-127.95401763916016
-124.81140899658203
-125.49778747558594
-112.72046661376953
-126.89086151123047
-116.80277252197266
-125.36300659179688
-124.15419006347656
-127.69156646728516
-123.0376968383789
-120.96322631835938
-116.34941864013672
-119.78759002685547
-127.4598617553711
-123.5937271118164
-115.31734466552734
-123.44445037841797
-121.20610046386719
-121.42754364013672
-123.63563537597656
-124.84688568115234
-130.5183868408203
-118.98051452636719
-129.6521759033203
-119.9214859008789
-119.00645446777344
-125.32388305664062
-131.31268310546875
-130.0754852294922
-130.51744079589844
-127.01527404785156
-119.34547424316406
-119.04512786865234
-120.01071166992188
-122.34376525878906
-119.97837829589844
-114.14295196533203
-114.38520050048828
-129.73287963867188
-118.86572265625
-119.24107360839844
-127.5849380493164
-122.42950439453125
-120.0051040649414
-121.9684066772461
-121.95085144042969
-118.10884094238281
-118.99735260009766
-122.87834930419922
-130.7586212158203
-126.65193939208984
-122.7206039428711
-125.39984893798828
-114.98710632324219
-114.97100067138672
-128.15403747558594
-121.84200286865234
-124.31961059570312
-118.50627136230469
-124.08497619628906
-124.828125
-116.4981460571289
-121.560302734375
-121.98243713378906
-120.93982696533203
-117.71720123291016
-121.7704086303711
-114.93067169189453
-115.99845886230469
-126.19330596923828
-122.32439422607422
-123.51535034179688
-118.78938293457031
-127.18597412109375
-118.13648986816406
-125.99100494384766
-117.38455200195312
-121.9544906616211
-113.9209213256836
-120.70769500732422
-127.71392059326172
-121.97992706298828
-123.99675750732422
-113.3200454711914
-122.56034851074219
-117.13044738769531
-118.14777374267578
-122.40733337402344
-120.49259948730469
-123.78092193603516
-125.8133544921875
-118.50942993164062
-121.65353393554688
-120.72335052490234
-117.98929595947266
-118.86827087402344
-123.64279174804688
-110.00421905517578
-125.26062774658203
-122.23355102539062
-117.56743621826172
-126.78580474853516
-124.9947509765625
-115.85395050048828
-121.08851623535156
-114.03376770019531
-121.35895538330078
-106.7356185913086
-122.15927124023438
-116.09540557861328
-120.25054168701172
-119.66123962402344
-121.64425659179688
-119.44320678710938
-116.53156280517578
-113.3980484008789
-129.04222106933594
-119.11407470703125
-120.2911605834961
-117.94568634033203
-111.24130249023438
-124.53816223144531
-118.8857421875
-111.945068359375
-120.97588348388672
-119.22396850585938
-113.33602905273438
-124.72996520996094
-110.50456237792969
-121.18900299072266
-114.30725860595703
-118.60973358154297
-115.69579315185547
-122.01309967041016
-119.48878479003906
-118.18302917480469
-123.27728271484375
-122.4192123413086
-117.5043716430664
-120.5665283203125
-123.69222259521484
-118.76678466796875
-120.53343200683594
-119.47012329101562
-125.24608612060547
-123.6502914428711
-128.22227478027344
-114.75899505615234
-121.64186096191406
-122.64137268066406
-124.67545318603516
-128.2798309326172
-130.49642944335938
-121.47130584716797
-125.03395080566406
-116.36600494384766
-119.27812194824219
-119.39734649658203
-122.09477233886719
-116.411865234375
-114.14680480957031
-119.88749694824219
-121.6939697265625
-126.37088012695312
-124.52665710449219
-119.05970001220703
-120.05366516113281
-108.4730453491211
-124.19190979003906
-119.49080657958984
-115.30821990966797
-119.99382781982422
-116.96882629394531
-119.52772521972656
-122.86624145507812
-113.45574951171875
-118.60871887207031
-125.33811950683594
-120.5627670288086
-118.88935852050781
-114.6878662109375
-120.57443237304688
-116.0632095336914
-122.04505157470703
-120.1788330078125
-121.51695251464844
-122.80664825439453
-117.42293548583984
-116.89362335205078
-121.95719146728516
-115.57066345214844
-118.42327117919922
-117.58515167236328
-123.47885131835938
-114.32030487060547
-121.64649963378906
-114.64913177490234
-117.81922912597656
-121.81411743164062
-111.45376586914062
-120.30844116210938
-120.73870849609375
-127.22608184814453
-116.95462036132812
-110.6202392578125
-123.64677429199219
-117.22439575195312
-119.57437133789062
-119.06708526611328
-127.4094009399414
-123.0162124633789
-121.3259506225586
-122.38597106933594
-120.51419067382812
-122.86056518554688
-118.49522399902344
-113.76649475097656
-125.84794616699219
-117.79073333740234
-126.37310028076172
-120.71829986572266
-122.6888427734375
-123.60749053955078
-122.7440185546875
-122.22819519042969
-123.74220275878906
-127.4450912475586
-128.9188232421875
-122.5243148803711
-120.33643341064453
-123.54293823242188
-113.33038330078125
-123.1945571899414
-122.4808349609375
-124.2353744506836
-116.78205108642578
-125.28555297851562
-118.99849700927734
-117.79944610595703
-119.5587158203125
-117.54817199707031
-119.09349822998047
-124.09230041503906
-122.80351257324219
-116.40631103515625
-116.47834014892578
-123.01522064208984
-121.38431549072266
-118.01048278808594
-113.64248657226562
-118.80501556396484
-118.0132064819336
-119.3231201171875
-131.95237731933594
-119.367919921875
-122.5322494506836
-123.83037567138672
-118.72834014892578
-121.49092102050781
-113.5438461303711
-116.08924102783203
-119.05087280273438
-122.14308166503906
-111.9829330444336
-114.44000244140625
-120.51061248779297
-115.12311553955078
-118.73126983642578
-119.74864196777344
-121.6968765258789
-114.28244018554688
-118.97747802734375
-120.5385971069336
-112.3326187133789
-121.01012420654297
-123.8082046508789
-113.8703842163086
-116.83967590332031
-120.4864730834961
-118.1933364868164
-113.38968658447266
-121.13438415527344
-116.8402328491211
-122.32437133789062
-120.34658813476562
-121.42334747314453
-120.73733520507812
-112.34121704101562
-119.78274536132812
-119.95610046386719
-120.26841735839844
-118.19995880126953
-116.21408081054688
-123.20746612548828
-119.60342407226562
-114.14458465576172
-116.54832458496094
-120.40428924560547
-123.42316436767578
-118.90850830078125
-122.9735107421875
-115.87742614746094
-113.65815734863281
-122.6885757446289
-122.93620300292969
-121.7089614868164
-121.43496704101562
-116.68169403076172
-118.2788314819336
-120.10355377197266
-115.63297271728516
-118.63628387451172
-115.20906066894531
-122.80049896240234
-117.5826187133789
-119.43917083740234
-123.18258666992188
-127.30018615722656
-114.18506622314453
-110.33685302734375
-116.48145294189453
-124.6805648803711
-126.20156860351562
-113.31295776367188
-123.80052185058594
-120.80109405517578
-121.27115631103516
-117.34918975830078
-119.86283111572266
-118.94144439697266
-126.29173278808594
-124.61589050292969
-119.97578430175781
-120.75006103515625
-115.80455017089844
-124.35729217529297
-125.60404968261719
-121.2398681640625
-124.13557434082031
-119.72360229492188
-123.10334777832031
-112.45082092285156
-116.88880157470703
-118.65790557861328
-120.39801788330078
-128.0911865234375
-120.39115142822266
-123.2253646850586
-124.91288757324219
-122.15911865234375
-114.71014404296875
-121.06832122802734
-122.16395568847656
-124.55782318115234
-126.10862731933594
-123.61870574951172
-119.3760986328125
-120.53733825683594
-119.00700378417969
-126.777587890625
-119.55964660644531
-118.34205627441406
-120.24512481689453
-117.7981948852539
-121.07009887695312
-120.07610321044922
-116.74360656738281
-119.33610534667969
-112.73905181884766
-127.61534881591797
-120.8143081665039
-122.0676040649414
-115.94027709960938
-117.21582794189453
-113.49443054199219
-117.33706665039062
-120.9935302734375
-112.22441101074219
-116.59011840820312
-115.84609985351562
-122.8089599609375
-119.76404571533203
-115.10916137695312
-121.31307220458984
-123.20449829101562
-114.41317749023438
-112.97299194335938
-115.12543487548828
-119.96019744873047
-119.2119140625
-116.85011291503906
-115.44241333007812
-109.05582427978516
-127.12799835205078
-112.65784454345703
-118.23405456542969
-119.59246826171875
-116.1946792602539
-119.80306243896484
-113.48775482177734
-115.02396392822266
-129.01043701171875
-112.73047637939453
-116.11345672607422
-120.8451156616211
-122.14068603515625
-127.02863311767578
-120.03472137451172
-121.58024597167969
-114.25102996826172
-112.2229232788086
-113.33406066894531
-126.618896484375
-114.58480834960938
-115.11701965332031
-120.04096221923828
-121.08486938476562
-113.84325408935547
-117.39266204833984
-126.65840148925781
-113.90863037109375
-114.90082550048828
-119.91825866699219
-115.04852294921875
-112.09198760986328
-124.00406646728516
-114.77264404296875
-125.58203125
-111.8476791381836
-114.22573852539062
-112.6375732421875
-122.001953125
-117.48365783691406
-116.09281921386719
-121.74215698242188
-114.33538818359375
-117.23555755615234
-113.83259582519531
-121.68893432617188
-105.70142364501953
-117.98027801513672
-113.94053649902344
-116.5448226928711
-113.09336853027344
-112.39524841308594
-118.34184265136719
-113.138427734375
-124.09574127197266
-116.80127716064453
-117.38304901123047
-126.17096710205078
-120.07890319824219
-122.19641876220703
-120.49983978271484
-123.18209838867188
-111.8424301147461
-117.2322006225586
-115.47771453857422
-125.13445281982422
-107.24141693115234
-117.06819152832031
-122.56694793701172
-124.1129379272461
-121.28645324707031
-111.28166198730469
-110.26067352294922
-120.36199188232422
-116.40936279296875
-116.12499237060547
-117.48833465576172
-116.3531723022461
-114.07750701904297
-115.98793029785156
-123.89229583740234
-113.11895751953125
-113.8978271484375
-107.12005615234375
-117.94800567626953
-118.2486801147461
-109.30233001708984
-121.20421600341797
-110.52029418945312
-117.45899200439453
-112.41964721679688
-118.72322845458984
-120.80709838867188
-115.0921630859375
-112.95448303222656
-115.50856018066406
-120.06421661376953
-114.31761932373047
-117.95301055908203
-111.4272232055664
-116.4387435913086
-110.89813232421875
-114.5345230102539
-114.94313049316406
-117.45588684082031
-114.64083099365234
-112.01858520507812
-117.18563079833984
-117.0136947631836
-120.69503021240234
-114.14616394042969
-121.4354476928711
-119.61395263671875
-117.9602279663086
-121.54084777832031
-122.85865783691406
-114.30473327636719
-110.9074478149414
-112.2846908569336
-114.15814208984375
-113.84860229492188
-124.65631103515625
-114.61686706542969
-117.94866943359375
-113.25593566894531
-118.5968246459961
-120.15510559082031
-114.76678466796875
-118.71129608154297
-116.40522766113281
-123.97049713134766
-111.74105834960938
-114.34659576416016
-115.46810150146484
-118.15220642089844
-117.76460266113281
-126.78044891357422
-123.99268341064453
-112.79972839355469
-117.78602600097656
-119.32752990722656
-116.76760864257812
-117.21636962890625
-122.57222747802734
-115.77440643310547
-108.84113311767578
-122.25023651123047
-122.0566635131836
-110.87521362304688
-117.82243347167969
-111.89459228515625
-122.38304901123047
-120.7806167602539
-122.11329650878906
-114.21327209472656
-114.58818054199219
-115.2674331665039
-120.71843719482422
-119.51261138916016
-118.79686737060547
-118.42781829833984
-119.93157196044922
-114.82498931884766
-121.39183807373047
-120.23963165283203
-115.0184326171875
-117.97096252441406
-125.59970092773438
-125.10065460205078
-120.5841064453125
-110.63605499267578
-115.31924438476562
-125.0185317993164
-113.7049789428711
-112.53932189941406
-112.89730834960938
-120.37722778320312
-108.53083038330078
-122.38389587402344
-111.15155792236328
-127.80518341064453
-123.17724609375
-116.81626892089844
-119.72730255126953
-121.25942993164062
-119.89208984375
-115.91413879394531
-116.69184112548828
-119.02879333496094
-113.54010009765625
-107.62166595458984
-115.1192398071289
-111.62438201904297
-117.94991302490234
-117.3218765258789
-115.85079956054688
-120.42823791503906
-113.73126983642578
-116.96300506591797
-111.3738784790039
-111.19403076171875
-122.7763900756836
-121.80597686767578
-114.37020111083984
-116.49459838867188
-120.1741943359375
-119.60633850097656
-111.42110443115234
-112.2716293334961
-116.57396697998047
-114.7784194946289
-119.45516967773438
-115.59300994873047
-112.85762786865234
-119.30101776123047
-117.51191711425781
-125.6532211303711
-120.54974365234375
-116.42304229736328
-112.90721130371094
-117.2849349975586
-113.90889739990234
-114.69408416748047
-117.63778686523438
-114.23715209960938
-113.98714447021484
-114.30865478515625
-112.58289337158203
-116.39836883544922
-121.62428283691406
-118.19414520263672
-117.5218505859375
-121.13848114013672
-118.746337890625
-115.5290298461914
-121.5132827758789
-114.9901351928711
-109.8345718383789
-118.99031829833984
-120.12928771972656
-114.88015747070312
-112.59144592285156
-123.80757141113281
-119.63401794433594
-124.56958770751953
-123.94866180419922
-116.60494995117188
-115.71025848388672
-109.06227111816406
-112.21397399902344
-113.19642639160156
-110.71700286865234
-113.44307708740234
-118.86065673828125
-126.94062805175781
-118.77185821533203
-123.4920425415039
-122.3630142211914
-116.20217895507812
-112.54849243164062
-118.33673095703125
-112.03120422363281
-113.82431030273438
-123.48466491699219
-110.81177520751953
-119.16673278808594
-115.76315307617188
-108.59513092041016
-112.78328704833984
-122.21057891845703
-116.34527587890625
-115.10743713378906
-120.00157165527344
-120.38619995117188
-119.75922393798828
-113.21979522705078
-114.27056121826172
-120.60165405273438
-110.5633773803711
-113.31869506835938
-119.95231628417969
-116.53085327148438
-121.78260803222656
-118.57299041748047
-117.45474243164062
-113.65937805175781
-119.20232391357422
-119.67902374267578
-112.98787689208984
-110.06819152832031
-112.19965362548828
-116.98199462890625
-117.17557525634766
-111.90069580078125
-120.14986419677734
-106.2132797241211
-114.87923431396484
-117.9629898071289
-116.12712860107422
-119.02484130859375
-113.49474334716797
-114.21636199951172
-115.67288970947266
-112.04314422607422
-117.23930358886719
-125.04415130615234
-119.22508239746094
-117.19771575927734
-117.54606628417969
-114.44965362548828
-116.3515396118164
-118.77043151855469
-115.86870574951172
-112.73538970947266
-120.18193817138672
-118.75658416748047
-111.42157745361328
-116.80181884765625
-115.51643371582031
-113.17350006103516
-112.70535278320312
-114.91634368896484
-117.19779968261719
-126.32625579833984
-112.93009185791016
-117.53551483154297
-118.67158508300781
-114.78872680664062
-117.10540008544922
-111.74930572509766
-114.7502670288086
-117.98896026611328
-109.2741928100586
-113.52668762207031
-122.3404312133789
-115.02344512939453
-118.19375610351562
-118.5994644165039
-119.7386245727539
-111.71480560302734
-117.34089660644531
-116.56266021728516
-109.75444030761719
-117.37151336669922
-117.99222564697266
-112.50553131103516
-112.31637573242188
-119.9341049194336
-117.23731994628906
-117.01774597167969
-112.84989929199219
-112.90582275390625
-119.95294952392578
-118.17950439453125
-114.8035888671875
-112.93994140625
-115.8559799194336
-112.25637817382812
-114.7913589477539
-119.60039520263672
-119.67832946777344
-112.77182006835938
-123.46095275878906
-112.30522918701172
-117.03243255615234
-109.6329116821289
-112.6441650390625
-110.00955200195312
-114.40089416503906
-115.30877685546875
-103.8481216430664
-116.57902526855469
-117.6363525390625
-116.52830505371094
-110.26197814941406
-122.28536987304688
-125.20112609863281
-110.95426940917969
-111.30779266357422
-122.12421417236328
-118.25665283203125
-110.81636810302734
-117.67442321777344
-112.71827697753906
-115.89615631103516
-112.61209869384766
-117.48902893066406
-118.63131713867188
-117.01533508300781
-109.94132995605469
-114.6874008178711
-120.77139282226562
-110.14712524414062
-105.04310607910156
-113.7469482421875
-112.77672576904297
-116.10401916503906
-113.65007019042969
-116.75507354736328
-120.3046875
-115.18102264404297
-115.10232543945312
-117.81980895996094
-117.77698516845703
-119.53372192382812
-117.9652328491211
-123.45558166503906
-112.86956024169922
-114.87733459472656
-117.40767669677734
-119.65198516845703
-115.91085815429688
-117.8960952758789
-114.64576721191406
-113.93281555175781
-121.14920806884766
-108.82174682617188
-112.62196350097656
-115.40852355957031
-112.41482543945312
-118.50088500976562
-114.57518005371094
-121.80606842041016
-115.04983520507812
-116.95844268798828
-117.2254867553711
-115.44731140136719
-118.17188262939453
-115.34903717041016
-117.55057525634766
-112.26080322265625
-111.36785125732422
-110.67884063720703
-117.89627838134766
-121.58745574951172
-117.30531311035156
-106.99410247802734
-115.7808837890625
-119.49353790283203
-118.08810424804688
-115.68775939941406
-112.91985321044922
-110.11842346191406
-117.75476837158203
-113.23450469970703
-113.30155944824219
-114.00740814208984
-114.41027069091797
-112.5439682006836
-114.16850280761719
-105.87237548828125
-115.0323486328125
-120.13013458251953
-117.04582977294922
-113.53366088867188
-119.52327728271484
-113.4135513305664
-113.0227279663086
-117.08291625976562
-111.37860870361328
-118.56951141357422
-115.10478973388672
-115.27798461914062
-107.7207260131836
-112.81343078613281
-117.38793182373047
-112.22122955322266
-112.86929321289062
-116.0300064086914
-115.0773696899414
-116.72944641113281
-112.06645965576172
-113.11965942382812
-114.41949462890625
-117.29773712158203
-119.07525634765625
-121.4173583984375
-113.70645904541016
-115.05586242675781
-107.29239654541016
-119.13800811767578
-109.85430145263672
-121.85216522216797
-114.95813751220703
-119.87239837646484
-113.11119842529297
-109.75664520263672
-114.41777801513672
-114.78650665283203
-116.07462310791016
-121.0123291015625
-118.85555267333984
-117.49085235595703
-112.47825622558594
-121.76643371582031
-114.02764129638672
-119.59268188476562
-119.14636993408203
-116.77609252929688
-114.6970443725586
-120.84098052978516
-114.90019989013672
-119.69683074951172
-111.33142852783203
-112.45667266845703
-114.3746566772461
-117.84349822998047
-119.06355285644531
-117.89269256591797
-119.12367248535156
-112.73530578613281
-117.79295349121094
-117.9903335571289
-114.0671157836914
-120.23843383789062
-112.0972671508789
-121.53328704833984
-113.91755676269531
-111.20319366455078
-115.5860595703125
-118.60057067871094
-114.6680908203125
-113.90560150146484
-119.55474853515625
-116.85145568847656
-118.28162384033203
-122.02870178222656
-107.35775756835938
-115.43468475341797
-108.76292419433594
-115.95357513427734
-108.87120056152344
-107.99186706542969
-117.78203582763672
-118.02068328857422
-117.57044982910156
-117.43096923828125
-115.54595947265625
-115.26223754882812
-118.0273208618164
-116.1351089477539
