-99.76768493652344
-110.74050903320312
-103.52164459228516
-110.79972839355469
-110.05403137207031
-105.93498229980469
-103.70993041992188
-95.06819152832031
-106.83073425292969
-98.26298522949219
-106.72090148925781
-103.665771484375
-107.28653717041016
-104.81259155273438
-102.59447479248047
-100.66482543945312
-100.2850570678711
-109.64957427978516
-105.34342193603516
-100.69943237304688
-103.3828125
-103.11318969726562
-103.0486831665039
-105.80107116699219
-105.82125854492188
-111.63064575195312
-101.25177764892578
-109.55598449707031
-100.37022399902344
-102.4758529663086
-106.16515350341797
-112.64169311523438
-107.84017181396484
-112.29638671875
-110.84025573730469
-102.9047622680664
-100.18002319335938
-104.2111587524414
-104.0110855102539
-103.41261291503906
-97.25294494628906
-99.19131469726562
-109.05088806152344
-102.21331024169922
-102.03350830078125
-108.70249938964844
-105.33464813232422
-104.25886535644531
-104.36134338378906
-102.58682250976562
-101.01779174804688
-100.90711212158203
-104.53691864013672
-114.74417877197266
-109.67106628417969
-104.46949768066406
-106.7225341796875
-100.67674255371094
-97.05888366699219
-109.45330047607422
-103.9902572631836
-105.16899871826172
-100.85012817382812
-103.87535858154297
-107.13219451904297
-98.66132354736328
-104.43889617919922
-104.19294738769531
-104.59445190429688
-102.2343978881836
-104.79192352294922
-100.50565338134766
-99.6557846069336
-109.20513916015625
-105.04765319824219
-106.72197723388672
-100.15757751464844
-106.57246398925781
-103.94685363769531
-107.29033660888672
-101.6922378540039
-102.98238372802734
-97.04585266113281
-101.77076721191406
-108.92194366455078
-102.91603088378906
-104.77180480957031
-99.36243438720703
-106.93193054199219
-101.2677001953125
-101.10987854003906
-105.70738983154297
-104.16145324707031
-107.4781265258789
-110.11833190917969
-101.55162048339844
-102.06707763671875
-103.68695068359375
-102.1864013671875
-104.68424224853516
-106.04302978515625
-95.6083755493164
-108.7800521850586
-102.57110595703125
-102.58062744140625
-108.59564208984375
-108.33460235595703
-98.71379852294922
-104.68473815917969
-99.37814331054688
-105.54837036132812
-94.35225677490234
-105.63919830322266
-97.83992767333984
-106.42539978027344
-102.09552764892578
-105.26766204833984
-103.5794906616211
-99.77718353271484
-99.77510070800781
-112.79605865478516
-104.45966339111328
-103.42235565185547
-101.05931091308594
-96.88121032714844
-107.85700225830078
-105.12772369384766
-97.99044799804688
-107.20721435546875
-106.19966125488281
-100.84153747558594
-107.64616394042969
-99.82437896728516
-103.65804290771484
-97.78861236572266
-100.32756042480469
-102.6092758178711
-106.79856872558594
-103.2932357788086
-100.61028289794922
-105.87012481689453
-105.41719055175781
-102.79254150390625
-104.16450500488281
-107.74978637695312
-103.57614135742188
-103.79730224609375
-102.38532257080078
-106.56559753417969
-107.4697494506836
-110.07943725585938
-99.90122985839844
-106.79621124267578
-107.21348571777344
-110.08873748779297
-110.83707427978516
-110.60371398925781
-104.78369140625
-106.99462127685547
-101.7339859008789
-104.99320220947266
-104.69499206542969
-107.50918579101562
-102.0867691040039
-102.10945892333984
-102.36653900146484
-105.11293029785156
-112.36463928222656
-109.67082214355469
-104.43040466308594
-103.89078521728516
-94.78230285644531
-107.01654052734375
-103.8285140991211
-99.1251220703125
-102.80554962158203
-102.78823852539062
-105.39100646972656
-107.73310852050781
-98.66090393066406
-102.88123321533203
-109.90449523925781
-105.50187683105469
-103.10296630859375
-100.36500549316406
-105.66565704345703
-99.22338104248047
-104.79879760742188
-106.47264862060547
-106.45520782470703
-105.99386596679688
-102.13899993896484
-100.19477844238281
-105.78057098388672
-99.69410705566406
-102.8134536743164
-104.50071716308594
-105.5441665649414
-100.75037384033203
-104.37081146240234
-99.26426696777344
-103.86187744140625
-106.43737030029297
-97.04092407226562
-104.05052185058594
-105.30733489990234
-111.25874328613281
-102.23023223876953
-94.10584259033203
-108.1555404663086
-103.07296752929688
-103.61686706542969
-101.7140121459961
-111.08804321289062
-107.04918670654297
-106.02006530761719
-104.83496856689453
-102.25326538085938
-107.68841552734375
-101.92036437988281
-98.9781723022461
-109.38874816894531
-101.7101821899414
-109.20641326904297
-102.3403549194336
-106.90034484863281
-106.83367919921875
-105.54922485351562
-106.78881072998047
-107.96449279785156
-109.9934310913086
-112.73274230957031
-108.3945541381836
-105.3390884399414
-107.30635833740234
-99.78936767578125
-105.2436752319336
-105.68466186523438
-106.95690155029297
-103.02559661865234
-108.76313018798828
-103.65229797363281
-103.77584838867188
-106.40533447265625
-103.66136932373047
-106.56609344482422
-103.74989318847656
-108.6766128540039
-104.12802124023438
-100.71719360351562
-109.01100158691406
-105.6551742553711
-99.69122314453125
-98.39239501953125
-104.8646240234375
-102.28321838378906
-105.60321807861328
-115.63944244384766
-103.03844451904297
-104.60029602050781
-108.73890686035156
-104.0606689453125
-104.66928100585938
-97.81130981445312
-100.39982604980469
-102.6916732788086
-106.03926849365234
-98.2021713256836
-99.80216217041016
-102.8230972290039
-102.09609985351562
-104.13778686523438
-103.5754165649414
-107.35124206542969
-98.20854187011719
-101.96559143066406
-105.14361572265625
-99.1727523803711
-102.74018859863281
-106.84912872314453
-96.49811553955078
-100.6609878540039
-104.39740753173828
-102.52366638183594
-98.57437133789062
-106.83566284179688
-102.59589385986328
-105.82762145996094
-106.11811065673828
-104.90766143798828
-104.40216064453125
-97.47209930419922
-103.06538391113281
-106.63868713378906
-104.24970245361328
-104.35721588134766
-100.33216094970703
-107.82347869873047
-103.58979797363281
-99.66943359375
-101.10604858398438
-105.1524429321289
-105.66154479980469
-103.67018127441406
-104.33316802978516
-100.49530792236328
-99.413818359375
-108.75595092773438
-106.24789428710938
-107.3186264038086
-104.15939331054688
-104.28500366210938
-101.25254821777344
-105.5245590209961
-100.31210327148438
-102.31370544433594
-99.9235610961914
-106.75894165039062
-101.98526000976562
-105.16510772705078
-106.55499267578125
-108.56224060058594
-98.96441650390625
-98.29086303710938
-102.06929779052734
-107.98361206054688
-109.82054138183594
-100.31470489501953
-106.6522445678711
-106.13726043701172
-107.32479858398438
-103.0133056640625
-103.75703430175781
-104.97664642333984
-109.88557434082031
-108.63883209228516
-104.05662536621094
-106.66236114501953
-101.2919921875
-110.89823913574219
-108.7850570678711
-107.07643127441406
-108.67631530761719
-104.17561340332031
-108.60369110107422
-98.97700500488281
-99.15350341796875
-103.28972625732422
-105.08924102783203
-112.86531829833984
-104.4493408203125
-105.638671875
-109.28275299072266
-108.87393188476562
-100.9265365600586
-106.99236297607422
-108.43170928955078
-108.27410125732422
-109.37617492675781
-108.58870697021484
-105.70431518554688
-107.67195892333984
-103.65798950195312
-110.25361633300781
-104.38078308105469
-104.14848327636719
-104.09140014648438
-104.25885772705078
-106.4897689819336
-105.52388000488281
-103.90631866455078
-103.89276123046875
-98.76061248779297
-111.49314880371094
-107.94952392578125
-108.54918670654297
-104.45606994628906
-102.73929595947266
-99.39363861083984
-103.77765655517578
-104.23721313476562
-98.54469299316406
-101.98695373535156
-101.24884033203125
-109.7801284790039
-104.16063690185547
-100.87425994873047
-105.36798095703125
-107.6983413696289
-101.50800323486328
-99.29166412353516
-100.19002532958984
-105.74403381347656
-103.45100402832031
-104.29232025146484
-102.38676452636719
-97.85912322998047
-109.85391235351562
-100.26124572753906
-103.92546844482422
-105.77203369140625
-106.11393737792969
-104.11353302001953
-101.23729705810547
-100.81640625
-112.81147003173828
-98.91130828857422
-105.34129333496094
-103.59786987304688
-105.72310638427734
-112.02513885498047
-105.15281677246094
-105.9520492553711
-102.5766372680664
-99.47966003417969
-97.15296173095703
-109.64347839355469
-101.58880615234375
-102.57637786865234
-106.5129165649414
-107.87053680419922
-98.1821060180664
-102.62865447998047
-112.8581771850586
-100.58902740478516
-101.4513931274414
-104.71835327148438
-102.38993835449219
-99.244140625
-110.29487609863281
-101.20160675048828
-111.45509338378906
-99.42919921875
-101.71322631835938
-100.6661148071289
-106.04120635986328
-103.98634338378906
-103.40028381347656
-107.17124938964844
-99.25521087646484
-104.27632904052734
-103.70452117919922
-108.60719299316406
-92.98601531982422
-104.6999282836914
-100.80449676513672
-105.08826446533203
-102.14698028564453
-100.84878540039062
-105.5394515991211
-100.47509002685547
-106.91096496582031
-102.08072662353516
-102.82233428955078
-112.03134155273438
-105.89642333984375
-108.75746154785156
-106.43144989013672
-111.15480041503906
-99.9432373046875
-104.43787384033203
-98.744873046875
-111.30308532714844
-95.64756774902344
-104.23326110839844
-109.0756607055664
-111.6335220336914
-105.98951721191406
-98.98184204101562
-99.12845611572266
-106.5517349243164
-101.84810638427734
-103.07887268066406
-105.68489837646484
-101.15838623046875
-100.8386459350586
-103.94859313964844
-110.58747863769531
-100.44196319580078
-100.60942840576172
-95.64702606201172
-103.07854461669922
-103.31917572021484
-97.20552062988281
-107.27442169189453
-99.28692626953125
-104.43592071533203
-99.58641815185547
-106.3587875366211
-109.17924499511719
-101.29007720947266
-101.35828399658203
-101.77104949951172
-106.76292419433594
-102.98465728759766
-106.30501556396484
-101.35490417480469
-103.98179626464844
-97.44044494628906
-102.7923355102539
-102.998291015625
-105.15528106689453
-100.87401580810547
-99.70613098144531
-104.91617584228516
-104.12499237060547
-106.95690155029297
-99.95507049560547
-105.08553314208984
-105.59740447998047
-104.11499786376953
-105.5599365234375
-111.74755096435547
-101.35763549804688
-100.45391845703125
-100.77631378173828
-99.57243347167969
-100.77702331542969
-110.27440643310547
-99.32825469970703
-104.46023559570312
-101.74601745605469
-104.78240966796875
-106.01782989501953
-99.5518798828125
-105.58390045166016
-103.07646942138672
-109.35114288330078
-98.97650909423828
-100.05549621582031
-101.66249084472656
-103.82731628417969
-104.66023254394531
-108.8876724243164
-111.05445098876953
-100.90840148925781
-102.68830108642578
-105.9532470703125
-100.59964752197266
-104.02045440673828
-108.99188995361328
-102.69444274902344
-97.40310668945312
-106.462158203125
-108.16356658935547
-99.18179321289062
-104.24302673339844
-100.09011840820312
-110.69078063964844
-107.69609832763672
-106.91365051269531
-101.32257843017578
-102.15684509277344
-101.45037841796875
-107.54251098632812
-105.07889556884766
-105.72030639648438
-105.1663818359375
-108.32534790039062
-102.20038604736328
-105.8136978149414
-104.97299194335938
-101.63383483886719
-103.9229965209961
-110.18902587890625
-109.91313934326172
-106.70267486572266
-101.4534683227539
-102.8416976928711
-110.00494384765625
-100.13087463378906
-98.12910461425781
-100.61070251464844
-108.1911392211914
-97.76496887207031
-108.39038848876953
-99.6142349243164
-116.43547821044922
-111.35560607910156
-105.21809387207031
-104.99484252929688
-109.50206756591797
-105.91779327392578
-103.52275848388672
-106.44709777832031
-105.51033782958984
-100.59583282470703
-97.6071548461914
-102.9563217163086
-97.84232330322266
-104.69986724853516
-102.06453704833984
-103.89379119873047
-106.90496826171875
-102.2726058959961
-107.00824737548828
-99.9040298461914
-100.6104965209961
-110.60722351074219
-109.41325378417969
-104.07183074951172
-102.6874771118164
-105.46502685546875
-107.67112731933594
-99.56007385253906
-99.89614868164062
-104.77125549316406
-102.66575622558594
-107.11840057373047
-101.94488525390625
-101.0670166015625
-104.98091125488281
-102.22042083740234
-113.34349060058594
-106.73919677734375
-103.57211303710938
-101.54512786865234
-104.266845703125
-102.06205749511719
-101.27789306640625
-103.63129425048828
-100.60055541992188
-102.0396499633789
-103.04316711425781
-100.64347076416016
-104.20238494873047
-108.07276153564453
-105.3884048461914
-104.56770324707031
-104.84687805175781
-106.00452423095703
-102.91842651367188
-110.07300567626953
-102.88307189941406
-98.00152587890625
-105.24701690673828
-108.37281036376953
-102.37316131591797
-99.05583953857422
-112.69976806640625
-107.03634643554688
-110.56124114990234
-111.77688598632812
-104.53221130371094
-102.31604766845703
-97.3993148803711
-100.6838150024414
-101.12926483154297
-100.44944763183594
-102.85623931884766
-104.19062805175781
-115.5766830444336
-104.97474670410156
-112.43897247314453
-112.72926330566406
-107.27753448486328
-100.32711029052734
-106.35137939453125
-101.10347747802734
-102.46097564697266
-111.019287109375
-101.036865234375
-106.77625274658203
-103.46944427490234
-98.00533294677734
-103.13468170166016
-109.74408721923828
-103.82170867919922
-101.73908233642578
-106.02217102050781
-107.84881591796875
-106.68507385253906
-101.28443145751953
-99.7032241821289
-109.34342956542969
-100.02351379394531
-100.0111312866211
-105.23159790039062
-106.17152404785156
-109.30596923828125
-108.04061889648438
-106.01424407958984
-102.4325180053711
-107.23703002929688
-105.68769836425781
-102.65542602539062
-99.56214141845703
-100.94091796875
-104.69804382324219
-104.02589416503906
-99.5426025390625
-108.25718688964844
-96.81761169433594
-102.5912094116211
-105.72662353515625
-106.88436126708984
-116.42304992675781
-101.39948272705078
-103.50538635253906
-101.61634826660156
-99.83740234375
-105.2288818359375
-114.30619049072266
-108.63756561279297
-103.61868286132812
-104.62081909179688
-104.00005340576172
-104.9393539428711
-107.46890258789062
-102.19542694091797
-101.32746124267578
-105.84378051757812
-105.00640869140625
-99.40861511230469
-103.4751205444336
-105.2411880493164
-102.59105682373047
-100.2948989868164
-101.23233032226562
-106.92532348632812
-110.21195220947266
-101.99041748046875
-104.7822036743164
-106.31248474121094
-104.46147155761719
-106.73126983642578
-99.29936981201172
-103.92535400390625
-107.63126373291016
-97.79023742675781
-103.41285705566406
-108.71757507324219
-102.6923599243164
-105.0124740600586
-105.18534088134766
-107.30609130859375
-98.92915344238281
-104.9229507446289
-104.6971664428711
-99.07306671142578
-103.44242095947266
-105.78720092773438
-101.36968231201172
-101.5750961303711
-107.93421936035156
-107.4468994140625
-105.98845672607422
-101.41983795166016
-103.88429260253906
-107.60430145263672
-106.28353881835938
-103.29557037353516
-100.51721954345703
-103.67764282226562
-100.25711822509766
-101.68943786621094
-107.53058624267578
-105.03282928466797
-100.04563903808594
-109.94942474365234
-98.40601348876953
-102.74952697753906
-98.43878936767578
-102.8785171508789
-97.42796325683594
-101.65193939208984
-104.41458129882812
-94.31816101074219
-106.75228118896484
-106.76412963867188
-103.47710418701172
-99.84375
-112.33094787597656
-112.01947784423828
-99.328125
-100.48733520507812
-109.60155487060547
-105.4211654663086
-99.21882629394531
-106.0625991821289
-101.3965835571289
-104.78229522705078
-103.68950653076172
-105.17708587646484
-104.51332092285156
-106.19245910644531
-98.24478912353516
-103.8565444946289
-107.88436126708984
-97.64170837402344
-93.1215591430664
-100.70930480957031
-101.29446411132812
-105.88717651367188
-100.46797180175781
-104.72588348388672
-106.48805236816406
-104.60616302490234
-100.99708557128906
-104.20357513427734
-103.127197265625
-106.54862976074219
-105.88164520263672
-110.99248504638672
-99.62129211425781
-102.19097137451172
-103.07215118408203
-107.05253601074219
-104.12854766845703
-107.2496566772461
-103.36077880859375
-102.16204833984375
-107.60824584960938
-97.85066986083984
-101.0790023803711
-105.3922348022461
-100.50153350830078
-104.79895782470703
-103.97665405273438
-108.50992584228516
-104.37248992919922
-106.78248596191406
-105.96942901611328
-103.27086639404297
-107.99012756347656
-104.46342468261719
-106.3456039428711
-101.07997131347656
-99.60691833496094
-100.12228393554688
-108.95794677734375
-111.32048034667969
-106.2650146484375
-98.31366729736328
-104.34039306640625
-107.02996826171875
-106.36019897460938
-105.21516418457031
-100.76582336425781
-101.82891082763672
-106.85498809814453
-104.94998931884766
-102.65809631347656
-105.00598907470703
-104.23365783691406
-100.71285247802734
-102.14370727539062
-94.6321792602539
-105.8858413696289
-107.37725830078125
-105.25008392333984
-103.68582916259766
-107.5041732788086
-99.73949432373047
-103.6669921875
-108.14872741699219
-100.0801010131836
-106.82060241699219
-103.2362289428711
-107.84149169921875
-96.22106170654297
-101.28007507324219
-104.7255859375
-102.596923828125
-102.66754150390625
-107.76933288574219
-102.46664428710938
-106.27327728271484
-99.34797668457031
-102.41801452636719
-103.8755111694336
-105.99552917480469
-109.22004699707031
-109.87337493896484
-103.39755249023438
-103.06317901611328
-99.6924819946289
-106.98929595947266
-97.91992950439453
-111.31715393066406
-103.48760223388672
-109.43048095703125
-100.93048095703125
-98.35347747802734
-101.5185317993164
-102.34174346923828
-102.83854675292969
-108.25679016113281
-106.88721466064453
-107.51622009277344
-100.72877502441406
-110.22250366210938
-102.1250228881836
-109.4798355102539
-108.97390747070312
-105.60079956054688
-104.88287353515625
-108.48273468017578
-104.96782684326172
-107.99011993408203
-98.76707458496094
-103.7581787109375
-105.72538757324219
-105.18744659423828
-107.61354064941406
-106.25211334228516
-108.73118591308594
-102.20231628417969
-106.59252166748047
-105.48394012451172
-101.88175964355469
-107.95578002929688
-102.51753234863281
-109.06175994873047
-105.33551788330078
-101.12676239013672
-104.74723815917969
-107.45612335205078
-103.18244934082031
-102.30845642089844
-106.52262878417969
-106.09081268310547
-108.03778839111328
-109.6026840209961
-98.00257873535156
-104.17909240722656
-98.6408920288086
-108.32269287109375
-98.68717956542969
-100.5684585571289
-105.84616088867188
-106.18074035644531
-105.58191680908203
-107.19316101074219
-103.97056579589844
-104.59473419189453
-107.65379333496094
-103.3373031616211
