-102.11930084228516
-112.00070190429688
-105.76131439208984
-112.1410140991211
-110.06736755371094
-109.64261627197266
-105.56133270263672
-97.10797119140625
-109.99876403808594
-100.73052215576172
-109.29266357421875
-105.87120056152344
-110.31238555908203
-106.6495361328125
-104.20201873779297
-102.16199493408203
-102.01302337646484
-110.97651672363281
-107.98817443847656
-102.69841766357422
-105.6222152709961
-105.19828033447266
-106.45474243164062
-107.11100006103516
-107.20882415771484
-114.1877670288086
-102.95380401611328
-110.7080078125
-102.01187133789062
-105.32332611083984
-107.71121215820312
-114.65238952636719
-110.9448471069336
-113.13775634765625
-110.62220764160156
-103.43115234375
-102.59840393066406
-106.0505599975586
-106.7896728515625
-104.4948959350586
-99.03731536865234
-100.45726013183594
-110.20452880859375
-103.97561645507812
-105.22171783447266
-109.90601348876953
-106.96641540527344
-105.15415954589844
-105.09320831298828
-105.4463119506836
-102.47564697265625
-102.33047485351562
-106.14566040039062
-116.68671417236328
-111.7399673461914
-105.97523498535156
-107.10047149658203
-101.7757568359375
-98.56730651855469
-112.4552230834961
-104.81610870361328
-109.47039794921875
-101.57756042480469
-105.78506469726562
-109.53508758544922
-102.09951782226562
-106.13895416259766
-106.08910369873047
-106.37661743164062
-103.5313491821289
-107.53596496582031
-101.36627197265625
-101.36479187011719
-111.12673950195312
-107.05789947509766
-108.20579528808594
-102.4380111694336
-109.95499420166016
-104.50172424316406
-109.15403747558594
-102.39694213867188
-106.85637664794922
-99.31407928466797
-104.93963623046875
-110.50003051757812
-106.01441192626953
-107.89361572265625
-101.21985626220703
-108.55018615722656
-101.87911224365234
-103.17638397216797
-107.32817077636719
-106.11719512939453
-108.35137176513672
-110.515380859375
-103.89256286621094
-106.32732391357422
-106.35831451416016
-104.739013671875
-108.2549819946289
-107.68317413330078
-96.907958984375
-110.6327133178711
-104.87958526611328
-102.7165298461914
-110.94800567626953
-111.05795288085938
-99.98027038574219
-103.74913024902344
-102.27367401123047
-107.29795837402344
-94.54169464111328
-107.5658187866211
-100.74331665039062
-105.87763214111328
-103.65211486816406
-107.84983825683594
-105.3082504272461
-101.4236068725586
-101.11786651611328
-115.46109771728516
-104.24620819091797
-105.2918472290039
-102.05206298828125
-98.9065933227539
-108.50757598876953
-106.080810546875
-98.5284423828125
-107.56661224365234
-107.94841003417969
-102.25003051757812
-109.9070816040039
-99.10016632080078
-106.92449951171875
-99.902587890625
-103.55682373046875
-102.04469299316406
-106.96709442138672
-104.92652130126953
-102.86875915527344
-108.79208374023438
-107.398193359375
-104.2181167602539
-104.74577331542969
-107.29061126708984
-104.43614196777344
-105.67280578613281
-103.27363586425781
-108.209716796875
-109.59276580810547
-112.58486938476562
-101.10443115234375
-108.87525177001953
-108.08649444580078
-111.08723449707031
-111.88885498046875
-113.7937240600586
-106.4585189819336
-109.30707550048828
-103.05924987792969
-107.66839599609375
-107.20110321044922
-109.85986328125
-105.11650085449219
-103.78228759765625
-103.36811828613281
-108.13800048828125
-114.3194580078125
-112.35255432128906
-106.46522521972656
-105.89884948730469
-96.77254486083984
-107.5034408569336
-104.784423828125
-101.631103515625
-106.07379150390625
-104.55584716796875
-106.82020568847656
-110.62507629394531
-102.04035949707031
-105.97457122802734
-112.39937591552734
-107.35128021240234
-106.66215515136719
-102.02310180664062
-107.40576934814453
-102.5145492553711
-107.09600067138672
-108.71595764160156
-107.75988006591797
-105.91272735595703
-103.56221771240234
-102.00153350830078
-108.05131530761719
-103.37774658203125
-103.96248626708984
-105.37251281738281
-107.54594421386719
-102.5459213256836
-106.66674041748047
-101.98179626464844
-106.35440826416016
-107.39415740966797
-98.3494644165039
-106.76681518554688
-106.99933624267578
-113.5703353881836
-102.08403778076172
-96.8339614868164
-109.6741943359375
-104.21888732910156
-106.14680480957031
-104.05428314208984
-112.7066650390625
-109.44132232666016
-106.95204162597656
-107.74185943603516
-102.93624877929688
-107.7911148071289
-104.21959686279297
-99.59640502929688
-110.41262817382812
-103.72047424316406
-109.43057250976562
-106.02030944824219
-108.45927429199219
-108.40509796142578
-108.28562927246094
-109.62323760986328
-110.64535522460938
-112.12582397460938
-113.67430877685547
-109.27129364013672
-106.28961944580078
-110.25263977050781
-100.7401123046875
-107.28447723388672
-107.11589813232422
-108.25392150878906
-103.88241577148438
-109.8692626953125
-105.57329559326172
-105.57426452636719
-107.05343627929688
-106.4512939453125
-109.3436050415039
-106.9710693359375
-109.68989562988281
-104.18849182128906
-102.9856948852539
-110.6187515258789
-106.64508056640625
-101.73567199707031
-99.37091064453125
-104.82261657714844
-103.61753845214844
-106.65884399414062
-118.3288345336914
-104.18324279785156
-107.36730194091797
-112.59319305419922
-105.0343246459961
-106.64851379394531
-101.42100524902344
-102.63987731933594
-104.88478088378906
-107.47645568847656
-100.36997985839844
-101.40666961669922
-105.73396301269531
-104.3126220703125
-104.95860290527344
-106.08627319335938
-108.20429992675781
-100.87994384765625
-105.20450592041016
-106.22494506835938
-100.64797973632812
-105.08362579345703
-108.92779541015625
-97.67562866210938
-103.85453033447266
-106.31716918945312
-104.04324340820312
-101.23235321044922
-108.93833923339844
-104.40243530273438
-108.53614807128906
-108.11421966552734
-107.586669921875
-106.3418197631836
-100.05667877197266
-105.0968017578125
-107.9603042602539
-107.79610443115234
-105.59041595458984
-102.51433563232422
-110.48593139648438
-106.97945404052734
-102.46342468261719
-104.02349090576172
-106.55685424804688
-106.70655822753906
-105.04046630859375
-107.69129943847656
-104.20286560058594
-100.95669555664062
-111.23723602294922
-107.68737030029297
-109.13723754882812
-106.8017807006836
-107.11624145507812
-104.22665405273438
-107.43344116210938
-101.93712615966797
-103.88125610351562
-100.83674621582031
-107.80712890625
-104.2381591796875
-104.42095947265625
-109.4564208984375
-111.95092010498047
-100.1494369506836
-99.26414489746094
-103.75299072265625
-108.79071044921875
-112.19442749023438
-101.88771057128906
-109.40656280517578
-108.74634552001953
-108.08654022216797
-103.56083679199219
-105.00511932373047
-107.09828186035156
-112.14571380615234
-110.25682830810547
-105.49750518798828
-107.24852752685547
-101.87895202636719
-112.1573486328125
-110.62094116210938
-108.15786743164062
-111.84675598144531
-107.04837036132812
-111.05258178710938
-99.26445770263672
-101.38348388671875
-106.41514587402344
-105.7495346069336
-115.99485778808594
-105.6614761352539
-106.7464599609375
-111.4104232788086
-109.61439514160156
-101.65021514892578
-108.34097290039062
-109.57939910888672
-112.39962005615234
-112.06349182128906
-109.96759033203125
-105.98434448242188
-108.86804962158203
-104.6487045288086
-112.20769500732422
-105.14270782470703
-105.89210510253906
-107.24251556396484
-106.36650848388672
-107.76612854003906
-107.31273651123047
-104.72929382324219
-104.9480972290039
-100.90022277832031
-113.37757873535156
-108.97117614746094
-110.55130767822266
-105.24320983886719
-103.65340423583984
-101.85820770263672
-104.84344482421875
-106.48948669433594
-99.6583023071289
-102.3201675415039
-102.28253936767578
-112.02955627441406
-105.56392669677734
-103.43219757080078
-108.47327423095703
-109.20122528076172
-103.84811401367188
-101.01937103271484
-102.2833251953125
-104.72450256347656
-104.9693832397461
-106.54956817626953
-104.0883560180664
-99.08602905273438
-112.19104766845703
-101.1803207397461
-105.21073913574219
-107.99146270751953
-105.43036651611328
-105.30643463134766
-101.69712829589844
-102.74436950683594
-115.95537567138672
-99.22411346435547
-105.3153305053711
-106.25129699707031
-108.03861999511719
-115.28627014160156
-108.55693054199219
-108.34359741210938
-102.2612075805664
-100.51571655273438
-100.60325622558594
-112.2876205444336
-102.13792419433594
-104.21189880371094
-108.35466766357422
-108.53179168701172
-99.8579330444336
-104.24977111816406
-113.93035125732422
-100.9500961303711
-103.40581512451172
-107.2713394165039
-104.431884765625
-100.93997955322266
-113.55260467529297
-102.460205078125
-112.0787353515625
-102.38936614990234
-103.18720245361328
-102.07334899902344
-107.55651092529297
-106.50138854980469
-105.1697769165039
-109.04476928710938
-100.95903015136719
-106.99480438232422
-105.06816864013672
-110.09201049804688
-94.30732727050781
-105.76619720458984
-102.10199737548828
-104.71022033691406
-102.02136993408203
-101.8243179321289
-107.32587432861328
-99.9504165649414
-109.09317779541016
-104.06057739257812
-102.63513946533203
-112.8164291381836
-107.84432983398438
-110.35755920410156
-108.51470947265625
-111.99687194824219
-99.50947570800781
-106.37024688720703
-102.10102081298828
-113.17295837402344
-94.95030212402344
-105.64572143554688
-111.67194366455078
-114.13511657714844
-108.34066772460938
-100.08518981933594
-98.78824615478516
-108.36296844482422
-104.86619567871094
-105.43212890625
-106.86822509765625
-102.42286682128906
-103.66532135009766
-105.20397186279297
-112.57913970947266
-100.89149475097656
-102.19361114501953
-96.56192016601562
-106.21666717529297
-103.43099975585938
-97.91307067871094
-108.9647445678711
-100.29296112060547
-105.9532241821289
-100.3497085571289
-108.27222442626953
-109.57782745361328
-101.55400848388672
-101.0157241821289
-104.26876068115234
-108.09627532958984
-103.87531280517578
-107.28397369384766
-102.39469146728516
-104.72055053710938
-98.53116607666016
-104.04077911376953
-104.1324462890625
-106.97270965576172
-104.21764373779297
-101.35071563720703
-107.42665100097656
-105.27470397949219
-108.82547760009766
-102.01991271972656
-107.27607727050781
-106.46893310546875
-104.74554443359375
-106.65177917480469
-113.21268463134766
-103.61672973632812
-99.9390640258789
-100.04549407958984
-101.8626937866211
-101.87066650390625
-111.92520904541016
-101.20462036132812
-104.59478759765625
-103.23380279541016
-106.18632507324219
-106.95368194580078
-101.83602905273438
-107.78734588623047
-105.187255859375
-110.30216979980469
-99.94319915771484
-102.1744155883789
-103.79570770263672
-104.76103973388672
-106.10673522949219
-109.70089721679688
-112.51952362060547
-101.66757202148438
-104.32057189941406
-107.17237091064453
-102.05525970458984
-104.57491302490234
-111.50006103515625
-104.63268280029297
-98.15184783935547
-108.30101776123047
-108.68938446044922
-101.30493927001953
-106.00149536132812
-100.77083587646484
-110.53959655761719
-109.32865905761719
-108.22808074951172
-102.44610595703125
-102.45101928710938
-104.55978393554688
-109.12274932861328
-107.54853820800781
-105.76374816894531
-106.7975082397461
-109.72039794921875
-103.56633758544922
-108.04220581054688
-106.15726470947266
-103.68708801269531
-107.06610870361328
-112.62062072753906
-112.7471694946289
-108.92608642578125
-101.43082427978516
-103.58909606933594
-111.74063873291016
-102.50202941894531
-100.09867858886719
-102.15079498291016
-108.99553680419922
-99.89247131347656
-110.05867004394531
-101.49763488769531
-116.3338394165039
-113.59064483642578
-106.19693756103516
-107.3514404296875
-111.70957946777344
-107.20658111572266
-104.64652252197266
-106.46966552734375
-107.17137145996094
-101.85340118408203
-98.64720153808594
-103.50374603271484
-99.02568817138672
-105.85096740722656
-103.25154876708984
-102.76217651367188
-107.74992370605469
-103.93789672851562
-108.02837371826172
-101.302001953125
-102.22398376464844
-112.71797943115234
-112.73332214355469
-104.6048355102539
-105.22171783447266
-108.6673583984375
-109.9158935546875
-102.13417053222656
-101.59123992919922
-106.55846405029297
-103.24577331542969
-108.19938659667969
-102.64239501953125
-102.14290618896484
-107.19920349121094
-104.39694213867188
-113.83455657958984
-109.10694885253906
-104.44913482666016
-101.72184753417969
-106.50704956054688
-104.77806854248047
-102.174560546875
-106.33826446533203
-100.20932006835938
-102.01179504394531
-104.02075958251953
-100.85032653808594
-105.90357208251953
-109.60140228271484
-106.86795043945312
-106.61518859863281
-108.30413818359375
-107.06209564208984
-105.5990219116211
-111.8079833984375
-104.265869140625
-99.90415954589844
-106.36788940429688
-109.20340728759766
-102.41129302978516
-101.82479858398438
-113.69962310791016
-106.89864349365234
-113.43544006347656
-113.19522094726562
-106.41851043701172
-104.00149536132812
-98.68167114257812
-102.72698211669922
-102.85643768310547
-100.82215881347656
-103.76260375976562
-107.1127700805664
-118.78746032714844
-108.13053894042969
-114.19097900390625
-116.42752838134766
-107.85623931884766
-102.92463684082031
-109.32560729980469
-103.81287384033203
-103.17452239990234
-113.1604995727539
-101.53792572021484
-107.73847198486328
-104.08056640625
-100.0969467163086
-104.32499694824219
-111.41694641113281
-106.0391845703125
-103.62422180175781
-108.32872009277344
-108.80033111572266
-109.64225006103516
-102.97323608398438
-102.31234741210938
-109.9444808959961
-100.76299285888672
-103.32920837402344
-107.91950988769531
-106.82593536376953
-111.04182434082031
-110.44625854492188
-106.1403579711914
-103.02979278564453
-108.97007751464844
-107.11508178710938
-104.0147705078125
-101.2701187133789
-103.39742279052734
-107.34468841552734
-105.77178955078125
-101.36119842529297
-109.73323822021484
-100.07482147216797
-103.49784851074219
-107.44226837158203
-105.77123260498047
-107.00382232666016
-102.47007751464844
-105.03053283691406
-103.23138427734375
-100.90399932861328
-107.45967102050781
-114.58039855957031
-111.15455627441406
-105.9132080078125
-107.35164642333984
-105.30583190917969
-105.30701446533203
-109.39757537841797
-106.43389129638672
-103.66863250732422
-107.37140655517578
-107.642333984375
-99.91024017333984
-108.43788146972656
-106.73896789550781
-102.3861083984375
-102.71685028076172
-102.54991912841797
-108.18812561035156
-112.8228759765625
-102.63668823242188
-105.36456298828125
-109.07476806640625
-104.4186019897461
-107.43208312988281
-101.38829803466797
-104.80610656738281
-108.24030303955078
-98.40606689453125
-105.44793701171875
-111.61805725097656
-104.79639434814453
-106.44924926757812
-106.72908020019531
-108.70787811279297
-100.72816467285156
-107.37773132324219
-106.57860565185547
-100.43978881835938
-105.62664794921875
-107.46251678466797
-102.33357238769531
-103.82074737548828
-110.1900405883789
-108.66504669189453
-107.88739776611328
-102.6944351196289
-104.8442153930664
-108.8323974609375
-106.941162109375
-105.19808197021484
-103.5604019165039
-105.81082153320312
-102.37222290039062
-103.78578186035156
-109.92083740234375
-107.43116760253906
-102.85655975341797
-111.06260681152344
-101.44989776611328
-105.19913482666016
-98.5341796875
-103.0311508178711
-99.98756408691406
-102.81273651123047
-105.36663055419922
-95.91889190673828
-107.83077239990234
-108.45496368408203
-104.83763122558594
-100.07865905761719
-113.22663116455078
-114.36158752441406
-100.46482849121094
-101.27727508544922
-112.25244140625
-107.18846130371094
-99.43647766113281
-107.02764892578125
-102.88774871826172
-105.8453369140625
-105.02977752685547
-104.78015899658203
-106.06849670410156
-107.3666000366211
-99.82533264160156
-104.13807678222656
-108.29955291748047
-98.4483413696289
-94.1479721069336
-101.93655395507812
-103.1716537475586
-106.93456268310547
-101.2359390258789
-106.60227966308594
-109.1636962890625
-105.00484466552734
-102.87352752685547
-106.0354995727539
-107.77214813232422
-107.75672149658203
-106.2174072265625
-112.79520416259766
-101.89594268798828
-105.81387329101562
-104.77086639404297
-109.39744567871094
-105.23674011230469
-108.58082580566406
-105.39573669433594
-103.35890197753906
-109.52836608886719
-98.67814636230469
-103.16141510009766
-106.10806274414062
-102.98336029052734
-106.20902252197266
-105.58222961425781
-109.59404754638672
-106.0145263671875
-107.9455337524414
-108.82781982421875
-105.62782287597656
-109.26095581054688
-105.8614273071289
-109.18291473388672
-103.28630065917969
-100.36042022705078
-102.263916015625
-108.95578002929688
-114.09020233154297
-107.59493255615234
-98.50009155273438
-106.29177856445312
-108.92154693603516
-108.29777526855469
-105.31328582763672
-102.2208480834961
-102.73963165283203
-108.51199340820312
-104.6052474975586
-104.45084381103516
-104.89368438720703
-104.5324478149414
-101.8781509399414
-102.37909698486328
-97.0823974609375
-107.63568115234375
-110.24302673339844
-107.10082244873047
-105.95262145996094
-108.67906188964844
-102.03258514404297
-105.33747863769531
-109.44772338867188
-102.3559799194336
-110.22370910644531
-106.67601013183594
-107.44327545166016
-97.7656478881836
-103.51028442382812
-107.99811553955078
-103.5735855102539
-105.38947296142578
-107.83345794677734
-105.50977325439453
-109.45614624023438
-102.29338836669922
-104.74895477294922
-105.0685043334961
-107.3792953491211
-108.40879821777344
-111.66864776611328
-104.71186065673828
-104.57747650146484
-100.33661651611328
-110.41229248046875
-101.67765808105469
-113.35282135009766
-103.57682037353516
-111.49600982666016
-102.94798278808594
-100.79118347167969
-103.27668762207031
-102.52510833740234
-104.53414916992188
-111.14295196533203
-109.76985931396484
-108.21638488769531
-102.7229232788086
-113.60027313232422
-104.02476501464844
-110.35869598388672
-110.1103515625
-107.15580749511719
-105.39189147949219
-111.65851593017578
-106.02832794189453
-109.51234436035156
-101.098876953125
-103.6974868774414
-108.27633666992188
-107.73081970214844
-107.63668823242188
-107.32662200927734
-109.72430419921875
-102.49360656738281
-106.12590789794922
-107.86296844482422
-103.7441635131836
-110.52444458007812
-102.19711303710938
-109.8802719116211
-107.84210205078125
-103.24752044677734
-106.66189575195312
-108.07794189453125
-105.85460662841797
-106.1584701538086
-109.30308532714844
-106.3106689453125
-108.34713745117188
-112.13734436035156
-98.81978607177734
-107.48075103759766
-99.83924102783203
-109.13912200927734
-100.74308776855469
-100.00103759765625
-107.50360107421875
-107.005615234375
-106.7325668334961
-109.00120544433594
-105.59259033203125
-106.19336700439453
-108.20941925048828
-107.47225189208984
