-556.5511474609375
-444.8820495605469
-328.5000305175781
-285.4473876953125
-258.9820861816406
-250.09176635742188
-232.808349609375
-220.5738525390625
-227.20297241210938
-218.03817749023438
-223.41339111328125
-219.10934448242188
-217.8527374267578
-230.47975158691406
-212.32254028320312
-207.653564453125
-206.48143005371094
-212.01295471191406
-208.75071716308594
-205.89865112304688
-213.86033630371094
-203.9127655029297
-206.59588623046875
-214.80812072753906
-221.16836547851562
-211.8058319091797
-200.76214599609375
-214.9517822265625
-206.71466064453125
-205.53379821777344
-212.11036682128906
-205.19448852539062
-217.07933044433594
-207.4752197265625
-206.6424560546875
-201.8378448486328
-202.33522033691406
-199.59774780273438
-192.21060180664062
-202.4642791748047
-191.60150146484375
-191.1499481201172
-200.71160888671875
-197.96502685546875
-194.7909698486328
-203.03868103027344
-198.57369995117188
-197.949462890625
-195.91180419921875
-193.7062225341797
-192.10165405273438
-194.3948211669922
-199.1313018798828
-209.2393035888672
-206.29922485351562
-197.24229431152344
-201.31715393066406
-188.52696228027344
-179.69361877441406
-203.60504150390625
-192.83786010742188
-195.94186401367188
-182.81973266601562
-188.39173889160156
-192.25482177734375
-178.33050537109375
-192.3456573486328
-191.637939453125
-188.3944091796875
-185.7715301513672
-182.50927734375
-184.65989685058594
-182.74539184570312
-196.1446075439453
-184.26121520996094
-183.15846252441406
-180.05291748046875
-186.14881896972656
-172.46751403808594
-188.80337524414062
-180.7841796875
-188.8277587890625
-169.42979431152344
-189.0371856689453
-182.84425354003906
-181.20245361328125
-186.94578552246094
-170.2781219482422
-184.50717163085938
-171.9302978515625
-179.28549194335938
-176.68405151367188
-181.64141845703125
-181.52529907226562
-181.8952178955078
-173.13131713867188
-177.55075073242188
-184.40966796875
-173.95663452148438
-178.59799194335938
-179.36929321289062
-160.84336853027344
-180.14590454101562
-177.55458068847656
-171.45521545410156
-179.08639526367188
-176.97842407226562
-168.0599822998047
-171.24871826171875
-163.85043334960938
-175.59503173828125
-160.28453063964844
-172.3887481689453
-163.01307678222656
-174.2664337158203
-168.49156188964844
-171.4242706298828
-169.26136779785156
-166.68138122558594
-165.36231994628906
-176.021728515625
-167.81179809570312
-168.2517547607422
-165.30735778808594
-158.8482666015625
-171.58441162109375
-159.75564575195312
-161.759033203125
-168.77828979492188
-168.07748413085938
-151.744384765625
-168.41619873046875
-153.6564483642578
-166.12933349609375
-162.38040161132812
-163.72508239746094
-158.42051696777344
-164.60330200195312
-165.4075469970703
-162.0177459716797
-166.62269592285156
-167.5086212158203
-161.6825714111328
-160.0336151123047
-166.97080993652344
-163.90109252929688
-159.9329071044922
-161.7345733642578
-165.95797729492188
-164.48727416992188
-171.119140625
-157.60037231445312
-166.5016326904297
-163.794189453125
-166.4899139404297
-170.58078002929688
-168.12745666503906
-164.8675079345703
-167.39752197265625
-154.56634521484375
-157.3541259765625
-155.55703735351562
-162.5561065673828
-154.132568359375
-151.07333374023438
-155.14234924316406
-166.4617156982422
-166.9523468017578
-163.57913208007812
-153.75271606445312
-157.05718994140625
-144.29624938964844
-159.36558532714844
-160.95423889160156
-149.7107391357422
-157.036376953125
-152.8399200439453
-152.59359741210938
-160.8969268798828
-148.44541931152344
-154.89862060546875
-161.336181640625
-154.70413208007812
-154.37379455566406
-146.88333129882812
-157.44915771484375
-149.608642578125
-159.53652954101562
-156.17611694335938
-153.38848876953125
-157.5147247314453
-148.6110076904297
-146.75933837890625
-154.39320373535156
-146.40206909179688
-155.96197509765625
-153.40451049804688
-158.04693603515625
-147.81710815429688
-152.093994140625
-147.5205841064453
-150.5155487060547
-153.15316772460938
-147.13485717773438
-152.97030639648438
-152.86557006835938
-158.26812744140625
-146.9940948486328
-142.24081420898438
-158.19407653808594
-147.7801055908203
-149.37741088867188
-148.5226287841797
-163.2979736328125
-152.94464111328125
-152.35076904296875
-150.93394470214844
-150.1053009033203
-153.76718139648438
-150.76800537109375
-141.10638427734375
-158.91796875
-145.0440216064453
-158.02085876464844
-151.35031127929688
-151.5331573486328
-154.29319763183594
-150.33737182617188
-154.17156982421875
-153.30491638183594
-158.93917846679688
-159.27197265625
-155.13345336914062
-149.08541870117188
-149.3951416015625
-141.2847442626953
-155.85447692871094
-151.45933532714844
-153.2703094482422
-143.6925048828125
-152.70716857910156
-147.61138916015625
-147.64385986328125
-151.1119842529297
-144.81617736816406
-147.08285522460938
-148.24026489257812
-150.71295166015625
-144.3782501220703
-144.1555938720703
-147.2804718017578
-145.80479431152344
-146.67420959472656
-141.054931640625
-145.4950408935547
-147.88772583007812
-146.75653076171875
-159.51651000976562
-146.6753692626953
-151.92506408691406
-152.82118225097656
-147.0447235107422
-149.98765563964844
-140.92324829101562
-140.96185302734375
-145.27728271484375
-148.361572265625
-138.99365234375
-140.02813720703125
-146.33653259277344
-142.54966735839844
-147.31674194335938
-146.53292846679688
-148.21055603027344
-138.83560180664062
-142.9391326904297
-144.7506561279297
-135.8563232421875
-144.1088409423828
-148.46531677246094
-138.95167541503906
-144.65228271484375
-144.59201049804688
-141.0506134033203
-137.400634765625
-142.81716918945312
-139.35157775878906
-146.8606414794922
-146.9171142578125
-146.1584930419922
-144.90383911132812
-137.12498474121094
-144.42526245117188
-142.7913360595703
-143.32723999023438
-140.51646423339844
-141.19923400878906
-145.6224822998047
-147.15908813476562
-138.47772216796875
-141.2698516845703
-142.3863983154297
-146.24441528320312
-145.09371948242188
-145.9976348876953
-140.0717315673828
-137.9013214111328
-145.04124450683594
-144.23680114746094
-144.64691162109375
-145.82733154296875
-140.00404357910156
-142.82388305664062
-143.0732879638672
-136.20733642578125
-140.48619079589844
-139.50038146972656
-146.20367431640625
-139.78697204589844
-141.93603515625
-140.9703826904297
-149.90170288085938
-134.83909606933594
-130.78201293945312
-137.2342071533203
-146.11013793945312
-147.72384643554688
-135.8839874267578
-147.34169006347656
-142.96746826171875
-143.3092498779297
-139.3349609375
-141.25314331054688
-140.0660858154297
-147.93307495117188
-147.150634765625
-141.09974670410156
-138.64556884765625
-136.50538635253906
-145.5790252685547
-146.64146423339844
-143.3684844970703
-143.9810791015625
-137.53330993652344
-145.7882080078125
-134.75990295410156
-138.0437774658203
-137.38790893554688
-141.07664489746094
-147.52748107910156
-142.20938110351562
-143.19973754882812
-145.70181274414062
-140.4946746826172
-134.1162109375
-143.211181640625
-138.8603515625
-141.3443603515625
-145.4037628173828
-142.17344665527344
-140.220947265625
-140.68524169921875
-141.2788543701172
-147.9207000732422
-140.6430206298828
-137.44761657714844
-139.17398071289062
-138.44412231445312
-140.31185913085938
-139.04295349121094
-136.5135955810547
-139.7805633544922
-129.22499084472656
-148.79269409179688
-140.03530883789062
-138.2243194580078
-135.23983764648438
-133.07089233398438
-130.47804260253906
-137.36886596679688
-138.83433532714844
-132.20361328125
-134.9207763671875
-133.2272491455078
-140.88145446777344
-138.4545440673828
-132.97665405273438
-140.28204345703125
-144.97085571289062
-131.79507446289062
-130.98226928710938
-133.43797302246094
-140.8351593017578
-138.08604431152344
-135.92721557617188
-134.52426147460938
-127.95506286621094
-143.14634704589844
-131.3296661376953
-136.2236785888672
-138.52218627929688
-133.25323486328125
-135.5978240966797
-129.8280029296875
-132.74456787109375
-146.96803283691406
-131.2075653076172
-133.58506774902344
-136.6254425048828
-139.6193389892578
-144.89515686035156
-138.10107421875
-138.6043243408203
-130.97438049316406
-128.748291015625
-130.77369689941406
-145.17538452148438
-130.80535888671875
-132.64100646972656
-137.24850463867188
-139.64932250976562
-129.93499755859375
-133.521240234375
-138.93154907226562
-129.3916015625
-131.20286560058594
-134.6691436767578
-129.3126678466797
-126.93250274658203
-141.31198120117188
-130.6650848388672
-141.54481506347656
-128.90032958984375
-130.05409240722656
-127.08613586425781
-137.67942810058594
-133.66067504882812
-130.37579345703125
-137.00393676757812
-132.8048553466797
-134.02349853515625
-130.20066833496094
-137.65325927734375
-120.91519165039062
-132.47598266601562
-130.7002410888672
-133.30223083496094
-129.6706085205078
-126.89288330078125
-132.81887817382812
-128.27207946777344
-139.8101806640625
-131.61708068847656
-129.41110229492188
-140.42221069335938
-135.87521362304688
-137.86956787109375
-132.87725830078125
-140.1957550048828
-125.2467269897461
-133.93955993652344
-129.84205627441406
-141.94570922851562
-122.19151306152344
-133.1524200439453
-138.7377166748047
-139.80715942382812
-136.06869506835938
-123.19799041748047
-123.58193969726562
-133.54534912109375
-130.79086303710938
-130.86085510253906
-130.55946350097656
-130.02362060546875
-126.78086853027344
-131.37081909179688
-138.01470947265625
-125.50090789794922
-125.581787109375
-119.7735366821289
-131.5020294189453
-133.0482635498047
-123.16474914550781
-137.03611755371094
-123.62239074707031
-129.1289825439453
-125.13902282714844
-131.337158203125
-134.15701293945312
-128.74630737304688
-128.6455078125
-129.92300415039062
-133.69935607910156
-129.0200653076172
-132.3719482421875
-124.47500610351562
-129.4921417236328
-123.45342254638672
-126.66741180419922
-127.94586944580078
-129.0836639404297
-126.4493179321289
-121.81828308105469
-130.77304077148438
-128.76632690429688
-131.14674377441406
-127.56224822998047
-133.35711669921875
-131.99227905273438
-130.46388244628906
-132.41026306152344
-133.72552490234375
-129.8445281982422
-124.25226593017578
-125.78154754638672
-126.17095184326172
-126.62850952148438
-135.80934143066406
-126.06047821044922
-130.08885192871094
-126.45689392089844
-131.9716033935547
-130.00701904296875
-127.08004760742188
-129.78138732910156
-129.58798217773438
-136.35708618164062
-127.27816772460938
-127.76177215576172
-128.59527587890625
-131.203369140625
-128.693115234375
-139.0138702392578
-138.22828674316406
-126.3770980834961
-129.258056640625
-128.98052978515625
-130.03477478027344
-129.54464721679688
-136.40664672851562
-127.7965316772461
-119.16421508789062
-134.8076629638672
-135.05709838867188
-124.01809692382812
-129.5065155029297
-125.54930114746094
-135.887939453125
-132.13540649414062
-135.84756469726562
-124.75020599365234
-128.384033203125
-126.93560791015625
-133.9766845703125
-130.5328369140625
-131.11090087890625
-129.9412078857422
-133.9772186279297
-128.7068634033203
-134.65597534179688
-131.74917602539062
-127.06120300292969
-130.61021423339844
-138.23886108398438
-136.12838745117188
-134.08729553222656
-121.97999572753906
-127.38618469238281
-135.40513610839844
-124.37449645996094
-122.6590805053711
-123.02325439453125
-133.9105682373047
-120.26864624023438
-131.99363708496094
-121.49443054199219
-140.34674072265625
-133.88511657714844
-129.63844299316406
-132.14028930664062
-132.73611450195312
-130.94674682617188
-126.31190490722656
-129.8459930419922
-128.67501831054688
-125.73493957519531
-118.92977142333984
-126.49165344238281
-121.01982879638672
-128.39657592773438
-131.1927947998047
-127.03780364990234
-131.87112426757812
-124.77664184570312
-128.36514282226562
-123.53804779052734
-121.19940185546875
-135.6175994873047
-132.4383544921875
-124.80618286132812
-127.54077911376953
-131.7032928466797
-131.45750427246094
-121.67437744140625
-123.19014739990234
-126.98365783691406
-124.37910461425781
-130.2943115234375
-125.12992858886719
-123.99827575683594
-128.72767639160156
-127.85941314697266
-134.72906494140625
-132.1948699951172
-127.35252380371094
-125.6456069946289
-126.97197723388672
-123.31655883789062
-126.96588134765625
-125.2303466796875
-124.70266723632812
-123.2420654296875
-123.40971374511719
-122.49205017089844
-127.87846374511719
-134.05995178222656
-128.85714721679688
-127.14530944824219
-130.812255859375
-129.12342834472656
-126.08440399169922
-134.48861694335938
-127.05309295654297
-120.09806060791016
-128.49124145507812
-130.017822265625
-125.56793975830078
-122.11161804199219
-134.443603515625
-130.35830688476562
-133.918701171875
-135.22335815429688
-126.46653747558594
-125.5918197631836
-118.12479400634766
-122.79764556884766
-121.17784118652344
-120.3698959350586
-125.34400939941406
-128.70989990234375
-138.2689666748047
-130.62265014648438
-134.626220703125
-133.03660583496094
-126.80924987792969
-122.46701049804688
-128.3348846435547
-122.13187408447266
-122.53678131103516
-134.4078369140625
-123.5481948852539
-130.522216796875
-123.28804016113281
-117.79454040527344
-124.61468505859375
-131.8826446533203
-125.15856170654297
-124.3777847290039
-127.90313720703125
-130.62896728515625
-131.2511444091797
-124.90892791748047
-124.89453887939453
-129.7335662841797
-120.18659210205078
-122.76296997070312
-130.36407470703125
-127.76255798339844
-129.77333068847656
-128.1979217529297
-127.91697692871094
-123.39535522460938
-126.92311096191406
-128.83621215820312
-121.71559143066406
-121.07038116455078
-120.94535064697266
-126.36249542236328
-127.48345947265625
-120.68475341796875
-130.02334594726562
-115.94034576416016
-123.30986022949219
-125.41532897949219
-126.02623748779297
-127.46813201904297
-121.94903564453125
-124.63294219970703
-125.01502227783203
-122.43251037597656
-126.57437133789062
-139.10882568359375
-128.3024139404297
-124.96360778808594
-127.33541107177734
-123.02092742919922
-127.57605743408203
-125.5699691772461
-127.53921508789062
-121.56786346435547
-128.6093292236328
-125.97554016113281
-119.92167663574219
-125.59911346435547
-124.84864044189453
-122.01846313476562
-122.76690673828125
-124.19246673583984
-125.5042495727539
-138.45492553710938
-122.18766021728516
-124.89207458496094
-130.84158325195312
-124.29678344726562
-126.61888885498047
-121.34465789794922
-124.48429870605469
-130.3895721435547
-117.14900207519531
-120.82102966308594
-131.32769775390625
-124.79243469238281
-126.3629379272461
-128.31802368164062
-128.97991943359375
-118.60871887207031
-126.1470718383789
-128.61170959472656
-115.72101593017578
-124.85737609863281
-126.07978057861328
-121.48463439941406
-119.79440307617188
-128.55296325683594
-127.46090698242188
-127.62822723388672
-120.44063568115234
-123.46184539794922
-128.84877014160156
-127.36857604980469
-122.93746185302734
-123.16020965576172
-125.12828826904297
-120.74850463867188
-123.11550903320312
-128.1920166015625
-129.46694946289062
-121.15071105957031
-131.06353759765625
-118.87879180908203
-125.81000518798828
-119.4576644897461
-123.15228271484375
-119.08511352539062
-122.92041778564453
-123.51246643066406
-112.75581359863281
-124.32733917236328
-125.7480697631836
-124.0142593383789
-119.43167877197266
-131.769775390625
-133.4473876953125
-118.54381561279297
-120.21967315673828
-130.50003051757812
-124.40028381347656
-119.47367095947266
-125.83364868164062
-122.16049194335938
-126.66952514648438
-122.5145263671875
-126.14281463623047
-126.91632080078125
-123.8614273071289
-118.24674987792969
-122.1325454711914
-128.25527954101562
-115.97402954101562
-110.87173461914062
-120.15670776367188
-120.7729721069336
-122.99528503417969
-122.94805908203125
-127.40510559082031
-128.8125762939453
-124.32119750976562
-124.64080810546875
-126.09329223632812
-122.90652465820312
-126.90923309326172
-125.574951171875
-130.9055633544922
-118.341796875
-122.80506134033203
-124.95438385009766
-128.59771728515625
-124.69273376464844
-126.09308624267578
-122.41462707519531
-123.20000457763672
-131.2125701904297
-117.44355773925781
-120.48875427246094
-122.88348388671875
-119.36273193359375
-126.29591369628906
-123.36331939697266
-131.83303833007812
-124.0926284790039
-125.99444580078125
-126.28678894042969
-124.28343963623047
-127.04733276367188
-123.57290649414062
-126.39289855957031
-118.85750579833984
-120.01934051513672
-118.10932922363281
-127.3310775756836
-132.72445678710938
-125.58822631835938
-115.13336944580078
-124.29473114013672
-128.1785125732422
-127.67271423339844
-121.4037857055664
-120.2477035522461
-117.90289306640625
-126.1508560180664
-120.56983947753906
-123.47164916992188
-124.25702667236328
-122.83073425292969
-122.13450622558594
-121.87551879882812
-114.66350555419922
-123.70429992675781
-129.5692596435547
-128.1585693359375
-122.08927917480469
-128.45654296875
-121.03172302246094
-122.4993667602539
-128.0247039794922
-119.70390319824219
-128.74588012695312
-122.29016876220703
-123.00525665283203
-115.53799438476562
-119.36035919189453
-124.95599365234375
-121.51118469238281
-122.6712646484375
-122.25751495361328
-122.94615173339844
-123.96197509765625
-119.67369079589844
-122.31775665283203
-121.12831115722656
-125.4884033203125
-128.37762451171875
-131.2270050048828
-122.68877410888672
-120.7439956665039
-115.28425598144531
-130.32388305664062
-116.78887939453125
-130.90757751464844
-121.65433502197266
-128.74215698242188
-120.76217651367188
-117.50189208984375
-123.00524139404297
-122.79268646240234
-123.7705078125
-130.19117736816406
-125.44422912597656
-125.60369873046875
-120.9739761352539
-129.0681610107422
-121.23191833496094
-128.47052001953125
-126.39849090576172
-124.02163696289062
-124.94416809082031
-130.75364685058594
-122.56757354736328
-128.177978515625
-119.18338012695312
-121.27730560302734
-123.13545227050781
-126.60211181640625
-125.99110412597656
-124.58677673339844
-125.25471496582031
-120.59254455566406
-123.93555450439453
-124.19693756103516
-120.8892593383789
-125.91905975341797
-119.85315704345703
-128.9981689453125
-121.42842102050781
-117.80342864990234
-122.39763641357422
-123.46968841552734
-120.42401123046875
-121.32586669921875
-125.94955444335938
-122.43792724609375
-125.42179107666016
-130.30360412597656
-113.135009765625
-121.78379821777344
-114.56363677978516
-125.10997009277344
-115.72675323486328
-117.73833465576172
-128.1995086669922
-123.97471618652344
-123.48674774169922
-124.5029067993164
-122.88365173339844
-123.32490539550781
-122.76007080078125
-122.46639251708984
