-103.3934555053711
-115.67253875732422
-107.35624694824219
-113.40331268310547
-112.76754760742188
-109.81040954589844
-107.82162475585938
-98.1729965209961
-111.83760070800781
-102.72795104980469
-111.98130798339844
-107.95926666259766
-112.16608428955078
-108.59107971191406
-106.09901428222656
-102.86663055419922
-104.17588806152344
-112.78115844726562
-108.29186248779297
-103.75116729736328
-107.02372741699219
-105.39385986328125
-106.67756652832031
-110.25282287597656
-110.48487091064453
-116.2327651977539
-104.04853820800781
-113.12315368652344
-104.4192123413086
-107.87362670898438
-109.50572204589844
-116.17317962646484
-111.35478973388672
-115.37641906738281
-113.4153823852539
-104.00161743164062
-104.2920150756836
-107.33260345458984
-107.80138397216797
-107.43940734863281
-100.0870590209961
-102.21713256835938
-112.67957305908203
-106.70757293701172
-106.15072631835938
-112.25456237792969
-109.42066955566406
-107.41777801513672
-106.77400970458984
-106.50225067138672
-104.60626220703125
-105.11182403564453
-107.49346923828125
-117.64666748046875
-114.07120513916016
-107.71489715576172
-110.34191131591797
-102.76361846923828
-100.82196807861328
-115.09854125976562
-107.5532455444336
-109.27084350585938
-103.8892593383789
-108.89908599853516
-111.87675476074219
-102.33149719238281
-109.46299743652344
-106.92594909667969
-108.18556213378906
-105.31368255615234
-108.64764404296875
-104.12317657470703
-103.0724105834961
-114.60822296142578
-109.26066589355469
-111.09953308105469
-105.2305908203125
-110.91431427001953
-106.26143646240234
-111.8924560546875
-105.24388122558594
-108.11673736572266
-101.05948638916016
-107.74846649169922
-111.95674896240234
-108.52493286132812
-110.01514434814453
-102.15518951416016
-109.7043685913086
-104.79681396484375
-105.55269622802734
-108.49928283691406
-108.8211669921875
-109.80732727050781
-112.61712646484375
-106.53759765625
-106.55416870117188
-108.54646301269531
-104.6944351196289
-108.82807922363281
-109.66313171386719
-99.57159423828125
-113.99930572509766
-106.6413345336914
-104.4613037109375
-111.80233764648438
-111.90938568115234
-102.69063568115234
-106.03733825683594
-103.65186309814453
-109.17381286621094
-96.64501953125
-108.91817474365234
-101.81383514404297
-106.6594467163086
-105.69043731689453
-109.8619613647461
-107.06551361083984
-103.99774932861328
-103.18180847167969
-115.76551818847656
-106.54454040527344
-107.19322967529297
-104.64016723632812
-100.35348510742188
-111.0367660522461
-109.97251892089844
-100.78421783447266
-109.3382568359375
-108.70144653320312
-104.7984619140625
-112.22991943359375
-101.12823486328125
-107.89014434814453
-101.20043182373047
-105.81550598144531
-105.24359893798828
-108.30543518066406
-107.60244750976562
-104.68608093261719
-110.10717010498047
-110.14615631103516
-105.7199935913086
-107.97803497314453
-110.59300231933594
-106.9207992553711
-108.36201477050781
-105.6725845336914
-110.05023956298828
-111.48753356933594
-113.53321075439453
-102.85415649414062
-110.91193389892578
-110.33126831054688
-113.31612396240234
-114.11991119384766
-115.56768798828125
-107.77058410644531
-111.4401626586914
-104.80001068115234
-109.35057830810547
-108.10009002685547
-110.3001708984375
-105.487060546875
-104.42424774169922
-105.83472442626953
-109.32362365722656
-115.1845474243164
-112.67484283447266
-107.06620788574219
-106.72264099121094
-98.65402221679688
-111.4513168334961
-105.89202880859375
-102.85912322998047
-106.39359283447266
-104.89601135253906
-108.68849182128906
-110.17484283447266
-103.0682144165039
-107.89484405517578
-113.21197509765625
-108.94953155517578
-107.56161499023438
-102.50312042236328
-108.08841705322266
-104.1370849609375
-109.09807586669922
-109.77849578857422
-108.67107391357422
-110.33088684082031
-105.17647552490234
-104.59489440917969
-110.56706237792969
-103.77827453613281
-106.67247772216797
-107.31966400146484
-110.97593688964844
-103.41470336914062
-109.16292572021484
-102.52367401123047
-107.5312728881836
-109.177734375
-101.0786361694336
-109.07606506347656
-109.06185150146484
-114.05205535888672
-104.36677551269531
-99.08413696289062
-111.35340881347656
-105.12574005126953
-108.39250183105469
-106.83490753173828
-114.73788452148438
-110.67573547363281
-110.07853698730469
-109.33667755126953
-105.44922637939453
-110.39195251464844
-105.74072265625
-101.66751098632812
-112.44925689697266
-105.33323669433594
-111.73270416259766
-108.01072692871094
-111.64440155029297
-111.35750579833984
-110.6279525756836
-111.06511688232422
-112.53324890136719
-114.64910888671875
-117.71546936035156
-111.26889038085938
-108.01802062988281
-111.95480346679688
-101.76992797851562
-109.65290069580078
-110.26268768310547
-110.27796936035156
-106.58126831054688
-113.42173767089844
-107.975830078125
-107.19485473632812
-108.9757080078125
-108.18240356445312
-109.66667175292969
-109.58760833740234
-112.05442810058594
-105.83055114746094
-106.2726058959961
-111.59000396728516
-108.0125961303711
-104.17913818359375
-101.81439208984375
-106.68214416503906
-105.1904067993164
-108.57579040527344
-119.0569076538086
-106.68196105957031
-108.66551971435547
-113.12926483154297
-106.61434936523438
-108.00729370117188
-101.2037582397461
-104.85785675048828
-107.28170013427734
-108.81905364990234
-101.5206527709961
-103.07511138916016
-108.645263671875
-105.35101318359375
-107.68384552001953
-106.93854522705078
-111.14739227294922
-101.1090316772461
-106.50128936767578
-107.91919708251953
-102.55182647705078
-108.12870025634766
-111.69036102294922
-99.88175201416016
-105.21436309814453
-109.290771484375
-104.68592071533203
-101.10796356201172
-111.38695526123047
-106.58052062988281
-110.485107421875
-109.99234771728516
-108.50926971435547
-108.32992553710938
-102.24630737304688
-108.1911849975586
-109.81602478027344
-109.6181640625
-107.51424407958984
-104.5433120727539
-111.21282196044922
-107.83831024169922
-101.54051971435547
-106.23463439941406
-109.32817077636719
-109.99536895751953
-107.1082763671875
-109.03008270263672
-105.16230010986328
-102.34954833984375
-110.34906768798828
-110.15925598144531
-109.50418090820312
-108.96898651123047
-106.74977111816406
-105.36199188232422
-108.6050796508789
-103.67044830322266
-107.42523956298828
-102.53166198730469
-109.07971954345703
-105.68962860107422
-107.2284164428711
-110.1264419555664
-113.51808166503906
-102.55504608154297
-100.89356994628906
-106.55789184570312
-111.10710906982422
-114.98713684082031
-103.47447967529297
-110.95147705078125
-111.40621185302734
-110.80088806152344
-106.59059143066406
-108.67536926269531
-109.43067169189453
-114.93592834472656
-112.7414321899414
-107.5062484741211
-107.32550048828125
-103.53418731689453
-113.96891784667969
-114.48542022705078
-111.12091827392578
-113.12499237060547
-109.32362365722656
-113.01667022705078
-102.38436126708984
-104.66192626953125
-107.5494384765625
-108.27454376220703
-116.74049377441406
-108.00047302246094
-111.17179870605469
-113.8492431640625
-113.27367401123047
-104.35115051269531
-109.7342758178711
-111.68993377685547
-113.2572021484375
-112.87776184082031
-112.63653564453125
-107.63893127441406
-110.91156768798828
-108.76570129394531
-116.412841796875
-108.1399154663086
-107.76039123535156
-108.19795989990234
-109.3420639038086
-109.76519775390625
-108.41532135009766
-107.06986236572266
-106.13201141357422
-102.52255249023438
-115.34382629394531
-111.33937072753906
-111.61414337158203
-106.37745666503906
-106.86378479003906
-102.57979583740234
-106.88076782226562
-107.1807861328125
-101.74675750732422
-103.46526336669922
-104.26573181152344
-113.60983276367188
-109.14192962646484
-105.29380798339844
-110.37244415283203
-110.53559875488281
-104.080078125
-102.87789916992188
-103.95687866210938
-106.68416595458984
-107.20330810546875
-108.36477661132812
-105.74883270263672
-100.89752197265625
-114.33993530273438
-103.26261138916016
-107.94334411621094
-109.1473159790039
-107.56057739257812
-107.46321105957031
-102.51929473876953
-103.80397033691406
-117.10465240478516
-102.81919860839844
-107.57518768310547
-108.1288833618164
-109.54581451416016
-115.48381042480469
-110.4271011352539
-111.01168823242188
-104.24847412109375
-102.12525177001953
-102.13127136230469
-115.38473510742188
-104.42993927001953
-106.4190902709961
-110.29049682617188
-110.84069061279297
-101.44203186035156
-106.37513732910156
-116.03472137451172
-103.7142105102539
-104.61158752441406
-109.23979949951172
-106.62711334228516
-102.06983184814453
-114.58151245117188
-104.07618713378906
-114.62566375732422
-101.57470703125
-105.3207015991211
-103.09284210205078
-109.61346435546875
-107.56829833984375
-105.76312255859375
-111.09398651123047
-102.39115905761719
-107.6906509399414
-105.22692108154297
-111.85475158691406
-95.83397674560547
-108.40934753417969
-105.40319061279297
-106.38399505615234
-103.09750366210938
-103.57769775390625
-110.26506042480469
-103.10722351074219
-111.77912902832031
-106.91182708740234
-105.10494995117188
-115.33003234863281
-109.52647399902344
-111.89350128173828
-110.1165542602539
-113.86415100097656
-101.79029083251953
-108.66152954101562
-103.95320129394531
-113.89573669433594
-98.2046890258789
-106.80620574951172
-112.98298645019531
-115.54558563232422
-110.05845642089844
-100.95361328125
-99.631103515625
-108.85345458984375
-105.2747802734375
-104.83036804199219
-108.08696746826172
-105.66437530517578
-106.12527465820312
-107.02188110351562
-113.33740997314453
-102.90234375
-103.89488220214844
-98.24626159667969
-106.2148208618164
-108.56928253173828
-100.6266098022461
-111.04106903076172
-103.10565948486328
-106.0061264038086
-101.0682601928711
-110.43885040283203
-111.79267883300781
-104.4263916015625
-101.97084045410156
-105.83985137939453
-109.67818450927734
-106.064208984375
-108.33226013183594
-102.90991973876953
-106.46358489990234
-100.3820571899414
-105.00874328613281
-104.88998413085938
-107.94816589355469
-105.57112884521484
-101.7607192993164
-108.36507415771484
-106.45761108398438
-110.58833312988281
-103.32123565673828
-108.72928619384766
-107.77449798583984
-106.74529266357422
-108.45445251464844
-115.19696807861328
-104.74754333496094
-100.7228012084961
-102.56420135498047
-104.1020736694336
-103.5915756225586
-113.88238525390625
-103.96061706542969
-107.4263687133789
-106.36673736572266
-108.05841064453125
-109.97893524169922
-102.87136840820312
-108.80557250976562
-106.7148666381836
-111.98825073242188
-103.38641357421875
-103.6098861694336
-106.21468353271484
-107.19430541992188
-106.3680191040039
-114.1348876953125
-113.09477996826172
-102.92025756835938
-105.8651351928711
-108.80958557128906
-104.32223510742188
-106.43083190917969
-112.6489486694336
-106.70197296142578
-100.42431640625
-109.50272369384766
-111.56710815429688
-102.18748474121094
-107.99519348144531
-102.18878173828125
-112.26539611816406
-110.67015075683594
-110.228759765625
-104.26250457763672
-104.69556427001953
-105.6351547241211
-110.72232818603516
-109.22432708740234
-108.62882995605469
-108.182861328125
-111.37244415283203
-105.16462707519531
-109.39395141601562
-108.22864532470703
-104.88701629638672
-107.52690124511719
-114.51153564453125
-115.10984802246094
-110.9180679321289
-100.99810028076172
-105.13941955566406
-112.587158203125
-103.40724182128906
-102.153076171875
-103.31298828125
-110.762451171875
-101.13056945800781
-110.89632415771484
-101.89518737792969
-118.47470092773438
-114.81254577636719
-107.19566345214844
-109.41415405273438
-111.9361572265625
-108.52911376953125
-106.891357421875
-109.27352142333984
-109.41637420654297
-103.62246704101562
-100.234619140625
-106.2677993774414
-102.02403259277344
-107.07592010498047
-106.46226501464844
-106.4079360961914
-111.11138916015625
-106.6812973022461
-109.50308227539062
-103.86206817626953
-104.08836364746094
-114.25352478027344
-112.76049041748047
-107.07328796386719
-108.19487762451172
-109.89899444580078
-111.26473999023438
-103.63314819335938
-102.64723205566406
-108.8696517944336
-105.55449676513672
-109.36915588378906
-106.1240005493164
-104.71786499023438
-108.58152770996094
-107.5159683227539
-115.6518783569336
-111.220947265625
-106.27738189697266
-103.93579864501953
-108.39999389648438
-104.49813079833984
-104.69527435302734
-107.52442932128906
-104.16252899169922
-104.04037475585938
-105.94721984863281
-104.05216217041016
-108.25529479980469
-110.7465591430664
-108.47299194335938
-108.3212661743164
-112.07111358642578
-108.0110855102539
-107.71119689941406
-113.51618194580078
-106.48728942871094
-101.09426879882812
-108.12709045410156
-111.13373565673828
-105.85436248779297
-103.28170013427734
-117.02494049072266
-109.56015014648438
-114.73448181152344
-115.00865173339844
-107.71733856201172
-105.2361068725586
-101.04090881347656
-104.39469146728516
-104.29231262207031
-103.06511688232422
-105.2298583984375
-108.20938110351562
-117.8213119506836
-109.21248626708984
-115.65306091308594
-115.60710144042969
-111.1325912475586
-103.76731872558594
-110.57711791992188
-104.62911987304688
-104.983154296875
-114.00635528564453
-103.23004913330078
-108.72575378417969
-104.51404571533203
-100.92648315429688
-105.61143493652344
-112.10342407226562
-106.24268341064453
-105.18798065185547
-110.29734802246094
-109.64837646484375
-110.1726303100586
-103.64317321777344
-104.8021469116211
-110.2971420288086
-103.36261749267578
-103.88561248779297
-108.64013671875
-108.49552917480469
-113.03840637207031
-110.69194793701172
-108.07257080078125
-104.77070617675781
-110.48619079589844
-109.1657943725586
-105.0006103515625
-101.5773696899414
-103.44983673095703
-108.49057006835938
-106.60472869873047
-102.36744689941406
-110.57807922363281
-99.81483459472656
-104.03260040283203
-109.95654296875
-108.87786865234375
-109.25761413574219
-104.68228912353516
-106.0537109375
-104.83927154541016
-102.6200942993164
-108.2254867553711
-116.78997039794922
-111.11390686035156
-105.34515380859375
-108.45919799804688
-106.20165252685547
-107.1878890991211
-110.8810043334961
-105.04635620117188
-103.87165069580078
-108.8105697631836
-108.11825561523438
-101.8157730102539
-109.12619018554688
-107.93370056152344
-104.94621276855469
-104.35921478271484
-105.40055084228516
-110.29174041748047
-114.91614532470703
-105.47100067138672
-107.06810760498047
-108.72035217285156
-105.58168029785156
-109.8437271118164
-103.96260070800781
-106.78407287597656
-110.70042419433594
-99.01594543457031
-106.34558868408203
-113.75827026367188
-106.29277801513672
-109.31002807617188
-110.0219955444336
-110.20114135742188
-102.14044952392578
-108.82829284667969
-108.43330383300781
-101.36766815185547
-105.72720336914062
-108.7867431640625
-104.4428482055664
-104.81548309326172
-111.81879425048828
-110.27064514160156
-107.87547302246094
-103.55776977539062
-105.10523223876953
-111.06830596923828
-109.20500183105469
-106.47247314453125
-103.26187133789062
-107.71109771728516
-103.79747009277344
-105.53115844726562
-109.87242889404297
-109.74166870117188
-103.03816986083984
-113.85767364501953
-102.99835968017578
-106.15377807617188
-101.39373779296875
-104.809814453125
-102.1881103515625
-104.41262817382812
-106.45912170410156
-97.12991333007812
-107.77371215820312
-109.83209991455078
-106.6183853149414
-102.62894439697266
-113.2000732421875
-116.41670989990234
-102.5185317993164
-102.90216064453125
-114.24708557128906
-109.598876953125
-103.0032730102539
-109.41015625
-104.95646667480469
-108.12920379638672
-104.75953674316406
-108.38853454589844
-108.70459747314453
-108.72061157226562
-102.82583618164062
-105.87361907958984
-112.6211166381836
-100.06085968017578
-95.43059539794922
-104.06532287597656
-103.42642974853516
-107.40373992919922
-103.96794891357422
-107.31531524658203
-111.86959075927734
-106.84940338134766
-106.02517700195312
-108.11201477050781
-108.5954360961914
-110.12861633300781
-107.72736358642578
-113.70669555664062
-102.24967956542969
-104.77816772460938
-105.28857421875
-111.0270004272461
-106.68856048583984
-108.90830993652344
-106.12693786621094
-106.60171508789062
-111.28221130371094
-99.10242462158203
-103.19243621826172
-106.62565612792969
-104.0320053100586
-108.1461181640625
-106.0379638671875
-111.26316833496094
-106.86426544189453
-109.14862060546875
-109.77900695800781
-106.6202621459961
-110.8879623413086
-108.80496978759766
-108.92798614501953
-104.11943817138672
-102.47270202636719
-102.83622741699219
-110.66412353515625
-114.17633056640625
-110.88421630859375
-100.81390380859375
-108.34911346435547
-111.2660140991211
-111.76406860351562
-108.30687713623047
-105.7625732421875
-103.5798110961914
-109.2490234375
-106.92584228515625
-106.1284408569336
-107.77728271484375
-105.66584014892578
-104.04824829101562
-105.90945434570312
-99.32075500488281
-109.79608917236328
-112.02822875976562
-108.73002624511719
-107.38846588134766
-110.58555603027344
-104.643798828125
-106.73499298095703
-111.12225341796875
-103.51912689208984
-112.3005142211914
-106.70539093017578
-108.17085266113281
-99.08389282226562
-103.79976654052734
-108.96277618408203
-105.16436767578125
-106.1749267578125
-109.87118530273438
-105.10710144042969
-108.55132293701172
-104.32585906982422
-104.44793701171875
-105.69332885742188
-108.08776092529297
-111.96684265136719
-113.12942504882812
-106.67671203613281
-105.83828735351562
-99.88792419433594
-111.33506774902344
-102.44258117675781
-114.98174285888672
-105.32341766357422
-113.20210266113281
-104.25760650634766
-102.89395141601562
-104.20274353027344
-104.4319076538086
-107.72147369384766
-111.6722640991211
-109.74874877929688
-109.58467102050781
-103.39492797851562
-114.82479858398438
-106.56998443603516
-112.85335540771484
-110.57393646240234
-108.18894958496094
-107.38323974609375
-110.54386138916016
-108.038818359375
-110.92451477050781
-103.32610321044922
-105.13209533691406
-109.36637115478516
-109.81536865234375
-110.8477783203125
-109.8838882446289
-111.50293731689453
-106.08969116210938
-108.87802124023438
-109.49761962890625
-105.39686584472656
-111.52903747558594
-104.798583984375
-110.97889709472656
-107.84505462646484
-104.16012573242188
-108.22211456298828
-109.73040771484375
-107.19330596923828
-108.10163879394531
-111.81004333496094
-109.05974578857422
-109.09329223632812
-113.62037658691406
-100.6151351928711
-108.50980377197266
-103.10476684570312
-108.81581115722656
-103.27176666259766
-103.48614501953125
-109.28803253173828
-109.34890747070312
-109.28120422363281
-110.94273376464844
-108.2332534790039
-108.16461181640625
-109.24429321289062
-109.08045959472656
