-102.02803802490234
-111.85990142822266
-104.15744018554688
-110.24823760986328
-109.89447784423828
-108.14997863769531
-104.79779052734375
-96.06123352050781
-109.23018646240234
-99.62576293945312
-108.7220230102539
-104.31132507324219
-108.37055969238281
-106.65388488769531
-103.6034164428711
-100.90798950195312
-101.4201889038086
-110.27330017089844
-107.76649475097656
-101.57173919677734
-103.82537841796875
-104.25438690185547
-104.65974426269531
-108.1046142578125
-106.73526000976562
-113.4192886352539
-102.54994201660156
-111.21707153320312
-102.71417999267578
-103.88883209228516
-106.75019073486328
-111.95513153076172
-109.67108917236328
-111.76319122314453
-111.72268676757812
-102.2491683959961
-101.32147216796875
-105.96363830566406
-104.34489440917969
-103.93122863769531
-99.17340087890625
-99.41801452636719
-109.70509338378906
-103.19934844970703
-104.7553482055664
-111.09667205810547
-106.66036224365234
-104.18351745605469
-105.23621368408203
-104.5592269897461
-102.11778259277344
-101.84134674072266
-105.97724914550781
-116.38441467285156
-111.30327606201172
-106.1928939819336
-107.86930084228516
-101.46397399902344
-98.1148681640625
-110.07514190673828
-104.53052520751953
-105.86054992675781
-101.32637786865234
-105.49639892578125
-107.82208251953125
-100.51456451416016
-105.54988098144531
-105.28874206542969
-105.84307861328125
-101.8936996459961
-106.40599060058594
-102.50065612792969
-101.81137084960938
-111.00186157226562
-104.90656280517578
-107.510009765625
-100.96576690673828
-108.5624771118164
-103.69343566894531
-108.09484100341797
-103.29547119140625
-105.30268859863281
-98.66206359863281
-103.64544677734375
-108.3419189453125
-105.39462280273438
-106.69261169433594
-100.55038452148438
-107.42854309082031
-101.35714721679688
-103.1855239868164
-106.13435363769531
-105.35529327392578
-109.2965316772461
-111.35557556152344
-102.91211700439453
-104.39614868164062
-104.36909484863281
-103.58264923095703
-106.38508605957031
-106.8646240234375
-96.15984344482422
-109.494384765625
-103.49363708496094
-103.44576263427734
-109.43223571777344
-108.51721954345703
-99.74276733398438
-102.60763549804688
-99.85177612304688
-105.90413665771484
-95.32137298583984
-107.64044952392578
-99.65227508544922
-105.648681640625
-103.2191390991211
-107.073974609375
-102.761962890625
-100.90361022949219
-99.79528045654297
-113.35275268554688
-103.27217102050781
-103.38481903076172
-100.6393814086914
-97.61167907714844
-107.85192108154297
-106.51011657714844
-96.828857421875
-105.826416015625
-108.07310485839844
-100.52677154541016
-109.09507751464844
-98.81724548339844
-106.05882263183594
-98.87171936035156
-101.3742904663086
-101.20730590820312
-106.67025756835938
-103.8045654296875
-102.47622680664062
-105.80744171142578
-106.33383178710938
-101.8042984008789
-103.82068634033203
-108.86833953857422
-104.586181640625
-104.9478759765625
-103.11128234863281
-108.19255065917969
-109.46739196777344
-111.30345916748047
-99.26605224609375
-108.57125854492188
-107.56674194335938
-110.16952514648438
-111.4233169555664
-111.97904205322266
-105.38717651367188
-109.3172378540039
-102.65943908691406
-106.08877563476562
-105.51063537597656
-107.24455261230469
-103.81620788574219
-101.83126831054688
-103.34822845458984
-104.73303985595703
-112.99054718017578
-110.72645568847656
-105.26978302001953
-104.61006164550781
-96.39952850341797
-107.86843872070312
-103.5814437866211
-100.0142822265625
-103.39977264404297
-103.07640838623047
-105.55860137939453
-108.6048812866211
-99.74507141113281
-104.42073059082031
-110.93385314941406
-106.15582275390625
-105.23551940917969
-101.03561401367188
-106.96886444091797
-100.89307403564453
-106.14079284667969
-108.06642150878906
-107.01922607421875
-106.30860900878906
-102.95136260986328
-100.92597961425781
-106.74314880371094
-102.26319122314453
-104.109619140625
-105.52428436279297
-107.50172424316406
-101.9349136352539
-105.77759552001953
-101.08830261230469
-104.30624389648438
-106.72644805908203
-98.05303192138672
-104.78659057617188
-105.37333679199219
-112.40162658691406
-102.4017105102539
-96.7453842163086
-108.22502136230469
-102.71355438232422
-105.60493469238281
-102.62885284423828
-112.10724639892578
-107.4837417602539
-107.35551452636719
-106.49605560302734
-104.94353485107422
-107.49555969238281
-104.28713989257812
-100.07795715332031
-111.30309295654297
-102.37297058105469
-108.47422790527344
-105.07081604003906
-107.19908142089844
-110.16748046875
-107.04814147949219
-108.0487060546875
-110.2004623413086
-110.68989562988281
-112.1490478515625
-108.35553741455078
-105.53527069091797
-108.73884582519531
-99.2568130493164
-106.4386978149414
-106.9889144897461
-105.23538970947266
-103.25628662109375
-108.9527587890625
-105.31490325927734
-104.63691711425781
-107.08940887451172
-104.40573120117188
-107.35221099853516
-105.70787811279297
-110.35038757324219
-102.71187591552734
-101.40544891357422
-109.81724548339844
-106.12862396240234
-100.9112548828125
-98.7242202758789
-105.0011215209961
-103.24855041503906
-106.05583953857422
-117.75830841064453
-103.7002182006836
-106.57544708251953
-110.69408416748047
-105.70844268798828
-105.15101623535156
-98.75537872314453
-100.4770278930664
-104.35272216796875
-106.76416015625
-99.55523681640625
-100.48237609863281
-104.59386444091797
-103.31926727294922
-105.37300109863281
-105.58918762207031
-107.38355255126953
-100.13117980957031
-103.07752990722656
-106.15106201171875
-99.48637390136719
-103.36125946044922
-107.5686264038086
-97.31387329101562
-102.33485412597656
-106.79685974121094
-103.33950805664062
-98.67288970947266
-106.68893432617188
-103.16349792480469
-108.25975036621094
-107.00814819335938
-105.55641174316406
-105.05867004394531
-100.3441162109375
-106.33019256591797
-107.877197265625
-105.85313415527344
-104.8366928100586
-100.72259521484375
-109.39800262451172
-103.31541442871094
-100.94285583496094
-101.90491485595703
-104.57806396484375
-106.18384552001953
-104.16342163085938
-107.0158462524414
-103.44132995605469
-99.75968170166016
-109.69889831542969
-105.98399353027344
-106.8541259765625
-105.83419799804688
-105.12422180175781
-103.78047943115234
-106.483154296875
-99.77913665771484
-103.51946258544922
-99.63983917236328
-106.9771957397461
-102.21375274658203
-103.99119567871094
-108.57158660888672
-111.38034057617188
-100.26347351074219
-99.64680480957031
-103.79876708984375
-107.42298889160156
-110.98462677001953
-101.50363159179688
-109.45878601074219
-107.7207260131836
-106.97278594970703
-103.18083953857422
-104.57698822021484
-105.43278503417969
-110.91716766357422
-108.95989227294922
-105.22940063476562
-106.1557846069336
-101.88060760498047
-111.08536529541016
-110.87896728515625
-106.85834503173828
-109.59990692138672
-105.93504333496094
-110.33702087402344
-99.50801086425781
-101.7756118774414
-104.67594909667969
-105.76184844970703
-113.88390350341797
-104.8246841430664
-105.38031768798828
-111.39520263671875
-109.35382080078125
-101.09779357910156
-106.35211181640625
-110.49356842041016
-109.8235855102539
-111.25930786132812
-109.27664947509766
-106.49002075195312
-107.27057647705078
-105.70309448242188
-110.57572937011719
-104.88108825683594
-105.1988296508789
-105.43693542480469
-105.50016021728516
-108.07946014404297
-105.39978790283203
-104.45671844482422
-105.14421081542969
-98.93574523925781
-111.46920013427734
-108.21358489990234
-108.68577575683594
-103.66276550292969
-103.51729583740234
-100.29762268066406
-103.29547119140625
-104.74188995361328
-98.28192138671875
-101.43280792236328
-101.57693481445312
-110.416015625
-106.33917236328125
-102.18577575683594
-106.65811157226562
-109.62653350830078
-102.11624908447266
-99.73319244384766
-100.18292999267578
-104.21238708496094
-104.4517822265625
-105.49456787109375
-102.95160675048828
-99.66764068603516
-111.28877258300781
-100.12023162841797
-104.85586547851562
-107.30884552001953
-104.1642074584961
-103.77127838134766
-100.72808074951172
-102.2809066772461
-114.89010620117188
-98.97417449951172
-104.19164276123047
-105.30931091308594
-107.34648132324219
-112.90049743652344
-106.95638275146484
-105.73247528076172
-101.16535186767578
-99.48650360107422
-100.34841918945312
-110.9359359741211
-102.11312866210938
-103.55772399902344
-107.77932739257812
-107.72441101074219
-99.32247924804688
-103.90785217285156
-112.35443115234375
-102.51187133789062
-103.10360717773438
-106.90123748779297
-103.52183532714844
-99.92278289794922
-111.18846130371094
-101.75202178955078
-112.37863159179688
-100.00714874267578
-102.91777038574219
-101.0373764038086
-107.05485534667969
-106.00127410888672
-104.9559326171875
-107.25648498535156
-100.63955688476562
-105.84947204589844
-104.34838104248047
-108.61506652832031
-93.33100891113281
-105.29026794433594
-101.87378692626953
-103.48809814453125
-101.42904663085938
-100.57769012451172
-107.4341049194336
-100.4541244506836
-106.62054443359375
-103.94864654541016
-101.6575698852539
-112.68831634521484
-106.37921142578125
-109.81416320800781
-107.0469741821289
-110.82888793945312
-99.54280090332031
-105.26607513427734
-101.07066345214844
-111.85625457763672
-94.40408325195312
-104.9988021850586
-109.57268524169922
-113.61576080322266
-108.35440063476562
-97.78158569335938
-98.2804946899414
-106.22888946533203
-103.24862670898438
-105.37847137451172
-106.31482696533203
-102.8487777709961
-101.55693054199219
-103.3808364868164
-109.9542465209961
-102.2578353881836
-101.16764831542969
-96.02500915527344
-104.49170684814453
-103.79994201660156
-98.33159637451172
-108.50289916992188
-100.48960876464844
-105.01979064941406
-100.49063873291016
-107.34487915039062
-108.61613464355469
-100.26315307617188
-100.72846984863281
-103.73030853271484
-106.79779815673828
-104.34308624267578
-106.40458679199219
-102.37227630615234
-103.96356964111328
-97.43452453613281
-102.5514907836914
-103.26335144042969
-105.65753936767578
-102.63070678710938
-99.56688690185547
-104.5591812133789
-104.07076263427734
-107.02820587158203
-101.56431579589844
-106.32201385498047
-106.33438110351562
-104.8880844116211
-107.07523345947266
-113.14204406738281
-101.61434173583984
-99.60887908935547
-100.25363159179688
-100.58154296875
-100.42666625976562
-111.10690307617188
-101.49275970458984
-103.96154022216797
-103.92538452148438
-105.76131439208984
-105.9887466430664
-100.29591369628906
-107.08827209472656
-103.74658203125
-111.82307434082031
-100.93230438232422
-101.99125671386719
-104.24491882324219
-105.65702819824219
-105.84703063964844
-110.38709259033203
-110.90081024169922
-100.56047821044922
-104.46048736572266
-105.97862243652344
-101.4075927734375
-104.01334381103516
-110.73655700683594
-102.98918914794922
-98.6418685913086
-107.0826416015625
-108.48836517333984
-99.98799896240234
-105.66991424560547
-99.46002197265625
-109.7426528930664
-107.97752380371094
-107.90216064453125
-102.1988754272461
-102.14035034179688
-104.24980926513672
-108.00312805175781
-106.5061264038086
-105.6961669921875
-105.80874633789062
-109.38764953613281
-103.49783325195312
-106.81136322021484
-104.69047546386719
-101.69424438476562
-105.10346221923828
-111.45206451416016
-112.21700286865234
-107.52362060546875
-100.33779907226562
-104.02104187011719
-111.15714263916016
-100.73387908935547
-98.54682922363281
-101.38764190673828
-108.03294372558594
-99.33490753173828
-107.89823913574219
-99.30652618408203
-116.3862075805664
-111.50460052490234
-105.04022216796875
-107.66124725341797
-109.0946273803711
-104.81107330322266
-103.55245208740234
-106.967041015625
-108.4124984741211
-102.09226989746094
-98.52434539794922
-102.0023193359375
-99.03084564208984
-105.35723876953125
-102.85445404052734
-102.33696746826172
-107.0871353149414
-102.66864013671875
-107.00434112548828
-101.06295013427734
-102.29048156738281
-112.53347778320312
-109.89667510986328
-103.40396118164062
-103.16938018798828
-105.96946716308594
-107.93719482421875
-99.74549102783203
-100.231201171875
-105.64290618896484
-102.5237045288086
-106.865966796875
-103.01280975341797
-102.62837219238281
-106.48973083496094
-104.62328338623047
-111.95716094970703
-108.46611022949219
-104.09345245361328
-101.28497314453125
-104.53025817871094
-103.33606719970703
-102.03543090820312
-104.71978759765625
-101.21002197265625
-101.91929626464844
-103.1047134399414
-99.8314437866211
-104.85612487792969
-109.94249725341797
-105.41344451904297
-105.9891357421875
-106.85386657714844
-105.49054718017578
-105.64534759521484
-112.34711456298828
-103.63176727294922
-99.87606048583984
-105.42972564697266
-109.3525390625
-103.11041259765625
-100.8710708618164
-115.45902252197266
-106.41435241699219
-110.97818756103516
-111.9143295288086
-104.84225463867188
-102.96001434326172
-98.55052185058594
-101.8816146850586
-101.75139617919922
-101.5094985961914
-102.90959930419922
-105.2381591796875
-117.33909606933594
-108.67829895019531
-112.34723663330078
-111.32499694824219
-109.40509033203125
-101.57786560058594
-106.87376403808594
-104.21076202392578
-104.06753540039062
-112.775146484375
-102.5557861328125
-105.74253845214844
-103.64420318603516
-99.63861083984375
-104.05697631835938
-110.46746826171875
-103.45657348632812
-101.83598327636719
-108.30116271972656
-108.69670104980469
-107.48834228515625
-101.74159240722656
-102.34419250488281
-110.93663787841797
-101.05292510986328
-100.85995483398438
-106.12603759765625
-106.44792175292969
-110.54483032226562
-109.73690032958984
-105.89151000976562
-102.68437194824219
-108.306884765625
-105.6744384765625
-103.67262268066406
-99.62765502929688
-102.61598205566406
-106.31742095947266
-105.52299499511719
-99.09457397460938
-108.58062744140625
-96.82241821289062
-102.19920349121094
-107.65924835205078
-105.9537124633789
-106.7811050415039
-101.15475463867188
-103.93087005615234
-102.4615478515625
-99.40203857421875
-107.37789154052734
-113.7261962890625
-109.50895690917969
-103.06011962890625
-105.0213851928711
-104.6578140258789
-107.19444274902344
-108.9612808227539
-103.16704559326172
-103.16850280761719
-106.60289001464844
-106.34658813476562
-99.14448547363281
-104.94288635253906
-105.62870025634766
-103.46527862548828
-101.28186798095703
-102.38809967041016
-107.5086441040039
-111.23831939697266
-102.70217895507812
-104.2170181274414
-107.76509857177734
-104.46036529541016
-107.61457824707031
-99.6153793334961
-104.17655181884766
-108.44426727294922
-97.94294738769531
-103.44688415527344
-110.57787322998047
-104.20533752441406
-106.48027801513672
-107.13870239257812
-109.22340393066406
-100.01207733154297
-105.91973876953125
-105.11920166015625
-99.15131378173828
-103.80584716796875
-106.51136779785156
-100.17987060546875
-101.87552642822266
-110.63371276855469
-107.81796264648438
-106.27017974853516
-101.01921844482422
-104.93527221679688
-109.02799987792969
-106.92041015625
-104.34296417236328
-101.22317504882812
-105.66390991210938
-102.49331665039062
-102.54850769042969
-108.86012268066406
-107.1655044555664
-102.30078125
-110.76106262207031
-100.19467163085938
-103.72169494628906
-98.51179504394531
-102.95614624023438
-99.56689453125
-101.43241119384766
-103.69259643554688
-95.32239532470703
-106.21311950683594
-107.22721862792969
-105.04145812988281
-100.55109405517578
-111.49964904785156
-111.98504638671875
-100.56568145751953
-100.84473419189453
-109.34310913085938
-107.81471252441406
-100.21434020996094
-105.93911743164062
-102.19644165039062
-105.78559112548828
-104.12747955322266
-106.27957916259766
-105.74478149414062
-106.4821548461914
-99.94715881347656
-103.79216766357422
-107.64457702636719
-99.22736358642578
-94.35589599609375
-100.39909362792969
-102.79195404052734
-106.2114028930664
-101.49520874023438
-105.60494995117188
-108.19788360595703
-104.24772644042969
-102.61627197265625
-105.8595962524414
-105.8337173461914
-107.2924575805664
-105.75210571289062
-113.18147277832031
-101.7374496459961
-101.69196319580078
-102.91163635253906
-107.9586181640625
-102.51426696777344
-107.53814697265625
-104.19171142578125
-103.65812683105469
-109.22602844238281
-97.93302154541016
-102.043701171875
-106.02775573730469
-102.26288604736328
-104.68406677246094
-104.268310546875
-107.70033264160156
-104.46819305419922
-107.84231567382812
-106.72589874267578
-103.82942962646484
-107.73774719238281
-105.53091430664062
-106.8366470336914
-102.56561279296875
-99.83916473388672
-100.5431137084961
-108.68549346923828
-112.54108428955078
-107.5391845703125
-98.64653015136719
-105.4591064453125
-109.08396911621094
-107.53923797607422
-104.82852935791016
-102.15575408935547
-101.98989868164062
-107.5090103149414
-103.5802993774414
-104.30391693115234
-105.41419982910156
-104.6360855102539
-102.3134765625
-102.48284149169922
-96.1366958618164
-106.51226043701172
-109.69436645507812
-107.14674377441406
-105.22289276123047
-107.26934814453125
-101.31920623779297
-104.71294403076172
-108.68997192382812
-101.40196228027344
-109.43177032470703
-104.77452850341797
-105.31381225585938
-96.58132934570312
-101.89802551269531
-105.4908676147461
-102.89722442626953
-105.45049285888672
-107.53216552734375
-102.87214660644531
-107.85498809814453
-101.27873229980469
-102.45114135742188
-104.21173095703125
-106.63011169433594
-109.35414123535156
-112.30279541015625
-104.55513763427734
-103.26983642578125
-98.90597534179688
-108.09872436523438
-100.10608673095703
-111.27709197998047
-103.85469818115234
-111.84382629394531
-101.53120422363281
-100.50534057617188
-102.01986694335938
-102.36156463623047
-104.35955047607422
-110.16825866699219
-106.76789855957031
-108.46060180664062
-102.42975616455078
-111.60530090332031
-103.6472396850586
-110.99671936035156
-108.99832153320312
-106.43905639648438
-105.26274871826172
-109.32455444335938
-106.30794525146484
-108.4762954711914
-101.28491973876953
-103.07051849365234
-107.60234069824219
-106.43929290771484
-108.94198608398438
-106.55155181884766
-108.63679504394531
-104.42263793945312
-107.05670166015625
-106.19811248779297
-102.58378601074219
-109.34459686279297
-102.22395324707031
-107.93486022949219
-105.76345825195312
-101.83979034423828
-105.71236419677734
-108.20939636230469
-104.19314575195312
-104.20577239990234
-108.4580078125
-106.30982208251953
-107.54016876220703
-110.65064239501953
-97.44914245605469
-105.61557006835938
-100.96758270263672
-106.82891082763672
-99.68482971191406
-99.73463439941406
-104.95640563964844
-106.6400146484375
-105.68839263916016
-106.99469757080078
-104.18651580810547
-105.91389465332031
-107.53722381591797
-106.36376953125
