-102.34721374511719
-112.02655792236328
-105.91342163085938
-112.21422576904297
-112.07231903076172
-110.17974853515625
-105.96675109863281
-96.51618194580078
-109.98973083496094
-101.92874145507812
-111.57579803466797
-106.8639907836914
-110.12388610839844
-107.30610656738281
-105.37895202636719
-102.93018341064453
-101.71710968017578
-113.32872009277344
-108.8773422241211
-103.03529357910156
-105.71405792236328
-105.47901916503906
-106.86787414550781
-110.62765502929688
-108.95185089111328
-114.38847351074219
-104.61065673828125
-111.00613403320312
-103.91971588134766
-105.63694763183594
-108.88915252685547
-114.25846862792969
-111.86819458007812
-113.44094848632812
-111.36799621582031
-103.53911590576172
-103.92398071289062
-106.87132263183594
-107.04852294921875
-107.20101928710938
-99.9056625366211
-101.11460876464844
-112.15046691894531
-104.49152374267578
-104.98295593261719
-112.68927001953125
-108.1358871459961
-106.62699890136719
-106.42882537841797
-106.30582427978516
-103.78113555908203
-103.0178451538086
-107.47444915771484
-116.24488067626953
-112.27041625976562
-107.73048400878906
-108.50224304199219
-103.43428802490234
-99.84587097167969
-113.48777770996094
-106.27293395996094
-109.0211410522461
-102.69866943359375
-107.47325134277344
-110.11553192138672
-101.66838073730469
-107.30752563476562
-107.20487976074219
-107.12869262695312
-103.87590026855469
-108.27458190917969
-102.77955627441406
-101.29225158691406
-113.6681900024414
-108.22162628173828
-110.00884246826172
-103.57275390625
-109.7786865234375
-105.11041259765625
-109.79252624511719
-104.49198150634766
-106.45138549804688
-99.82283020019531
-105.7410888671875
-111.0152587890625
-106.79689025878906
-107.49945068359375
-101.71693420410156
-109.37113952636719
-102.3197250366211
-103.90159606933594
-107.8087387084961
-106.17638397216797
-108.73747253417969
-111.78072357177734
-105.6826400756836
-105.44103240966797
-106.14596557617188
-103.9280014038086
-108.17155456542969
-108.55914306640625
-98.78531646728516
-111.68245697021484
-106.839599609375
-103.65420532226562
-111.03308868408203
-111.98008728027344
-100.39521789550781
-105.35289764404297
-101.92247009277344
-108.51412200927734
-95.15750885009766
-108.06258392333984
-100.43370819091797
-106.45923614501953
-105.77996826171875
-108.18595123291016
-104.76704406738281
-101.61997985839844
-101.77316284179688
-114.2803726196289
-105.30995178222656
-106.65572357177734
-102.92877197265625
-99.20014190673828
-110.41886138916016
-107.51952362060547
-98.11468505859375
-109.15165710449219
-108.71780395507812
-102.83326721191406
-110.6677474975586
-99.75785827636719
-107.82503509521484
-101.34268951416016
-104.3000717163086
-102.86798858642578
-108.02093505859375
-106.12995910644531
-103.18083190917969
-107.97132110595703
-107.94937133789062
-104.11622619628906
-107.44014739990234
-109.74883270263672
-105.1950454711914
-107.19375610351562
-103.92927551269531
-110.56256103515625
-110.98335266113281
-112.05598449707031
-101.28054809570312
-110.22660827636719
-109.21048736572266
-111.79391479492188
-113.04460144042969
-113.68317413330078
-107.1998291015625
-111.6551742553711
-103.90193939208984
-107.78178405761719
-106.94862365722656
-110.02510833740234
-104.7646713256836
-103.13935852050781
-104.2204360961914
-108.23870849609375
-114.40254974365234
-111.92687225341797
-105.79193115234375
-106.3316650390625
-97.86103057861328
-109.51586151123047
-104.7741470336914
-101.4193344116211
-105.69490814208984
-104.27449798583984
-108.38258361816406
-110.158447265625
-101.73294830322266
-107.45030975341797
-111.8056869506836
-107.84770965576172
-106.89693450927734
-102.04029846191406
-107.16267395019531
-102.87310028076172
-107.51968383789062
-109.76802825927734
-108.28907012939453
-107.73799896240234
-103.9525375366211
-102.33987426757812
-107.88565826416016
-103.6717529296875
-104.67797088623047
-107.1475601196289
-109.43904113769531
-102.84201049804688
-107.83261108398438
-102.00591278076172
-107.0134506225586
-107.83911895751953
-98.7464370727539
-107.11466217041016
-107.90907287597656
-115.17879486083984
-103.54749298095703
-97.73566436767578
-109.97435760498047
-104.3533935546875
-106.83407592773438
-103.97122955322266
-115.07594299316406
-109.58943939208984
-109.08177947998047
-108.76473236083984
-106.29476928710938
-109.39976501464844
-104.97264099121094
-101.44509887695312
-111.97708892822266
-104.89330291748047
-110.86823272705078
-108.2726821899414
-110.4822006225586
-109.62479400634766
-109.41581726074219
-109.93003845214844
-110.75862121582031
-112.68208312988281
-115.86988830566406
-110.17323303222656
-106.77445983886719
-110.42125701904297
-101.12718963623047
-107.37273406982422
-109.35684967041016
-107.69519805908203
-106.52159881591797
-112.14588928222656
-106.02658081054688
-106.0955581665039
-105.9991226196289
-106.61558532714844
-109.46929168701172
-107.37744903564453
-109.94851684570312
-105.31869506835938
-102.87916564941406
-109.7339096069336
-107.14933776855469
-101.85317993164062
-99.59452056884766
-105.92279815673828
-103.55387115478516
-107.49561309814453
-117.35275268554688
-105.01219177246094
-107.34597778320312
-111.92212677001953
-106.22175598144531
-107.33628845214844
-100.4334716796875
-103.4552001953125
-106.46078491210938
-108.88980102539062
-100.71053314208984
-101.54762268066406
-105.4034652709961
-104.04777526855469
-106.02753448486328
-106.44718933105469
-109.47348022460938
-100.29689025878906
-105.6724853515625
-106.9224624633789
-100.51642608642578
-105.66883850097656
-109.80410766601562
-98.76307678222656
-104.26152801513672
-108.1432876586914
-104.36820983886719
-100.6520004272461
-109.45745849609375
-103.33319854736328
-108.10614776611328
-108.46402740478516
-107.72406005859375
-107.99311828613281
-100.77339172363281
-106.05516815185547
-108.96487426757812
-107.78719329833984
-106.0642318725586
-103.39759826660156
-112.89173889160156
-108.17172241210938
-101.4903564453125
-104.30615234375
-107.4496841430664
-108.45835876464844
-105.54713439941406
-108.65508270263672
-103.87199401855469
-101.21119689941406
-109.87801361083984
-109.19707489013672
-109.85505676269531
-108.06257629394531
-105.63385772705078
-104.65696716308594
-107.88756561279297
-103.48168182373047
-105.01583862304688
-101.24284362792969
-107.62406921386719
-105.1202163696289
-106.57319641113281
-108.94170379638672
-112.0631103515625
-101.1915283203125
-99.94993591308594
-106.0569839477539
-110.67572021484375
-111.82456970214844
-102.18386840820312
-111.12194061279297
-110.1152572631836
-109.06771087646484
-105.3974838256836
-107.45829010009766
-106.80636596679688
-114.64850616455078
-111.64100646972656
-107.67826843261719
-106.90477752685547
-102.94830322265625
-112.74195098876953
-113.61617279052734
-109.76160430908203
-111.91544342041016
-106.60195922851562
-111.57505798339844
-100.84271240234375
-101.30851745605469
-105.22067260742188
-107.18402862548828
-115.22223663330078
-106.9451904296875
-107.76679992675781
-112.1110610961914
-110.3333511352539
-102.49115753173828
-109.67625427246094
-112.50374603271484
-112.2884750366211
-112.42644500732422
-111.14948272705078
-106.9856948852539
-110.64297485351562
-107.25909423828125
-112.89158630371094
-106.39093017578125
-106.84322357177734
-107.08641815185547
-105.86119842529297
-108.12654113769531
-108.18998718261719
-105.63728332519531
-104.58435821533203
-102.19329071044922
-113.97395324707031
-109.80123138427734
-110.48014831542969
-105.94149780273438
-105.61029815673828
-101.58966827392578
-103.80181121826172
-106.74809265136719
-100.46107482910156
-102.22022247314453
-104.07698059082031
-112.6843490600586
-106.71158599853516
-103.69610595703125
-108.04817962646484
-109.76866912841797
-104.06916046142578
-100.83866882324219
-103.2427749633789
-105.50352478027344
-106.42313385009766
-105.94007110595703
-103.96100616455078
-99.38945770263672
-113.09988403320312
-100.67794799804688
-105.57949829101562
-108.82987976074219
-106.18759155273438
-105.14570617675781
-102.1650390625
-104.6318588256836
-115.34611511230469
-100.20098876953125
-105.79236602783203
-106.61881256103516
-108.20289611816406
-114.32643127441406
-108.11241149902344
-108.064208984375
-103.59745788574219
-101.413818359375
-100.25764465332031
-113.1575927734375
-102.66167449951172
-105.56253814697266
-108.92707061767578
-108.43878173828125
-100.57583618164062
-104.08707427978516
-115.1650619506836
-102.35171508789062
-104.62207794189453
-109.50072479248047
-104.93284606933594
-101.98551940917969
-114.66350555419922
-104.9315185546875
-114.05536651611328
-102.36643981933594
-104.61894989013672
-103.89640808105469
-108.05033111572266
-107.72388458251953
-105.09677124023438
-111.1386947631836
-103.06193542480469
-107.58812713623047
-106.12158203125
-111.34918212890625
-95.77903747558594
-106.46552276611328
-103.56939697265625
-105.85445404052734
-102.91372680664062
-101.56844329833984
-107.88633728027344
-101.31645202636719
-110.01532745361328
-105.7633285522461
-103.96056365966797
-114.72147369384766
-108.61071014404297
-111.75287628173828
-109.58067321777344
-112.0340347290039
-102.67280578613281
-107.64435577392578
-101.47357177734375
-113.85408782958984
-96.7356948852539
-105.6789779663086
-112.6635513305664
-114.44973754882812
-109.54536437988281
-100.54879760742188
-98.916259765625
-107.54219818115234
-105.5240707397461
-106.85267639160156
-107.36717987060547
-103.92951202392578
-103.93912506103516
-105.09086608886719
-111.7115478515625
-102.04133605957031
-103.076904296875
-97.6344223022461
-105.50823974609375
-104.88563537597656
-98.46806335449219
-110.40340423583984
-101.6098403930664
-106.92913818359375
-101.0737533569336
-109.3495864868164
-111.04410552978516
-101.68601989746094
-103.08695983886719
-104.1453628540039
-107.67700958251953
-104.81922149658203
-106.96014404296875
-103.12628936767578
-106.03671264648438
-100.06703186035156
-104.0317611694336
-103.4705810546875
-107.17210388183594
-104.09915161132812
-102.67364501953125
-107.75273132324219
-106.43453979492188
-109.74928283691406
-102.35575103759766
-107.70362091064453
-106.86976623535156
-105.28394317626953
-107.32373046875
-114.22076416015625
-104.10151672363281
-100.83190155029297
-102.1304702758789
-101.994140625
-102.12157440185547
-112.60653686523438
-104.10446166992188
-105.29306030273438
-103.30353546142578
-107.09754180908203
-107.90766143798828
-102.47579956054688
-109.11678314208984
-106.1480484008789
-111.61259460449219
-101.77558135986328
-104.22264862060547
-104.31661987304688
-106.625244140625
-106.99029541015625
-112.1285400390625
-114.57283782958984
-102.27877044677734
-107.25773620605469
-107.27279663085938
-103.56956481933594
-106.2686996459961
-112.87045288085938
-105.11494445800781
-99.55228424072266
-110.37137603759766
-109.19502258300781
-101.64859008789062
-108.46829986572266
-100.82135009765625
-111.90727996826172
-110.2156982421875
-109.42005920410156
-105.22206115722656
-105.06116485595703
-106.13764190673828
-109.991455078125
-107.07656860351562
-108.56407928466797
-107.90419006347656
-111.4987564086914
-104.61681365966797
-107.52115631103516
-106.63715362548828
-102.55648040771484
-107.70806121826172
-114.4202880859375
-113.60879516601562
-108.55469512939453
-101.63536834716797
-104.13884735107422
-112.5759506225586
-103.18852996826172
-100.21434020996094
-103.60311889648438
-110.02078247070312
-100.42889404296875
-110.7199935913086
-100.5766830444336
-117.83322143554688
-113.75890350341797
-106.77519226074219
-108.02684783935547
-111.6639175415039
-106.5057601928711
-104.47560119628906
-108.0506362915039
-108.72245788574219
-103.09678649902344
-99.21585845947266
-103.52938842773438
-100.87794494628906
-107.97156524658203
-104.37862396240234
-103.85126495361328
-108.50145721435547
-105.1963119506836
-106.82280731201172
-101.87178039550781
-102.24036407470703
-112.75077819824219
-112.44278717041016
-104.62773132324219
-105.46841430664062
-108.78656768798828
-110.29084777832031
-102.09374237060547
-102.52029418945312
-107.42601776123047
-103.90536499023438
-109.72489929199219
-103.95547485351562
-104.083740234375
-106.54344940185547
-105.82971954345703
-113.91316986083984
-110.04841613769531
-105.46269989013672
-102.33922576904297
-106.25894165039062
-103.70402526855469
-102.18150329589844
-107.04811096191406
-100.77328491210938
-103.57252502441406
-105.49091339111328
-101.66099548339844
-106.8186264038086
-110.28588104248047
-107.10607147216797
-106.81478118896484
-109.96673583984375
-106.20366668701172
-105.90325164794922
-111.43486785888672
-104.77494812011719
-100.77191925048828
-106.91197204589844
-109.2211685180664
-104.33755493164062
-102.49118041992188
-115.27079010009766
-107.98814392089844
-113.91361236572266
-113.38229370117188
-105.98477935791016
-104.33084106445312
-99.61652374267578
-102.88712310791016
-103.44782257080078
-102.16431427001953
-103.7629165649414
-107.17424011230469
-117.75447082519531
-107.95213317871094
-114.62947845458984
-114.60574340820312
-108.99514770507812
-103.36592102050781
-108.54422760009766
-104.80604553222656
-103.73707580566406
-113.46023559570312
-102.11138916015625
-107.6545639038086
-104.28641510009766
-99.84866333007812
-105.05006408691406
-111.74507141113281
-105.85488891601562
-104.02418518066406
-109.10411071777344
-109.47997283935547
-110.0966567993164
-103.03877258300781
-102.60074615478516
-109.7913589477539
-101.67210388183594
-103.60562896728516
-108.56058502197266
-107.11848449707031
-111.8188247680664
-110.16110229492188
-108.35225677490234
-105.461669921875
-111.06852722167969
-108.20486450195312
-104.58049774169922
-101.50188446044922
-103.67142486572266
-108.01591491699219
-105.04805755615234
-102.57905578613281
-108.77165222167969
-98.14653015136719
-103.99394226074219
-107.31053161621094
-106.70828247070312
-108.6291275024414
-102.02234649658203
-105.40448760986328
-103.65515899658203
-101.26356506347656
-106.56637573242188
-116.00918579101562
-112.82464599609375
-103.65006256103516
-106.78713989257812
-106.15896606445312
-105.61193084716797
-109.41283416748047
-104.46633911132812
-104.75189208984375
-109.54228973388672
-107.49640655517578
-101.25374603271484
-108.60301971435547
-106.91902160644531
-103.5986099243164
-104.31698608398438
-103.84188842773438
-109.2505874633789
-113.64386749267578
-104.36493682861328
-106.53878021240234
-108.64578247070312
-106.6081771850586
-109.6959228515625
-102.39793395996094
-106.00686645507812
-110.02645874023438
-99.12189483642578
-105.93551635742188
-110.95075988769531
-105.62804412841797
-107.66627502441406
-108.53446960449219
-111.06397247314453
-101.8746337890625
-108.65074157714844
-107.1383056640625
-99.2669448852539
-106.06368255615234
-107.78063201904297
-103.81145477294922
-104.19901275634766
-110.51222229003906
-110.50547790527344
-106.80723571777344
-102.9098892211914
-104.90223693847656
-109.40450286865234
-107.97815704345703
-104.35292053222656
-102.9579849243164
-107.41602325439453
-102.90021514892578
-104.56612396240234
-110.804443359375
-108.35733795166016
-101.18221282958984
-111.67952728271484
-101.83553314208984
-106.07687377929688
-100.85000610351562
-103.44377899169922
-102.3042984008789
-104.14874267578125
-106.31722259521484
-95.38587188720703
-108.74748229980469
-109.49365234375
-105.10314178466797
-101.5110092163086
-113.86542510986328
-115.05054473876953
-100.86134338378906
-101.78943634033203
-112.36895751953125
-107.56956481933594
-102.5451431274414
-107.03858947753906
-103.63507843017578
-107.14452362060547
-104.18192291259766
-107.43511962890625
-108.1020736694336
-107.32637786865234
-100.18937683105469
-105.00655364990234
-109.60875701904297
-99.1024169921875
-94.09506225585938
-102.26805114746094
-102.97608947753906
-107.25203704833984
-103.18700408935547
-105.65548706054688
-109.18501281738281
-105.72725677490234
-104.69750213623047
-107.35005187988281
-106.56590270996094
-108.3021469116211
-106.97383880615234
-113.11566925048828
-102.93537902832031
-103.68689727783203
-104.71554565429688
-111.55638885498047
-104.24817657470703
-108.27136993408203
-105.44971466064453
-104.18746948242188
-110.4535140991211
-100.05877685546875
-103.25060272216797
-107.7271728515625
-103.30757141113281
-107.01702880859375
-105.88250732421875
-110.21741485595703
-107.17886352539062
-109.65426635742188
-108.0665054321289
-105.90052032470703
-110.91403198242188
-106.8431625366211
-109.19154357910156
-102.75196838378906
-103.08316802978516
-102.34010314941406
-109.67742919921875
-112.54010009765625
-107.36019897460938
-99.82077026367188
-107.56472778320312
-110.46249389648438
-110.28143310546875
-106.13105010986328
-103.29113006591797
-104.18650817871094
-109.29013061523438
-104.76322937011719
-105.6670913696289
-106.38325500488281
-105.52589416503906
-103.93573760986328
-104.26185607910156
-98.03530883789062
-107.08030700683594
-112.05305480957031
-109.04164123535156
-105.51055908203125
-109.04206085205078
-103.63367462158203
-106.60348510742188
-109.84236907958984
-102.32622528076172
-112.239990234375
-105.12825012207031
-106.75944519042969
-98.61544799804688
-103.71994018554688
-108.20491790771484
-104.17823028564453
-105.7577896118164
-109.49823760986328
-105.30272674560547
-109.14982604980469
-102.17170715332031
-104.42401123046875
-106.79969787597656
-107.77114868164062
-111.4975814819336
-113.00611114501953
-106.47770690917969
-105.76242065429688
-100.2219009399414
-111.75614929199219
-101.40802001953125
-114.00414276123047
-105.70939636230469
-112.19291687011719
-102.89320373535156
-102.0176010131836
-104.37577056884766
-103.40145111083984
-104.95877075195312
-111.60856628417969
-108.62654113769531
-109.96634674072266
-103.23700714111328
-113.3121337890625
-104.33585357666016
-110.89656829833984
-111.32011413574219
-107.90960693359375
-106.07936096191406
-111.5184326171875
-108.02639770507812
-109.85671997070312
-101.76170349121094
-104.58747100830078
-107.6644058227539
-108.60154724121094
-109.65361785888672
-108.40221405029297
-109.71865844726562
-103.7731704711914
-108.46531677246094
-108.26927947998047
-104.28898620605469
-110.42929077148438
-103.0801773071289
-109.45953369140625
-106.87425231933594
-102.74889373779297
-107.06300354003906
-107.94715881347656
-104.90864562988281
-106.10427856445312
-108.93548583984375
-105.85489654541016
-108.61012268066406
-112.36820220947266
-99.0118179321289
-107.51356506347656
-100.67768859863281
-108.4202651977539
-101.90016174316406
-101.3905029296875
-107.9408187866211
-106.7801742553711
-107.32630920410156
-108.8492202758789
-105.44284057617188
-106.28135681152344
-108.56622314453125
-108.37653350830078
