-100.0258560180664
-110.48416900634766
-103.81175994873047
-109.1588363647461
-110.21060943603516
-106.14404296875
-104.13618469238281
-96.08707427978516
-107.85917663574219
-98.69552612304688
-106.44914245605469
-103.13482666015625
-108.15489959716797
-103.45655822753906
-103.3631591796875
-100.51434326171875
-99.91873931884766
-109.61302185058594
-106.98394012451172
-101.29014587402344
-103.13996887207031
-103.2367935180664
-103.05805969238281
-106.51140594482422
-105.27909088134766
-112.77763366699219
-101.038330078125
-109.96924591064453
-99.8848648071289
-103.3438949584961
-105.97828674316406
-111.85588073730469
-109.1914291381836
-111.02265930175781
-110.26866149902344
-100.80631256103516
-99.52147674560547
-103.90351104736328
-104.73143005371094
-103.10660552978516
-97.91869354248047
-98.55547332763672
-107.98526763916016
-102.10673522949219
-102.39334869384766
-108.3434829711914
-105.37739562988281
-105.48878479003906
-103.6847915649414
-103.54960632324219
-100.61073303222656
-101.46285247802734
-104.48200225830078
-112.99203491210938
-109.32076263427734
-104.83834075927734
-105.1388168334961
-100.66324615478516
-97.08065795898438
-109.51025390625
-104.3973388671875
-118.09380340576172
-100.71527862548828
-105.21829986572266
-106.96522521972656
-98.57714080810547
-105.6244125366211
-103.56580352783203
-105.05328369140625
-102.0645523071289
-106.33658599853516
-102.07220458984375
-101.14551544189453
-110.37374114990234
-103.9387435913086
-107.4288330078125
-101.35509490966797
-108.61483764648438
-103.2652816772461
-106.21746063232422
-101.6832275390625
-104.73135375976562
-99.07926940917969
-101.58634948730469
-107.56565856933594
-103.39352416992188
-104.77165222167969
-98.2859878540039
-106.56450653076172
-100.97433471679688
-101.62030792236328
-105.29814910888672
-105.51239776611328
-106.29830932617188
-109.41325378417969
-100.41301727294922
-103.39498901367188
-104.42121887207031
-101.56099700927734
-105.89082336425781
-105.46939086914062
-95.78207397460938
-108.34424591064453
-103.16407012939453
-101.8563232421875
-108.29479217529297
-106.71211242675781
-96.92998504638672
-101.8268051147461
-98.70696258544922
-105.31432342529297
-94.71842193603516
-104.69973754882812
-97.9531478881836
-104.82485961914062
-101.85591125488281
-106.41755676269531
-102.32601928710938
-99.83733367919922
-99.43414306640625
-112.85228729248047
-104.10997772216797
-103.52963256835938
-100.9793930053711
-96.73666381835938
-108.1764144897461
-105.72127532958984
-96.65483856201172
-106.36148071289062
-106.20832824707031
-100.8673095703125
-111.81855010986328
-98.64266204833984
-105.79915618896484
-98.58316802978516
-102.75598907470703
-100.94937133789062
-105.53213500976562
-104.17779541015625
-101.47332763671875
-107.02610778808594
-105.41962432861328
-101.78927612304688
-103.8111343383789
-107.32249450683594
-102.6707534790039
-103.74623107910156
-103.14835357666016
-107.11788940429688
-107.11804962158203
-109.15886688232422
-99.91346740722656
-107.46353912353516
-107.72969055175781
-109.2934341430664
-110.50294494628906
-110.48432922363281
-105.2694320678711
-107.32489776611328
-101.72987365722656
-105.00817108154297
-103.60752868652344
-107.0740966796875
-102.73138427734375
-100.41366577148438
-102.33258056640625
-105.50218200683594
-112.08403778076172
-109.48334503173828
-104.86188507080078
-103.4032974243164
-94.85404968261719
-107.33181762695312
-102.69778442382812
-98.71825408935547
-104.12874603271484
-102.79196166992188
-104.42093658447266
-107.89984893798828
-99.3191146850586
-103.99797821044922
-109.3034439086914
-104.87105560302734
-102.37397003173828
-100.47447204589844
-104.60688781738281
-100.19129180908203
-104.10485076904297
-106.32242584228516
-105.17767333984375
-105.50609588623047
-101.32880401611328
-98.76512908935547
-105.8523941040039
-100.24929809570312
-103.31103515625
-105.41603088378906
-106.42115783691406
-100.04436492919922
-105.65828704833984
-100.61117553710938
-103.59257507324219
-105.03880310058594
-97.50907135009766
-104.2796401977539
-105.66080474853516
-112.29627227783203
-100.8525161743164
-95.1156005859375
-108.64288330078125
-103.61621856689453
-104.78707122802734
-101.0915756225586
-111.38356018066406
-106.37998962402344
-106.17799377441406
-105.3780517578125
-102.25163269042969
-107.52989959716797
-101.9288330078125
-98.2940902709961
-109.88320922851562
-101.6804428100586
-109.23728942871094
-106.7537841796875
-106.5189208984375
-107.5415267944336
-105.99657440185547
-108.38108825683594
-110.24363708496094
-111.48954010009766
-112.06695556640625
-107.7835922241211
-104.56238555908203
-107.75211334228516
-99.56925201416016
-105.50347137451172
-106.39300537109375
-106.00628662109375
-102.49604034423828
-108.3333969116211
-104.18623352050781
-103.58111572265625
-105.69027709960938
-104.57952117919922
-105.48639678955078
-105.3139877319336
-108.99848937988281
-102.84072875976562
-100.83248901367188
-108.02487182617188
-104.56736755371094
-100.02265167236328
-98.08065032958984
-103.40718078613281
-101.71377563476562
-105.2641830444336
-115.58805847167969
-103.53797912597656
-105.97015380859375
-108.59712219238281
-104.54056549072266
-105.27723693847656
-99.45730590820312
-99.26264953613281
-103.69488525390625
-105.51897430419922
-98.73619842529297
-100.45057678222656
-104.05653381347656
-102.94064331054688
-103.2004623413086
-103.90193939208984
-107.02257537841797
-98.38294982910156
-102.7168960571289
-104.27748107910156
-99.68060302734375
-103.53419494628906
-106.11796569824219
-97.20812225341797
-101.86534881591797
-106.94992065429688
-102.16952514648438
-97.58853149414062
-107.33557891845703
-102.2199935913086
-106.67058563232422
-105.75578308105469
-105.27885437011719
-105.71665954589844
-98.41790771484375
-103.6982421875
-107.20759582519531
-106.30200958251953
-104.28152465820312
-101.0675048828125
-108.74266815185547
-104.3537826538086
-99.63209533691406
-100.14566040039062
-105.61177062988281
-105.3657455444336
-103.44921112060547
-106.0101089477539
-100.27545928955078
-99.11766052246094
-108.53389739990234
-106.65421295166016
-105.68592834472656
-104.67256927490234
-103.4545669555664
-102.57749938964844
-104.76641082763672
-101.1473617553711
-102.04515838623047
-99.67034912109375
-106.13235473632812
-102.15132904052734
-103.3287582397461
-106.5980224609375
-109.26542663574219
-98.91715240478516
-96.77590942382812
-101.2668685913086
-105.86158752441406
-109.34010314941406
-99.40543365478516
-106.00716400146484
-108.14180755615234
-106.09382629394531
-101.97908020019531
-103.84803009033203
-104.68543243408203
-110.07019805908203
-109.1456298828125
-103.94257354736328
-105.6397705078125
-101.15357971191406
-110.5094223022461
-110.52677917480469
-107.00691986083984
-109.95652770996094
-104.77446746826172
-110.83936309814453
-98.72042083740234
-99.51045989990234
-104.23893737792969
-103.7698974609375
-113.31095123291016
-104.04539489746094
-104.66986083984375
-108.94708251953125
-108.88961029052734
-100.05786895751953
-106.69002532958984
-109.8497314453125
-108.27926635742188
-109.33045196533203
-107.79373931884766
-105.58533477783203
-107.9130630493164
-103.5904541015625
-110.46279907226562
-103.84991455078125
-105.63594818115234
-104.37663269042969
-103.81025695800781
-106.5960922241211
-104.97186279296875
-104.30908966064453
-104.1024398803711
-99.22637939453125
-111.18687438964844
-106.68107604980469
-106.98101043701172
-103.59959411621094
-102.15132904052734
-100.0394515991211
-101.83634948730469
-103.84837341308594
-98.63848876953125
-101.44931030273438
-100.65557861328125
-109.31990814208984
-104.01151275634766
-101.59776306152344
-105.5440673828125
-106.70062255859375
-101.3148193359375
-99.10574340820312
-99.72373962402344
-103.21365356445312
-103.89087677001953
-103.76152801513672
-102.5662612915039
-97.81791687011719
-109.61524200439453
-100.09844970703125
-102.63408660888672
-105.56634521484375
-103.98576354980469
-102.55479431152344
-101.25545501708984
-102.58775329589844
-112.67733764648438
-96.74446105957031
-104.92388916015625
-104.02704620361328
-105.85802459716797
-112.01581573486328
-106.4906234741211
-104.51651763916016
-101.50933837890625
-98.75455474853516
-97.75680541992188
-110.59412384033203
-101.17719268798828
-102.82565307617188
-105.45824432373047
-106.94607543945312
-98.27473449707031
-103.36016845703125
-112.20880889892578
-99.83538818359375
-101.20123291015625
-105.16417694091797
-102.25071716308594
-98.61720275878906
-110.7493896484375
-101.06573486328125
-110.34644317626953
-99.12374114990234
-102.16981506347656
-99.52320861816406
-105.28226470947266
-104.88924407958984
-103.55901336669922
-106.01493835449219
-97.0167236328125
-104.17628479003906
-104.01402282714844
-107.82315063476562
-93.23060607910156
-103.80783081054688
-101.45513916015625
-103.68904876708984
-100.99574279785156
-100.75057220458984
-105.52275085449219
-100.38446044921875
-107.31147766113281
-103.0406265258789
-102.74850463867188
-111.19733428955078
-105.82511901855469
-108.36743927001953
-106.13053131103516
-110.27155303955078
-99.55152893066406
-104.44812774658203
-99.33375549316406
-110.44557189941406
-94.22406005859375
-102.93448638916016
-108.51195526123047
-112.06302642822266
-104.26600646972656
-98.43032836914062
-98.412109375
-104.61812591552734
-100.26090240478516
-102.61454772949219
-104.61548614501953
-101.89317321777344
-101.57965087890625
-102.29926300048828
-113.87224578857422
-100.72039031982422
-101.87370300292969
-95.94796752929688
-103.03229522705078
-101.97451782226562
-97.05340576171875
-107.20320892333984
-99.07445526123047
-103.0983657836914
-98.74122619628906
-106.48836517333984
-108.50440979003906
-100.80003356933594
-100.30683898925781
-101.04783630371094
-105.99125671386719
-102.34529113769531
-105.05793762207031
-99.2923583984375
-103.87825012207031
-98.33428955078125
-101.33073425292969
-102.42057800292969
-103.8598861694336
-100.58394622802734
-99.93331146240234
-104.45039367675781
-104.88765716552734
-108.26976013183594
-100.70692443847656
-104.4005126953125
-106.20657348632812
-103.9644775390625
-105.55864715576172
-112.85775756835938
-101.50212860107422
-99.20807647705078
-99.99658966064453
-100.07771301269531
-99.67133331298828
-110.93538665771484
-99.6784439086914
-104.5551986694336
-104.46161651611328
-104.35693359375
-105.77667999267578
-99.89546203613281
-105.6523666381836
-103.31407165527344
-109.52146911621094
-99.13030242919922
-99.7283706665039
-103.0816421508789
-104.84249877929688
-105.33926391601562
-108.22230529785156
-109.76791381835938
-100.74437713623047
-103.13407135009766
-105.4044189453125
-100.44257354736328
-103.75630950927734
-109.596923828125
-103.092041015625
-98.79945373535156
-106.17940521240234
-106.08368682861328
-98.64813232421875
-106.03192901611328
-99.4371566772461
-110.93389892578125
-106.57025146484375
-106.4919662475586
-101.2177734375
-102.16401672363281
-103.56842803955078
-107.22496795654297
-105.49007415771484
-104.34152221679688
-106.44886016845703
-108.33866882324219
-103.14362335205078
-105.28239440917969
-104.30824279785156
-100.9295883178711
-105.12085723876953
-110.98193359375
-111.31217956542969
-107.31275177001953
-99.70293426513672
-102.3077392578125
-110.33182525634766
-101.47386169433594
-97.17822265625
-99.91959381103516
-108.42913055419922
-98.87052917480469
-108.12347412109375
-99.30097198486328
-116.18215942382812
-110.0787124633789
-104.55078125
-104.67932891845703
-108.49130249023438
-105.25828552246094
-102.40562438964844
-105.2309341430664
-106.88634490966797
-100.69933319091797
-99.4185791015625
-101.48880004882812
-97.80262756347656
-103.77764892578125
-101.60275268554688
-102.33589935302734
-106.70341491699219
-101.7095718383789
-106.5278549194336
-98.6423568725586
-101.7848892211914
-109.87117004394531
-110.3128662109375
-102.730712890625
-102.8469009399414
-105.56322479248047
-108.28723907470703
-100.118408203125
-100.05944061279297
-105.27041625976562
-102.31829833984375
-106.35215759277344
-101.65794372558594
-100.84630584716797
-105.33258056640625
-103.05015563964844
-112.82247161865234
-108.3340835571289
-103.44951629638672
-101.22885131835938
-106.01190185546875
-102.13677215576172
-101.84626770019531
-103.586669921875
-100.45914459228516
-101.18094635009766
-102.62187957763672
-99.4316635131836
-104.059326171875
-107.97534942626953
-104.6823501586914
-103.30901336669922
-106.26875305175781
-106.27810668945312
-103.76004028320312
-111.00608825683594
-102.67717742919922
-99.56394958496094
-105.16902160644531
-107.91995239257812
-101.98719787597656
-100.13587951660156
-113.00199890136719
-105.26676940917969
-114.65332794189453
-112.50570678710938
-105.46587371826172
-101.39210510253906
-97.20984649658203
-101.95503997802734
-102.03099060058594
-99.31484985351562
-101.92930603027344
-106.5410385131836
-116.16913604736328
-106.43802642822266
-112.48724365234375
-112.73506927490234
-107.43315887451172
-100.7562484741211
-105.77449035644531
-102.1587142944336
-103.20515441894531
-110.5953140258789
-101.52124786376953
-106.18400573730469
-102.23114013671875
-98.3572998046875
-101.80296325683594
-109.0748062133789
-103.45911407470703
-101.33268737792969
-106.62100982666016
-107.44332885742188
-106.09996032714844
-100.55039978027344
-100.24945831298828
-108.74044799804688
-99.70559692382812
-99.592529296875
-106.07542419433594
-105.37661743164062
-108.65702819824219
-107.45333862304688
-103.4781265258789
-100.61597442626953
-108.66364288330078
-104.44470977783203
-103.25900268554688
-99.57132720947266
-100.92269897460938
-104.86027526855469
-103.44219970703125
-99.39640045166016
-108.86676025390625
-96.47364807128906
-101.39967346191406
-103.94609069824219
-103.92682647705078
-116.4950942993164
-99.63312530517578
-103.96903991699219
-101.2490463256836
-100.72529602050781
-104.54414367675781
-112.6664047241211
-109.55725860595703
-103.62334442138672
-104.00164794921875
-104.13507080078125
-103.36515045166016
-107.42325592041016
-102.56558990478516
-102.52769470214844
-105.90982818603516
-105.0485610961914
-99.4997787475586
-105.10926055908203
-105.33116149902344
-103.0199203491211
-100.32815551757812
-102.04010772705078
-108.21769714355469
-111.17770385742188
-101.8001708984375
-104.09110260009766
-106.82369232177734
-103.3206558227539
-105.83885192871094
-99.22315979003906
-103.0811996459961
-106.99137115478516
-98.00691223144531
-103.3470230102539
-108.8319320678711
-103.44554138183594
-106.2425308227539
-106.27281951904297
-107.26615905761719
-99.48699951171875
-104.74822235107422
-105.0738525390625
-98.33367156982422
-103.34835815429688
-106.31653594970703
-101.64469146728516
-102.85600280761719
-108.10553741455078
-108.59337615966797
-104.83958435058594
-101.19337463378906
-103.1524887084961
-107.36671447753906
-105.33859252929688
-103.1528091430664
-103.29249572753906
-104.19183349609375
-100.66907501220703
-101.88288116455078
-106.8889389038086
-104.96305847167969
-100.59810638427734
-109.351806640625
-100.62926483154297
-102.52386474609375
-99.3215560913086
-101.09158325195312
-97.647216796875
-100.14384460449219
-102.6520767211914
-95.10253143310547
-106.18134307861328
-105.21324157714844
-104.03428649902344
-99.77275848388672
-112.35063934326172
-112.40048217773438
-99.86005401611328
-101.56005859375
-109.4544906616211
-107.09459686279297
-98.5105209350586
-105.60636138916016
-102.47640228271484
-106.06661987304688
-102.8641586303711
-105.4815444946289
-104.91593933105469
-105.8935546875
-98.966796875
-102.0028305053711
-107.0775375366211
-98.107421875
-93.17623901367188
-101.5440673828125
-100.76933288574219
-104.18180084228516
-101.11507415771484
-105.32994842529297
-108.95996856689453
-102.73770141601562
-101.89083099365234
-104.25515747070312
-104.31291961669922
-106.22917938232422
-104.2021713256836
-112.15401458740234
-98.66353607177734
-102.56924438476562
-103.986083984375
-108.95987701416016
-103.4947509765625
-105.34584045410156
-104.04500579833984
-103.0665283203125
-107.45957946777344
-97.3512954711914
-100.49284362792969
-104.74674224853516
-102.25294494628906
-105.77840423583984
-104.20244598388672
-108.73180389404297
-104.91810607910156
-106.54879760742188
-105.93437194824219
-103.07052612304688
-107.09259033203125
-104.00662994384766
-107.65523529052734
-100.96906280517578
-99.18963623046875
-100.50901794433594
-107.29375457763672
-110.74012756347656
-106.86563873291016
-98.41732788085938
-104.99758911132812
-108.35784912109375
-107.07610321044922
-104.68201446533203
-100.59473419189453
-101.91912078857422
-106.50198364257812
-102.1528549194336
-103.01448822021484
-104.00198364257812
-103.73706817626953
-100.79518127441406
-101.35501098632812
-95.20015716552734
-105.18391418457031
-108.35585021972656
-107.10198974609375
-105.14436340332031
-106.2394027709961
-100.96428680419922
-103.64756774902344
-108.18470001220703
-99.89347076416016
-108.4965591430664
-103.29154205322266
-106.92311096191406
-96.22675323486328
-102.22394561767578
-106.18341827392578
-103.51607513427734
-103.97742462158203
-108.07563781738281
-104.00468444824219
-106.15614318847656
-100.84488677978516
-103.33174133300781
-104.63931274414062
-105.7739028930664
-108.5012435913086
-111.20512390136719
-103.87166595458984
-102.15846252441406
-99.62494659423828
-107.50591278076172
-99.88727569580078
-110.66064453125
-102.49026489257812
-111.10448455810547
-100.31227111816406
-99.67240142822266
-102.02533721923828
-101.71160888671875
-104.30105590820312
-108.2222671508789
-106.44635772705078
-107.14707946777344
-101.31425476074219
-110.29732513427734
-101.65785217285156
-108.1435775756836
-108.71662902832031
-106.16096496582031
-103.2088394165039
-108.9015121459961
-103.89325714111328
-107.50995635986328
-100.40178680419922
-103.7536849975586
-104.74735260009766
-105.99283599853516
-106.53565216064453
-106.54486083984375
-107.25189208984375
-101.43867492675781
-106.3569107055664
-105.0855941772461
-101.71182250976562
-108.2400131225586
-102.51609802246094
-106.67826843261719
-105.26720428466797
-101.58031463623047
-104.86822509765625
-107.2437744140625
-103.88406372070312
-103.78474426269531
-107.29908752441406
-104.8816909790039
-106.09764099121094
-109.60948944091797
-97.21575927734375
-105.05081176757812
-98.79876708984375
-106.98599243164062
-99.13711547851562
-99.77449798583984
-106.01952362060547
-105.94117736816406
-104.83708953857422
-106.76217651367188
-103.90208435058594
-105.62965393066406
-105.91522216796875
-104.29043579101562
