-101.28577423095703
-110.55571746826172
-105.45146942138672
-111.80520629882812
-109.84025573730469
-108.08577728271484
-104.21544647216797
-95.73876953125
-108.50322723388672
-100.89705657958984
-108.52489471435547
-104.8627700805664
-109.47206115722656
-106.34700775146484
-102.46815490722656
-101.24992370605469
-100.5761947631836
-110.32115173339844
-106.07340240478516
-101.36512756347656
-104.47600555419922
-104.28514099121094
-105.39102935791016
-107.75782775878906
-105.99559020996094
-113.7264404296875
-101.4720230102539
-110.38607025146484
-100.70327758789062
-103.09645080566406
-106.63086700439453
-111.98619842529297
-108.1886978149414
-111.39710235595703
-109.5389633178711
-100.88970947265625
-100.90554809570312
-105.2927474975586
-105.43494415283203
-102.7209701538086
-98.01176452636719
-99.8467788696289
-109.96774291992188
-102.68851470947266
-104.67619323730469
-109.28475189208984
-106.49371337890625
-105.86277770996094
-104.4853744506836
-103.26947784423828
-101.30534362792969
-100.65186309814453
-104.48692321777344
-115.47212219238281
-109.92963409423828
-105.17902374267578
-107.01205444335938
-100.97169494628906
-96.81971740722656
-110.38777160644531
-103.4338607788086
-105.2611312866211
-100.34587860107422
-105.18682861328125
-107.29348754882812
-98.80836486816406
-105.21236419677734
-105.84973907470703
-104.76589965820312
-102.07310485839844
-106.1216812133789
-101.28545379638672
-100.53397369384766
-109.94624328613281
-106.20431518554688
-107.96577453613281
-101.23857116699219
-108.19249725341797
-104.15095520019531
-108.08049011230469
-103.414306640625
-103.97834777832031
-98.85945892333984
-103.94075775146484
-109.71139526367188
-105.43889617919922
-105.71733856201172
-99.66344451904297
-108.19960021972656
-101.1724853515625
-101.9535903930664
-106.8908920288086
-105.107666015625
-108.42577362060547
-110.17047882080078
-102.54557800292969
-103.86763000488281
-104.1643295288086
-102.10681915283203
-105.1384506225586
-106.00262451171875
-97.01371002197266
-109.7154312133789
-104.50824737548828
-102.99626922607422
-107.70586395263672
-109.20175170898438
-98.6964111328125
-103.09689331054688
-99.3902816772461
-105.92447662353516
-94.5135726928711
-105.94852447509766
-98.8122787475586
-104.01908111572266
-102.1458969116211
-106.77011108398438
-102.57303619384766
-100.57896423339844
-99.94491577148438
-112.93109893798828
-102.97262573242188
-104.03108215332031
-99.66212463378906
-97.81124877929688
-107.45838165283203
-105.48172760009766
-96.91114807128906
-106.11561584472656
-106.54238891601562
-100.02359771728516
-107.29443359375
-98.88735961914062
-104.95226287841797
-98.63420867919922
-99.7541275024414
-101.3724136352539
-107.11432647705078
-102.33831787109375
-101.51081848144531
-106.04684448242188
-107.18740844726562
-101.19368743896484
-104.68646240234375
-108.48297882080078
-104.6671142578125
-104.42010498046875
-103.02926635742188
-107.2902603149414
-109.01617431640625
-110.6556167602539
-100.12496185302734
-106.52800750732422
-108.58770751953125
-110.21035766601562
-110.7869644165039
-112.46051025390625
-104.25988006591797
-109.42633819580078
-102.5089340209961
-105.10587310791016
-103.29412841796875
-107.9391098022461
-103.5768814086914
-100.99723815917969
-101.49073028564453
-105.10511779785156
-112.71276092529297
-110.2369384765625
-103.76167297363281
-104.65943908691406
-95.47663116455078
-107.21214294433594
-104.48129272460938
-98.48284149169922
-103.8487548828125
-104.10592651367188
-105.35904693603516
-108.15790557861328
-99.8889389038086
-104.9039535522461
-110.16436767578125
-104.83888244628906
-103.64634704589844
-100.23686981201172
-105.50886535644531
-100.25250244140625
-105.42416381835938
-107.6919174194336
-107.00663757324219
-105.8688735961914
-102.67529296875
-99.46589660644531
-106.18582916259766
-100.540771484375
-103.1756591796875
-104.91650390625
-106.87029266357422
-100.78781127929688
-105.10757446289062
-99.58804321289062
-103.38436126708984
-103.8587646484375
-98.53345489501953
-105.43721008300781
-105.30853271484375
-111.80506896972656
-101.11356353759766
-95.37844848632812
-108.17813873291016
-103.06153869628906
-104.46855163574219
-101.82078552246094
-111.63675689697266
-107.94038391113281
-106.32559204101562
-105.46784210205078
-104.32257080078125
-107.306884765625
-103.21456909179688
-98.56675720214844
-110.29964447021484
-103.20848083496094
-108.80120849609375
-106.0384292602539
-107.7703857421875
-107.64775085449219
-106.78077697753906
-108.60448455810547
-109.6529541015625
-111.64494323730469
-111.92073059082031
-108.68016052246094
-105.2972412109375
-108.1888656616211
-99.74681854248047
-106.83857727050781
-107.53848266601562
-107.54302978515625
-102.79706573486328
-110.47842407226562
-104.07176971435547
-103.83574676513672
-105.2734146118164
-103.9815673828125
-107.92155456542969
-105.341064453125
-109.2016372680664
-103.7867660522461
-101.80207824707031
-109.10905456542969
-106.42113494873047
-100.91648864746094
-99.04275512695312
-104.2137451171875
-103.41939544677734
-105.38429260253906
-115.5919418334961
-103.85641479492188
-105.43370056152344
-110.56795501708984
-103.71083068847656
-105.29305267333984
-97.58473205566406
-100.52149963378906
-104.67625427246094
-106.84798431396484
-98.45062255859375
-100.87452697753906
-105.38874816894531
-102.15860748291016
-104.1467056274414
-105.28630828857422
-107.39287567138672
-98.59070587158203
-102.57752990722656
-105.08168029785156
-98.9990463256836
-103.39361572265625
-107.32429504394531
-97.32462310791016
-101.51993560791016
-105.30250549316406
-101.64530944824219
-99.11874389648438
-107.33141326904297
-103.06390380859375
-107.83631134033203
-107.59251403808594
-104.71882629394531
-105.45160675048828
-99.263916015625
-109.09855651855469
-107.14641571044922
-105.99560546875
-104.68374633789062
-100.86175537109375
-108.7898178100586
-104.85543060302734
-100.76873779296875
-101.95960998535156
-104.04854583740234
-105.63712310791016
-103.6505126953125
-106.56063079833984
-102.22901916503906
-101.0290756225586
-108.68544006347656
-107.70921325683594
-106.41456604003906
-106.79885864257812
-104.29051208496094
-103.32710266113281
-106.25148010253906
-101.5082015991211
-102.60792541503906
-100.91130828857422
-106.18268585205078
-103.06192779541016
-103.08199310302734
-108.31666564941406
-110.55730438232422
-99.96858215332031
-98.18658447265625
-103.319091796875
-108.01496124267578
-111.01876831054688
-102.91771697998047
-109.82648468017578
-107.31646728515625
-107.56680297851562
-105.53862762451172
-105.46014404296875
-106.22136688232422
-110.77046966552734
-110.15434265136719
-105.07450103759766
-106.35858154296875
-100.87236022949219
-112.11243438720703
-111.48239135742188
-107.0819091796875
-111.04646301269531
-105.35370635986328
-110.86093139648438
-98.71370697021484
-101.03195190429688
-104.20108795166016
-106.20939636230469
-114.63367462158203
-104.0754623413086
-107.16802978515625
-111.04792785644531
-110.14146423339844
-100.4715576171875
-107.61717987060547
-109.9056625366211
-109.08959197998047
-109.99491119384766
-107.958740234375
-105.67301177978516
-107.86334991455078
-104.6397476196289
-111.6038818359375
-104.53302764892578
-105.17264556884766
-105.68803405761719
-104.85560607910156
-106.30960845947266
-106.12760925292969
-105.52818298339844
-105.33275604248047
-99.24527740478516
-111.58526611328125
-108.68412017822266
-109.15482330322266
-103.95174407958984
-104.64837646484375
-100.21516418457031
-103.8608169555664
-104.127685546875
-99.3045654296875
-102.2140121459961
-100.03683471679688
-110.55619049072266
-104.56363677978516
-100.68733978271484
-106.93436431884766
-107.79732513427734
-102.381103515625
-99.59747314453125
-100.67256927490234
-104.02435302734375
-104.92503356933594
-104.02737426757812
-102.51261901855469
-97.92232513427734
-111.4194107055664
-100.70138549804688
-104.9527816772461
-106.27349090576172
-104.19183349609375
-103.6064453125
-101.02677154541016
-101.76068115234375
-114.466796875
-98.42565155029297
-105.14173126220703
-104.73497772216797
-105.89936828613281
-111.46949768066406
-106.61418914794922
-106.4903335571289
-102.22509002685547
-99.51628875732422
-99.58403778076172
-110.34468841552734
-101.953369140625
-102.81502532958984
-107.17933654785156
-106.92472076416016
-100.18301391601562
-102.36752319335938
-112.30818939208984
-101.61467742919922
-101.20905303955078
-105.78619384765625
-104.45067596435547
-99.22166442871094
-111.28721618652344
-101.97843170166016
-111.53667449951172
-100.01335906982422
-102.32623291015625
-101.68928527832031
-105.97309875488281
-104.84434509277344
-103.58778381347656
-107.67305755615234
-100.3057861328125
-104.4758071899414
-104.54330444335938
-109.63504028320312
-93.64898681640625
-104.19184112548828
-101.49005126953125
-103.66273498535156
-102.60540008544922
-100.75799560546875
-105.87068939208984
-100.1985855102539
-107.49246978759766
-102.81287384033203
-102.34539794921875
-112.12613677978516
-105.76573181152344
-109.2218017578125
-107.19389343261719
-109.80191802978516
-100.5506362915039
-105.4437484741211
-100.1916732788086
-111.50949096679688
-93.64095306396484
-103.5094985961914
-109.55296325683594
-112.71910858154297
-106.65333557128906
-98.34180450439453
-97.58396911621094
-105.20848083496094
-102.6795654296875
-103.51673889160156
-104.59806823730469
-101.64197540283203
-100.43241119384766
-102.72272491455078
-110.87220764160156
-101.12722778320312
-100.36227416992188
-95.84730529785156
-104.15715026855469
-102.26303100585938
-97.89558410644531
-107.54229736328125
-100.20635223388672
-104.3448257446289
-99.89317321777344
-107.13479614257812
-109.52367401123047
-100.1787109375
-100.04437255859375
-102.76496124267578
-106.9705581665039
-102.46682739257812
-106.22791290283203
-100.40570068359375
-104.8508071899414
-96.91255950927734
-102.24148559570312
-103.69036102294922
-104.53082275390625
-101.1475830078125
-101.1304931640625
-104.5383071899414
-105.35453033447266
-107.7930908203125
-100.92578125
-104.66985321044922
-106.29918670654297
-103.71550750732422
-105.96272277832031
-113.05325317382812
-102.71339416503906
-99.14456176757812
-100.14984130859375
-101.63876342773438
-100.323486328125
-111.21847534179688
-99.50296783447266
-105.45846557617188
-103.69310760498047
-104.5859603881836
-106.81552124023438
-102.13447570800781
-105.64933776855469
-103.13932800292969
-109.63060760498047
-100.4119644165039
-101.15857696533203
-103.10301208496094
-104.6850357055664
-105.96859741210938
-109.46427917480469
-111.5876235961914
-100.25943756103516
-103.09880828857422
-105.072998046875
-101.62541961669922
-105.66595458984375
-109.35465240478516
-103.34164428710938
-97.9207763671875
-107.72106170654297
-108.5400390625
-100.1899642944336
-103.971923828125
-99.68345642089844
-110.71773529052734
-109.14636993408203
-107.12958526611328
-102.10398864746094
-102.73755645751953
-103.6722640991211
-108.3528823852539
-105.77042388916016
-105.39453887939453
-106.46283721923828
-109.52011108398438
-102.57605743408203
-106.22943115234375
-105.29227447509766
-102.06420135498047
-105.65656280517578
-112.30913543701172
-112.15796661376953
-107.05552673339844
-99.66117858886719
-104.27925109863281
-110.32667541503906
-101.10708618164062
-99.74150085449219
-101.94078826904297
-109.01750946044922
-99.13348388671875
-107.70884704589844
-99.57193756103516
-116.60226440429688
-110.4570541381836
-105.73844146728516
-105.89706420898438
-110.04126739501953
-106.22297668457031
-103.46672058105469
-106.21971130371094
-107.293701171875
-100.96387481689453
-97.60038757324219
-102.49479675292969
-98.7813491821289
-104.66695404052734
-103.1693115234375
-101.9912338256836
-106.56587982177734
-102.98665618896484
-106.74078369140625
-99.47315216064453
-101.52692413330078
-111.7852554321289
-110.82111358642578
-104.08219909667969
-103.7313461303711
-106.11984252929688
-110.0627212524414
-100.50662231445312
-101.03279113769531
-105.61760711669922
-101.55106353759766
-107.1851577758789
-102.98764038085938
-101.15849304199219
-105.007080078125
-103.64449310302734
-112.40924835205078
-107.98998260498047
-105.17488098144531
-101.02005767822266
-105.20872497558594
-103.19270324707031
-102.88101959228516
-103.96163940429688
-101.70146179199219
-101.28231048583984
-103.79460906982422
-100.38668060302734
-104.1935806274414
-110.18399047851562
-106.02029418945312
-104.42361450195312
-107.17025756835938
-105.30624389648438
-104.0882568359375
-110.96684265136719
-103.77067565917969
-99.6172866821289
-107.35697174072266
-108.69397735595703
-103.24021911621094
-100.47972869873047
-114.1656265258789
-106.80052185058594
-111.28443145751953
-113.8860092163086
-105.63880920410156
-102.9896469116211
-98.30990600585938
-102.01628875732422
-102.211669921875
-100.12163543701172
-101.45269775390625
-106.02389526367188
-115.95929718017578
-106.51273345947266
-111.52828979492188
-112.46711730957031
-107.48286437988281
-101.68318176269531
-107.61589050292969
-102.54827880859375
-102.95989990234375
-111.42963409423828
-100.70954132080078
-107.2073745727539
-101.60559844970703
-98.77247619628906
-102.88653564453125
-109.61722564697266
-104.49653625488281
-102.75782012939453
-107.57257843017578
-108.22705841064453
-107.9107894897461
-100.6631851196289
-100.31835174560547
-109.65784454345703
-100.25779724121094
-100.963623046875
-106.36843872070312
-106.09498596191406
-109.65693664550781
-108.38351440429688
-104.18880462646484
-102.4692611694336
-107.21318054199219
-105.79312896728516
-103.95600128173828
-99.24278259277344
-101.89260864257812
-105.8704605102539
-104.05946350097656
-100.06415557861328
-107.64482116699219
-96.42144775390625
-101.04571533203125
-106.96936798095703
-105.42288208007812
-107.34695434570312
-101.77685546875
-103.31513214111328
-102.77245330810547
-98.55437469482422
-105.46723937988281
-113.08555603027344
-109.8227310180664
-103.03007507324219
-104.91771697998047
-104.91979217529297
-104.75828552246094
-106.44164276123047
-102.44039916992188
-101.94903564453125
-106.4612808227539
-105.42777252197266
-99.46730041503906
-104.81492614746094
-105.06446838378906
-102.73605346679688
-102.16063690185547
-103.34469604492188
-106.66541290283203
-110.57360076904297
-102.89053344726562
-104.7489013671875
-107.65933990478516
-103.97239685058594
-105.90282440185547
-99.869384765625
-102.7879638671875
-107.82209777832031
-97.5067138671875
-103.00566864013672
-109.55726623535156
-104.37530517578125
-106.3919677734375
-107.11568450927734
-107.49491882324219
-99.1088638305664
-105.10124206542969
-104.00985717773438
-97.23796844482422
-103.92965698242188
-106.84515380859375
-100.76345825195312
-101.93243408203125
-108.61408233642578
-108.32967376708984
-104.15763092041016
-101.39813995361328
-102.85063934326172
-108.41303253173828
-106.33726501464844
-102.86843872070312
-101.83590698242188
-104.85174560546875
-101.72979736328125
-102.90340423583984
-108.38855743408203
-105.71624755859375
-100.62084197998047
-110.30770874023438
-100.75650024414062
-103.708984375
-97.6216812133789
-102.41421508789062
-99.66419982910156
-102.62012481689453
-104.38922882080078
-94.30303955078125
-106.59040832519531
-108.52904510498047
-103.98914337158203
-100.50154113769531
-112.63569641113281
-113.72743225097656
-101.12698364257812
-100.15239715576172
-109.64030456542969
-106.39054107666016
-100.31880187988281
-106.18685913085938
-102.40274810791016
-105.08859252929688
-103.55299377441406
-104.96070861816406
-106.10421752929688
-106.10283660888672
-98.67780303955078
-102.3768539428711
-108.2028579711914
-97.31472778320312
-93.65231323242188
-101.35712432861328
-102.15609741210938
-106.27201843261719
-100.17351531982422
-104.95372009277344
-106.65868377685547
-103.48712158203125
-102.03764343261719
-105.89168548583984
-104.35144805908203
-106.44725799560547
-105.54890441894531
-112.7853775024414
-101.39073181152344
-102.90912628173828
-102.5953598022461
-108.49066162109375
-102.651611328125
-106.79164123535156
-104.387939453125
-103.039306640625
-108.40771484375
-97.90424346923828
-100.99009704589844
-105.14195251464844
-102.17058563232422
-105.05641174316406
-104.6263656616211
-108.4541015625
-104.62387084960938
-107.7584457397461
-105.54883575439453
-103.4078598022461
-108.06249237060547
-105.20797729492188
-106.61137390136719
-101.79450988769531
-99.08273315429688
-100.62344360351562
-108.950439453125
-112.12897491455078
-106.37691497802734
-98.20018768310547
-104.56845092773438
-108.48084259033203
-106.16754150390625
-103.8145980834961
-101.85335540771484
-101.97229766845703
-107.56471252441406
-102.677978515625
-104.91069030761719
-104.8341293334961
-104.49591064453125
-102.14828491210938
-101.1213150024414
-94.6892318725586
-106.00848388671875
-109.2441635131836
-105.87735748291016
-104.47161865234375
-106.9263916015625
-101.74478149414062
-103.3904800415039
-108.22956848144531
-100.60890197753906
-108.29191589355469
-104.19879913330078
-105.57022094726562
-96.74638366699219
-102.33467864990234
-106.7928695678711
-103.16775512695312
-104.22605895996094
-107.88407135009766
-102.16132354736328
-107.79444885253906
-100.97180938720703
-103.0207748413086
-104.13339233398438
-104.79435729980469
-108.33108520507812
-110.5431900024414
-104.42788696289062
-104.14612579345703
-98.71687316894531
-108.43572998046875
-98.75631713867188
-112.1475601196289
-104.5679931640625
-108.93421173095703
-100.68376922607422
-99.52738952636719
-100.81939697265625
-101.35383605957031
-103.87059020996094
-109.77780151367188
-106.84027099609375
-107.02434539794922
-100.98587036132812
-110.79335021972656
-102.86195373535156
-109.18610382080078
-107.85464477539062
-106.07218933105469
-104.65227508544922
-109.82081604003906
-105.42536926269531
-107.4035415649414
-100.12593841552734
-103.33738708496094
-105.65571594238281
-105.23810577392578
-106.8741683959961
-106.7480697631836
-109.01304626464844
-103.10966491699219
-106.76466369628906
-106.23393249511719
-102.72245788574219
-109.50529479980469
-101.6425552368164
-106.6931381225586
-106.00321197509766
-102.0302963256836
-106.34170532226562
-106.88247680664062
-104.02950286865234
-103.2267074584961
-107.37601470947266
-105.6789321899414
-108.2010498046875
-112.18634796142578
-97.81287384033203
-105.81596374511719
-99.83169555664062
-107.71147155761719
-99.48592376708984
-99.7756576538086
-106.84571838378906
-106.2010498046875
-105.97595977783203
-107.4036636352539
-103.79417419433594
-105.47984313964844
-106.705810546875
-105.41682434082031
