-101.44076538085938
-112.96367645263672
-106.6490249633789
-111.54920959472656
-110.41911315917969
-108.43904876708984
-105.64453887939453
-96.18907165527344
-109.6250991821289
-100.16633605957031
-110.18689727783203
-106.19098663330078
-111.9642333984375
-107.02804565429688
-105.14878845214844
-101.06092071533203
-103.01192474365234
-111.23463439941406
-107.50416564941406
-102.41761779785156
-105.29649353027344
-105.85013580322266
-105.55384826660156
-108.23702239990234
-107.76372528076172
-114.60598754882812
-102.74625396728516
-111.24970245361328
-102.7083740234375
-104.43938446044922
-107.86896514892578
-114.10945892333984
-109.6494369506836
-113.93344116210938
-111.81868743896484
-102.4599838256836
-102.77474212646484
-106.76518249511719
-106.56404876708984
-106.05142974853516
-100.4200210571289
-99.32586669921875
-111.89775085449219
-103.04029083251953
-104.3338623046875
-111.56209564208984
-108.56475830078125
-105.15528869628906
-106.41342163085938
-105.14763641357422
-104.40830993652344
-102.20101165771484
-106.7712173461914
-115.34658813476562
-111.14031982421875
-106.9948501586914
-107.38502502441406
-102.28958892822266
-98.97905731201172
-111.59919738769531
-105.00520324707031
-107.31413269042969
-102.07797241210938
-105.82893371582031
-109.98259735107422
-101.84977722167969
-105.78275299072266
-106.40045166015625
-106.22918701171875
-103.48703002929688
-106.9730224609375
-101.84246063232422
-102.20087432861328
-111.93573760986328
-107.3621826171875
-110.35310363769531
-102.80348205566406
-109.06510925292969
-104.52243041992188
-109.99427795410156
-103.00960540771484
-106.21038055419922
-100.37194061279297
-104.22554016113281
-110.28288269042969
-105.8910140991211
-107.46034240722656
-100.72294616699219
-107.89745330810547
-102.5614242553711
-102.75126647949219
-106.51847839355469
-105.199462890625
-108.25438690185547
-111.21440124511719
-104.05340576171875
-104.73731994628906
-104.967041015625
-103.87616729736328
-107.349365234375
-107.70575714111328
-97.88038635253906
-111.18466186523438
-105.5923080444336
-102.70088958740234
-110.8415298461914
-111.0790786743164
-100.72091674804688
-105.53787231445312
-101.59133911132812
-107.94154357910156
-96.32222747802734
-107.3978500366211
-100.67057037353516
-108.05786895751953
-104.27381896972656
-108.77300262451172
-104.95018005371094
-103.69670104980469
-101.06349182128906
-114.87329864501953
-104.63186645507812
-105.74798583984375
-102.47998809814453
-97.97921752929688
-109.35438537597656
-106.81220245361328
-98.42778778076172
-107.60877227783203
-107.9193344116211
-103.30195617675781
-111.17471313476562
-98.76981353759766
-106.84498596191406
-99.53921508789062
-103.26641082763672
-103.51984405517578
-107.25601959228516
-105.65957641601562
-103.57030487060547
-108.74896240234375
-107.72571563720703
-104.01197052001953
-105.65472412109375
-107.99004364013672
-105.38072967529297
-105.24801635742188
-103.92161560058594
-109.00923156738281
-110.63550567626953
-112.21720886230469
-101.27899169921875
-108.92694091796875
-109.53265380859375
-111.79391479492188
-113.68250274658203
-112.7749252319336
-108.37260437011719
-109.49797058105469
-103.08868408203125
-107.15350341796875
-106.51825714111328
-109.13819885253906
-104.77139282226562
-103.501708984375
-102.99005126953125
-107.1005630493164
-114.07186126708984
-111.57841491699219
-106.03556060791016
-106.12445068359375
-97.07999420166016
-108.31834411621094
-104.65473175048828
-100.42606353759766
-105.0446548461914
-103.43262481689453
-107.38187408447266
-108.91039276123047
-101.29644775390625
-106.04015350341797
-112.13546752929688
-107.50545501708984
-105.3700180053711
-101.02976989746094
-108.17156982421875
-103.21177673339844
-107.36962890625
-108.04846954345703
-106.91241455078125
-106.86138916015625
-102.78874969482422
-102.93009948730469
-108.12305450439453
-102.5058822631836
-105.925537109375
-106.27861785888672
-108.39958190917969
-103.49317932128906
-108.40467834472656
-102.565673828125
-106.6607666015625
-108.6776351928711
-99.04290771484375
-107.312255859375
-107.6099853515625
-113.34901428222656
-102.7157974243164
-97.80044555664062
-109.94683837890625
-105.14038848876953
-105.49581146240234
-103.89969635009766
-113.85746765136719
-108.56646728515625
-109.94651794433594
-106.76172637939453
-105.08116912841797
-109.04443359375
-103.95172882080078
-100.2557373046875
-110.43865966796875
-105.05270385742188
-109.99161529541016
-106.43258666992188
-108.08873748779297
-108.7665023803711
-108.04156494140625
-109.1898193359375
-111.88447570800781
-112.17796325683594
-114.73331451416016
-108.81820678710938
-106.90751647949219
-109.61239624023438
-100.87203979492188
-107.30978393554688
-107.58306884765625
-108.44947052001953
-105.14314270019531
-111.86213684082031
-106.08157348632812
-104.98201751708984
-106.6955337524414
-106.23748779296875
-108.75276184082031
-109.10710906982422
-109.46846008300781
-105.85377502441406
-102.24505615234375
-110.58143615722656
-106.35694122314453
-102.71038818359375
-99.55789184570312
-105.90119171142578
-103.56436157226562
-108.71764373779297
-118.76829528808594
-104.61080169677734
-108.36170196533203
-110.82008361816406
-106.70323944091797
-106.52526092529297
-99.78897094726562
-103.21529388427734
-106.33372497558594
-108.35548400878906
-101.50364685058594
-101.70458984375
-108.28580474853516
-104.29335021972656
-105.58670806884766
-106.180908203125
-109.80584716796875
-100.3045654296875
-104.41358947753906
-107.69387817382812
-102.25991821289062
-104.9504623413086
-109.9581527709961
-98.28177642822266
-104.20389556884766
-106.76461791992188
-104.83893585205078
-100.09757232666016
-108.77088928222656
-104.08647918701172
-108.17198944091797
-108.486572265625
-107.98792266845703
-108.07889556884766
-99.53105163574219
-106.58094787597656
-108.89605712890625
-107.57833099365234
-105.56977844238281
-103.03316497802734
-111.20125579833984
-107.48851013183594
-101.23394012451172
-104.49952697753906
-107.31980895996094
-108.61760711669922
-106.43135833740234
-108.65851593017578
-103.33650207519531
-101.54920959472656
-110.39026641845703
-108.29832458496094
-109.63016510009766
-107.36856842041016
-105.84234619140625
-103.77961730957031
-108.07917785644531
-102.47474670410156
-104.99191284179688
-101.4815902709961
-107.52690124511719
-104.08722686767578
-105.73097229003906
-109.00146484375
-111.30937194824219
-101.1217041015625
-101.13115692138672
-103.92668914794922
-109.42151641845703
-113.05072784423828
-101.50181579589844
-109.85556030273438
-109.39310455322266
-108.65221405029297
-105.40876770019531
-105.50562286376953
-107.27639770507812
-112.83000946044922
-109.71525573730469
-105.65959930419922
-105.94019317626953
-103.02046203613281
-111.93081665039062
-111.48592376708984
-108.4762954711914
-111.83881378173828
-106.55281066894531
-111.4012222290039
-99.9440689086914
-101.7003173828125
-106.80162048339844
-107.0582504272461
-117.16898345947266
-107.07476043701172
-107.20571899414062
-112.42903900146484
-111.0053482055664
-103.77855682373047
-108.6169204711914
-110.73690032958984
-111.67951965332031
-111.99536895751953
-109.53058624267578
-106.25778198242188
-109.78856658935547
-106.47753143310547
-113.46441650390625
-105.63926696777344
-106.82569122314453
-105.49702453613281
-106.51225280761719
-108.57073974609375
-107.17350006103516
-104.41935729980469
-104.28952026367188
-101.44972229003906
-113.24298858642578
-109.5414810180664
-110.37225341796875
-105.64485168457031
-105.71044158935547
-101.93709564208984
-104.50740814208984
-106.4225845336914
-100.76097106933594
-103.75877380371094
-103.67721557617188
-111.3569107055664
-105.9513931274414
-103.51738739013672
-108.62754821777344
-110.45440673828125
-101.99588012695312
-100.93683624267578
-103.3313980102539
-106.23319244384766
-105.12505340576172
-107.55425262451172
-104.26358795166016
-100.3453140258789
-112.25883483886719
-101.45621490478516
-106.3543472290039
-108.00635528564453
-106.06643676757812
-107.50106811523438
-102.81106567382812
-103.29100799560547
-115.79571533203125
-100.17626953125
-105.8287353515625
-105.75336456298828
-108.04991912841797
-114.09119415283203
-106.98860168457031
-107.53309631347656
-103.90264892578125
-100.94141387939453
-101.08049011230469
-112.87006378173828
-103.0168685913086
-103.65392303466797
-108.17324829101562
-109.02202606201172
-100.91165161132812
-104.74351501464844
-112.76758575439453
-102.39503479003906
-103.80973815917969
-107.95288848876953
-104.26560974121094
-101.32463836669922
-112.18321228027344
-103.11416625976562
-114.00379943847656
-100.99016571044922
-103.5377426147461
-101.55513763427734
-108.74288177490234
-106.06930541992188
-104.26305389404297
-109.23816680908203
-99.81098175048828
-107.10301208496094
-104.97338104248047
-110.05484008789062
-95.28082275390625
-106.0364990234375
-102.41604614257812
-106.21159362792969
-101.60448455810547
-102.45390319824219
-109.26136016845703
-101.37060546875
-110.01660919189453
-106.29036712646484
-103.10771179199219
-112.89613342285156
-107.77075958251953
-110.37676239013672
-108.6159896850586
-111.43830871582031
-100.93488311767578
-106.09395599365234
-102.65892028808594
-113.60200500488281
-96.68621826171875
-105.95105743408203
-112.13922119140625
-114.40982055664062
-107.9137954711914
-100.47335815429688
-99.27678680419922
-107.20995330810547
-104.51590728759766
-105.51438903808594
-107.9866943359375
-102.7816162109375
-103.85136413574219
-104.21871185302734
-112.02405548095703
-101.78180694580078
-102.74312591552734
-96.7636947631836
-104.24363708496094
-106.15184020996094
-98.6842041015625
-108.50126647949219
-100.87659454345703
-106.40615844726562
-100.28073120117188
-108.49817657470703
-109.22669219970703
-103.28804779052734
-101.83390045166016
-104.0208740234375
-107.67878723144531
-105.28286743164062
-108.33970642089844
-101.56257629394531
-105.55685424804688
-98.5162582397461
-103.27383422851562
-104.943115234375
-105.97124481201172
-103.2397232055664
-101.66718292236328
-106.48432922363281
-105.03421020507812
-109.00462341308594
-101.90858459472656
-106.25725555419922
-108.15365600585938
-105.3893814086914
-107.14657592773438
-114.11644744873047
-102.40614318847656
-101.1448745727539
-102.20571899414062
-101.43946075439453
-101.5876693725586
-112.34678649902344
-102.70567321777344
-106.34324645996094
-103.72883605957031
-106.46212005615234
-108.4220199584961
-102.47338104248047
-108.06065368652344
-104.90965270996094
-111.93106842041016
-102.30705261230469
-102.57632446289062
-103.09850311279297
-108.20161437988281
-107.7259521484375
-112.19806671142578
-111.99292755126953
-100.7650375366211
-104.86753845214844
-107.42172241210938
-103.59803771972656
-104.7341079711914
-112.56344604492188
-104.46952819824219
-99.88377380371094
-109.17318725585938
-109.58428955078125
-101.84822082519531
-106.85169219970703
-101.3623046875
-111.28658294677734
-109.91856384277344
-109.05384826660156
-102.28335571289062
-103.86050415039062
-105.92984008789062
-110.92472076416016
-108.29747009277344
-106.90662384033203
-107.8697280883789
-110.6934814453125
-104.7615737915039
-108.05765533447266
-107.49027252197266
-103.37480163574219
-107.4725112915039
-112.10539245605469
-112.27681732177734
-107.84339141845703
-100.94379425048828
-104.26187133789062
-112.11907196044922
-102.51587677001953
-101.09683227539062
-102.29085540771484
-107.64686584472656
-100.1551284790039
-110.45653533935547
-100.6402587890625
-117.72428131103516
-113.57125854492188
-106.09757995605469
-108.08421325683594
-111.0407485961914
-107.74247741699219
-103.84192657470703
-107.45611572265625
-109.05718231201172
-101.78133392333984
-99.04977416992188
-102.82661437988281
-99.39798736572266
-106.40618896484375
-103.34839630126953
-103.33154296875
-108.27218627929688
-104.70624542236328
-107.46337127685547
-101.76000213623047
-102.18209838867188
-112.46492767333984
-111.25944519042969
-104.96585083007812
-105.55197143554688
-106.84133911132812
-108.8922348022461
-101.80789947509766
-101.59952545166016
-107.05311584472656
-104.5979995727539
-107.55988311767578
-104.87444305419922
-102.16214752197266
-106.700927734375
-105.29834747314453
-114.00130462646484
-110.52700805664062
-105.50199127197266
-102.4937515258789
-106.68022918701172
-104.21400451660156
-103.3061752319336
-106.64389038085938
-101.16880798339844
-102.33631134033203
-103.71063232421875
-102.88251495361328
-105.80426025390625
-110.81414794921875
-107.03428649902344
-107.11181640625
-107.77503204345703
-107.42410278320312
-105.7602310180664
-111.96527099609375
-104.703125
-100.5795669555664
-107.25630950927734
-109.24694061279297
-103.2947998046875
-101.75325775146484
-114.31573486328125
-107.56645202636719
-111.98252868652344
-112.28189086914062
-105.79488372802734
-103.35962677001953
-98.35668182373047
-103.53978729248047
-103.67647552490234
-101.30549621582031
-104.73246002197266
-107.16116333007812
-116.17031860351562
-108.22962951660156
-115.38545989990234
-114.03388214111328
-109.13526153564453
-103.78742980957031
-108.1518783569336
-103.76806640625
-104.4422607421875
-115.12773132324219
-101.6912612915039
-107.27660369873047
-103.23582458496094
-100.3209457397461
-106.01457214355469
-110.62493896484375
-106.19434356689453
-104.036376953125
-108.69207000732422
-108.5234603881836
-108.7486572265625
-102.09770202636719
-101.7523422241211
-110.38521575927734
-102.03575134277344
-102.49253845214844
-107.97441101074219
-106.23308563232422
-111.88252258300781
-109.90766143798828
-106.80191040039062
-103.91474151611328
-110.32139587402344
-107.79129791259766
-105.62145233154297
-101.54309844970703
-102.84404754638672
-106.79801940917969
-105.75869750976562
-101.0062484741211
-108.6903076171875
-98.27764892578125
-104.21485137939453
-107.59442138671875
-107.26880645751953
-107.78978729248047
-101.8095474243164
-104.41934967041016
-104.06513977050781
-101.24040222167969
-106.66352844238281
-114.3607406616211
-110.45704650878906
-103.37189483642578
-105.81974792480469
-104.9866943359375
-105.52761840820312
-108.74043273925781
-104.23013305664062
-102.64179229736328
-108.7261962890625
-107.69690704345703
-100.00857543945312
-107.32678985595703
-106.12629699707031
-102.64047241210938
-103.98478698730469
-104.0352554321289
-108.3913803100586
-112.33955383300781
-103.17268371582031
-105.8244857788086
-108.578369140625
-105.25235748291016
-107.81719970703125
-101.89903259277344
-104.22564697265625
-108.73802947998047
-97.66911315917969
-106.37400817871094
-111.28433227539062
-105.246337890625
-108.77918243408203
-107.93572235107422
-110.62699127197266
-100.70191955566406
-106.60472106933594
-107.1452865600586
-100.3243179321289
-106.37921142578125
-108.04222106933594
-101.72931671142578
-103.68879699707031
-110.4008560180664
-110.1960678100586
-106.3057861328125
-102.58250427246094
-105.36468505859375
-109.53582000732422
-108.43592834472656
-104.90021514892578
-102.54461669921875
-106.41197204589844
-103.6276626586914
-104.56655883789062
-110.60961151123047
-109.34288024902344
-101.60128021240234
-112.76608276367188
-101.40963745117188
-103.9607925415039
-98.06744384765625
-104.01860809326172
-100.8619384765625
-102.13368225097656
-106.38836669921875
-94.98377227783203
-108.16342163085938
-107.99809265136719
-105.33873748779297
-101.55030822753906
-112.93870544433594
-115.09955596923828
-102.38304138183594
-101.83454132080078
-112.68482971191406
-108.87171936035156
-101.03760528564453
-107.65214538574219
-103.31682586669922
-106.8476791381836
-105.48111724853516
-106.97283935546875
-108.03629302978516
-108.4764633178711
-100.27240753173828
-104.52700805664062
-109.05054473876953
-100.82209777832031
-94.84300994873047
-102.00536346435547
-103.93209838867188
-106.53730010986328
-102.7599105834961
-107.02993774414062
-108.97993469238281
-104.39444732666016
-103.88029479980469
-107.45966339111328
-108.04339599609375
-108.7909927368164
-106.80883026123047
-112.49229431152344
-102.88621520996094
-105.99641418457031
-104.94671630859375
-110.24295806884766
-104.51080322265625
-108.806396484375
-106.10862731933594
-104.53228759765625
-109.88560485839844
-99.37130737304688
-103.53123474121094
-108.56452178955078
-104.20032501220703
-107.19660186767578
-104.72503662109375
-110.88670349121094
-107.4124984741211
-109.57874298095703
-107.52898406982422
-105.57611083984375
-109.91517639160156
-107.17005157470703
-107.68643951416016
-103.13738250732422
-101.2279052734375
-102.04058074951172
-109.3477783203125
-113.0543441772461
-107.96669006347656
-99.8154525756836
-106.56592559814453
-111.2732162475586
-109.68541717529297
-105.4114990234375
-103.1209716796875
-104.05499267578125
-108.9834976196289
-104.96084594726562
-106.15534973144531
-106.64716339111328
-106.07695007324219
-102.5236587524414
-103.19549560546875
-97.67279815673828
-107.7313232421875
-109.68205261230469
-108.0916748046875
-105.4858169555664
-108.85752868652344
-102.70072174072266
-105.85503387451172
-109.36505126953125
-100.86125183105469
-109.11005401611328
-104.7015151977539
-107.38536834716797
-98.15785217285156
-103.0280532836914
-107.32382202148438
-104.00045013427734
-105.86624145507812
-109.24272155761719
-104.79659271240234
-107.9227066040039
-103.05870819091797
-105.24478149414062
-105.23948669433594
-107.69865417480469
-109.69738006591797
-111.57666778564453
-105.83343505859375
-104.47586059570312
-100.59517669677734
-109.16851806640625
-101.38308715820312
-112.34860229492188
-104.80522918701172
-110.77201080322266
-102.25467681884766
-101.0182876586914
-103.47691345214844
-103.15145111083984
-104.36131286621094
-110.16350555419922
-108.27165222167969
-108.84002685546875
-102.00279998779297
-113.11875915527344
-106.09925842285156
-110.63116455078125
-110.52074432373047
-107.3837661743164
-105.6181869506836
-110.06633758544922
-105.80085754394531
-109.11995697021484
-101.83467864990234
-104.89350128173828
-107.66888427734375
-107.21086883544922
-108.71488952636719
-109.1574478149414
-109.77184295654297
-102.93032836914062
-108.29280853271484
-106.5781478881836
-104.19366455078125
-110.83326721191406
-103.4173355102539
-110.06604766845703
-105.93212127685547
-103.47290802001953
-107.77062225341797
-109.46307373046875
-106.29264831542969
-106.0098648071289
-108.1865463256836
-105.83390045166016
-110.32221221923828
-110.82245635986328
-99.02692413330078
-107.4483871459961
-100.46923828125
-108.3214340209961
-100.5398941040039
-100.75440979003906
-108.5250244140625
-107.04658508300781
-107.9768295288086
-109.3741226196289
-105.26285552978516
-105.69638061523438
-108.14630126953125
-108.13578796386719
