-100.13859558105469
-110.90879821777344
-104.01398468017578
-111.15263366699219
-109.01725006103516
-106.75665283203125
-104.83148193359375
-94.95955657958984
-109.09950256347656
-100.55940246582031
-107.52117919921875
-104.41765594482422
-108.6104736328125
-106.40331268310547
-104.7832260131836
-100.7146224975586
-100.18480682373047
-110.7745590209961
-108.40119171142578
-101.2601318359375
-104.36898040771484
-104.77679443359375
-104.18374633789062
-107.44049072265625
-108.02361297607422
-113.55845642089844
-103.07644653320312
-110.8548583984375
-100.83157348632812
-103.13275146484375
-107.09567260742188
-113.69139099121094
-109.00664520263672
-112.7672119140625
-110.2833023071289
-100.83541107177734
-100.36475372314453
-106.12399291992188
-103.24960327148438
-103.21969604492188
-98.48515319824219
-99.6413803100586
-109.15245819091797
-103.21823120117188
-103.4330062866211
-110.69139862060547
-107.25300598144531
-105.32929992675781
-105.48285675048828
-104.17507934570312
-100.89568328857422
-102.11091613769531
-105.48462677001953
-116.18270111083984
-111.33160400390625
-105.69131469726562
-107.4843521118164
-100.66243743896484
-98.80210876464844
-110.96747589111328
-103.94254302978516
-105.90359497070312
-101.18816375732422
-105.45245361328125
-107.24844360351562
-98.95288848876953
-105.13925170898438
-105.34008026123047
-105.73910522460938
-102.24038696289062
-105.97958374023438
-101.73558807373047
-101.38825225830078
-109.5693130493164
-104.58201599121094
-108.83175659179688
-101.67437744140625
-107.58918762207031
-101.98274230957031
-108.61244201660156
-102.2036361694336
-105.28144836425781
-98.239501953125
-103.93258666992188
-109.49806213378906
-103.69483947753906
-106.1632308959961
-100.47802734375
-107.5509262084961
-102.32227325439453
-101.9762191772461
-105.470458984375
-105.13228607177734
-107.31895446777344
-110.203125
-103.70243072509766
-103.81201171875
-103.92338562011719
-102.25178527832031
-105.54695129394531
-106.42451477050781
-96.89826965332031
-108.73751068115234
-102.59772491455078
-102.7873306274414
-109.5047607421875
-108.89772033691406
-99.89474487304688
-102.9363021850586
-99.35371398925781
-106.64325714111328
-94.71347045898438
-106.75028228759766
-99.8671875
-106.1555404663086
-103.54020690917969
-106.17208862304688
-102.26022338867188
-101.61575317382812
-100.53585052490234
-112.09522247314453
-103.46192932128906
-104.31083679199219
-102.0557861328125
-97.5508041381836
-108.19810485839844
-105.9290542602539
-97.72677612304688
-107.14056396484375
-107.36978149414062
-100.08426666259766
-109.02914428710938
-99.50763702392578
-105.23210906982422
-98.57778930664062
-101.6836929321289
-101.7009048461914
-106.07540893554688
-104.21309661865234
-102.56881713867188
-107.29987335205078
-104.914306640625
-102.10526275634766
-103.75244903564453
-107.15556335449219
-102.22084045410156
-104.17958068847656
-103.56438446044922
-107.7403564453125
-107.91910552978516
-110.94286346435547
-99.93819427490234
-106.23120880126953
-108.48271942138672
-109.84514617919922
-110.91320037841797
-113.55560302734375
-105.01661682128906
-108.93525695800781
-101.36360931396484
-105.56806945800781
-103.75971221923828
-107.79256439208984
-103.68293762207031
-100.68994903564453
-103.60491180419922
-105.86006927490234
-111.49352264404297
-110.06818389892578
-104.7123794555664
-104.5223388671875
-95.54741668701172
-106.79582214355469
-104.26785278320312
-99.53763580322266
-104.05765533447266
-103.4793701171875
-104.5249252319336
-107.67865753173828
-101.0490951538086
-104.91423034667969
-110.58313751220703
-105.63246154785156
-104.50604248046875
-99.96408081054688
-105.17335510253906
-101.5726547241211
-105.46240234375
-107.88013458251953
-106.3987045288086
-104.7568359375
-103.1268539428711
-100.7682113647461
-106.51760864257812
-100.9975357055664
-103.50332641601562
-104.9760513305664
-106.21373748779297
-101.90126037597656
-107.65867614746094
-99.89456176757812
-104.62891387939453
-105.7599868774414
-97.57518005371094
-105.55152893066406
-106.23896026611328
-112.57817077636719
-101.52229309082031
-95.8431396484375
-109.0052490234375
-103.29315185546875
-104.71043395996094
-102.17862701416016
-112.89872741699219
-107.32901763916016
-107.51571655273438
-106.27183532714844
-104.31507873535156
-107.55622100830078
-103.11712646484375
-100.23143005371094
-110.07463073730469
-103.6550064086914
-108.42024230957031
-105.03072357177734
-106.81260681152344
-106.9482421875
-106.42383575439453
-108.12210083007812
-109.00777435302734
-111.76472473144531
-113.11395263671875
-107.8799057006836
-104.99048614501953
-108.40294647216797
-100.1703109741211
-105.832275390625
-108.10107421875
-107.3097152709961
-104.07118225097656
-109.34459686279297
-104.82937622070312
-104.04147338867188
-106.46711730957031
-104.322265625
-107.76589965820312
-106.88317108154297
-108.87228393554688
-103.7919692993164
-102.16431427001953
-108.99933624267578
-105.70573425292969
-100.0996322631836
-98.2186050415039
-104.6519775390625
-101.87676239013672
-106.63264465332031
-115.48613739013672
-103.83441162109375
-105.04557800292969
-109.85975646972656
-104.9411392211914
-104.69844055175781
-98.5540542602539
-100.48738098144531
-104.2315673828125
-106.42748260498047
-99.73432922363281
-100.48908996582031
-103.30908203125
-102.78034973144531
-105.506103515625
-104.13848114013672
-108.66148376464844
-98.47354125976562
-103.29557037353516
-106.00950622558594
-99.82726287841797
-104.58683013916016
-108.43496704101562
-97.65602111816406
-101.81731414794922
-105.39018249511719
-101.37786102294922
-99.27325439453125
-106.73941802978516
-103.29110717773438
-107.25409698486328
-106.51657104492188
-105.17157745361328
-105.43610382080078
-98.74105834960938
-104.7001953125
-106.45484924316406
-105.84883117675781
-103.81046295166016
-100.52033996582031
-109.3797607421875
-103.98788452148438
-99.37895965576172
-101.45825958251953
-105.71153259277344
-106.33385467529297
-104.4319839477539
-105.57815551757812
-101.19609832763672
-100.380126953125
-110.81806945800781
-106.51534271240234
-107.42498779296875
-106.06149291992188
-105.72793579101562
-102.35356903076172
-107.33025360107422
-102.8003158569336
-102.91252136230469
-99.5746841430664
-107.73554229736328
-103.873291015625
-103.76615142822266
-106.99304962158203
-109.86466217041016
-99.48710632324219
-99.88534545898438
-104.0150146484375
-107.82030487060547
-111.3707046508789
-102.51222229003906
-109.3848648071289
-108.78470611572266
-107.3043441772461
-102.7335433959961
-104.7591323852539
-105.75209045410156
-111.54752349853516
-109.3228530883789
-105.04287719726562
-104.39204406738281
-101.63433837890625
-111.48336791992188
-109.74213409423828
-106.61795043945312
-110.98632049560547
-105.3725357055664
-109.91681671142578
-98.99422454833984
-101.11149597167969
-105.535888671875
-105.24089050292969
-113.8682861328125
-105.44745635986328
-107.2353744506836
-110.93318939208984
-109.38578033447266
-101.54231262207031
-107.27485656738281
-109.93209838867188
-110.33894348144531
-112.31766510009766
-108.73431396484375
-106.09442901611328
-108.06775665283203
-104.456298828125
-110.04141235351562
-105.69915008544922
-104.76920318603516
-104.81013488769531
-105.6767349243164
-107.39653778076172
-105.78325653076172
-105.59114074707031
-105.21244049072266
-101.2601318359375
-110.92325592041016
-109.23003387451172
-108.8650131225586
-104.12610626220703
-104.13935089111328
-100.26166534423828
-103.20642852783203
-105.0088882446289
-100.29582214355469
-103.00471496582031
-101.02732849121094
-110.32938385009766
-103.96243286132812
-102.26216888427734
-107.7634506225586
-108.55303192138672
-101.56964874267578
-99.28910064697266
-101.1550521850586
-105.59435272216797
-104.17584228515625
-105.27847290039062
-104.01847076416016
-98.05903625488281
-111.67247009277344
-101.54716491699219
-105.73439025878906
-106.76010131835938
-104.0464096069336
-103.84973907470703
-101.52679443359375
-102.42965698242188
-115.04802703857422
-98.61791229248047
-105.16291046142578
-104.92235565185547
-106.285400390625
-112.21974182128906
-106.15775299072266
-105.9482192993164
-101.87195587158203
-100.13601684570312
-99.7371826171875
-111.70467376708984
-102.57302856445312
-103.65074920654297
-107.33430480957031
-108.9662857055664
-100.80545043945312
-103.96590423583984
-112.78205108642578
-102.06510925292969
-101.92857360839844
-107.19678497314453
-103.23026275634766
-100.50776672363281
-112.96780395507812
-102.14631652832031
-111.89142608642578
-99.608642578125
-103.19694519042969
-102.53523254394531
-107.47416687011719
-103.68304443359375
-104.25348663330078
-108.64094543457031
-100.14451599121094
-105.42497253417969
-104.65339660644531
-108.43875122070312
-92.98094940185547
-104.25756072998047
-102.71503448486328
-104.23371124267578
-101.65171813964844
-101.99730682373047
-106.95890808105469
-100.17794799804688
-108.99454498291016
-103.54298400878906
-102.87281036376953
-111.86922454833984
-105.873291015625
-109.62626647949219
-107.49751281738281
-110.8211898803711
-99.342529296875
-104.65831756591797
-100.65415954589844
-112.68695831298828
-95.01456451416016
-103.6431884765625
-109.6396713256836
-113.39810180664062
-107.34794616699219
-99.24520111083984
-98.3900375366211
-105.74440002441406
-101.91402435302734
-103.97229766845703
-106.13419342041016
-103.73775482177734
-101.86730194091797
-102.76780700683594
-109.32168579101562
-101.28621673583984
-102.02800750732422
-96.15016174316406
-104.01564025878906
-103.13885498046875
-97.54109191894531
-106.32225799560547
-99.65628814697266
-104.29391479492188
-99.96302795410156
-108.32976531982422
-107.99880981445312
-101.1288833618164
-100.4902114868164
-101.99903106689453
-106.83858489990234
-103.35474395751953
-105.6160888671875
-100.68225860595703
-104.55406188964844
-97.89568328857422
-103.24834442138672
-102.18616485595703
-104.1827163696289
-101.53368377685547
-99.25807189941406
-105.19012451171875
-103.02790832519531
-107.10189056396484
-100.8973159790039
-105.27351379394531
-106.99486541748047
-103.8134994506836
-105.1398696899414
-111.86526489257812
-101.4760513305664
-99.94532775878906
-101.15669250488281
-100.7063217163086
-102.26472473144531
-110.90353393554688
-100.52870178222656
-104.60700225830078
-102.31074523925781
-104.64299774169922
-105.94745635986328
-100.77359008789062
-106.5432357788086
-104.63248443603516
-109.91728210449219
-99.65499114990234
-100.71713256835938
-103.48759460449219
-105.04817962646484
-105.36341094970703
-109.86132049560547
-110.73843383789062
-99.62577056884766
-103.62478637695312
-105.53575134277344
-100.82451629638672
-104.25701904296875
-110.3473892211914
-103.21955871582031
-98.50959777832031
-107.48712158203125
-107.22760772705078
-100.69245910644531
-104.74779510498047
-99.41901397705078
-109.15502166748047
-108.66242218017578
-108.7725601196289
-101.96495056152344
-102.8594741821289
-103.54851531982422
-108.16610717773438
-106.4013671875
-105.99994659423828
-105.24970245361328
-109.57783508300781
-101.68610382080078
-106.64835357666016
-105.07935333251953
-101.98431396484375
-105.68578338623047
-111.34373474121094
-110.51238250732422
-107.05555725097656
-99.76234436035156
-103.42450714111328
-110.6229476928711
-102.35343933105469
-98.74666595458984
-102.20489501953125
-107.70698547363281
-98.39521026611328
-107.875732421875
-100.14806365966797
-117.02362823486328
-110.94451141357422
-106.41451263427734
-104.86747741699219
-109.5928955078125
-104.96158599853516
-102.99793243408203
-106.40775299072266
-107.59210968017578
-99.74369049072266
-99.89046478271484
-102.0466079711914
-98.12236022949219
-105.0042724609375
-102.18700408935547
-102.51655578613281
-106.89884948730469
-102.23480224609375
-106.28404998779297
-99.91089630126953
-101.1077651977539
-111.75948333740234
-110.44255828857422
-103.52079772949219
-104.34263610839844
-105.80088806152344
-108.83179473876953
-100.63481903076172
-101.21858978271484
-105.04129791259766
-102.5459213256836
-106.91620635986328
-102.97783660888672
-101.06672668457031
-105.17859649658203
-103.556396484375
-112.80929565429688
-109.88208770751953
-104.8491439819336
-101.05457305908203
-105.45724487304688
-101.42543029785156
-101.57109069824219
-104.33294677734375
-101.59275817871094
-100.941162109375
-101.43734741210938
-100.88137817382812
-105.23332214355469
-109.65457153320312
-105.41605377197266
-105.55125427246094
-108.05772399902344
-106.21949005126953
-103.40141296386719
-109.59781646728516
-102.6602783203125
-100.25667572021484
-106.23912811279297
-109.81137084960938
-103.08230590820312
-101.1253433227539
-113.03024291992188
-106.10213470458984
-111.2858657836914
-112.33154296875
-106.33560943603516
-102.20720672607422
-98.47445678710938
-102.32627868652344
-101.16936492919922
-100.1218032836914
-101.8525619506836
-105.33393859863281
-117.01828002929688
-107.82511901855469
-112.9189682006836
-113.07845306396484
-108.63614654541016
-101.52508544921875
-106.77513885498047
-103.93685150146484
-103.81856536865234
-112.53448486328125
-101.90283966064453
-105.669677734375
-102.7660903930664
-99.68460083007812
-102.84575653076172
-109.59306335449219
-103.70182800292969
-103.03933715820312
-107.02823638916016
-107.7191162109375
-107.62421417236328
-101.34406280517578
-102.47907257080078
-109.95838165283203
-101.14834594726562
-101.02555084228516
-105.69544982910156
-105.67300415039062
-109.97810363769531
-108.15690612792969
-105.3276138305664
-103.03358459472656
-107.39112854003906
-105.87625885009766
-102.8948745727539
-99.43049621582031
-102.33441925048828
-105.82096862792969
-104.22041320800781
-100.80279541015625
-107.88967895507812
-97.50222778320312
-101.79783630371094
-106.4678955078125
-104.79115295410156
-106.21231079101562
-102.52159881591797
-103.57230377197266
-101.34146118164062
-100.3096694946289
-104.89927673339844
-114.55175018310547
-109.3039779663086
-103.19929504394531
-104.97921752929688
-104.65766143798828
-106.42499542236328
-108.55517578125
-103.51962280273438
-102.08849334716797
-106.07740020751953
-105.10785675048828
-99.38753509521484
-105.06637573242188
-105.43042755126953
-102.92147827148438
-101.48603820800781
-101.81620788574219
-108.12657928466797
-111.32827758789062
-101.68682098388672
-105.03559875488281
-106.94384765625
-103.87171936035156
-107.07351684570312
-100.55461120605469
-102.49698638916016
-107.64130401611328
-98.20606231689453
-104.11766052246094
-108.76564025878906
-104.53573608398438
-107.110107421875
-105.57332611083984
-108.67327880859375
-99.91739654541016
-105.31826782226562
-105.11824035644531
-97.71851348876953
-103.73201751708984
-106.04456329345703
-99.66845703125
-101.48460388183594
-107.7603759765625
-108.22593688964844
-106.498779296875
-101.57270812988281
-102.76347351074219
-107.9354476928711
-106.27375030517578
-102.96410369873047
-101.7090072631836
-104.47772216796875
-101.06443786621094
-102.30304718017578
-108.65748596191406
-107.73556518554688
-100.43849182128906
-110.4969711303711
-100.48219299316406
-103.49987030029297
-98.5813980102539
-102.38675689697266
-98.81343078613281
-102.57554626464844
-104.16818237304688
-94.43730926513672
-107.67928314208984
-106.92950439453125
-104.60289001464844
-100.60045623779297
-112.80025482177734
-113.24713134765625
-100.87417602539062
-101.33370208740234
-110.1514892578125
-107.412841796875
-100.15135955810547
-106.88921356201172
-102.86247253417969
-105.0727767944336
-103.11040496826172
-106.12985229492188
-105.5100326538086
-106.64727783203125
-98.67230224609375
-103.38670349121094
-108.40267944335938
-97.63067626953125
-93.29146575927734
-100.22313690185547
-101.06723022460938
-105.02001190185547
-102.12451934814453
-104.40461730957031
-106.53343200683594
-106.00151824951172
-102.3790512084961
-104.49549865722656
-104.34183502197266
-108.145751953125
-105.68083190917969
-111.9763412475586
-100.1611557006836
-103.75334930419922
-103.65929412841797
-109.69930267333984
-103.55886840820312
-107.1790771484375
-103.44091796875
-103.19258117675781
-110.29029083251953
-99.64167022705078
-100.89383697509766
-104.10332489013672
-100.7822494506836
-105.39010620117188
-105.26260375976562
-108.06666564941406
-104.5794448852539
-106.95283508300781
-107.44541931152344
-103.70569610595703
-107.16098022460938
-104.39742279052734
-107.21371459960938
-100.65160369873047
-99.45677947998047
-100.73726654052734
-107.79656982421875
-111.4762191772461
-106.54399108886719
-98.95692443847656
-104.71159362792969
-107.89045715332031
-108.59589385986328
-104.07896423339844
-102.32361602783203
-102.1205062866211
-107.70277404785156
-103.69404602050781
-103.16950225830078
-104.28939056396484
-104.10445404052734
-100.82135772705078
-101.80046844482422
-96.39629364013672
-107.44715118408203
-108.4863510131836
-106.46443176269531
-104.77985382080078
-107.10868072509766
-101.94324493408203
-103.4094009399414
-108.2824478149414
-100.95808410644531
-108.75596618652344
-103.79014587402344
-105.60066223144531
-95.02865600585938
-102.53709411621094
-106.00779724121094
-101.81670379638672
-104.27021026611328
-107.21940612792969
-103.46590423583984
-106.76898193359375
-101.13200378417969
-103.47251892089844
-103.97471618652344
-105.81758880615234
-108.45885467529297
-111.00048065185547
-104.3614501953125
-103.8620834350586
-99.7323226928711
-108.33528900146484
-99.26260375976562
-111.33535766601562
-102.81953430175781
-110.17332458496094
-101.77462768554688
-99.62239837646484
-100.89939880371094
-101.0
-104.3360824584961
-110.12456512451172
-107.44536590576172
-108.05859375
-100.99645233154297
-111.72582244873047
-103.65213012695312
-109.00598907470703
-108.82585906982422
-106.71355438232422
-105.1551284790039
-109.38629150390625
-104.03136444091797
-107.95228576660156
-100.42646026611328
-103.20332336425781
-106.7471923828125
-106.51496887207031
-108.93011474609375
-105.67266082763672
-108.96794128417969
-102.86659240722656
-106.63091278076172
-106.33406829833984
-102.33868408203125
-109.94256591796875
-101.92742156982422
-108.50408935546875
-104.9706802368164
-101.2325668334961
-105.66584014892578
-107.17296600341797
-104.79493713378906
-103.35828399658203
-107.69183349609375
-106.30599212646484
-106.720703125
-111.2276382446289
-97.73039245605469
-106.41014862060547
-99.49483489990234
-106.91698455810547
-99.50162506103516
-99.58409118652344
-104.52094268798828
-107.36102294921875
-106.0029296875
-107.1671142578125
-104.47789764404297
-105.08399200439453
-106.93147277832031
-105.95137786865234
