-101.6036605834961
-111.2568588256836
-104.64013671875
-110.60421752929688
-111.18983459472656
-108.694091796875
-104.56744384765625
-96.33394622802734
-108.23390197753906
-99.92037963867188
-108.23474884033203
-102.99418640136719
-109.81385040283203
-106.00303649902344
-104.28997802734375
-101.16261291503906
-100.8427734375
-110.26677703857422
-106.2287368774414
-101.73196411132812
-105.45258331298828
-105.29591369628906
-104.16442108154297
-108.4892578125
-107.2541732788086
-112.63677978515625
-101.9560317993164
-110.89244842529297
-101.438232421875
-104.10636138916016
-107.57817840576172
-113.2200698852539
-108.88134765625
-112.43350982666016
-110.49120330810547
-101.79312133789062
-103.1533203125
-105.69149780273438
-104.75460815429688
-105.69203186035156
-98.74950408935547
-99.8818359375
-109.44580841064453
-102.92503356933594
-104.12493896484375
-110.3969955444336
-106.67474365234375
-106.1699447631836
-106.72676849365234
-104.59849548339844
-101.4259262084961
-102.64022827148438
-105.40645599365234
-114.05030822753906
-111.04572296142578
-105.95756530761719
-106.4769058227539
-102.04483795166016
-98.290771484375
-110.58010864257812
-104.56059265136719
-107.18363189697266
-101.4198989868164
-104.85762023925781
-107.97007751464844
-100.20484924316406
-106.27904510498047
-105.73362731933594
-104.35359954833984
-103.42804718017578
-106.33023071289062
-103.32406616210938
-100.63710021972656
-110.5267562866211
-106.75453186035156
-108.64210510253906
-103.11744689941406
-108.99699401855469
-103.69811248779297
-108.26803588867188
-102.77525329589844
-105.49183654785156
-99.09501647949219
-104.3078384399414
-109.85668182373047
-104.97259521484375
-106.22773742675781
-101.00135803222656
-107.54898834228516
-101.40090942382812
-102.30235290527344
-106.36945343017578
-106.4745864868164
-108.50043487548828
-110.49495697021484
-103.22877502441406
-103.9053726196289
-105.0887680053711
-104.04169464111328
-106.102294921875
-107.21553039550781
-97.50798797607422
-110.4535903930664
-104.04467010498047
-102.33381652832031
-109.69522094726562
-109.36970520019531
-99.79837799072266
-103.20011138916016
-100.55865478515625
-108.04261779785156
-94.62158203125
-107.53022003173828
-99.57340240478516
-106.24675750732422
-102.66193389892578
-107.70449829101562
-103.4460220336914
-102.09302520751953
-100.08145904541016
-112.31582641601562
-104.26435852050781
-104.11007690429688
-102.23182678222656
-98.20479583740234
-109.69992065429688
-106.69610595703125
-97.92646789550781
-107.30583953857422
-107.06047058105469
-101.80831909179688
-108.6358642578125
-99.0428237915039
-106.27603149414062
-99.5933609008789
-103.33623504638672
-101.4183349609375
-108.18746185302734
-103.91988372802734
-102.568115234375
-107.72361755371094
-106.08747100830078
-102.57904815673828
-105.45913696289062
-108.06627655029297
-104.51953125
-105.73741912841797
-103.07940673828125
-107.20858001708984
-109.3541488647461
-111.22451782226562
-100.4488296508789
-107.05133819580078
-107.17018127441406
-112.03665161132812
-110.80000305175781
-111.76668548583984
-106.68788146972656
-108.86698913574219
-102.59268951416016
-106.01201629638672
-104.96835327148438
-107.76557159423828
-104.14146423339844
-101.7176513671875
-101.89250183105469
-105.85420227050781
-112.57255554199219
-110.25008392333984
-105.4362564086914
-103.79810333251953
-94.69590759277344
-108.35145568847656
-103.66262817382812
-100.2542495727539
-103.49596405029297
-103.19590759277344
-104.94198608398438
-107.7663803100586
-99.31221771240234
-105.684326171875
-110.66104888916016
-105.1971206665039
-104.60152435302734
-101.10033416748047
-106.31478118896484
-100.70693969726562
-105.99031829833984
-106.99398803710938
-106.19786071777344
-105.32757568359375
-102.5037841796875
-100.84163665771484
-107.46780395507812
-101.37364959716797
-104.47325134277344
-105.15632629394531
-107.18671417236328
-101.09459686279297
-105.31399536132812
-100.61543273925781
-106.01895904541016
-105.87564849853516
-98.20970916748047
-104.87378692626953
-106.64984130859375
-112.685546875
-102.02564239501953
-96.50727844238281
-108.7039794921875
-104.67479705810547
-104.35301208496094
-102.26302337646484
-113.0234146118164
-108.07959747314453
-106.98611450195312
-106.36824798583984
-103.24425506591797
-108.79304504394531
-103.57455444335938
-99.33197021484375
-111.58843231201172
-102.78912353515625
-109.13741302490234
-105.6711654663086
-108.06884765625
-109.21224975585938
-107.72019958496094
-108.46302795410156
-109.07132720947266
-112.7739486694336
-113.28839111328125
-108.50215148925781
-106.31715393066406
-109.902587890625
-99.81836700439453
-107.63660430908203
-108.919189453125
-108.42681121826172
-104.52886962890625
-110.17208862304688
-104.7215805053711
-104.38650512695312
-106.36500549316406
-104.83077239990234
-107.99773406982422
-105.52864074707031
-109.6366958618164
-103.45035552978516
-103.1982421875
-108.2682876586914
-105.59928894042969
-100.28433227539062
-99.16438293457031
-103.78694152832031
-102.67031860351562
-105.84197998046875
-116.89458465576172
-103.61841583251953
-105.47970581054688
-109.4129867553711
-104.98680877685547
-106.03594207763672
-99.69209289550781
-102.16170501708984
-104.94207763671875
-107.4312515258789
-98.56376647949219
-101.4423828125
-105.17672729492188
-104.68637084960938
-105.09619903564453
-105.25212097167969
-107.11986541748047
-99.85464477539062
-102.99884033203125
-105.89472961425781
-99.93544006347656
-104.54678344726562
-108.10302734375
-98.30550384521484
-103.28819274902344
-105.52011108398438
-103.0586929321289
-99.1339111328125
-107.91288757324219
-102.6291275024414
-107.72119140625
-106.765625
-106.24217224121094
-107.05667114257812
-99.35920715332031
-106.53595733642578
-107.65565490722656
-106.67887878417969
-105.24322509765625
-100.99595642089844
-109.14884185791016
-104.47542572021484
-101.67743682861328
-102.9581527709961
-104.98323822021484
-105.31182098388672
-103.53409576416016
-106.88257598876953
-102.12956237792969
-101.0248794555664
-109.32935333251953
-107.61676788330078
-107.90472412109375
-106.28002166748047
-104.89434051513672
-102.98068237304688
-106.6797103881836
-102.4214859008789
-102.93787384033203
-100.394775390625
-106.48455810546875
-103.43720245361328
-104.61672973632812
-107.33514404296875
-110.3182601928711
-99.93417358398438
-98.15787506103516
-103.62397766113281
-108.87477111816406
-110.82159423828125
-100.7325668334961
-109.86395263671875
-108.2689208984375
-108.89784240722656
-104.87208557128906
-107.03372955322266
-105.81433868408203
-112.4616928100586
-110.18760681152344
-105.14920806884766
-105.15058135986328
-102.00856018066406
-111.61431121826172
-110.28690338134766
-107.0307846069336
-110.7400894165039
-106.08544921875
-109.28955078125
-99.72452545166016
-100.77490997314453
-104.06350708007812
-105.92345428466797
-114.01280975341797
-104.6290512084961
-106.02326202392578
-110.80680847167969
-109.56292724609375
-102.29674530029297
-107.77926635742188
-110.1934814453125
-109.6847915649414
-111.09065246582031
-109.71165466308594
-106.4331283569336
-108.54432678222656
-104.5550537109375
-111.24014282226562
-105.22002410888672
-106.47392272949219
-105.04176330566406
-105.86991119384766
-108.82615661621094
-106.2364501953125
-104.71637725830078
-105.22076416015625
-99.820068359375
-111.7043685913086
-109.7552719116211
-109.47846221923828
-104.52706909179688
-102.39159393310547
-100.44874572753906
-103.51351165771484
-105.59793090820312
-99.52821350097656
-102.16395568847656
-101.67733764648438
-110.5346450805664
-106.20442199707031
-102.54389190673828
-105.59173583984375
-108.26148223876953
-102.27359771728516
-99.84188842773438
-101.70005798339844
-103.85505676269531
-104.53502655029297
-104.3270263671875
-102.3855972290039
-98.06292724609375
-110.29438018798828
-101.29290771484375
-105.09092712402344
-107.82981872558594
-104.3277816772461
-104.3802261352539
-101.59734344482422
-102.45377349853516
-114.8503646850586
-98.78467559814453
-105.64031982421875
-104.58245849609375
-108.26331329345703
-113.03507232666016
-107.16617584228516
-107.68507385253906
-102.49526977539062
-99.33834075927734
-101.47203826904297
-113.0709457397461
-101.71670532226562
-103.47435760498047
-107.9879150390625
-109.19295501708984
-100.28250885009766
-104.54890441894531
-113.3268814086914
-101.70569610595703
-102.02983856201172
-107.42100524902344
-103.59442901611328
-99.93063354492188
-112.62327575683594
-102.05907440185547
-112.4012680053711
-100.632568359375
-103.69064331054688
-101.65462493896484
-107.36431121826172
-104.40766906738281
-103.50558471679688
-108.53343200683594
-100.65847778320312
-106.70220947265625
-104.23237609863281
-109.86589813232422
-93.4125747680664
-104.85749053955078
-101.47248077392578
-104.45841217041016
-102.33406829833984
-101.54521179199219
-107.54193115234375
-101.15408325195312
-109.55664825439453
-105.29143524169922
-102.68286895751953
-112.89971160888672
-106.95452880859375
-109.47904205322266
-108.42672729492188
-110.29301452636719
-100.36282348632812
-106.24053955078125
-101.18034362792969
-113.1175537109375
-96.125
-104.93012237548828
-110.44074249267578
-114.23282623291016
-107.63707733154297
-99.10631561279297
-99.25274658203125
-106.21321105957031
-103.32239532470703
-104.1519546508789
-106.11554718017578
-102.83601379394531
-101.87905883789062
-103.57281494140625
-111.55094909667969
-100.29044342041016
-100.82086944580078
-97.26923370361328
-104.05792999267578
-104.01740264892578
-98.7278823852539
-108.22962188720703
-101.21784210205078
-105.11058807373047
-99.78860473632812
-107.90370178222656
-108.5976333618164
-101.53831481933594
-100.65704345703125
-102.36263275146484
-106.88670349121094
-103.91828918457031
-106.02225494384766
-100.97598266601562
-105.37677764892578
-99.06697082519531
-102.6004409790039
-103.33287048339844
-105.6763916015625
-102.46581268310547
-100.19068908691406
-105.64574432373047
-105.12504577636719
-108.18435668945312
-102.40764617919922
-107.18001556396484
-107.3628158569336
-105.03785705566406
-106.24773406982422
-113.48098754882812
-103.02415466308594
-99.6334457397461
-100.17440032958984
-101.68905639648438
-100.64022827148438
-110.76988983154297
-100.87020874023438
-103.54366302490234
-102.72933197021484
-105.64370727539062
-107.26547241210938
-100.30423736572266
-106.8072509765625
-103.90744018554688
-110.57728576660156
-101.6673583984375
-101.80118560791016
-103.93089294433594
-104.24700927734375
-105.21957397460938
-110.11678314208984
-111.07156372070312
-101.14937591552734
-104.03218078613281
-105.28246307373047
-101.57745361328125
-103.79813385009766
-110.2980728149414
-103.65676879882812
-98.4015884399414
-107.20413208007812
-108.35482788085938
-100.23494720458984
-104.78997802734375
-100.28659057617188
-110.98971557617188
-108.37849426269531
-107.48756408691406
-101.49763488769531
-103.09978485107422
-103.98031616210938
-109.08333587646484
-106.48704528808594
-104.74481201171875
-106.37877655029297
-109.51373291015625
-103.68388366699219
-107.22185516357422
-106.1015853881836
-100.79043579101562
-105.9942398071289
-112.56588745117188
-113.30589294433594
-107.42221069335938
-99.67827606201172
-104.14624786376953
-110.87882232666016
-100.73241424560547
-98.50587463378906
-102.61250305175781
-109.96973419189453
-99.66607666015625
-108.70713806152344
-99.87471771240234
-117.38333129882812
-111.96568298339844
-106.1195068359375
-106.96932983398438
-109.65725708007812
-106.18523406982422
-104.967529296875
-106.67391204833984
-106.0846939086914
-101.37849426269531
-98.46408081054688
-104.7991714477539
-98.74747467041016
-105.52014923095703
-103.61459350585938
-103.43069458007812
-107.56880187988281
-104.4361801147461
-106.69293975830078
-100.35737609863281
-102.43470001220703
-111.770751953125
-109.50129699707031
-103.07096862792969
-104.59253692626953
-107.54786682128906
-108.17216491699219
-101.41814422607422
-102.77867126464844
-106.24067687988281
-102.57884216308594
-108.39089965820312
-102.66199493408203
-101.03656768798828
-106.1235580444336
-106.12599182128906
-113.43533325195312
-106.77747344970703
-103.5705337524414
-101.47647094726562
-105.87872314453125
-102.69440460205078
-101.78168487548828
-105.21873474121094
-100.40425872802734
-102.00728607177734
-103.77383422851562
-101.33438110351562
-104.54988098144531
-109.26347351074219
-105.73014068603516
-105.96857452392578
-107.22391510009766
-105.89950561523438
-105.60794067382812
-110.5734634399414
-103.7401351928711
-98.74984741210938
-105.13632202148438
-109.06858825683594
-103.64152526855469
-100.79532623291016
-113.79987335205078
-106.77682495117188
-111.73080444335938
-112.67427825927734
-104.99151611328125
-102.49822235107422
-99.64608001708984
-103.34060668945312
-102.247802734375
-102.107421875
-103.57106018066406
-106.28578186035156
-117.27339172363281
-107.71692657470703
-112.9549331665039
-113.3989028930664
-109.33294677734375
-103.7431869506836
-107.80630493164062
-103.59608459472656
-103.62905883789062
-111.47001647949219
-100.8010025024414
-108.004638671875
-103.05011749267578
-99.12732696533203
-103.69084930419922
-110.42227172851562
-105.00757598876953
-102.35357666015625
-109.45690155029297
-108.42858123779297
-107.66883850097656
-102.89733123779297
-101.59852600097656
-110.3774642944336
-100.98776245117188
-103.3586654663086
-106.78572082519531
-106.03372192382812
-110.94742584228516
-107.83256530761719
-106.30584716796875
-103.51557159423828
-107.38327026367188
-106.98802947998047
-102.31914520263672
-100.79095458984375
-103.07288360595703
-106.58379364013672
-105.37407684326172
-100.89424133300781
-109.91454315185547
-98.35845947265625
-103.12762451171875
-107.64827728271484
-107.80546569824219
-107.30001831054688
-102.65625762939453
-104.14125061035156
-103.24620056152344
-100.4219970703125
-107.09569549560547
-114.57244873046875
-109.02424621582031
-103.6280517578125
-104.93206787109375
-104.79192352294922
-106.15611267089844
-108.39923858642578
-103.19126892089844
-100.707763671875
-106.56942749023438
-106.56803131103516
-98.85624694824219
-106.48759460449219
-104.65115356445312
-102.7054672241211
-101.9124984741211
-102.3669204711914
-107.1995620727539
-112.0540771484375
-102.30052947998047
-105.14112854003906
-107.59979248046875
-104.59369659423828
-108.54273223876953
-100.43122863769531
-104.44446563720703
-108.56742095947266
-97.84874725341797
-105.39092254638672
-111.12042236328125
-103.90546417236328
-107.43769836425781
-106.7291030883789
-108.78211212158203
-100.87389373779297
-106.55120849609375
-105.39298248291016
-98.42652130126953
-104.32036590576172
-107.17571258544922
-102.17569732666016
-102.14590454101562
-107.89007568359375
-107.49260711669922
-106.65879821777344
-102.57891082763672
-103.86783599853516
-107.99605560302734
-106.36612701416016
-104.30582427978516
-102.68418884277344
-105.29029083251953
-101.8159408569336
-103.1918716430664
-109.72422790527344
-108.45077514648438
-100.90206146240234
-109.75250244140625
-101.2452163696289
-103.15370178222656
-99.1063003540039
-102.68936157226562
-98.64832305908203
-101.60077667236328
-104.85846710205078
-94.97222137451172
-108.10113525390625
-107.80425262451172
-104.66598510742188
-100.33204650878906
-112.03081512451172
-113.05802917480469
-100.37835693359375
-100.66668701171875
-110.63289642333984
-107.88090515136719
-99.18824005126953
-106.33199310302734
-103.19420623779297
-106.04421997070312
-105.39749145507812
-105.9543228149414
-105.70860290527344
-107.2291030883789
-97.24095916748047
-104.07648468017578
-108.53659057617188
-98.51264190673828
-92.80801391601562
-101.08687591552734
-101.94574737548828
-106.0386734008789
-100.08213806152344
-105.40550231933594
-107.88947296142578
-103.95744323730469
-102.45306396484375
-105.8551254272461
-104.44248962402344
-107.28905487060547
-105.65604400634766
-112.03006744384766
-100.67316436767578
-103.20867156982422
-103.65159606933594
-110.41047668457031
-104.18212127685547
-106.70390319824219
-104.06681823730469
-103.21318054199219
-110.82081604003906
-98.07273864746094
-101.2879409790039
-104.59838104248047
-101.72023010253906
-105.77803039550781
-105.36610412597656
-109.49710845947266
-105.076416015625
-108.53186798095703
-108.00434112548828
-105.07079315185547
-107.28019714355469
-105.88870239257812
-108.27438354492188
-102.27678680419922
-100.23324584960938
-100.43598175048828
-108.43299865722656
-112.78682708740234
-108.02595520019531
-98.6365966796875
-105.07508850097656
-109.877685546875
-108.14634704589844
-105.75379943847656
-102.41336059570312
-102.61833953857422
-107.91677856445312
-104.62985229492188
-104.16255950927734
-104.75001525878906
-105.00648498535156
-102.5232925415039
-102.52610778808594
-96.36050415039062
-107.02458190917969
-109.0701675415039
-107.22978210449219
-104.9318618774414
-108.58098602294922
-101.88074493408203
-104.01502227783203
-107.89591217041016
-101.37593841552734
-109.46408081054688
-105.4930648803711
-106.77806091308594
-97.2589111328125
-101.94271850585938
-106.36756134033203
-102.21856689453125
-104.70077514648438
-108.60375213623047
-104.94955444335938
-108.03726196289062
-101.81121063232422
-104.46761322021484
-104.79557037353516
-106.32933044433594
-109.20545196533203
-111.38614654541016
-104.99977111816406
-103.39368438720703
-98.2282943725586
-109.8665542602539
-100.30904388427734
-111.84059143066406
-103.7171630859375
-110.4294662475586
-101.5196762084961
-100.29714965820312
-101.85538482666016
-102.20695495605469
-104.54871368408203
-109.41770935058594
-108.0867691040039
-107.71728515625
-101.92841339111328
-111.9239273071289
-104.03321075439453
-110.79537963867188
-110.29816436767578
-108.10575103759766
-105.23385620117188
-109.81938171386719
-107.05021667480469
-108.7658462524414
-101.51290130615234
-103.49613952636719
-106.83308410644531
-107.84095001220703
-107.79313659667969
-108.02469635009766
-108.87939453125
-102.87908935546875
-106.50727081298828
-105.46192169189453
-103.58015441894531
-112.02558898925781
-101.99866485595703
-107.61045837402344
-105.8028793334961
-102.46038055419922
-107.12748718261719
-109.29029083251953
-103.01771545410156
-103.59294891357422
-107.63385772705078
-105.82215881347656
-109.50910949707031
-111.96461486816406
-98.58433532714844
-106.30789947509766
-99.32003784179688
-107.8492202758789
-101.42890930175781
-100.05414581298828
-107.99481964111328
-107.00310516357422
-107.14571380615234
-108.16236114501953
-105.39822387695312
-105.46876525878906
-107.0631332397461
-106.38082122802734
