-101.4725570678711
-110.35388946533203
-105.22090911865234
-113.03578186035156
-110.88188934326172
-108.01322174072266
-105.42312622070312
-96.90129852294922
-108.88681030273438
-101.018798828125
-109.81951904296875
-104.4752197265625
-110.33479309082031
-106.12238311767578
-103.64524841308594
-101.0090560913086
-101.4002456665039
-111.51509857177734
-107.6755142211914
-102.02792358398438
-104.46034240722656
-104.57132720947266
-104.25699615478516
-107.88201904296875
-106.81620788574219
-114.32649230957031
-102.85317993164062
-111.3447265625
-100.80088806152344
-104.67725372314453
-107.88318634033203
-113.5516586303711
-110.04789733886719
-113.96565246582031
-112.11478424072266
-102.99624633789062
-101.5889663696289
-105.96662139892578
-105.67936706542969
-104.62067413330078
-98.78199768066406
-100.40145874023438
-111.20597839355469
-103.29580688476562
-104.92311096191406
-111.46625518798828
-107.27635192871094
-104.94947814941406
-106.40753936767578
-104.86455535888672
-103.43990325927734
-102.13514709472656
-106.3876953125
-116.18875885009766
-110.70052337646484
-106.08402252197266
-107.11080932617188
-102.07420349121094
-98.68653106689453
-111.38411712646484
-106.19493865966797
-107.94445037841797
-101.65697479248047
-106.22528076171875
-109.3078384399414
-100.31021881103516
-105.58331298828125
-105.31304931640625
-107.05912780761719
-103.4715805053711
-106.94476318359375
-102.27278900146484
-100.34428405761719
-111.92745971679688
-107.17142486572266
-108.95316314697266
-101.4099349975586
-108.93937683105469
-103.4498062133789
-109.3423843383789
-104.91990661621094
-107.42526245117188
-99.6493148803711
-103.9229507446289
-110.26268768310547
-105.70384979248047
-106.93749237060547
-100.11166381835938
-106.44327545166016
-100.74297332763672
-102.45523834228516
-107.0656967163086
-106.00061798095703
-108.59795379638672
-110.07364654541016
-103.10535430908203
-103.5835952758789
-104.74530792236328
-103.11408233642578
-106.08997344970703
-107.27580261230469
-97.72770690917969
-111.2490005493164
-103.93254089355469
-102.92023468017578
-110.21910095214844
-109.046630859375
-99.12181854248047
-104.17207336425781
-101.29939270019531
-107.13027954101562
-95.2069320678711
-106.65343475341797
-99.8179702758789
-108.29167175292969
-103.68093872070312
-107.70929718017578
-104.1426010131836
-101.7396011352539
-100.30526733398438
-113.44969177246094
-103.95320129394531
-104.7947769165039
-101.85888671875
-98.17847442626953
-109.14017486572266
-105.7017593383789
-97.54776763916016
-107.19097137451172
-108.28157806396484
-101.45339965820312
-109.5753402709961
-99.52745056152344
-105.70317077636719
-98.61412048339844
-102.05160522460938
-101.92361450195312
-107.37808227539062
-104.3750228881836
-103.29737091064453
-107.02404022216797
-106.31497192382812
-103.29592895507812
-105.38356018066406
-108.11971282958984
-103.4239730834961
-104.75489044189453
-103.71176147460938
-109.01753997802734
-109.35643768310547
-110.2807846069336
-101.44210815429688
-107.792236328125
-108.73329162597656
-110.80106353759766
-110.5149917602539
-112.62086486816406
-105.40924835205078
-109.70877075195312
-102.48336791992188
-106.66638946533203
-104.73918151855469
-108.18911743164062
-103.09136962890625
-101.80601501464844
-102.67410278320312
-105.82958221435547
-113.42532348632812
-111.69843292236328
-105.88796997070312
-105.53385162353516
-96.80177307128906
-107.99205017089844
-104.5527572631836
-101.71955108642578
-104.86820220947266
-103.88656616210938
-106.14041137695312
-107.36180114746094
-100.75279998779297
-105.46208190917969
-112.13873291015625
-107.44152069091797
-105.28999328613281
-101.2671890258789
-106.47503662109375
-103.23807525634766
-108.15186309814453
-107.99312591552734
-106.59349822998047
-107.54450988769531
-104.25375366210938
-102.36683654785156
-108.3240966796875
-101.76912689208984
-103.68255615234375
-105.17963409423828
-107.57342529296875
-103.5373306274414
-107.99928283691406
-102.30709075927734
-105.61656188964844
-107.60488891601562
-99.76075744628906
-106.31896209716797
-106.30791473388672
-113.31497955322266
-101.44841766357422
-96.54779815673828
-111.1230239868164
-104.50849914550781
-106.0938720703125
-103.88697052001953
-112.1665267944336
-109.16310119628906
-109.32647705078125
-107.59976959228516
-103.861083984375
-109.60763549804688
-103.62738037109375
-100.43574523925781
-111.90345001220703
-102.75563049316406
-109.24354553222656
-106.70743560791016
-109.19392395019531
-108.55873107910156
-107.79469299316406
-109.23329162597656
-110.46170043945312
-111.82484436035156
-113.81806182861328
-109.43424224853516
-105.81951904296875
-109.09822845458984
-100.65000915527344
-107.84707641601562
-108.76111602783203
-107.49400329589844
-104.0232925415039
-111.94620513916016
-106.32510375976562
-105.59791564941406
-108.13999938964844
-105.73600769042969
-107.84684753417969
-107.21170806884766
-109.43120574951172
-104.97571563720703
-103.50198364257812
-110.161376953125
-106.83899688720703
-101.66448974609375
-100.66789245605469
-106.12198638916016
-103.97811126708984
-106.24950408935547
-117.57081604003906
-104.81700134277344
-107.20201110839844
-110.67715454101562
-105.22875213623047
-106.57781982421875
-99.60692596435547
-102.60872650146484
-105.00354766845703
-107.45745849609375
-100.40121459960938
-101.4173812866211
-105.22888946533203
-104.36494445800781
-106.43841552734375
-105.79087829589844
-107.46294403076172
-99.581787109375
-104.79106140136719
-107.57386779785156
-100.14935302734375
-104.90923309326172
-108.19391632080078
-98.96626281738281
-103.43571472167969
-105.95687866210938
-103.99891662597656
-100.22664642333984
-109.40816497802734
-102.61955261230469
-108.22616577148438
-107.14974212646484
-106.50872039794922
-107.26354217529297
-100.05170440673828
-106.5199203491211
-108.48626708984375
-106.63359069824219
-106.41053009033203
-103.01988220214844
-110.03001403808594
-105.40013122558594
-100.87152862548828
-103.51371002197266
-106.5263900756836
-107.4410400390625
-105.26773071289062
-108.14183807373047
-102.94050598144531
-99.87934112548828
-109.12289428710938
-107.45560455322266
-108.55570220947266
-105.6735610961914
-104.2857666015625
-104.14178466796875
-106.39080810546875
-101.34394836425781
-103.52794647216797
-100.05755615234375
-106.7193603515625
-104.2454833984375
-104.21220397949219
-108.16767120361328
-110.84124755859375
-100.75614929199219
-99.05354309082031
-103.93809509277344
-109.78630828857422
-110.89519500732422
-101.23147583007812
-108.97184753417969
-109.83191680908203
-108.81483459472656
-104.09918975830078
-105.6769027709961
-105.48656463623047
-111.59234619140625
-111.1811294555664
-104.6653823852539
-105.70759582519531
-101.84690856933594
-111.544921875
-112.96798706054688
-108.07158660888672
-111.7498779296875
-106.01702117919922
-112.25386047363281
-99.02379608154297
-100.44629669189453
-105.36561584472656
-105.53096771240234
-115.2446060180664
-105.54894256591797
-106.4056625366211
-111.27942657470703
-110.63482666015625
-101.53670501708984
-107.68331146240234
-110.03787994384766
-110.8475112915039
-111.11003875732422
-109.7828140258789
-107.22892761230469
-109.15967559814453
-105.1875228881836
-112.81140899658203
-105.95797729492188
-105.44536590576172
-105.78658294677734
-105.3445053100586
-107.29634094238281
-107.50453186035156
-105.4599609375
-104.91056823730469
-101.72685241699219
-112.78988647460938
-108.6376724243164
-110.05384826660156
-105.69811248779297
-104.77580261230469
-99.79745483398438
-102.6728286743164
-104.72244262695312
-100.10160827636719
-102.82211303710938
-102.7666244506836
-110.79035949707031
-105.01349639892578
-101.74832916259766
-107.58114624023438
-108.72295379638672
-101.99279022216797
-100.54173278808594
-101.49569702148438
-104.4466781616211
-105.10291290283203
-105.28950500488281
-103.752197265625
-98.23390197753906
-111.34742736816406
-101.40933227539062
-106.41046142578125
-107.71158599853516
-104.15507507324219
-105.40602111816406
-101.54057312011719
-103.65470123291016
-115.52556610107422
-98.79682159423828
-105.30300903320312
-105.42634582519531
-108.3292465209961
-113.60795593261719
-107.88754272460938
-108.53264617919922
-102.78578186035156
-100.94662475585938
-99.03665924072266
-111.77425384521484
-102.35335540771484
-103.19780731201172
-107.65499877929688
-108.2125244140625
-100.95106506347656
-103.51890563964844
-113.55205535888672
-101.14522552490234
-103.21800994873047
-107.40202331542969
-103.27538299560547
-100.82093811035156
-112.58023071289062
-102.8888931274414
-111.87574768066406
-100.86509704589844
-103.89411926269531
-101.163330078125
-106.49264526367188
-106.72225952148438
-104.77513122558594
-108.85486602783203
-100.88713836669922
-106.20439910888672
-105.03573608398438
-109.37389373779297
-94.24932861328125
-105.78202056884766
-102.70508575439453
-104.16423034667969
-101.65646362304688
-101.60420989990234
-107.2452392578125
-100.69717407226562
-108.37429809570312
-105.21458435058594
-103.02398681640625
-113.69320678710938
-107.56208038330078
-109.71466827392578
-107.35214233398438
-110.91381072998047
-101.25756072998047
-106.47420501708984
-100.4533920288086
-112.24971008300781
-95.8199462890625
-105.02546691894531
-110.71450805664062
-114.20098114013672
-107.52192687988281
-99.8556900024414
-99.45547485351562
-105.97997283935547
-103.0200424194336
-105.02708435058594
-105.85594940185547
-103.2234878540039
-102.31108856201172
-104.86133575439453
-110.70056915283203
-101.3407211303711
-101.92388153076172
-96.39066314697266
-104.3838882446289
-102.85203552246094
-97.84639739990234
-108.13520050048828
-100.22736358642578
-104.29078674316406
-100.05500030517578
-108.07018280029297
-108.76654052734375
-101.97743225097656
-100.53575134277344
-103.05970764160156
-107.69134521484375
-104.70199584960938
-106.68605041503906
-101.5215072631836
-104.35957336425781
-99.71808624267578
-103.36308288574219
-103.56608581542969
-106.1268539428711
-102.86343383789062
-100.56768798828125
-106.26856231689453
-105.40628814697266
-108.6528549194336
-102.4095458984375
-107.12800598144531
-107.25080108642578
-104.75663757324219
-106.92764282226562
-112.30432891845703
-102.75251007080078
-100.7717514038086
-100.2744369506836
-101.47016906738281
-101.00819396972656
-112.30066680908203
-101.93258666992188
-104.21106719970703
-104.12903594970703
-105.42809295654297
-107.45204162597656
-101.9838638305664
-106.7932357788086
-105.04048156738281
-111.33744049072266
-100.5665283203125
-101.88856506347656
-102.76132202148438
-105.5600814819336
-106.13668823242188
-110.18559265136719
-111.17413330078125
-102.91447448730469
-105.77509307861328
-106.78317260742188
-101.98744201660156
-104.81393432617188
-110.83560943603516
-104.94673919677734
-99.6845474243164
-107.56922912597656
-108.09698486328125
-101.3360824584961
-105.8619384765625
-100.50133514404297
-110.73278045654297
-108.00572204589844
-106.89212799072266
-102.34461212158203
-102.93221282958984
-104.87213134765625
-109.26387023925781
-106.13569641113281
-106.85404205322266
-107.05049133300781
-108.8114242553711
-103.7948989868164
-109.06404113769531
-107.0722885131836
-101.64952850341797
-106.49982452392578
-112.17247772216797
-112.74046325683594
-106.97152709960938
-99.85198211669922
-104.7176742553711
-112.5998764038086
-101.95329284667969
-98.62789154052734
-101.96987915039062
-109.53878021240234
-99.8924789428711
-109.10828399658203
-99.46347045898438
-117.14632415771484
-113.34674072265625
-106.75531768798828
-108.02526092529297
-111.3822250366211
-106.58334350585938
-103.91377258300781
-106.88402557373047
-107.22457885742188
-102.25927734375
-100.11209869384766
-103.52314758300781
-99.69794464111328
-106.40486907958984
-103.61720275878906
-103.11146545410156
-106.86181640625
-104.2606430053711
-106.67601776123047
-101.54346466064453
-101.7499771118164
-111.61298370361328
-111.38565826416016
-104.08255767822266
-104.74937438964844
-106.42652130126953
-109.10511779785156
-101.01339721679688
-101.23406982421875
-104.74612426757812
-102.47621154785156
-108.04643249511719
-103.81544494628906
-102.0010986328125
-106.15775299072266
-104.06452941894531
-112.85528564453125
-107.88932800292969
-104.55775451660156
-100.46441650390625
-105.79533386230469
-104.2579345703125
-103.3874740600586
-106.02818298339844
-102.7747573852539
-102.83234405517578
-102.76351165771484
-101.23229217529297
-105.88822174072266
-110.44599151611328
-107.09456634521484
-106.00326538085938
-108.72027587890625
-106.4317626953125
-105.40081024169922
-110.56808471679688
-103.76078033447266
-99.93965148925781
-105.95501708984375
-109.743896484375
-103.52433776855469
-100.1285400390625
-113.93802642822266
-106.04621887207031
-112.67224884033203
-112.71102905273438
-105.92697143554688
-102.42720031738281
-99.03992462158203
-102.28721618652344
-103.0313949584961
-101.03265380859375
-103.23896026611328
-106.20154571533203
-117.19263458251953
-108.55985260009766
-112.67192077636719
-112.65343475341797
-107.99525451660156
-102.56940460205078
-107.68276977539062
-103.34203338623047
-103.85408782958984
-113.54827117919922
-101.62315368652344
-105.80470275878906
-102.21034240722656
-100.38720703125
-103.89407348632812
-110.3040542602539
-105.5956039428711
-102.36491394042969
-107.8071060180664
-107.92250061035156
-108.45864868164062
-102.54595947265625
-101.31243896484375
-108.99308776855469
-100.81739044189453
-101.98653411865234
-106.03502655029297
-106.68907928466797
-110.9181900024414
-109.30718231201172
-105.69232177734375
-102.88430786132812
-107.02709197998047
-106.34855651855469
-103.18256378173828
-100.30626678466797
-102.41854858398438
-105.77049255371094
-105.31570434570312
-100.63579559326172
-110.00899505615234
-97.08894348144531
-103.15034484863281
-106.94329071044922
-105.86473846435547
-106.38636779785156
-102.00846862792969
-103.86894226074219
-102.4295654296875
-100.45622253417969
-104.8564453125
-114.5633544921875
-108.84864807128906
-104.59989166259766
-106.54383087158203
-104.46448516845703
-103.8759536743164
-107.62200164794922
-104.41352844238281
-103.04542541503906
-106.69998168945312
-106.19086456298828
-100.59553527832031
-106.96592712402344
-105.17976379394531
-103.48950958251953
-103.60713195800781
-102.11063385009766
-108.39659118652344
-112.0286865234375
-104.00338745117188
-105.52535247802734
-108.55696868896484
-104.98210906982422
-108.67787170410156
-100.87561798095703
-103.95234680175781
-108.73995208740234
-99.20700073242188
-104.96216583251953
-109.8193588256836
-105.37650299072266
-108.09214782714844
-107.37786865234375
-109.05706024169922
-99.814697265625
-107.65406036376953
-106.08464813232422
-98.8082046508789
-104.94847106933594
-108.7656478881836
-104.0155029296875
-102.96839141845703
-109.34087371826172
-108.2285385131836
-106.39019775390625
-102.46048736572266
-102.66405487060547
-108.44338989257812
-106.58135223388672
-105.13053131103516
-103.41557312011719
-105.7182388305664
-102.16756439208984
-104.09518432617188
-109.77937316894531
-107.60253143310547
-101.5437240600586
-110.75743865966797
-101.63834381103516
-105.00100708007812
-99.17147064208984
-102.3779067993164
-99.8047103881836
-103.9378433227539
-104.93089294433594
-95.56365203857422
-107.71937561035156
-108.47293090820312
-105.82969665527344
-101.87368774414062
-113.61852264404297
-115.33914947509766
-101.62305450439453
-102.48580169677734
-111.22914123535156
-106.8652572631836
-99.49263000488281
-106.54753112792969
-102.20362854003906
-107.44527435302734
-104.01106262207031
-106.79720306396484
-107.28298950195312
-107.52123260498047
-99.62883758544922
-105.0531997680664
-108.63678741455078
-99.59507751464844
-93.24431610107422
-101.97734069824219
-102.90605163574219
-107.10255432128906
-101.77342224121094
-105.50236511230469
-108.52574920654297
-106.0947036743164
-103.40057373046875
-106.443359375
-106.68447875976562
-108.27693939208984
-106.62212371826172
-112.33126068115234
-100.91392517089844
-104.99706268310547
-105.47174072265625
-109.89452362060547
-104.45623016357422
-108.7181167602539
-105.09458923339844
-103.47486114501953
-109.65990447998047
-98.6781234741211
-101.56729888916016
-105.163330078125
-102.38086700439453
-104.76974487304688
-105.49944305419922
-108.57608795166016
-104.67943572998047
-107.14649200439453
-107.12841033935547
-104.28205108642578
-109.1919937133789
-106.32669067382812
-108.4320068359375
-102.45976257324219
-100.99716186523438
-102.06010437011719
-109.24048614501953
-113.27303314208984
-109.16809844970703
-98.94795227050781
-106.55509948730469
-109.03836059570312
-109.16075134277344
-105.680908203125
-101.85301971435547
-103.99478912353516
-107.98835754394531
-104.64892578125
-105.6669921875
-105.58336639404297
-105.48003387451172
-103.4692153930664
-102.66332244873047
-98.24220275878906
-108.67172241210938
-109.69798278808594
-106.89794921875
-104.02140045166016
-108.041015625
-101.5140380859375
-104.51067352294922
-108.37528228759766
-101.20748138427734
-109.17937469482422
-105.28102111816406
-106.37726593017578
-97.51879119873047
-103.44279479980469
-106.17276000976562
-103.5241470336914
-105.2861557006836
-108.52812194824219
-104.38780212402344
-108.01847076416016
-102.10894775390625
-103.17171478271484
-105.50245666503906
-106.32330322265625
-109.72435760498047
-111.94384002685547
-105.34092712402344
-104.00984191894531
-99.19959259033203
-109.93672180175781
-100.36481475830078
-111.85726165771484
-104.96560668945312
-110.62297058105469
-102.33639526367188
-101.54154968261719
-102.775146484375
-102.54376220703125
-103.6236572265625
-110.62112426757812
-107.80290222167969
-108.62713623046875
-102.3754653930664
-111.85626983642578
-103.4501724243164
-110.18025970458984
-109.83509063720703
-107.82723236083984
-105.15892791748047
-110.59646606445312
-105.98184967041016
-107.93869018554688
-100.76810455322266
-103.81889343261719
-107.64080810546875
-106.25005340576172
-107.22018432617188
-106.6637191772461
-108.99343872070312
-103.04609680175781
-106.2768783569336
-107.6214828491211
-101.98465728759766
-109.6822509765625
-102.79170989990234
-108.74244689941406
-107.10426330566406
-102.91188049316406
-107.05474853515625
-108.12238311767578
-104.90587615966797
-104.96099853515625
-109.0477066040039
-106.22154235839844
-107.85171508789062
-112.12295532226562
-99.08629608154297
-106.2272720336914
-99.7529525756836
-109.39982604980469
-100.34693908691406
-101.3325424194336
-107.33363342285156
-109.17321014404297
-106.62747955322266
-107.11883544921875
-105.02167510986328
-105.55278778076172
-108.1474609375
-106.66769409179688
