-110.76213073730469
-121.75045776367188
-115.71906280517578
-120.14542388916016
-120.36842346191406
-117.76904296875
-115.4273681640625
-104.45858764648438
-118.09642028808594
-108.7163314819336
-119.5531234741211
-115.54869079589844
-124.79606628417969
-117.78638458251953
-120.07238006591797
-114.63491821289062
-115.00294494628906
-125.13435363769531
-122.62398529052734
-117.43695068359375
-121.63042449951172
-119.22697448730469
-120.90945434570312
-122.90945434570312
-124.28126525878906
-128.2090301513672
-117.9143295288086
-126.24710083007812
-118.55940246582031
-117.56277465820312
-121.90862274169922
-126.10370635986328
-125.53099822998047
-125.72693634033203
-122.3199234008789
-116.0240249633789
-115.03877258300781
-116.44168090820312
-117.94812774658203
-115.40660858154297
-110.43485260009766
-111.24365234375
-121.1599349975586
-114.52778625488281
-115.35346221923828
-122.0093765258789
-116.36338806152344
-113.67904663085938
-115.82000732421875
-115.49205017089844
-112.65790557861328
-113.83894348144531
-116.45635223388672
-124.88334655761719
-121.42400360107422
-115.91832733154297
-118.5947265625
-109.95079040527344
-109.24007415771484
-121.13899993896484
-115.6114501953125
-118.28917694091797
-111.76526641845703
-116.93655395507812
-119.64166259765625
-110.58246612548828
-116.01715850830078
-115.37040710449219
-117.44441223144531
-112.49497985839844
-115.54275512695312
-109.76005554199219
-110.86225128173828
-119.73107147216797
-116.67975616455078
-117.20177459716797
-111.33941650390625
-119.77983093261719
-112.50993347167969
-118.78668212890625
-111.8800048828125
-115.66522979736328
-107.18861389160156
-113.58535766601562
-120.34180450439453
-114.57232666015625
-118.0002212524414
-107.74150848388672
-116.29405212402344
-111.33158111572266
-113.51759338378906
-115.93658447265625
-115.13616180419922
-117.004150390625
-120.7597885131836
-113.05607604980469
-114.78923797607422
-115.0201187133789
-112.67998504638672
-114.9628677368164
-115.97320556640625
-104.60655212402344
-119.92788696289062
-114.33993530273438
-111.8256607055664
-119.38904571533203
-119.16207885742188
-109.71455383300781
-114.13441467285156
-108.09931182861328
-116.27838134765625
-103.02212524414062
-116.24114227294922
-109.04283142089844
-113.64102172851562
-111.7328109741211
-115.9554443359375
-113.37747955322266
-110.22065734863281
-108.10558319091797
-121.22618103027344
-113.62838745117188
-113.61677551269531
-110.8131332397461
-105.71007537841797
-117.92976379394531
-114.92060852050781
-106.47440338134766
-115.20101165771484
-114.34654235839844
-109.13253021240234
-117.29057312011719
-107.61941528320312
-114.8512954711914
-107.28353881835938
-111.92375946044922
-111.59310150146484
-114.92455291748047
-115.01504516601562
-111.982421875
-115.91168975830078
-115.91543579101562
-111.41015625
-114.75942993164062
-118.62909698486328
-112.980712890625
-114.39168548583984
-114.27455139160156
-118.11493682861328
-119.20976257324219
-121.066650390625
-109.10803985595703
-116.90203857421875
-116.69402313232422
-119.22321319580078
-121.4547348022461
-123.35753631591797
-115.38511657714844
-118.31989288330078
-111.32018280029297
-114.41078186035156
-113.7574462890625
-116.37093353271484
-110.90853881835938
-109.42861938476562
-112.7400894165039
-116.78851318359375
-121.09306335449219
-118.65585327148438
-113.70650482177734
-114.48226165771484
-103.8744125366211
-118.00830078125
-112.81262969970703
-109.6343002319336
-112.76224517822266
-110.8682632446289
-114.59498596191406
-115.93569946289062
-109.04338073730469
-115.40387725830078
-118.33612060546875
-115.23503875732422
-113.7599105834961
-107.3860092163086
-115.24315643310547
-110.6347885131836
-115.80024719238281
-114.9279556274414
-114.1014404296875
-114.20730590820312
-109.69933319091797
-109.10375213623047
-115.50511169433594
-107.33467102050781
-112.25006866455078
-112.52098846435547
-116.60250091552734
-109.2160873413086
-114.9367446899414
-109.91117095947266
-111.60924530029297
-116.12806701660156
-106.33341217041016
-114.10889434814453
-114.82807159423828
-120.5649185180664
-110.4556884765625
-104.67115020751953
-117.50006103515625
-112.02606201171875
-112.86167907714844
-113.50153350830078
-122.55282592773438
-116.447021484375
-117.22747039794922
-115.96737670898438
-112.89192199707031
-117.24346923828125
-111.9190444946289
-107.1604995727539
-118.631591796875
-112.68415069580078
-119.05513763427734
-115.54088592529297
-118.11793518066406
-117.10370635986328
-116.40807342529297
-117.47698211669922
-119.15669250488281
-121.81616973876953
-123.99504089355469
-115.57752227783203
-114.87979888916016
-117.77141571044922
-109.53703308105469
-117.2978515625
-117.9778060913086
-117.84838104248047
-112.71687316894531
-120.33203887939453
-114.36715698242188
-113.37477111816406
-116.04480743408203
-114.33993530273438
-113.4206314086914
-115.56053161621094
-116.02893829345703
-112.90757751464844
-111.68385314941406
-118.0286636352539
-114.4051513671875
-110.79508209228516
-107.7052230834961
-112.66410827636719
-112.18821716308594
-114.85185241699219
-125.41600799560547
-113.19038391113281
-115.87298583984375
-117.97307586669922
-112.63060760498047
-113.33309173583984
-107.46243286132812
-110.1463623046875
-113.803466796875
-115.52892303466797
-107.10002136230469
-109.45326232910156
-114.37947082519531
-110.34516906738281
-114.02066040039062
-113.39568328857422
-117.04483795166016
-107.64681243896484
-114.92997741699219
-114.54293823242188
-107.16973876953125
-114.66484069824219
-118.13123321533203
-106.66011810302734
-111.45038604736328
-114.5767822265625
-111.39063262939453
-106.40949249267578
-115.62918090820312
-111.47127532958984
-114.99180603027344
-114.6632080078125
-114.77771759033203
-115.05331420898438
-107.43470764160156
-113.20915222167969
-114.9290542602539
-115.20433044433594
-112.302001953125
-110.18606567382812
-116.8598403930664
-112.71001434326172
-107.6967544555664
-111.33901977539062
-114.32442474365234
-116.41625213623047
-114.25276947021484
-115.50763702392578
-111.178466796875
-108.45262908935547
-117.58185577392578
-116.8940200805664
-116.79509735107422
-115.79524230957031
-111.9710922241211
-111.63265991210938
-113.88544464111328
-110.04927825927734
-112.28777313232422
-110.3804702758789
-117.01179504394531
-110.29143524169922
-112.09090423583984
-116.31366729736328
-119.65866088867188
-107.63867950439453
-104.94752502441406
-111.02555084228516
-118.88572692871094
-118.99053192138672
-109.1082763671875
-117.62601470947266
-116.22447967529297
-113.981689453125
-111.88932800292969
-113.09319305419922
-113.70872497558594
-119.89109802246094
-119.67354583740234
-113.83473205566406
-113.42195892333984
-109.6583251953125
-118.33769989013672
-119.8842544555664
-116.33959197998047
-119.35482788085938
-112.89772033691406
-116.51060485839844
-108.19197082519531
-109.78182220458984
-114.1645736694336
-114.58586883544922
-122.22071838378906
-114.1822280883789
-116.9365234375
-120.34992980957031
-117.53765106201172
-110.04206848144531
-115.9466781616211
-118.2297592163086
-118.45250701904297
-120.14002990722656
-117.3682861328125
-113.02591705322266
-117.04470825195312
-112.96138763427734
-121.9275131225586
-114.1511001586914
-114.6352767944336
-113.28927612304688
-114.01638793945312
-116.52751922607422
-114.43575286865234
-112.81959533691406
-112.35797119140625
-108.04055786132812
-121.34548950195312
-116.12232971191406
-116.85831451416016
-112.31147003173828
-110.9110336303711
-108.45021057128906
-112.83218383789062
-113.97882080078125
-106.29059600830078
-109.53485870361328
-109.58614349365234
-118.00001525878906
-113.25422668457031
-108.51943969726562
-115.93109130859375
-116.57841491699219
-109.32872772216797
-107.1168441772461
-109.45936584472656
-113.26384735107422
-111.88505554199219
-112.89381408691406
-110.68446350097656
-104.30186462402344
-120.01547241210938
-107.81475067138672
-113.14605712890625
-115.04764556884766
-112.60091400146484
-113.06684112548828
-108.56509399414062
-109.21478271484375
-123.13761138916016
-106.88623809814453
-112.96170806884766
-113.91650390625
-115.5986328125
-121.71859741210938
-114.09309387207031
-115.8570556640625
-109.72351837158203
-108.36322784423828
-106.937744140625
-120.39078521728516
-109.43065643310547
-110.18081665039062
-115.58116149902344
-115.8135986328125
-108.23685455322266
-112.30215454101562
-120.33470916748047
-108.25230407714844
-109.86920928955078
-114.47004699707031
-111.16831970214844
-108.99911499023438
-119.44857788085938
-110.09085083007812
-121.26106262207031
-107.99249267578125
-111.10725402832031
-107.96666717529297
-115.55296325683594
-112.52621459960938
-110.84719848632812
-116.9566879272461
-108.06147766113281
-112.4647216796875
-111.68093872070312
-117.94446563720703
-100.6780014038086
-113.35318756103516
-109.62670135498047
-111.63268280029297
-108.82725524902344
-108.21820068359375
-114.40046691894531
-108.26892852783203
-119.06492614746094
-111.70046997070312
-111.70893859863281
-122.44960021972656
-114.86071014404297
-119.24053955078125
-114.48271179199219
-117.83003997802734
-107.0462646484375
-113.1910171508789
-109.3775634765625
-121.30477905273438
-103.25421142578125
-111.60615539550781
-117.69224548339844
-120.17009735107422
-115.70164489746094
-106.64024353027344
-105.60126495361328
-115.05722045898438
-112.4181137084961
-111.67607116699219
-113.95755004882812
-111.47582244873047
-110.99891662597656
-113.00765991210938
-121.01481628417969
-107.60223388671875
-109.89335632324219
-103.78791046142578
-111.41154479980469
-112.31970977783203
-104.8787841796875
-116.50979614257812
-107.22088623046875
-113.97758483886719
-106.96122741699219
-113.53018188476562
-116.6080322265625
-109.32435607910156
-107.49301147460938
-110.05445861816406
-114.29711151123047
-110.63772583007812
-113.87063598632812
-107.68675994873047
-111.55391693115234
-106.1938705444336
-109.60795593261719
-111.31798553466797
-113.05511474609375
-110.46064758300781
-107.26631927490234
-113.63133239746094
-111.42013549804688
-115.68484497070312
-109.42475128173828
-114.55763244628906
-113.81952667236328
-112.74981689453125
-115.49083709716797
-117.70997619628906
-109.30826568603516
-105.95774841308594
-107.53414154052734
-107.76326751708984
-108.58740234375
-118.93279266357422
-109.44579315185547
-113.92399597167969
-109.17779541015625
-112.71580505371094
-114.04708099365234
-108.67504119873047
-113.00399017333984
-111.51813507080078
-119.17781829833984
-107.81331634521484
-110.6524429321289
-111.03438568115234
-112.99375915527344
-111.86148834228516
-119.70528411865234
-118.819580078125
-109.39856719970703
-113.38990783691406
-114.03055572509766
-111.9900131225586
-112.2080307006836
-118.11107635498047
-112.15011596679688
-105.74065399169922
-117.18323516845703
-115.83797454833984
-106.68799591064453
-113.3401870727539
-107.02896118164062
-118.26033782958984
-116.06183624267578
-116.99768829345703
-108.52057647705078
-110.46885681152344
-111.105224609375
-115.27957916259766
-115.67621612548828
-113.19225311279297
-114.38980102539062
-116.42298889160156
-111.46956634521484
-116.2364273071289
-113.8842544555664
-109.37896728515625
-114.3551025390625
-120.95979309082031
-119.60493469238281
-114.65985107421875
-107.42666625976562
-110.624755859375
-116.97595977783203
-109.12117004394531
-107.30814361572266
-108.68077087402344
-116.33062744140625
-104.35559844970703
-118.09850311279297
-106.61873626708984
-124.37870788574219
-119.22315216064453
-113.52721405029297
-114.55220794677734
-118.4184799194336
-115.03131866455078
-112.10136413574219
-112.70675659179688
-113.82579040527344
-108.09579467773438
-105.06514739990234
-111.00608825683594
-107.86512756347656
-113.10711669921875
-112.61663055419922
-110.2757797241211
-116.32218933105469
-109.55363464355469
-112.4502944946289
-108.14806365966797
-108.21932983398438
-117.7664794921875
-118.93006896972656
-110.61023712158203
-111.69027709960938
-116.26762390136719
-114.73817443847656
-108.30647277832031
-108.37975311279297
-112.15325164794922
-109.48770141601562
-115.70355224609375
-111.78306579589844
-108.13263702392578
-113.75679779052734
-113.08247375488281
-121.40966033935547
-116.42253112792969
-111.52084350585938
-110.11407470703125
-114.03508758544922
-110.31959533691406
-109.7265625
-112.68485260009766
-109.36833953857422
-110.21224212646484
-109.91081237792969
-107.80867767333984
-111.85977172851562
-117.47010803222656
-113.78015899658203
-113.13324737548828
-115.54740142822266
-114.59138488769531
-111.80268096923828
-117.14875030517578
-111.20858001708984
-105.32415008544922
-114.69844818115234
-115.53523254394531
-111.0377197265625
-108.79387664794922
-119.6644287109375
-113.82987976074219
-118.1069564819336
-119.38592529296875
-111.74288177490234
-110.60743713378906
-103.99130249023438
-109.16925048828125
-108.92005157470703
-107.51327514648438
-110.0577392578125
-115.25170135498047
-124.0006332397461
-114.28684997558594
-118.87937927246094
-119.30349731445312
-114.02363586425781
-108.73544311523438
-115.91484832763672
-109.03831481933594
-110.2788314819336
-120.62889862060547
-108.2229995727539
-114.52423095703125
-110.3463134765625
-105.74929809570312
-109.4010238647461
-117.85174560546875
-111.20384216308594
-109.20779418945312
-115.4150390625
-115.50276184082031
-115.30532836914062
-109.60260772705078
-108.61529541015625
-114.30055236816406
-106.48252868652344
-108.70831298828125
-114.07780456542969
-113.15919494628906
-117.7436294555664
-115.02226257324219
-113.70631408691406
-109.98396301269531
-115.34332275390625
-114.46273040771484
-109.37606048583984
-106.27442169189453
-107.25969696044922
-114.52946472167969
-112.10476684570312
-108.00074768066406
-116.40966796875
-103.51423645019531
-111.22227478027344
-114.33325958251953
-113.54779052734375
-114.80393981933594
-108.93193817138672
-109.73059844970703
-110.59060668945312
-108.135009765625
-112.15936279296875
-122.00862884521484
-115.16766357421875
-111.89784240722656
-112.84089660644531
-111.45896911621094
-111.8901596069336
-115.20075225830078
-112.01371002197266
-108.66729736328125
-113.64412689208984
-114.50527954101562
-106.88253021240234
-114.2392807006836
-112.70063018798828
-109.98646545410156
-108.9548568725586
-109.6877212524414
-113.73011779785156
-120.4468994140625
-110.132080078125
-112.90182495117188
-115.989501953125
-111.63333129882812
-113.55062866210938
-107.75331115722656
-111.33213806152344
-114.38447570800781
-104.1602783203125
-110.45254516601562
-119.44268035888672
-110.37787628173828
-113.621826171875
-114.1412353515625
-115.92262268066406
-105.83240509033203
-114.06688690185547
-111.20121002197266
-105.08399963378906
-112.06879425048828
-113.28134155273438
-107.96190643310547
-108.36119842529297
-116.487548828125
-114.1024398803711
-113.0048599243164
-107.46762084960938
-109.04622650146484
-116.27584838867188
-114.99846649169922
-111.0943374633789
-108.55233001708984
-112.23762512207031
-107.96260070800781
-111.28562927246094
-114.56275939941406
-115.18898010253906
-109.25556945800781
-118.32437133789062
-107.65424346923828
-111.2381591796875
-106.11758422851562
-109.45948028564453
-106.9104995727539
-109.13504028320312
-111.32485961914062
-100.22401428222656
-112.53950500488281
-114.8942642211914
-111.3162841796875
-107.15697479248047
-118.59323120117188
-120.30860900878906
-106.7031478881836
-106.96138000488281
-118.42889404296875
-113.00559997558594
-106.39949035644531
-112.97517395019531
-109.25518035888672
-113.34148406982422
-108.70864868164062
-113.1751708984375
-113.98690032958984
-113.77303314208984
-105.89983367919922
-111.04827117919922
-116.22621154785156
-105.9789047241211
-99.7167739868164
-109.29552459716797
-109.63972473144531
-112.75108337402344
-109.25538635253906
-112.23710632324219
-116.49519348144531
-111.61726379394531
-110.08984375
-113.08953857421875
-113.6792221069336
-114.96110534667969
-113.95597076416016
-119.25872802734375
-108.1048812866211
-110.59969329833984
-112.14627075195312
-117.00881958007812
-112.00055694580078
-112.84115600585938
-110.12384796142578
-110.4020004272461
-116.35458374023438
-104.93965148925781
-109.2850341796875
-112.05512237548828
-107.37559509277344
-113.57844543457031
-110.60491180419922
-117.96526336669922
-112.18111419677734
-113.6942138671875
-113.78962707519531
-110.68557739257812
-115.54447937011719
-112.6571044921875
-115.14781951904297
-108.451416015625
-107.1769027709961
-108.16577911376953
-115.05644226074219
-117.99129486083984
-113.80937957763672
-105.3922119140625
-113.22620391845703
-117.0245132446289
-116.28739929199219
-113.1349868774414
-109.66104125976562
-108.48745727539062
-116.34197235107422
-110.11739349365234
-110.54989624023438
-110.57036590576172
-112.1015396118164
-108.06668090820312
-109.34390258789062
-102.82704162597656
-112.51983642578125
-116.3293685913086
-114.16299438476562
-112.1529541015625
-115.49597930908203
-108.50845336914062
-111.50607299804688
-115.149169921875
-108.40047454833984
-115.917236328125
-111.46231079101562
-111.71671295166016
-103.76216888427734
-109.39202117919922
-113.89337921142578
-109.12425994873047
-109.99372100830078
-113.8658447265625
-112.25774383544922
-112.20913696289062
-107.92892456054688
-109.75999450683594
-111.44644165039062
-113.79469299316406
-116.57064056396484
-119.88885498046875
-111.61898803710938
-109.6301498413086
-104.8001480102539
-117.3697280883789
-106.57081604003906
-118.91571044921875
-111.13427734375
-116.83372497558594
-110.08090209960938
-107.32460021972656
-109.60977935791016
-111.27823638916016
-114.1569595336914
-117.48897552490234
-115.85355377197266
-115.30850219726562
-108.8903579711914
-117.79084777832031
-112.04826354980469
-116.77262115478516
-116.71122741699219
-113.95291900634766
-112.32489776611328
-116.18287658691406
-112.69995880126953
-115.09839630126953
-107.20590209960938
-110.2769775390625
-112.9875717163086
-113.3344497680664
-115.19133758544922
-114.6232681274414
-116.428466796875
-108.25112915039062
-113.89500427246094
-113.58108520507812
-109.14653015136719
-115.67660522460938
-107.92923736572266
-117.05960083007812
-110.84883117675781
-107.72126770019531
-111.54156494140625
-113.7176284790039
-110.67578887939453
-110.70538330078125
-114.69709777832031
-113.11300659179688
-113.07488250732422
-118.15853118896484
-104.46893310546875
-111.30010986328125
-105.44602966308594
-113.74530792236328
-106.08250427246094
-105.95386505126953
-112.9885482788086
-113.94982147216797
-113.3294677734375
-113.39653015136719
-112.51144409179688
-112.72164154052734
-113.257568359375
-113.44116973876953
