-103.75990295410156
-113.19535827636719
-107.74811553955078
-113.1626205444336
-112.18738555908203
-110.10173797607422
-106.44669342041016
-97.35707092285156
-110.78247833251953
-101.96927642822266
-111.36568450927734
-106.95497131347656
-111.63078308105469
-106.81204223632812
-105.12109375
-101.54637145996094
-103.28059387207031
-113.17562103271484
-109.49414825439453
-103.20408630371094
-107.19357299804688
-106.09737396240234
-106.2071533203125
-109.17225646972656
-109.8074722290039
-114.63172149658203
-104.53876495361328
-112.2496109008789
-103.47109985351562
-106.87326049804688
-108.5108413696289
-115.47289276123047
-112.30608367919922
-114.47175598144531
-112.81884002685547
-103.9463119506836
-104.34627532958984
-106.81289672851562
-106.88909912109375
-106.22581481933594
-100.38719177246094
-102.31101989746094
-112.09979248046875
-105.11968231201172
-106.47880554199219
-112.82852172851562
-108.90830993652344
-106.3126449584961
-107.9608154296875
-106.86864471435547
-104.42450714111328
-103.79179382324219
-107.50267028808594
-116.53868103027344
-112.791748046875
-108.06159210205078
-109.58963012695312
-103.2235336303711
-100.31675720214844
-114.91395568847656
-106.79536437988281
-109.85684204101562
-104.46299743652344
-107.86026000976562
-110.83348083496094
-102.14103698730469
-108.80245208740234
-107.26470947265625
-107.3856430053711
-104.23682403564453
-108.0038833618164
-104.06587219238281
-102.41700744628906
-112.9038314819336
-108.35395050048828
-111.32283020019531
-103.72450256347656
-110.25017547607422
-104.88938903808594
-110.67913055419922
-105.0430908203125
-107.89258575439453
-99.59751892089844
-105.05311584472656
-110.91766357421875
-106.70181274414062
-108.54351806640625
-101.79373168945312
-108.80531311035156
-103.70955657958984
-105.05552673339844
-107.19043731689453
-106.65335845947266
-109.25418853759766
-111.80458068847656
-105.0665054321289
-107.43766021728516
-106.57106018066406
-104.76868438720703
-109.1751480102539
-108.80717468261719
-99.09835815429688
-112.34535217285156
-106.66630554199219
-103.79660034179688
-112.13871002197266
-111.59929656982422
-102.09654235839844
-105.20519256591797
-102.55120086669922
-108.80592346191406
-96.42710876464844
-108.60226440429688
-101.44017028808594
-107.510009765625
-104.63263702392578
-110.13676452636719
-106.38517761230469
-103.35990905761719
-101.27588653564453
-116.7347412109375
-106.36408233642578
-105.78308868408203
-103.08389282226562
-99.85198211669922
-109.8377914428711
-107.84632110595703
-99.8611831665039
-108.5478286743164
-109.23141479492188
-102.64576721191406
-109.91981506347656
-101.60399627685547
-107.50711822509766
-99.87796020507812
-103.99478149414062
-103.47055053710938
-108.59268951416016
-106.69937896728516
-104.16763305664062
-109.29351043701172
-107.97389221191406
-104.73126983642578
-106.8086166381836
-110.25458526611328
-105.16337585449219
-105.77171325683594
-105.70333862304688
-110.63390350341797
-111.42388916015625
-113.8492202758789
-102.58793640136719
-109.57563781738281
-110.53002166748047
-112.94942474365234
-114.25093078613281
-115.00684356689453
-107.9345474243164
-111.66311645507812
-105.25410461425781
-107.34544372558594
-107.78749084472656
-109.7945785522461
-105.72528076171875
-103.20381164550781
-105.34000396728516
-108.59356689453125
-116.23033142089844
-112.0217056274414
-106.53917694091797
-106.30656433105469
-97.72413635253906
-110.40717315673828
-105.92223358154297
-102.52459716796875
-106.19166564941406
-104.67123413085938
-108.89544677734375
-110.57199096679688
-102.78707885742188
-107.98506164550781
-112.85578918457031
-108.75189971923828
-106.47917938232422
-101.68748474121094
-107.38353729248047
-103.11592102050781
-109.46588134765625
-108.83049011230469
-107.56331634521484
-109.05598449707031
-105.01482391357422
-103.70439910888672
-108.7661361694336
-103.39956665039062
-105.68733215332031
-106.0469741821289
-109.7652359008789
-103.14808654785156
-108.52957916259766
-102.82855987548828
-105.54225158691406
-108.79124450683594
-99.58451080322266
-107.11031341552734
-107.85587310791016
-113.14276885986328
-102.62995910644531
-97.04578399658203
-111.32283020019531
-105.31405639648438
-107.48400115966797
-103.28804016113281
-114.615234375
-109.29450225830078
-108.65682983398438
-109.14986419677734
-104.09811401367188
-109.06266784667969
-105.788818359375
-102.21315002441406
-112.53935241699219
-105.07030487060547
-112.34540557861328
-107.09595489501953
-110.01925659179688
-109.59959411621094
-108.96500396728516
-110.64288330078125
-111.71863555908203
-114.71074676513672
-116.07176208496094
-109.55097961425781
-108.30318450927734
-110.20074462890625
-100.3805160522461
-108.22323608398438
-108.84614562988281
-109.01811981201172
-105.07037353515625
-111.55658721923828
-106.6462173461914
-106.96226501464844
-108.70057678222656
-107.25987243652344
-109.3343276977539
-108.3990707397461
-111.52418518066406
-105.44915771484375
-104.08979797363281
-111.40118408203125
-107.39274597167969
-103.30345916748047
-99.9383544921875
-107.10444641113281
-103.75887298583984
-108.06130981445312
-117.70030212402344
-105.49828338623047
-108.58409118652344
-111.97260284423828
-107.17752075195312
-108.1146469116211
-101.20669555664062
-103.43666076660156
-106.11604309082031
-108.56874084472656
-101.65814971923828
-101.69685363769531
-107.22867584228516
-104.67566680908203
-107.27755737304688
-106.36444091796875
-110.32664489746094
-101.74850463867188
-104.97410583496094
-107.23805236816406
-101.19282531738281
-106.07695007324219
-110.94075775146484
-99.19764709472656
-105.79269409179688
-108.25096893310547
-105.50502014160156
-101.29420471191406
-110.36664581298828
-104.5512924194336
-109.71517944335938
-109.07688903808594
-108.61455535888672
-107.3204345703125
-102.04291534423828
-106.72826385498047
-108.6767349243164
-107.65984344482422
-106.45101928710938
-105.0142593383789
-112.67076873779297
-105.40058135986328
-102.63233947753906
-105.91046142578125
-108.23500061035156
-109.2488021850586
-107.01861572265625
-109.56219482421875
-103.71984100341797
-102.7179946899414
-110.59025573730469
-108.00430297851562
-110.09938049316406
-108.24217987060547
-106.30147552490234
-105.72248077392578
-107.77195739746094
-103.22879028320312
-105.95222473144531
-102.65991973876953
-108.98878479003906
-105.22674560546875
-106.13448333740234
-109.2669677734375
-112.58554077148438
-101.46737670898438
-100.8877182006836
-106.06398010253906
-110.93331146240234
-113.22512817382812
-102.84367370605469
-111.24565887451172
-111.29967498779297
-109.5645980834961
-105.709716796875
-108.97595977783203
-108.85970306396484
-113.52653503417969
-112.71619415283203
-106.92498779296875
-107.16516876220703
-103.86869812011719
-112.08722686767578
-112.99298858642578
-108.34169006347656
-113.34636688232422
-106.89906311035156
-111.72152709960938
-101.70630645751953
-102.69554901123047
-106.82140350341797
-107.86360168457031
-115.67225646972656
-105.82694244384766
-110.05559539794922
-112.63513946533203
-112.00382995605469
-103.1536865234375
-109.42369842529297
-110.93434143066406
-112.82086944580078
-112.9786148071289
-110.65306854248047
-108.37187957763672
-110.38849639892578
-106.58021545410156
-113.60759735107422
-106.26231384277344
-107.10630798339844
-106.78728485107422
-106.92803955078125
-107.9920654296875
-108.2020263671875
-107.08253479003906
-107.0152816772461
-102.13396453857422
-115.1871337890625
-111.57146453857422
-111.93898010253906
-106.12684631347656
-105.94215393066406
-102.57965087890625
-105.65763854980469
-107.02552032470703
-100.48956298828125
-103.50225067138672
-104.3564453125
-113.90765380859375
-106.79383087158203
-104.23028564453125
-108.87118530273438
-109.98516082763672
-103.8572769165039
-101.34069061279297
-103.02652740478516
-106.4076919555664
-106.37554931640625
-108.13019561767578
-105.33099365234375
-100.15520477294922
-113.52714538574219
-102.20936584472656
-107.89759826660156
-107.92107391357422
-105.26615905761719
-107.52330780029297
-103.5543212890625
-103.62882995605469
-116.77709197998047
-101.22395324707031
-106.9551773071289
-107.05367279052734
-109.5727767944336
-115.56600952148438
-108.90389251708984
-109.45277404785156
-103.11859893798828
-100.5150146484375
-101.62740325927734
-114.06571960449219
-103.06684875488281
-105.33780670166016
-109.03233337402344
-111.66324615478516
-101.34765625
-106.2294692993164
-114.33399963378906
-103.51556396484375
-104.51822662353516
-107.63108825683594
-104.69036865234375
-102.91038513183594
-114.4638900756836
-103.59349060058594
-114.25851440429688
-101.22168731689453
-104.15441131591797
-102.37989807128906
-109.93170928955078
-107.22132110595703
-105.22945404052734
-110.57747650146484
-102.88191986083984
-107.9759750366211
-105.30792236328125
-109.812744140625
-96.43977355957031
-107.39633178710938
-104.15034484863281
-105.63385772705078
-103.1758041381836
-103.69380187988281
-110.27616882324219
-102.19978332519531
-111.02789306640625
-106.04944610595703
-104.8125991821289
-115.42838287353516
-108.77960205078125
-110.80326080322266
-108.83540344238281
-112.96070098876953
-101.46310424804688
-108.49371337890625
-102.92425537109375
-114.33386993408203
-96.47930908203125
-105.67779541015625
-113.9780502319336
-115.40751647949219
-109.37458801269531
-101.42618560791016
-100.5645980834961
-108.90676879882812
-105.77703094482422
-105.3046875
-106.49598693847656
-104.49615478515625
-103.09447479248047
-105.54405975341797
-112.57238006591797
-102.23892211914062
-103.28556823730469
-97.76634979248047
-105.70453643798828
-105.14326477050781
-99.0500259399414
-109.69925689697266
-102.3236312866211
-106.09895324707031
-101.72356414794922
-109.89561462402344
-110.01042938232422
-104.50642395019531
-101.84313201904297
-103.45706176757812
-108.33378601074219
-105.45370483398438
-108.44304656982422
-102.69300842285156
-105.98273468017578
-99.69364166259766
-103.75782775878906
-103.63318634033203
-106.92047119140625
-104.50157928466797
-102.14767456054688
-107.13451385498047
-105.37643432617188
-109.9622802734375
-103.21745300292969
-107.98110961914062
-107.4130859375
-106.1735610961914
-108.96092987060547
-114.72541046142578
-104.41322326660156
-100.99440002441406
-102.87859344482422
-101.63836669921875
-102.78836059570312
-113.1052017211914
-104.34156036376953
-107.37638854980469
-104.90200805664062
-108.11478424072266
-109.32911682128906
-104.25202178955078
-109.30570220947266
-106.41202545166016
-112.20360565185547
-102.51558685302734
-103.75654602050781
-105.1065673828125
-107.39936065673828
-107.34764099121094
-113.3348159790039
-113.21875762939453
-103.64984893798828
-108.50196075439453
-108.55860900878906
-104.64920043945312
-107.43860626220703
-112.64321899414062
-107.60555267333984
-100.29768371582031
-110.61865997314453
-110.02278137207031
-101.49251556396484
-107.27996063232422
-101.23839569091797
-113.1463394165039
-111.81600952148438
-110.49655151367188
-103.2046890258789
-105.16665649414062
-106.03254699707031
-111.03153991699219
-107.84716796875
-107.7183837890625
-109.53659057617188
-110.22220611572266
-104.74637603759766
-109.3985366821289
-107.98711395263672
-103.86445617675781
-108.00072479248047
-114.16958618164062
-113.62879180908203
-109.64309692382812
-101.9810562133789
-105.7627182006836
-111.61717987060547
-103.21147918701172
-101.3824462890625
-103.09329223632812
-109.53041076660156
-101.05708312988281
-110.77948760986328
-101.09886169433594
-118.05166625976562
-113.74979400634766
-106.94181823730469
-109.80550384521484
-112.4849624633789
-108.01582336425781
-105.61421203613281
-108.32782745361328
-109.20672607421875
-103.06713104248047
-100.17672729492188
-104.11901092529297
-101.56996154785156
-107.53559112548828
-104.85758972167969
-105.64198303222656
-108.79194641113281
-105.82362365722656
-107.4118423461914
-101.56549072265625
-103.183349609375
-112.7691421508789
-111.90744018554688
-106.42113494873047
-107.1811294555664
-110.4604721069336
-109.59183502197266
-103.55028533935547
-102.435791015625
-108.09481811523438
-103.7337417602539
-109.48342895507812
-104.97947692871094
-103.01342010498047
-108.4844970703125
-105.47550964355469
-114.5530776977539
-109.48698425292969
-107.32621002197266
-103.4876937866211
-106.75886535644531
-103.8546142578125
-103.7520523071289
-107.51744079589844
-102.64790344238281
-104.88775634765625
-104.65243530273438
-102.59322357177734
-106.14480590820312
-110.79448699951172
-107.76960754394531
-107.0068359375
-109.51334381103516
-106.65628051757812
-105.83979797363281
-112.27922058105469
-104.66292572021484
-101.06204223632812
-108.66357421875
-109.9701156616211
-104.29914855957031
-102.50559997558594
-114.68037414550781
-109.22455596923828
-111.83822631835938
-113.5206069946289
-106.90941619873047
-104.31222534179688
-99.84107208251953
-103.90819549560547
-103.52167510986328
-102.43599700927734
-104.71279907226562
-107.89431762695312
-117.24169921875
-110.13420867919922
-116.2550048828125
-114.47357940673828
-111.7581787109375
-104.0281982421875
-110.0731430053711
-103.96073150634766
-105.94666290283203
-113.51893615722656
-104.26740264892578
-108.77144622802734
-104.1869125366211
-100.74186706542969
-105.30726623535156
-112.20653533935547
-105.34687805175781
-104.65536499023438
-109.91163635253906
-111.26118469238281
-110.47930145263672
-104.00807189941406
-103.26380157470703
-110.5798568725586
-102.66649627685547
-103.50798797607422
-110.13740539550781
-107.33834838867188
-113.05382537841797
-109.68175506591797
-107.98465728759766
-104.74164581298828
-109.92854309082031
-108.86735534667969
-104.33452606201172
-102.86163330078125
-104.14070892333984
-107.97865295410156
-108.08002471923828
-101.8287582397461
-110.30780029296875
-99.1773452758789
-105.08340454101562
-109.09198760986328
-107.80803680419922
-107.56958770751953
-103.06124114990234
-106.88845825195312
-104.41969299316406
-102.02703857421875
-106.3161849975586
-116.52071380615234
-111.50887298583984
-106.21826171875
-108.19477844238281
-105.91586303710938
-107.57323455810547
-111.18830871582031
-105.81769561767578
-103.23420715332031
-108.75871276855469
-107.55693054199219
-101.35137176513672
-108.00639343261719
-106.97509765625
-103.76182556152344
-103.207275390625
-104.18406677246094
-109.75576782226562
-115.50273132324219
-105.853271484375
-107.53402709960938
-109.69137573242188
-104.88845825195312
-109.29212188720703
-102.3404312133789
-105.0313720703125
-111.2159194946289
-99.16886901855469
-105.15422821044922
-112.68639373779297
-105.60612487792969
-108.72876739501953
-109.64944458007812
-111.09634399414062
-101.6151123046875
-108.9459457397461
-107.1382064819336
-99.84854125976562
-107.157470703125
-109.02141571044922
-103.42848205566406
-103.25682830810547
-111.01942443847656
-111.09162139892578
-109.00162506103516
-103.91234588623047
-104.98440551757812
-110.68626403808594
-109.0883560180664
-105.83384704589844
-103.1694564819336
-107.62461853027344
-103.9549331665039
-105.76297760009766
-111.47274780273438
-109.21961975097656
-102.67897033691406
-113.61066436767578
-102.62720489501953
-104.85108947753906
-99.81817626953125
-104.53917694091797
-101.46377563476562
-103.07453918457031
-106.0030517578125
-96.76824951171875
-109.35909271240234
-108.0373306274414
-105.4569091796875
-102.6007308959961
-114.24845886230469
-114.67594909667969
-101.4712142944336
-102.8090591430664
-113.51099395751953
-108.88174438476562
-102.1728744506836
-108.41167449951172
-104.55547332763672
-107.2385025024414
-104.29077911376953
-109.02286529541016
-107.42536926269531
-107.77757263183594
-101.1592788696289
-105.15584564208984
-110.21631622314453
-99.9341812133789
-93.97640991210938
-103.04971313476562
-104.85603332519531
-107.63130950927734
-102.48889923095703
-107.4024658203125
-110.29792785644531
-105.9228515625
-104.47523498535156
-108.06425476074219
-107.34648132324219
-109.50068664550781
-108.21060180664062
-114.10163879394531
-101.80827331542969
-105.3564682006836
-105.67554473876953
-110.40113067626953
-105.14741516113281
-109.5961685180664
-105.6524887084961
-105.78056335449219
-110.36397552490234
-100.83544921875
-103.88146209716797
-105.64482116699219
-103.25881958007812
-107.38607788085938
-105.46382904052734
-111.86564636230469
-106.73521423339844
-109.24842834472656
-109.1669921875
-105.18672943115234
-109.33502960205078
-107.43019104003906
-109.98810577392578
-102.83525085449219
-101.42924499511719
-102.55718231201172
-110.07701873779297
-113.33055877685547
-108.5153579711914
-100.27303314208984
-107.36062622070312
-110.67361450195312
-109.55463409423828
-106.11235809326172
-104.12834930419922
-103.7663803100586
-109.88050079345703
-104.2768783569336
-106.56134796142578
-106.21446990966797
-105.45994567871094
-103.75486755371094
-103.91348266601562
-98.23255157470703
-108.42977905273438
-111.10884094238281
-108.79600524902344
-107.07422637939453
-110.61334228515625
-103.63123321533203
-106.01818084716797
-110.92373657226562
-103.97869873046875
-111.16632843017578
-106.73357391357422
-109.06676483154297
-99.10916900634766
-103.57412719726562
-108.22888946533203
-105.22361755371094
-106.62332153320312
-110.16156005859375
-106.44590759277344
-108.26640319824219
-104.38159942626953
-104.77099609375
-106.81147766113281
-108.1615982055664
-110.23685455322266
-112.53399658203125
-106.18768310546875
-106.81005859375
-100.07218933105469
-110.38925170898438
-101.9188232421875
-113.84178924560547
-106.23917388916016
-111.30661010742188
-103.81719970703125
-102.30989074707031
-104.40838623046875
-104.3697738647461
-105.49958801269531
-111.49710083007812
-109.41515350341797
-110.09064483642578
-103.72543334960938
-113.57386016845703
-105.36708068847656
-113.17643737792969
-110.885009765625
-108.39401245117188
-107.51349639892578
-111.57689666748047
-107.28937530517578
-110.63859558105469
-102.53169250488281
-105.13880157470703
-107.68316650390625
-109.01154327392578
-109.73802947998047
-109.1362075805664
-109.90259552001953
-103.87722778320312
-108.86825561523438
-109.29554748535156
-104.77545928955078
-110.70672607421875
-103.20929718017578
-110.34300994873047
-108.54302215576172
-104.64733123779297
-107.7521743774414
-109.34652709960938
-106.802001953125
-106.7783203125
-109.95108032226562
-108.79766845703125
-109.52928924560547
-112.41340637207031
-99.76380157470703
-108.92598724365234
-101.1770248413086
-109.0107192993164
-102.66581726074219
-101.66739654541016
-106.71238708496094
-108.54670715332031
-109.4994888305664
-109.75056457519531
-107.09722900390625
-106.64795684814453
-108.06649780273438
-108.00373840332031
