-99.89302062988281
-110.47968292236328
-103.16858673095703
-110.54680633544922
-110.31785583496094
-107.1544189453125
-104.76937103271484
-95.43193817138672
-107.85910034179688
-99.0745620727539
-106.93708801269531
-104.76619720458984
-109.21990966796875
-104.00535583496094
-103.66221618652344
-101.12560272216797
-100.67781829833984
-108.59392547607422
-104.92827606201172
-102.24357604980469
-104.31834411621094
-103.90857696533203
-103.47682189941406
-107.45662689208984
-106.4781494140625
-113.68479919433594
-101.87138366699219
-112.43171691894531
-99.67218780517578
-103.67577362060547
-106.0143814086914
-113.14336395263672
-108.2857437133789
-112.62500762939453
-109.59693145751953
-101.26597595214844
-99.89483642578125
-105.2393569946289
-105.02704620361328
-102.78565979003906
-97.5311508178711
-99.34669494628906
-110.43071746826172
-102.34303283691406
-104.09861755371094
-108.64396667480469
-105.85382843017578
-104.54779815673828
-105.97479248046875
-102.92951965332031
-100.703857421875
-100.80813598632812
-105.06200408935547
-114.43207550048828
-109.1260986328125
-105.02127075195312
-107.21493530273438
-100.77670288085938
-97.16281127929688
-110.45948028564453
-103.41183471679688
-105.2105941772461
-101.42731475830078
-105.21994018554688
-106.1782455444336
-99.29918670654297
-104.20733642578125
-104.36033630371094
-105.37877655029297
-102.47843170166016
-104.68933868408203
-100.880615234375
-99.53618621826172
-109.88937377929688
-105.46505737304688
-108.33184051513672
-102.14624786376953
-107.25371551513672
-101.81748962402344
-107.80178833007812
-102.19292449951172
-103.77397155761719
-97.90695190429688
-102.99217987060547
-109.67630004882812
-104.12753295898438
-105.32339477539062
-99.14163208007812
-107.10746002197266
-100.90135955810547
-103.10655212402344
-105.0757064819336
-103.65453338623047
-107.33280944824219
-110.86587524414062
-102.09746551513672
-101.79898834228516
-102.69788360595703
-102.04667663574219
-106.48011779785156
-106.60974884033203
-96.9004135131836
-108.84304809570312
-102.88311004638672
-101.91085052490234
-107.79193878173828
-108.05701446533203
-99.35726165771484
-102.71339416503906
-99.92875671386719
-105.60747528076172
-93.66551971435547
-106.37175750732422
-99.11463928222656
-105.77843475341797
-102.29319763183594
-106.11751556396484
-103.12327575683594
-101.03722381591797
-98.90364837646484
-111.80342864990234
-102.71656799316406
-104.20743560791016
-101.69004821777344
-98.0166015625
-108.80093383789062
-105.84644317626953
-98.31098937988281
-106.18891143798828
-106.20648956298828
-101.22138977050781
-109.57136535644531
-98.85806274414062
-104.89959716796875
-98.24427032470703
-101.62458801269531
-101.07946014404297
-106.48985290527344
-104.08000946044922
-102.4197769165039
-108.32699584960938
-105.78694915771484
-101.8260269165039
-104.025634765625
-107.13775634765625
-101.86016845703125
-103.13806915283203
-102.0033950805664
-105.81919860839844
-107.90155029296875
-109.62313842773438
-100.66302490234375
-106.60861206054688
-107.96636199951172
-110.98233795166016
-110.79331970214844
-112.98548889160156
-104.98625946044922
-108.74187469482422
-101.7678451538086
-105.8531265258789
-104.43611145019531
-106.81184387207031
-103.09919738769531
-100.84600067138672
-102.01007080078125
-104.4759292602539
-113.46452331542969
-109.66638946533203
-104.86917877197266
-103.76927947998047
-95.14097595214844
-107.62067413330078
-103.43516540527344
-98.7715072631836
-102.75557708740234
-103.09039306640625
-105.68794250488281
-106.93987274169922
-99.84306335449219
-104.10926055908203
-110.41608428955078
-105.32676696777344
-103.44073486328125
-100.19966888427734
-106.23798370361328
-100.48980712890625
-105.4259262084961
-106.95724487304688
-105.69538116455078
-105.64639282226562
-102.55770874023438
-100.13016510009766
-105.06971740722656
-100.8454818725586
-103.84101104736328
-104.39385223388672
-105.91438293457031
-100.08023071289062
-105.34494018554688
-101.24821472167969
-104.7027587890625
-105.61043548583984
-96.35872650146484
-104.7769546508789
-105.52983093261719
-111.0526351928711
-101.15479278564453
-95.28987121582031
-108.18446350097656
-102.29127502441406
-104.8273696899414
-101.71912384033203
-111.20631408691406
-106.88585662841797
-106.55474090576172
-105.08132934570312
-102.98907470703125
-107.58390808105469
-102.42969512939453
-99.07464599609375
-109.20664978027344
-100.92646026611328
-107.74897766113281
-104.44369506835938
-106.20398712158203
-107.50796508789062
-106.53007507324219
-107.6720199584961
-109.763916015625
-110.9189453125
-112.06584930419922
-107.96821594238281
-105.04446411132812
-107.62187957763672
-99.12228393554688
-105.18083953857422
-105.41078186035156
-106.02809143066406
-103.0421371459961
-108.61106872558594
-104.9223403930664
-104.570068359375
-105.71729278564453
-104.05469512939453
-105.77685546875
-105.6639175415039
-108.49301147460938
-102.77570343017578
-101.99230194091797
-109.18636322021484
-105.14385986328125
-99.83373260498047
-98.60922241210938
-102.96031951904297
-102.07049560546875
-104.52359008789062
-114.65435791015625
-103.85687255859375
-104.5020523071289
-107.84244537353516
-104.94963073730469
-103.50234985351562
-98.54947662353516
-99.1302261352539
-104.64371490478516
-107.2989273071289
-100.30394744873047
-100.60942077636719
-103.90130615234375
-102.74781036376953
-103.87770080566406
-104.0286865234375
-107.0937271118164
-98.07585144042969
-104.6401596069336
-105.75371551513672
-98.3165283203125
-103.45893096923828
-107.1781005859375
-96.71031188964844
-101.50106048583984
-104.66751098632812
-102.5736312866211
-98.56429290771484
-106.0194091796875
-102.21414947509766
-107.45016479492188
-108.3250961303711
-106.11370849609375
-104.60279846191406
-99.14413452148438
-105.48883819580078
-107.81766510009766
-105.2014389038086
-103.85515594482422
-100.75092315673828
-109.03228759765625
-103.65736389160156
-99.56013488769531
-102.2978744506836
-107.6614990234375
-106.45917510986328
-103.77069091796875
-105.60664367675781
-101.85504913330078
-101.06420135498047
-109.18217468261719
-107.95964050292969
-106.70533752441406
-108.09588623046875
-105.75092315673828
-103.10303497314453
-106.78553771972656
-102.36119079589844
-103.78917694091797
-100.50689697265625
-105.61492919921875
-101.72927856445312
-105.04133605957031
-107.68830108642578
-109.91134643554688
-99.78743743896484
-99.4435806274414
-102.4035415649414
-108.47233581542969
-110.54724884033203
-100.17042541503906
-108.88626098632812
-107.95887756347656
-107.67571258544922
-103.11939239501953
-104.22673034667969
-105.10479736328125
-111.64450073242188
-109.56075286865234
-103.88831329345703
-106.84923553466797
-100.25055694580078
-110.1032943725586
-111.40298461914062
-107.41294860839844
-110.0481948852539
-105.37545013427734
-109.79705047607422
-98.14336395263672
-100.97044372558594
-104.46354675292969
-105.09182739257812
-114.10100555419922
-103.65377807617188
-105.82746887207031
-111.06082916259766
-109.74300384521484
-100.0336685180664
-106.86137390136719
-110.37761688232422
-109.5973892211914
-109.88996887207031
-109.10993957519531
-105.5361328125
-106.61112213134766
-104.7900619506836
-110.20790100097656
-104.2638168334961
-105.24058532714844
-105.10249328613281
-106.52227783203125
-105.93531036376953
-104.43980407714844
-104.27873229980469
-103.54389190673828
-99.68840026855469
-111.9155502319336
-107.1666030883789
-107.98395538330078
-104.08445739746094
-104.14283752441406
-100.4347152709961
-103.83355712890625
-104.85266876220703
-98.4305648803711
-101.41063690185547
-100.75605010986328
-110.0058822631836
-105.32957458496094
-102.12054443359375
-106.52620697021484
-107.6849365234375
-101.61723327636719
-99.04837799072266
-100.7085189819336
-105.14546203613281
-103.30213928222656
-104.09739685058594
-103.46382904052734
-98.23871612548828
-109.90296173095703
-100.32987213134766
-105.14017486572266
-106.7698974609375
-104.03178405761719
-104.4772720336914
-101.2122573852539
-101.13349914550781
-113.58042907714844
-98.17318725585938
-105.71375274658203
-105.70459747314453
-107.14324951171875
-111.47775268554688
-106.05230712890625
-106.55726623535156
-101.78186798095703
-99.30859375
-100.23410034179688
-111.12167358398438
-102.59974670410156
-103.4276123046875
-106.14330291748047
-108.09173583984375
-100.59809875488281
-102.68131256103516
-113.91738891601562
-101.05992889404297
-103.1356430053711
-105.24439239501953
-103.66915130615234
-99.25901794433594
-112.83269500732422
-100.84872436523438
-111.96188354492188
-100.76325225830078
-102.40924072265625
-100.86624908447266
-105.938720703125
-105.81552124023438
-105.0001220703125
-107.87211608886719
-98.9592056274414
-104.10982513427734
-103.79496765136719
-110.17657470703125
-93.38300323486328
-105.16128540039062
-100.980712890625
-103.52967071533203
-100.41357421875
-100.37940979003906
-107.3096694946289
-101.30269622802734
-107.42230224609375
-103.30601501464844
-101.72242736816406
-111.32816314697266
-106.67721557617188
-109.1517562866211
-106.86048126220703
-110.2458724975586
-99.61734771728516
-106.08296203613281
-99.63472747802734
-111.70562744140625
-95.58661651611328
-105.20945739746094
-109.48526763916016
-110.90223693847656
-106.16400909423828
-99.0455551147461
-98.6114501953125
-105.54523468017578
-101.92794036865234
-104.3513412475586
-105.41156768798828
-101.90919494628906
-101.10031127929688
-104.9551773071289
-110.30366516113281
-101.3753662109375
-100.22898864746094
-95.49513244628906
-104.58690643310547
-103.37220001220703
-97.84021759033203
-106.89460754394531
-99.19171905517578
-103.60037231445312
-99.11014556884766
-106.87764739990234
-108.69851684570312
-101.3629379272461
-99.12454986572266
-102.16779327392578
-105.73822784423828
-103.00385284423828
-106.13053131103516
-100.84030151367188
-104.48896026611328
-96.63632202148438
-102.19808959960938
-101.38968658447266
-105.6695785522461
-102.67276000976562
-100.13724517822266
-105.0888900756836
-103.70997619628906
-106.58163452148438
-101.14290618896484
-104.98461151123047
-105.86883544921875
-104.42754364013672
-105.00904846191406
-112.21568298339844
-101.62342834472656
-99.99653625488281
-100.23204040527344
-100.57354736328125
-99.92359161376953
-109.87274932861328
-99.59403228759766
-104.60344696044922
-101.64273834228516
-106.38382720947266
-106.42382049560547
-100.0261459350586
-106.10282897949219
-103.99156951904297
-110.9668197631836
-100.90966033935547
-101.49876403808594
-103.09659576416016
-103.6123046875
-106.26913452148438
-110.03507995605469
-110.72134399414062
-100.56559753417969
-103.64147186279297
-104.84046173095703
-101.0775375366211
-104.6609115600586
-109.4374008178711
-103.57421875
-98.65276336669922
-107.58760070800781
-107.74121856689453
-100.1373062133789
-104.33829498291016
-100.40570068359375
-109.61062622070312
-108.08087158203125
-107.13520812988281
-100.94428253173828
-102.37496185302734
-103.22444152832031
-108.03103637695312
-106.57494354248047
-105.2252197265625
-105.75362396240234
-109.88299560546875
-103.54178619384766
-105.95027923583984
-104.47380065917969
-102.70464324951172
-106.33148956298828
-110.37297058105469
-111.06990814208984
-106.39338684082031
-99.75676727294922
-103.31497192382812
-109.91482543945312
-100.79298400878906
-99.31095123291016
-100.88243865966797
-107.39500427246094
-98.18235778808594
-108.75487518310547
-97.91558074951172
-118.4981460571289
-111.21170806884766
-104.36656951904297
-105.13855743408203
-109.09423065185547
-104.0733413696289
-103.81504821777344
-106.3289566040039
-106.24243927001953
-100.701416015625
-98.40605926513672
-102.12305450439453
-98.7160415649414
-105.4087905883789
-102.13680267333984
-103.12931060791016
-107.21109771728516
-102.96269226074219
-106.15791320800781
-100.90634155273438
-101.37200927734375
-110.99504089355469
-109.443115234375
-103.29190826416016
-103.40889739990234
-104.79228210449219
-107.49822998046875
-100.2210693359375
-100.16328430175781
-106.02130126953125
-102.5679931640625
-106.58162689208984
-103.56217193603516
-101.91250610351562
-105.78521728515625
-103.02011108398438
-112.62229919433594
-107.82608795166016
-103.74931335449219
-100.4385757446289
-104.11528778076172
-102.79619598388672
-102.71023559570312
-104.60438537597656
-99.52661895751953
-100.61157989501953
-102.59907531738281
-100.16429138183594
-103.61455535888672
-108.27294921875
-104.4896240234375
-105.48353576660156
-107.40093994140625
-104.91087341308594
-104.88147735595703
-110.94229125976562
-102.40364837646484
-99.24175262451172
-106.07572937011719
-107.91322326660156
-103.02923583984375
-100.43601989746094
-112.81742858886719
-105.9094009399414
-111.51542663574219
-111.29212188720703
-106.84661102294922
-100.55862426757812
-98.9391098022461
-102.28678894042969
-101.27217864990234
-99.73632049560547
-102.31855010986328
-105.6649398803711
-116.30365753173828
-105.2515640258789
-111.91033172607422
-112.02616119384766
-107.57481384277344
-101.03864288330078
-106.05155181884766
-101.83511352539062
-102.20346069335938
-110.96997833251953
-99.89693450927734
-105.32172393798828
-103.04283905029297
-99.08643341064453
-103.1423110961914
-109.82661437988281
-102.60881042480469
-103.25457000732422
-108.07156372070312
-108.07493591308594
-106.77183532714844
-101.43378448486328
-100.3966064453125
-109.63555908203125
-100.56547546386719
-100.97956085205078
-105.10086059570312
-105.53289031982422
-109.82752990722656
-108.05741882324219
-105.37460327148438
-101.90975189208984
-107.15953826904297
-107.0151596069336
-102.37347412109375
-98.72795104980469
-100.7427749633789
-104.5333251953125
-104.97267150878906
-99.45491790771484
-107.02277374267578
-97.96578216552734
-101.43389129638672
-106.89323425292969
-106.39659118652344
-106.76954650878906
-100.16204833984375
-103.85081481933594
-101.43771362304688
-99.71319580078125
-107.1295166015625
-113.23841857910156
-108.7416000366211
-102.4345703125
-104.77078247070312
-104.04524230957031
-104.39519500732422
-106.86150360107422
-101.89048767089844
-101.68101501464844
-106.09845733642578
-105.10993957519531
-99.05573272705078
-105.69314575195312
-105.46271514892578
-102.09317779541016
-101.50194549560547
-101.96562957763672
-105.92201232910156
-111.25921630859375
-102.34745025634766
-105.02876281738281
-106.9054946899414
-104.1646957397461
-106.75682067871094
-100.4351577758789
-102.39591979980469
-106.96084594726562
-97.39305114746094
-103.14558410644531
-108.47404479980469
-103.06122589111328
-106.72089385986328
-105.941162109375
-107.57472229003906
-99.54776000976562
-105.12010192871094
-105.16304016113281
-97.96492767333984
-103.84783935546875
-106.88227081298828
-101.2406997680664
-102.203369140625
-108.84890747070312
-107.95982360839844
-105.19847869873047
-101.65238952636719
-102.86559295654297
-108.60360717773438
-104.59970092773438
-104.14546966552734
-101.49514770507812
-104.48860931396484
-100.45565032958984
-102.75929260253906
-108.42827606201172
-106.34545135498047
-100.47549438476562
-111.00433349609375
-100.78539276123047
-103.18152618408203
-98.45862579345703
-103.11085510253906
-99.431884765625
-101.89605712890625
-104.5159912109375
-93.85888671875
-107.33272552490234
-106.74299621582031
-103.5541763305664
-100.27659606933594
-111.98246765136719
-113.44402313232422
-99.31061553955078
-101.44153594970703
-109.36304473876953
-107.02903747558594
-97.9151611328125
-105.7994155883789
-102.61819458007812
-104.65274047851562
-103.60596466064453
-104.8187484741211
-105.25956726074219
-106.60418701171875
-97.73770141601562
-102.73596954345703
-106.63182830810547
-98.16743469238281
-92.39041137695312
-100.85332489013672
-102.09683990478516
-105.19000244140625
-101.68748474121094
-104.61790466308594
-107.4818344116211
-104.49246215820312
-102.11924743652344
-105.83052062988281
-105.18012237548828
-107.32128143310547
-104.72589874267578
-112.7901611328125
-100.32769775390625
-102.82176971435547
-104.63259887695312
-108.19495391845703
-105.11837005615234
-106.81287384033203
-104.1360855102539
-101.84855651855469
-108.21192932128906
-96.69972229003906
-102.66725158691406
-105.3846664428711
-101.69925689697266
-104.57914733886719
-104.85444641113281
-109.63554382324219
-104.43107604980469
-108.11006164550781
-106.03338623046875
-104.27306365966797
-107.02527618408203
-104.27539825439453
-107.16818237304688
-100.69182586669922
-99.70901489257812
-101.72396087646484
-107.58332824707031
-111.25929260253906
-106.66075134277344
-98.32877349853516
-105.99385070800781
-107.94131469726562
-107.35661315917969
-104.14599609375
-101.20625305175781
-102.14822387695312
-107.8639144897461
-103.26869201660156
-103.29959106445312
-105.2349853515625
-104.01717376708984
-101.5247802734375
-101.95760345458984
-95.75362396240234
-105.85126495361328
-110.09033203125
-106.09332275390625
-104.2122802734375
-106.628173828125
-101.63453674316406
-104.16604614257812
-107.93038940429688
-100.58563232421875
-107.32234191894531
-103.771484375
-106.52503967285156
-95.65214538574219
-101.32131958007812
-106.76687622070312
-101.57292938232422
-105.3644790649414
-107.5475845336914
-103.40266418457031
-106.88276672363281
-101.30136108398438
-103.26304626464844
-104.18605041503906
-105.42636108398438
-109.0163345336914
-109.68273162841797
-103.85206604003906
-104.01045989990234
-99.18253326416016
-109.04905700683594
-100.3834228515625
-111.35099792480469
-102.97492980957031
-109.99036407470703
-99.84210205078125
-100.33132934570312
-101.97280883789062
-101.4123764038086
-103.19818115234375
-108.22806549072266
-107.1998291015625
-107.70675659179688
-100.9857177734375
-111.28621673583984
-102.76744842529297
-108.22441864013672
-108.71292114257812
-105.98544311523438
-104.5776138305664
-108.31851959228516
-104.62381744384766
-108.44989013671875
-99.65431213378906
-102.54828643798828
-105.0377426147461
-107.849365234375
-107.77964782714844
-107.06993865966797
-107.95079040527344
-103.38330078125
-106.39743041992188
-106.12943267822266
-101.67606353759766
-107.96852111816406
-101.7681884765625
-109.38134002685547
-105.4732894897461
-100.54920959472656
-105.168701171875
-105.8530044555664
-104.04751586914062
-104.32796478271484
-107.82437133789062
-104.48153686523438
-107.27640533447266
-111.41242980957031
-97.4522705078125
-105.36956787109375
-98.86212158203125
-107.71881103515625
-100.07461547851562
-100.55645751953125
-105.18173217773438
-107.35159301757812
-105.98353576660156
-106.94424438476562
-103.57759094238281
-104.35875701904297
-106.37117767333984
-105.9382095336914
