-99.6632080078125
-109.11859893798828
-105.13703155517578
-109.61848449707031
-110.91971588134766
-107.34058380126953
-103.55671691894531
-94.62627410888672
-107.79945373535156
-99.55995178222656
-107.73709869384766
-104.18836212158203
-107.27973175048828
-105.55030822753906
-102.5573501586914
-100.47459411621094
-100.57896423339844
-110.70406341552734
-104.99723052978516
-101.5780029296875
-104.8726806640625
-103.03164672851562
-102.87429809570312
-106.26193237304688
-106.50259399414062
-112.55111694335938
-102.11351013183594
-109.91670227050781
-100.6981430053711
-104.14530181884766
-106.37915802001953
-111.38687133789062
-108.80154418945312
-111.33597564697266
-110.31065368652344
-100.97855377197266
-99.97547912597656
-104.44349670410156
-103.86260223388672
-102.7500228881836
-97.91079711914062
-98.9434585571289
-109.09054565429688
-101.68798828125
-103.14395904541016
-109.77142333984375
-107.00065612792969
-104.24945831298828
-103.44464111328125
-102.61123657226562
-100.63190460205078
-100.78607177734375
-104.8328857421875
-114.23518371582031
-110.19917297363281
-105.85431671142578
-105.72063446044922
-99.20577239990234
-98.14080810546875
-111.22917175292969
-104.37568664550781
-106.01970672607422
-100.75263977050781
-104.04447174072266
-107.1338882446289
-99.10574340820312
-104.7884750366211
-104.04167175292969
-103.78951263427734
-102.23660278320312
-105.52969360351562
-101.52083587646484
-98.80996704101562
-109.30970001220703
-104.71245574951172
-107.3746109008789
-101.24497985839844
-107.41139221191406
-102.69654846191406
-106.81988525390625
-101.61203002929688
-104.27671813964844
-97.84211730957031
-102.16903686523438
-108.68911743164062
-103.8226547241211
-105.88573455810547
-98.78740692138672
-106.4358901977539
-101.5804672241211
-101.95623779296875
-105.2086181640625
-105.21990203857422
-107.93904876708984
-110.89156341552734
-103.22180938720703
-104.11397552490234
-104.82562255859375
-101.48412322998047
-106.94482421875
-106.01799774169922
-95.53559875488281
-108.42166900634766
-103.45207214355469
-102.20977020263672
-108.7805404663086
-107.69972229003906
-99.20288848876953
-104.2633056640625
-98.7852783203125
-106.27886962890625
-94.1656723022461
-105.1793441772461
-98.7674331665039
-106.57815551757812
-101.99156951904297
-104.68868255615234
-102.18946075439453
-99.43013763427734
-98.57695770263672
-112.38851165771484
-103.80327606201172
-103.25655364990234
-99.56595611572266
-96.72947692871094
-107.41368103027344
-104.8458023071289
-96.78130340576172
-105.34614562988281
-106.44194793701172
-99.8473129272461
-108.6331558227539
-97.58430480957031
-106.1436996459961
-98.63048553466797
-100.73017883300781
-101.38406372070312
-104.63485717773438
-103.21077728271484
-102.49723815917969
-106.87350463867188
-105.31001281738281
-101.22334289550781
-103.37950897216797
-106.21793365478516
-102.7553939819336
-103.03851318359375
-103.06718444824219
-107.17677307128906
-109.19548034667969
-110.02603149414062
-99.66268920898438
-105.79603576660156
-108.76030731201172
-110.41891479492188
-110.61315155029297
-110.5413589477539
-104.70223999023438
-108.22550201416016
-100.49073028564453
-104.30087280273438
-104.84718322753906
-109.50281524658203
-102.17222595214844
-101.11333465576172
-100.86016082763672
-104.15435028076172
-113.45110321044922
-111.3580322265625
-103.9928207397461
-103.92041015625
-95.91353607177734
-107.32262420654297
-103.3867416381836
-98.9704360961914
-102.84063720703125
-103.11579132080078
-105.1181640625
-107.43360900878906
-98.55187225341797
-104.34093475341797
-111.37969207763672
-104.22718048095703
-103.9900131225586
-100.04120635986328
-105.47974395751953
-99.56043243408203
-105.4864501953125
-106.99837493896484
-105.84284973144531
-105.24845886230469
-102.24710845947266
-100.1584243774414
-105.8082504272461
-100.70248413085938
-103.3414535522461
-103.97029876708984
-105.523681640625
-100.35194396972656
-105.97465515136719
-99.40738677978516
-104.9231185913086
-105.7447738647461
-97.50918579101562
-105.43722534179688
-105.17875671386719
-112.00955963134766
-101.64329528808594
-96.0106201171875
-108.48917388916016
-105.019775390625
-104.2392349243164
-102.08218383789062
-111.84386444091797
-107.55621337890625
-106.46165466308594
-106.03443145751953
-103.20751953125
-108.52641296386719
-101.68093872070312
-98.71629333496094
-109.5881576538086
-101.67989349365234
-107.00366973876953
-104.65193939208984
-106.96495056152344
-106.9526596069336
-105.9455337524414
-108.16179656982422
-110.32072448730469
-111.13340759277344
-111.44351959228516
-108.46681213378906
-104.64444732666016
-108.28455352783203
-99.80233764648438
-105.31515502929688
-106.68714904785156
-106.704833984375
-103.17050170898438
-109.06581115722656
-104.41468048095703
-103.09967041015625
-107.27210998535156
-104.84196472167969
-107.78572082519531
-104.96475982666016
-108.28350830078125
-104.48404693603516
-101.63015747070312
-108.89393615722656
-104.72734069824219
-100.78457641601562
-98.67601013183594
-103.78690338134766
-103.42425537109375
-105.82980346679688
-116.29862976074219
-103.13761901855469
-105.16690063476562
-110.07858276367188
-105.12670135498047
-104.3864517211914
-97.83028411865234
-99.81068420410156
-103.72297668457031
-106.00930786132812
-99.1561508178711
-99.4623794555664
-104.04129791259766
-102.57850646972656
-102.73648071289062
-104.00772094726562
-106.60679626464844
-97.52330017089844
-102.89942169189453
-105.5415267944336
-99.26979064941406
-103.15792846679688
-107.20753479003906
-96.90338134765625
-102.72515106201172
-104.40409851074219
-101.75342559814453
-98.29560852050781
-106.58208465576172
-102.13861083984375
-106.22621154785156
-106.79598236083984
-105.09430694580078
-104.27285766601562
-97.80667877197266
-103.24092864990234
-107.95591735839844
-105.51957702636719
-104.22743225097656
-101.30380249023438
-108.88822174072266
-104.16316986083984
-100.12201690673828
-101.61641693115234
-104.96475219726562
-105.201416015625
-102.92030334472656
-105.55760192871094
-102.5967788696289
-100.08343505859375
-108.31804656982422
-106.23603820800781
-106.70295715332031
-104.89266967773438
-103.95747375488281
-102.65467071533203
-105.1135482788086
-101.44359588623047
-102.28694152832031
-100.49329376220703
-106.75147247314453
-102.75873565673828
-103.3889389038086
-106.65631866455078
-110.34236145019531
-99.79541778564453
-97.74911499023438
-103.15748596191406
-107.82833862304688
-110.602294921875
-101.73143768310547
-107.53515625
-107.22410583496094
-108.5186996459961
-103.33686828613281
-104.44406127929688
-106.5952377319336
-111.7212905883789
-109.6482162475586
-104.27163696289062
-105.13729095458984
-101.3868637084961
-111.05268859863281
-109.38359069824219
-106.10506439208984
-111.02194213867188
-105.68934631347656
-110.97123718261719
-98.8185043334961
-99.48779296875
-103.9621353149414
-104.12084197998047
-114.19793701171875
-105.4743881225586
-105.13529968261719
-110.23411560058594
-110.41703033447266
-101.04389953613281
-106.43582153320312
-109.68135833740234
-109.28553009033203
-110.4346694946289
-108.16793823242188
-105.39759826660156
-107.13106536865234
-104.71027374267578
-111.00737762451172
-103.84785461425781
-105.01435089111328
-104.37493133544922
-103.78730773925781
-106.22532653808594
-104.75934600830078
-104.0148696899414
-104.08170318603516
-98.65432739257812
-110.9897232055664
-107.0425033569336
-108.84003448486328
-103.35184478759766
-104.0444564819336
-98.72021484375
-102.34713745117188
-104.2677993774414
-98.18510437011719
-99.8741683959961
-100.78416442871094
-110.59989166259766
-104.73924255371094
-100.9461898803711
-105.77872467041016
-106.6987533569336
-100.49986267089844
-99.48091125488281
-101.6434555053711
-104.8487319946289
-102.62384796142578
-104.34194946289062
-102.57689666748047
-98.85376739501953
-109.19794464111328
-98.9879379272461
-105.723876953125
-105.90522766113281
-104.06597900390625
-104.1773681640625
-100.75325012207031
-100.88262939453125
-113.0355224609375
-97.23539733886719
-104.3155288696289
-104.50753784179688
-106.2956314086914
-110.65899658203125
-106.40887451171875
-105.18997955322266
-101.35152435302734
-98.90544128417969
-98.15775299072266
-110.62113189697266
-101.8295669555664
-103.43539428710938
-106.5842514038086
-107.88543701171875
-97.72260284423828
-102.97689819335938
-111.25138854980469
-100.23280334472656
-101.10418701171875
-105.88024139404297
-103.17314910888672
-99.19613647460938
-111.70060729980469
-101.46761322021484
-110.3099136352539
-100.12100982666016
-103.37491607666016
-99.86308288574219
-106.11866760253906
-104.59033203125
-103.23454284667969
-108.02793884277344
-99.55050659179688
-104.53823852539062
-103.67446899414062
-107.49588012695312
-92.25788116455078
-104.98320007324219
-101.41378021240234
-104.14735412597656
-100.09981536865234
-101.27592468261719
-106.55870819091797
-99.32178497314453
-108.87303924560547
-104.09236145019531
-102.46231079101562
-111.6535873413086
-106.70268249511719
-108.04767608642578
-106.36638641357422
-108.21904754638672
-99.48185729980469
-105.55516815185547
-100.3278579711914
-111.66871643066406
-94.33711242675781
-104.32344818115234
-109.60635375976562
-112.06512451171875
-105.91923522949219
-98.32315063476562
-99.29618072509766
-106.00296783447266
-101.72966766357422
-104.17770385742188
-104.5943603515625
-101.72745513916016
-100.22794342041016
-102.9601058959961
-109.98635864257812
-100.33673095703125
-101.39002990722656
-95.17027282714844
-103.74832916259766
-103.48953247070312
-97.86659240722656
-106.32205963134766
-98.83319854736328
-104.59793853759766
-99.07925415039062
-106.83092498779297
-108.23063659667969
-100.87226867675781
-99.8553237915039
-102.85020446777344
-105.76119995117188
-102.56513977050781
-105.89742279052734
-99.7016372680664
-103.90623474121094
-97.37049865722656
-100.553466796875
-101.93899536132812
-104.46404266357422
-102.58363342285156
-99.78421783447266
-104.99036407470703
-103.64088439941406
-107.32764434814453
-101.15877532958984
-105.74678039550781
-104.51936340332031
-103.74600219726562
-105.1797103881836
-111.97203826904297
-100.93424987792969
-99.45953369140625
-100.56967163085938
-99.79630279541016
-100.62985229492188
-110.93488311767578
-100.06962585449219
-104.38294982910156
-103.68350219726562
-106.35210418701172
-106.86446380615234
-100.259521484375
-105.3681411743164
-102.99913787841797
-109.3056411743164
-99.68567657470703
-102.08272552490234
-102.33325958251953
-103.95924377441406
-105.58158111572266
-110.48493194580078
-109.58525848388672
-101.02245330810547
-103.37813568115234
-105.29277801513672
-100.40585327148438
-103.64473724365234
-108.63754272460938
-102.97117614746094
-99.47637939453125
-107.91881561279297
-107.24636840820312
-98.66209411621094
-105.05840301513672
-99.88217163085938
-110.99935150146484
-107.93299102783203
-107.14969635009766
-101.45396423339844
-102.62220764160156
-102.95856475830078
-108.55879211425781
-106.92744445800781
-105.88796997070312
-106.12139129638672
-109.92941284179688
-102.28025817871094
-106.4375
-105.64004516601562
-102.34406280517578
-105.3047866821289
-112.0488052368164
-111.72692108154297
-108.19651794433594
-100.30593872070312
-102.3040771484375
-109.66410827636719
-101.71990203857422
-99.36219787597656
-100.45153045654297
-109.06089782714844
-97.50253295898438
-107.86995697021484
-97.84807586669922
-117.03291320800781
-110.53486633300781
-104.859130859375
-105.54562377929688
-110.48175811767578
-106.1639404296875
-103.3164291381836
-106.53349304199219
-106.76854705810547
-101.2691879272461
-98.9163589477539
-103.55765533447266
-97.8664779663086
-105.38516235351562
-102.22047424316406
-103.13565063476562
-107.1279525756836
-102.90043640136719
-106.82411193847656
-99.7252426147461
-101.8069076538086
-110.3526840209961
-109.24153137207031
-103.60933685302734
-103.98291778564453
-106.65731048583984
-107.5038070678711
-100.89118957519531
-100.0893325805664
-103.88973999023438
-101.3244400024414
-106.95288848876953
-101.83740234375
-100.52125549316406
-104.51485443115234
-102.13105010986328
-112.81990051269531
-108.1096420288086
-103.52931213378906
-101.46270751953125
-104.65330505371094
-101.55461120605469
-100.46794891357422
-105.09959411621094
-100.59175872802734
-101.06443786621094
-102.50089263916016
-100.77410888671875
-104.55056762695312
-109.67510223388672
-105.38615417480469
-103.20065307617188
-105.56705474853516
-106.47179412841797
-103.98263549804688
-109.80453491210938
-102.2394027709961
-98.7046127319336
-104.39028930664062
-108.00411224365234
-102.43466186523438
-100.26875305175781
-113.7190933227539
-106.16661071777344
-110.65560913085938
-112.47731018066406
-105.89978790283203
-102.08030700683594
-97.68608093261719
-101.05489349365234
-100.6750717163086
-100.41570281982422
-101.6288070678711
-104.83851623535156
-115.4206314086914
-106.47801208496094
-111.89521789550781
-110.98811340332031
-106.61927032470703
-101.41651916503906
-106.81785583496094
-102.45840454101562
-101.88372039794922
-110.74808502197266
-100.50379943847656
-105.97076416015625
-102.91796112060547
-98.83733367919922
-103.02540588378906
-110.4206314086914
-102.74609375
-102.89904022216797
-106.4325942993164
-108.13512420654297
-107.32601928710938
-99.50122833251953
-100.23637390136719
-108.15381622314453
-100.64157104492188
-100.25770568847656
-105.1270980834961
-105.73078918457031
-109.88599395751953
-107.37670135498047
-105.862548828125
-102.05655670166016
-105.8599624633789
-105.72221374511719
-102.70684051513672
-99.3985366821289
-102.22818756103516
-105.8413314819336
-103.67867279052734
-98.90851593017578
-108.3037109375
-96.69280242919922
-102.17300415039062
-105.98924255371094
-105.61447143554688
-111.10637664794922
-101.05318450927734
-102.75399017333984
-101.98995208740234
-99.2394027709961
-105.51624298095703
-113.58782196044922
-109.9759521484375
-104.18980407714844
-106.1626968383789
-104.73800659179688
-105.51641845703125
-106.50035858154297
-102.80518341064453
-103.20964050292969
-105.32927703857422
-105.23394012451172
-99.00426483154297
-105.61233520507812
-105.76658630371094
-103.39196014404297
-100.15764617919922
-102.22660064697266
-106.72319793701172
-111.722900390625
-101.79319763183594
-104.79010009765625
-107.67596435546875
-103.88724517822266
-106.51666259765625
-98.55413818359375
-103.32003784179688
-107.66718292236328
-96.49811553955078
-103.40424346923828
-108.50408172607422
-103.374267578125
-105.49715423583984
-105.91786193847656
-107.75387573242188
-98.49190521240234
-104.6173324584961
-104.0848617553711
-98.14688873291016
-102.84123229980469
-105.3065414428711
-100.97904968261719
-101.01861572265625
-107.7060775756836
-107.69464111328125
-105.3100357055664
-100.15428924560547
-103.4376449584961
-106.79476165771484
-105.13594055175781
-103.62647247314453
-102.93621826171875
-103.42086029052734
-101.3922348022461
-102.0861587524414
-107.958251953125
-105.63465881347656
-100.59491729736328
-110.08476257324219
-99.6128158569336
-102.6834945678711
-97.96166229248047
-101.72335052490234
-99.88258361816406
-101.46539306640625
-103.32330322265625
-92.93009948730469
-107.5151596069336
-105.97412109375
-103.79905700683594
-99.98397827148438
-111.204833984375
-112.7070083618164
-99.72189331054688
-101.23214721679688
-109.77976989746094
-105.83319854736328
-98.74786376953125
-106.7621078491211
-102.16877746582031
-106.4488525390625
-103.50167846679688
-104.12194061279297
-105.52650451660156
-106.83201599121094
-98.08773040771484
-102.5066909790039
-107.01132202148438
-98.49864196777344
-92.53556060791016
-100.11334228515625
-101.64315032958984
-104.40352630615234
-100.24869537353516
-105.17196655273438
-107.09683227539062
-103.31266021728516
-103.10916900634766
-104.79328155517578
-104.24361419677734
-106.04655456542969
-104.9646224975586
-110.93879699707031
-99.92325592041016
-102.24278259277344
-102.69857788085938
-108.92242431640625
-103.60309600830078
-106.53038024902344
-103.68216705322266
-101.9820785522461
-108.13648986816406
-98.7439956665039
-100.44749450683594
-105.37642669677734
-102.1325912475586
-104.4474105834961
-103.71167755126953
-108.27757263183594
-103.92573547363281
-107.70392608642578
-107.56541442871094
-102.05789184570312
-107.9118881225586
-106.13623046875
-106.36753845214844
-102.36091613769531
-99.98664855957031
-99.48592376708984
-108.51971435546875
-111.57087707519531
-108.23075866699219
-98.02194213867188
-104.77154541015625
-107.4212646484375
-106.94876098632812
-104.75885772705078
-102.17827606201172
-102.23597717285156
-106.24917602539062
-103.2552261352539
-102.37294006347656
-103.93341064453125
-103.90760040283203
-100.98490905761719
-100.99405670166016
-95.94498443603516
-105.7548599243164
-108.44908142089844
-107.19881439208984
-104.22581481933594
-106.31179809570312
-101.74995422363281
-104.0116958618164
-107.64947509765625
-100.92615509033203
-109.88057708740234
-102.43917846679688
-107.12993621826172
-97.0923080444336
-101.46034240722656
-107.49378204345703
-103.40352630615234
-103.74971008300781
-107.15775299072266
-103.09156036376953
-112.32442474365234
-100.39212799072266
-103.74763488769531
-105.04791259765625
-105.45240783691406
-109.05168914794922
-109.85932922363281
-103.09928894042969
-102.8053970336914
-98.26690673828125
-108.7903823852539
-98.82137298583984
-110.90193176269531
-103.2391128540039
-110.45025634765625
-100.29631042480469
-99.35865783691406
-100.92166137695312
-100.53682708740234
-102.9933090209961
-108.74986267089844
-107.81417083740234
-106.68638610839844
-99.92938995361328
-111.63231658935547
-102.71568298339844
-109.37335968017578
-108.26368713378906
-106.30792236328125
-103.90735626220703
-109.56092071533203
-105.71552276611328
-108.19055938720703
-100.51343536376953
-102.98648834228516
-104.54736328125
-106.61698913574219
-106.59036254882812
-106.20187377929688
-108.59085845947266
-101.5985107421875
-106.49820709228516
-104.84021759033203
-101.47267150878906
-108.42499542236328
-101.59709930419922
-108.48863220214844
-105.94776916503906
-101.02713775634766
-104.88469696044922
-106.84811401367188
-104.43568420410156
-102.64583587646484
-107.69557189941406
-105.30894470214844
-108.61224365234375
-110.25342559814453
-98.47728729248047
-104.8197250366211
-99.64993286132812
-107.2751693725586
-99.82610321044922
-98.7540054321289
-106.086669921875
-105.91032409667969
-105.17855834960938
-106.55974578857422
-102.68870544433594
-105.0419692993164
-106.34005737304688
-104.80233001708984
