-107.46984100341797
-118.13307189941406
-112.49297332763672
-117.82659912109375
-116.9842758178711
-113.39563751220703
-111.71868896484375
-101.46090698242188
-115.51505279541016
-105.22833251953125
-117.13935089111328
-111.68160247802734
-116.81953430175781
-112.48371124267578
-109.85067749023438
-106.39716339111328
-107.89348602294922
-116.95958709716797
-112.7277603149414
-107.69982147216797
-112.81797790527344
-111.3194808959961
-109.97087097167969
-113.00495147705078
-114.32219696044922
-119.76569366455078
-108.57241821289062
-117.0082015991211
-109.71977233886719
-110.03366088867188
-114.97930145263672
-119.72749328613281
-116.84526062011719
-119.30107879638672
-115.74920654296875
-109.29297637939453
-109.05621337890625
-111.57633972167969
-111.75518798828125
-110.89496612548828
-102.25983428955078
-107.14154815673828
-117.79270935058594
-109.00021362304688
-111.07766723632812
-117.20521545410156
-112.66112518310547
-109.88553619384766
-110.75472259521484
-112.22702026367188
-108.87832641601562
-109.09300231933594
-112.42820739746094
-121.890869140625
-117.15422821044922
-110.91693115234375
-115.05038452148438
-107.6263656616211
-104.33779907226562
-117.42425537109375
-110.76680755615234
-114.53062438964844
-107.87057495117188
-113.14143371582031
-113.85308837890625
-106.93183135986328
-112.8386459350586
-111.03703308105469
-112.52173614501953
-108.82292938232422
-111.42880249023438
-106.07544708251953
-106.31901550292969
-124.16961669921875
-121.25669860839844
-129.05029296875
-136.65518188476562
-130.68316650390625
-138.00592041015625
-155.4551239013672
-148.1799774169922
-143.01388549804688
-122.23651885986328
-142.22813415527344
-140.63665771484375
-142.49822998046875
-135.66058349609375
-125.59512329101562
-137.2108917236328
-129.04452514648438
-127.46560668945312
-127.03984069824219
-131.84033203125
-130.41273498535156
-131.0359344482422
-119.3965072631836
-122.68448638916016
-124.13375854492188
-119.58231353759766
-124.18538665771484
-121.86087799072266
-113.20552825927734
-124.3172607421875
-120.51014709472656
-117.14925384521484
-125.45133209228516
-124.35070037841797
-113.6766586303711
-118.65927124023438
-113.53506469726562
-118.45475769042969
-106.37640380859375
-119.65150451660156
-112.96052551269531
-116.35972595214844
-114.94792175292969
-119.56710815429688
-114.9359130859375
-112.9682388305664
-110.77326965332031
-122.75731658935547
-114.8969955444336
-117.31475067138672
-113.6273193359375
-108.21006774902344
-120.6815185546875
-117.18518829345703
-107.59663391113281
-117.17864227294922
-116.67277526855469
-111.42113494873047
-118.92259979248047
-108.43168640136719
-116.94466400146484
-108.56391143798828
-114.4504623413086
-110.85590362548828
-116.68714141845703
-116.47452545166016
-113.45392608642578
-116.06959533691406
-117.67431640625
-111.9453353881836
-114.17021942138672
-116.98847961425781
-114.04267120361328
-114.31633758544922
-112.96622467041016
-118.54261016845703
-117.46207427978516
-120.0850830078125
-108.5245361328125
-117.3968505859375
-116.07170104980469
-120.45700073242188
-121.53315734863281
-121.70162963867188
-113.27132415771484
-117.60980987548828
-112.36393737792969
-114.0932388305664
-114.73812866210938
-115.47493743896484
-110.81072998046875
-109.28578186035156
-111.85010528564453
-114.90607452392578
-121.67700958251953
-119.41289520263672
-113.3523178100586
-112.37129974365234
-103.26030731201172
-115.54521179199219
-112.68254089355469
-107.8980484008789
-111.91629791259766
-108.6439437866211
-114.08232116699219
-114.23343658447266
-107.98921966552734
-113.17267608642578
-117.61300659179688
-115.33780670166016
-112.54981994628906
-108.15343475341797
-113.15765380859375
-108.73767852783203
-114.65093231201172
-113.67765808105469
-112.80694580078125
-112.58538818359375
-110.20463562011719
-108.27131652832031
-114.4416275024414
-106.96563720703125
-110.52902221679688
-112.27897644042969
-114.5611343383789
-107.63109588623047
-113.69689178466797
-107.39002227783203
-110.86187744140625
-115.2416000366211
-105.32391357421875
-113.4500961303711
-115.056640625
-119.17560577392578
-110.04450225830078
-103.86194610595703
-116.17430877685547
-109.93355560302734
-112.81053924560547
-111.08525085449219
-120.08851623535156
-115.45479583740234
-114.58236694335938
-114.250732421875
-110.80747985839844
-114.79444885253906
-110.31807708740234
-106.34193420410156
-116.57479095458984
-111.086669921875
-117.01760864257812
-112.70982360839844
-114.43888092041016
-115.37840270996094
-115.12967681884766
-116.33309173583984
-115.7768783569336
-119.02873992919922
-121.8926773071289
-114.47112274169922
-112.19503784179688
-115.90670776367188
-105.5583724975586
-113.68701171875
-114.98756408691406
-115.57046508789062
-111.29145050048828
-117.83547973632812
-112.34062957763672
-110.15184020996094
-113.9487533569336
-112.31542205810547
-112.37832641601562
-113.95892333984375
-116.59827423095703
-111.06642150878906
-108.4620361328125
-115.76521301269531
-113.64712524414062
-109.75082397460938
-106.73267364501953
-111.9493637084961
-108.77783203125
-112.55733489990234
-124.08384704589844
-110.04243469238281
-112.65921020507812
-117.29623413085938
-112.37229919433594
-112.93484497070312
-105.54010009765625
-108.49579620361328
-111.04714965820312
-114.31361389160156
-104.43925476074219
-107.07621002197266
-112.45338439941406
-108.39329528808594
-113.18004608154297
-111.62622833251953
-114.70832061767578
-105.87793731689453
-110.75647735595703
-112.73821258544922
-105.95103454589844
-112.65074920654297
-114.20108795166016
-104.9975357055664
-109.56330871582031
-111.93498229980469
-109.3697509765625
-105.2529067993164
-113.74199676513672
-110.07588195800781
-112.84906768798828
-113.2978515625
-112.90589141845703
-111.74114227294922
-106.22445678710938
-110.21273803710938
-112.43865203857422
-113.17656707763672
-110.5889892578125
-108.44725036621094
-115.53630828857422
-112.14505767822266
-105.60901641845703
-109.64802551269531
-112.26304626464844
-113.90218353271484
-111.54090118408203
-111.87548828125
-108.82642364501953
-106.62297058105469
-115.80277252197266
-114.19451141357422
-113.00643157958984
-112.71162414550781
-109.81578063964844
-108.87393188476562
-111.58798217773438
-107.97998809814453
-111.05661010742188
-106.85299682617188
-114.1357192993164
-108.40950012207031
-110.53330993652344
-113.8204345703125
-116.30491638183594
-105.2643051147461
-104.65560150146484
-109.69904327392578
-114.48126983642578
-116.89716339111328
-105.98780059814453
-116.25902557373047
-113.50960540771484
-111.82460021972656
-108.43812561035156
-111.01290130615234
-110.93781280517578
-117.4213638305664
-116.46943664550781
-110.78939819335938
-110.64596557617188
-107.95591735839844
-117.1927490234375
-118.40243530273438
-114.2080078125
-116.2840576171875
-110.24327087402344
-114.640869140625
-104.86783599853516
-106.77586364746094
-110.76146697998047
-112.48981475830078
-120.41383361816406
-111.57353973388672
-114.27543640136719
-118.69364166259766
-115.81696319580078
-106.7742919921875
-114.19798278808594
-115.76608276367188
-117.0508041381836
-116.63591003417969
-116.7783432006836
-110.04951477050781
-114.5047607421875
-111.88307189941406
-119.45801544189453
-111.84008026123047
-110.40204620361328
-111.93985748291016
-111.86978149414062
-113.48910522460938
-112.05789947509766
-109.5229263305664
-109.88778686523438
-105.54829406738281
-119.26600646972656
-114.07142639160156
-114.99246215820312
-109.8099365234375
-109.3778076171875
-106.37347412109375
-109.72029113769531
-112.98603820800781
-104.42159271240234
-107.67998504638672
-107.70314025878906
-115.35892486572266
-111.90632629394531
-107.54306030273438
-112.30098724365234
-114.47248840332031
-106.99322509765625
-105.84538269042969
-107.35176086425781
-111.17534637451172
-110.26243591308594
-111.11195373535156
-107.30733489990234
-103.3658218383789
-117.0292739868164
-106.7728500366211
-110.6107406616211
-111.54108428955078
-109.80767822265625
-109.74785614013672
-105.71923065185547
-108.02978515625
-120.20620727539062
-104.63602447509766
-110.27926635742188
-110.65372467041016
-112.76384735107422
-119.22036743164062
-112.88429260253906
-113.44812774658203
-108.01073455810547
-106.00774383544922
-104.88314056396484
-117.15188598632812
-108.3548355102539
-108.66389465332031
-113.12357330322266
-113.91112518310547
-106.09722137451172
-109.28954315185547
-119.20608520507812
-107.13088989257812
-108.78519439697266
-111.1826400756836
-110.8458023071289
-107.80984497070312
-118.0731201171875
-106.60894775390625
-117.56763458251953
-106.95108795166016
-108.41358947753906
-108.22957611083984
-112.88801574707031
-112.48604583740234
-108.78799438476562
-115.6841049194336
-105.89065551757812
-111.26305389404297
-108.5840835571289
-114.745361328125
-98.23690032958984
-111.7171630859375
-108.11363220214844
-109.23358154296875
-107.0740966796875
-107.54520416259766
-111.99459075927734
-105.91035461425781
-115.62964630126953
-109.3145751953125
-109.12028503417969
-118.44954681396484
-112.51509094238281
-116.2723617553711
-113.66392517089844
-115.40612030029297
-105.89642333984375
-111.40473175048828
-106.77605438232422
-118.40584564208984
-100.73561096191406
-109.90306091308594
-114.84437561035156
-118.76927185058594
-114.15985870361328
-105.28055572509766
-104.17088317871094
-112.62184143066406
-110.17958068847656
-111.47378540039062
-111.63844299316406
-108.58368682861328
-108.57443237304688
-110.34600067138672
-116.5477066040039
-106.4083023071289
-107.69852447509766
-101.97126007080078
-109.2626724243164
-110.33175659179688
-102.87653350830078
-113.90148162841797
-105.51226806640625
-111.58049774169922
-105.79031372070312
-112.00707244873047
-113.3631591796875
-106.9544448852539
-106.57859802246094
-108.46566772460938
-111.94706726074219
-108.58393096923828
-112.07347106933594
-105.75442504882812
-110.37865447998047
-104.23542785644531
-108.89002990722656
-107.18585205078125
-110.98375701904297
-108.50788879394531
-106.44615936279297
-111.8114242553711
-109.30391693115234
-113.12580108642578
-107.2280502319336
-111.95482635498047
-113.00885009765625
-109.98771667480469
-112.9397964477539
-117.2091293334961
-108.15955352783203
-103.7076416015625
-107.09656524658203
-105.61324310302734
-107.04324340820312
-118.5199203491211
-105.84090423583984
-110.06057739257812
-109.83990478515625
-113.31658935546875
-111.11386108398438
-107.45834350585938
-112.03789520263672
-110.82467651367188
-116.1565170288086
-105.58509063720703
-108.28215789794922
-109.44757843017578
-111.18514251708984
-111.76350402832031
-118.93010711669922
-116.18240356445312
-106.65885162353516
-110.92881774902344
-112.2352294921875
-107.34566497802734
-109.74012756347656
-116.26866912841797
-110.05523681640625
-103.8991928100586
-114.7608871459961
-114.45584869384766
-105.93635559082031
-111.80797576904297
-106.37338256835938
-116.45337677001953
-115.14514923095703
-114.78187561035156
-107.28269958496094
-108.89652252197266
-109.6572265625
-113.1634521484375
-112.65721130371094
-112.01103210449219
-111.62493133544922
-114.36408996582031
-108.40271759033203
-113.72564697265625
-112.27547454833984
-108.00157928466797
-111.61998748779297
-117.69576263427734
-118.31231689453125
-112.99085998535156
-105.73561096191406
-108.5006332397461
-116.4655990600586
-107.9807357788086
-104.12749481201172
-106.89434051513672
-114.2657699584961
-103.45108032226562
-116.1711196899414
-104.48707580566406
-121.67402648925781
-117.58356475830078
-111.14056396484375
-112.84078216552734
-115.37318420410156
-111.80348205566406
-109.8639144897461
-112.56268310546875
-111.68373107910156
-107.20903015136719
-102.90203094482422
-108.56219482421875
-105.7968978881836
-109.61737060546875
-110.11183166503906
-109.8891372680664
-112.9626693725586
-108.50127410888672
-112.06448364257812
-106.51481628417969
-106.65982055664062
-116.32837677001953
-116.58717346191406
-110.25916290283203
-110.60330200195312
-114.73783874511719
-114.10346984863281
-106.88442993164062
-106.42726135253906
-110.75394439697266
-109.51727294921875
-113.66021728515625
-109.97709655761719
-107.28665924072266
-112.29414367675781
-110.21029663085938
-120.41527557373047
-114.15167236328125
-110.457275390625
-107.52146911621094
-110.92754364013672
-108.5002212524414
-107.17761993408203
-111.44142150878906
-107.6563949584961
-107.50300598144531
-108.59281158447266
-106.09203338623047
-110.19348907470703
-116.5075912475586
-111.25312805175781
-109.2626953125
-113.92353820800781
-111.66324615478516
-109.53738403320312
-115.65615844726562
-110.00199890136719
-104.82343292236328
-112.73628997802734
-114.10396575927734
-108.08428955078125
-106.03337860107422
-118.07677459716797
-111.71815490722656
-117.23657989501953
-118.25983428955078
-109.91683197021484
-108.7849349975586
-103.0796127319336
-108.13941192626953
-106.8502426147461
-105.90232849121094
-107.54690551757812
-112.35833740234375
-121.02008056640625
-112.43122863769531
-118.8436050415039
-117.35889434814453
-113.03665924072266
-107.61005401611328
-112.20618438720703
-108.39904022216797
-109.32268524169922
-117.07073211669922
-106.41632843017578
-112.16481018066406
-109.52201843261719
-104.02784729003906
-108.35708618164062
-116.5982666015625
-109.41630554199219
-108.95185852050781
-113.17183685302734
-113.14479064941406
-113.75428009033203
-107.47216033935547
-108.41729736328125
-113.31761932373047
-105.80626678466797
-108.05058288574219
-113.26173400878906
-112.04676055908203
-117.35973358154297
-113.72793579101562
-111.15367126464844
-107.60965728759766
-112.80240631103516
-112.2888412475586
-108.91262817382812
-105.41321563720703
-106.9227066040039
-111.81243896484375
-110.55799865722656
-107.24351501464844
-113.76054382324219
-102.57294464111328
-108.99764251708984
-113.0226058959961
-111.15214538574219
-112.66868591308594
-107.28255462646484
-108.45023345947266
-109.73155212402344
-106.41789245605469
-110.57130432128906
-119.91398620605469
-114.38127136230469
-109.45982360839844
-111.78380584716797
-109.87149047851562
-110.60160064697266
-113.52332305908203
-109.00016021728516
-107.87818145751953
-112.0606918334961
-113.00738525390625
-105.41419982910156
-113.61564636230469
-110.16952514648438
-108.85327911376953
-108.20120239257812
-109.66001892089844
-111.869140625
-119.79815673828125
-108.40447998046875
-111.85013580322266
-114.54280090332031
-109.7472152709961
-113.56200408935547
-105.34449005126953
-109.75247955322266
-113.05438995361328
-102.38207244873047
-109.18986511230469
-116.01332092285156
-108.98951721191406
-112.23139953613281
-113.54796600341797
-114.77302551269531
-104.68376922607422
-112.80265045166016
-110.95359802246094
-104.06080627441406
-109.68537902832031
-111.9788589477539
-106.69668579101562
-106.6648178100586
-115.45564270019531
-113.29617309570312
-111.20299530029297
-106.71121215820312
-109.22146606445312
-114.25591278076172
-113.75065612792969
-109.50938415527344
-107.0737533569336
-110.27461242675781
-107.30994415283203
-109.40910339355469
-115.08936309814453
-113.47859191894531
-106.94046783447266
-116.1903076171875
-106.9272689819336
-111.60648345947266
-104.79701232910156
-106.91526794433594
-105.87969970703125
-108.79295349121094
-109.81188201904297
-99.8007583618164
-112.18231964111328
-112.31961059570312
-109.7504653930664
-106.79171752929688
-117.9644546508789
-118.58961486816406
-105.58403015136719
-107.50253295898438
-116.75064086914062
-111.38404083251953
-106.40186309814453
-111.81684112548828
-107.1531982421875
-110.13871765136719
-108.22198486328125
-111.57693481445312
-112.61154174804688
-112.95035552978516
-104.5081558227539
-108.97232818603516
-114.36077117919922
-104.2917251586914
-99.04515838623047
-106.75506591796875
-107.54598999023438
-110.93832397460938
-107.6856918334961
-111.3283462524414
-113.238525390625
-109.95977783203125
-110.00308990478516
-112.13145446777344
-112.4136962890625
-113.84123992919922
-110.93152618408203
-116.89749908447266
-107.17405700683594
-109.44466400146484
-110.2500228881836
-114.32811737060547
-109.11433410644531
-112.32745361328125
-108.94600677490234
-107.27608489990234
-113.96983337402344
-102.0221939086914
-106.90934753417969
-109.83008575439453
-107.16716766357422
-112.40482330322266
-110.17152404785156
-116.68557739257812
-109.8647232055664
-111.38594055175781
-112.97962188720703
-109.0264892578125
-113.18169403076172
-110.9007797241211
-112.29891967773438
-106.94636535644531
-106.93692016601562
-106.08497619628906
-114.28558349609375
-116.802490234375
-111.6047134399414
-104.64607238769531
-112.07647705078125
-114.15425872802734
-115.23849487304688
-110.80896759033203
-108.48265075683594
-106.69976043701172
-113.07133483886719
-108.95730590820312
-109.9022216796875
-110.3913803100586
-109.7020034790039
-107.3564682006836
-108.7232666015625
-101.70967864990234
-111.21360778808594
-115.28321838378906
-113.16738891601562
-111.02369689941406
-113.97528839111328
-108.27835083007812
-109.76089477539062
-113.35208892822266
-107.83265686035156
-115.59793853759766
-111.02727508544922
-111.31983184814453
-101.8359375
-108.9900131225586
-112.04051971435547
-110.8614501953125
-109.23715209960938
-112.56641387939453
-110.39789581298828
-111.13805389404297
-107.27872467041016
-109.01741027832031
-110.44043731689453
-111.98096466064453
-114.28290557861328
-116.30327606201172
-109.98026275634766
-109.23880767822266
-103.41292572021484
-113.4066390991211
-105.09387969970703
-117.88531494140625
-109.51931762695312
-115.25424194335938
-107.70393371582031
-107.15086364746094
-107.25099182128906
-108.86981201171875
-110.26158905029297
-116.11935424804688
-113.61907958984375
-113.41791534423828
-107.09786224365234
-117.97222137451172
-109.87018585205078
-114.63282775878906
-114.38554382324219
-111.96358489990234
-112.19508361816406
-114.7153091430664
-111.37928771972656
-114.08634185791016
-107.14700317382812
-109.8428955078125
-112.00144958496094
-111.70608520507812
-114.31954956054688
-112.4769515991211
-115.48936462402344
-107.49691772460938
-113.28460693359375
-112.90771484375
-109.39070129394531
-114.90013122558594
-107.07909393310547
-115.11344909667969
-109.67679595947266
-106.59153747558594
-112.01082611083984
-112.84735107421875
-109.8122787475586
-110.08847045898438
-115.03404998779297
-111.91242218017578
-113.16831970214844
-116.75914001464844
-103.71485137939453
-110.77161407470703
-104.6390609741211
-113.05130767822266
-104.8273696899414
-106.79206085205078
-112.04591369628906
-111.93965148925781
-112.52400207519531
-113.85844421386719
-110.71458435058594
-111.43163299560547
-110.44084167480469
-111.499267578125
