-106.46687316894531
-116.12696075439453
-109.40167236328125
-116.3313980102539
-114.25402069091797
-112.83849334716797
-111.54376220703125
-100.42842864990234
-114.94889831542969
-104.75149536132812
-114.9340591430664
-109.90318298339844
-114.98941802978516
-111.10003662109375
-108.7608871459961
-105.30087280273438
-106.67633819580078
-115.80948638916016
-112.22774505615234
-106.2935562133789
-110.7867660522461
-109.68863677978516
-108.89303588867188
-112.57881164550781
-112.78950500488281
-119.81483459472656
-108.25753021240234
-115.89038848876953
-107.72584533691406
-109.91070556640625
-112.61048126220703
-118.44268035888672
-115.40296173095703
-118.22586822509766
-116.10897827148438
-108.17965698242188
-108.3283920288086
-111.4539566040039
-110.72239685058594
-111.26222229003906
-102.84889221191406
-105.0979995727539
-116.98334503173828
-107.79603576660156
-109.42550659179688
-116.29240417480469
-112.5982437133789
-109.21260070800781
-110.07646179199219
-109.59321594238281
-107.60992431640625
-107.78038024902344
-110.94417572021484
-120.7596206665039
-115.49129486083984
-111.60685729980469
-112.91178131103516
-104.85888671875
-103.02808380126953
-116.35298156738281
-110.45748138427734
-113.00167083740234
-106.16002655029297
-111.29821014404297
-113.97151947021484
-106.46034240722656
-111.41355895996094
-109.74080657958984
-113.15747833251953
-107.7978744506836
-109.96965026855469
-105.58434295654297
-105.5412368774414
-145.41708374023438
-112.63908386230469
-118.60427856445312
-113.30842590332031
-118.46569061279297
-113.21357727050781
-122.5379638671875
-115.61653137207031
-120.07372283935547
-109.44823455810547
-120.65128326416016
-127.81729888916016
-120.8619613647461
-121.20753479003906
-113.12449645996094
-121.31732177734375
-114.56250762939453
-117.49180603027344
-120.28352355957031
-119.21856689453125
-119.95301818847656
-121.10697174072266
-114.55467987060547
-117.31794738769531
-115.91773986816406
-113.95365905761719
-116.29138946533203
-118.89590454101562
-105.76596069335938
-121.88982391357422
-116.47883605957031
-112.18415832519531
-121.18416595458984
-120.8866195678711
-109.84379577636719
-115.00802612304688
-109.76323699951172
-114.9205093383789
-101.47871398925781
-115.79867553710938
-110.08501434326172
-112.90267181396484
-111.5981216430664
-115.83361053466797
-113.13240814208984
-111.02153778076172
-109.80372619628906
-122.40882110595703
-112.96727752685547
-112.77765655517578
-112.19197082519531
-105.71127319335938
-117.26593780517578
-112.73516082763672
-104.8135986328125
-116.65911865234375
-113.5062484741211
-108.86344146728516
-116.1806869506836
-105.81629180908203
-114.22906494140625
-106.42057800292969
-110.72587585449219
-109.97813415527344
-113.28499603271484
-112.4078369140625
-109.5616455078125
-113.74610137939453
-113.97627258300781
-110.59628295898438
-112.57473754882812
-116.47077178955078
-112.33547973632812
-112.83984375
-110.93856811523438
-116.98365783691406
-116.32588958740234
-119.44251251220703
-106.73121643066406
-116.65674591064453
-115.19168090820312
-118.68836212158203
-119.77155303955078
-121.05110168457031
-114.8541259765625
-116.2271728515625
-109.39344024658203
-113.69368743896484
-112.13690185546875
-114.73480987548828
-110.4098892211914
-108.01778411865234
-111.80062103271484
-114.023193359375
-120.23198699951172
-117.48734283447266
-111.98954772949219
-111.09426879882812
-102.75057983398438
-114.85660552978516
-110.79865264892578
-106.90067291259766
-110.39507293701172
-109.33525085449219
-112.82984161376953
-115.79235076904297
-107.53604125976562
-113.6329574584961
-116.2878646850586
-113.50845336914062
-111.51190948486328
-106.29627227783203
-112.6956787109375
-108.09575653076172
-111.29715728759766
-113.8896713256836
-111.6109848022461
-113.89605712890625
-108.45004272460938
-107.49786376953125
-112.76921081542969
-107.0819320678711
-110.74168395996094
-111.75859069824219
-115.22100830078125
-107.01582336425781
-112.26529693603516
-107.14614868164062
-111.65277099609375
-112.80339813232422
-105.70176696777344
-111.50608825683594
-114.01116180419922
-119.46841430664062
-109.57533264160156
-103.15699768066406
-116.54448699951172
-107.91563415527344
-112.10970306396484
-110.10002136230469
-119.75480651855469
-115.32552337646484
-114.0430908203125
-113.89585876464844
-111.10807037353516
-114.59683227539062
-110.32243347167969
-105.23995971679688
-118.57537078857422
-109.29319763183594
-116.20745849609375
-112.1229248046875
-114.60228729248047
-114.64892578125
-114.47602081298828
-116.07505798339844
-116.97672271728516
-117.31614685058594
-122.9463882446289
-113.7089614868164
-113.03888702392578
-116.23051452636719
-106.2632064819336
-114.55498504638672
-113.51337432861328
-114.76405334472656
-110.98190307617188
-116.68295288085938
-112.34857177734375
-110.76753234863281
-113.46893310546875
-111.65087127685547
-112.43607330322266
-113.46578979492188
-114.46478271484375
-108.9495849609375
-109.41580963134766
-115.42781066894531
-112.99076080322266
-108.30677795410156
-104.79739379882812
-111.41132354736328
-108.30807495117188
-114.46617126464844
-121.5005111694336
-109.97982025146484
-114.07554626464844
-117.48397064208984
-110.87479400634766
-114.22238159179688
-105.0676498413086
-106.79187774658203
-111.0171127319336
-114.42420196533203
-106.02759552001953
-106.87577819824219
-113.2273178100586
-107.77217864990234
-110.89081573486328
-110.69043731689453
-114.7452163696289
-105.16740417480469
-110.96804809570312
-110.94061279296875
-105.57818603515625
-111.23007202148438
-116.4210205078125
-103.4329833984375
-110.77687072753906
-112.41963958740234
-109.20040893554688
-106.44744110107422
-114.98602294921875
-108.62007141113281
-113.31109619140625
-113.3835220336914
-113.67899322509766
-111.7890625
-103.99279022216797
-111.67086791992188
-114.03700256347656
-112.82341766357422
-111.0094223022461
-107.87745666503906
-116.34231567382812
-111.9311294555664
-107.05210876464844
-110.58769989013672
-111.95470428466797
-114.04566955566406
-111.70751953125
-113.9433364868164
-109.45266723632812
-105.88777160644531
-113.8611831665039
-114.49267578125
-114.22899627685547
-113.8167953491211
-109.65716552734375
-110.2343978881836
-112.14456176757812
-108.49559020996094
-110.61688995361328
-107.10916137695312
-113.3182373046875
-109.57447052001953
-111.27204895019531
-113.32345581054688
-118.02095794677734
-105.360107421875
-104.10191345214844
-109.10331726074219
-114.92059326171875
-117.19524383544922
-106.63752746582031
-115.77593994140625
-114.02946472167969
-113.58258056640625
-109.88275909423828
-112.00146484375
-111.19689178466797
-119.54027557373047
-116.23152923583984
-111.22006225585938
-111.46477508544922
-107.42613983154297
-115.83454895019531
-118.20328521728516
-113.97284698486328
-116.2589111328125
-112.30825805664062
-114.43614196777344
-106.41190338134766
-107.28372192382812
-111.42072296142578
-112.30126190185547
-120.5518569946289
-110.58815002441406
-114.43809509277344
-117.44932556152344
-114.62062072753906
-107.0718994140625
-113.21720886230469
-115.9711685180664
-115.68341064453125
-116.97522735595703
-115.37612915039062
-110.88443756103516
-113.31409454345703
-111.95025634765625
-119.98810577392578
-112.53842163085938
-110.82548522949219
-111.7706298828125
-113.1191635131836
-113.61140441894531
-112.32595825195312
-110.42979431152344
-113.16080474853516
-106.06501007080078
-118.6048583984375
-114.19367218017578
-114.66698455810547
-110.95905303955078
-110.7226333618164
-104.9847183227539
-110.04072570800781
-111.88861083984375
-104.93704223632812
-107.36782836914062
-107.89056396484375
-116.03042602539062
-110.44640350341797
-107.0172348022461
-112.55683135986328
-114.70584869384766
-106.34195709228516
-105.25670623779297
-106.8933334350586
-110.96736145019531
-110.39422607421875
-109.99146270751953
-107.70285034179688
-103.13706970214844
-117.48809051513672
-105.06352233886719
-111.47241973876953
-111.62345886230469
-109.7072525024414
-109.60855102539062
-107.32872772216797
-108.08163452148438
-120.691650390625
-105.8302230834961
-110.46730041503906
-112.0450668334961
-112.12266540527344
-118.95124816894531
-111.92420959472656
-113.19180297851562
-107.30427551269531
-105.52273559570312
-105.73450469970703
-117.60465240478516
-107.6749496459961
-109.8363037109375
-113.22608947753906
-114.63025665283203
-105.67700958251953
-109.69036865234375
-118.09225463867188
-106.6208267211914
-109.03749084472656
-112.61518096923828
-109.36651611328125
-106.61177062988281
-117.64814758300781
-106.34208679199219
-117.29198455810547
-105.08920288085938
-109.1452407836914
-105.49559783935547
-112.34062957763672
-111.21638488769531
-108.77555847167969
-114.15679168701172
-105.93730926513672
-110.36811828613281
-108.78982543945312
-114.93019104003906
-98.17327880859375
-110.63079833984375
-107.87068176269531
-108.6966323852539
-106.37129974365234
-106.23724365234375
-113.28057861328125
-106.43756103515625
-115.24163055419922
-109.64765930175781
-107.8582992553711
-118.42918395996094
-112.1370620727539
-116.00270080566406
-113.17426300048828
-115.98193359375
-105.55413055419922
-111.31986999511719
-107.00431060791016
-117.76038360595703
-100.6064682006836
-109.63739776611328
-116.09066009521484
-118.29563903808594
-112.1754379272461
-104.14290618896484
-103.31969451904297
-112.52702331542969
-108.01290130615234
-109.87158203125
-110.82734680175781
-108.08184814453125
-107.91455078125
-108.70652770996094
-116.00100708007812
-106.24301147460938
-106.75057983398438
-100.99714660644531
-108.4289321899414
-110.8755111694336
-102.90472412109375
-112.36919403076172
-105.19366455078125
-108.79985046386719
-104.8930892944336
-111.89346313476562
-113.60095977783203
-106.03924560546875
-104.73942565917969
-108.16567993164062
-111.4229507446289
-108.56230163574219
-111.87815856933594
-105.60808563232422
-108.9854507446289
-102.83429718017578
-106.91975402832031
-106.64803314208984
-109.86894226074219
-107.44318389892578
-105.91972351074219
-111.82793426513672
-108.57608795166016
-113.23286437988281
-106.96864318847656
-112.6205062866211
-112.18468475341797
-109.08255767822266
-111.80937194824219
-116.82308959960938
-106.6010513305664
-104.4184799194336
-104.82711029052734
-104.3564224243164
-105.37158966064453
-115.6011962890625
-106.07713317871094
-110.08729553222656
-107.66532135009766
-110.64514923095703
-110.64498901367188
-105.43720245361328
-110.68390655517578
-108.582275390625
-115.37276458740234
-106.1915283203125
-107.0442123413086
-107.09107208251953
-110.13223266601562
-110.1806869506836
-116.36219787597656
-116.53226470947266
-104.83455657958984
-109.69271850585938
-110.39595794677734
-108.09243774414062
-109.10037231445312
-115.79827880859375
-108.90150451660156
-102.89848327636719
-112.71466827392578
-113.9914321899414
-103.82221984863281
-109.69564819335938
-104.8799057006836
-115.45408630371094
-113.37242126464844
-112.84320068359375
-106.59591674804688
-107.55540466308594
-108.21871185302734
-113.32006072998047
-111.94908142089844
-111.1072998046875
-110.56205749511719
-112.54156494140625
-107.22966003417969
-111.94207763671875
-111.58490753173828
-106.87602233886719
-110.24895477294922
-115.85887908935547
-117.40645599365234
-113.21399688720703
-104.21717071533203
-107.04671478271484
-114.71487426757812
-104.99620056152344
-103.74895477294922
-105.79286193847656
-112.24591064453125
-102.35757446289062
-115.13932037353516
-103.32035064697266
-120.98614501953125
-117.22864532470703
-109.69002532958984
-112.25648498535156
-113.5311508178711
-112.26956176757812
-108.36988067626953
-110.49250030517578
-110.50215148925781
-104.94796752929688
-102.49732971191406
-107.51680755615234
-103.47013092041016
-109.0461196899414
-108.19990539550781
-108.94318389892578
-112.58905792236328
-106.74597930908203
-111.45844268798828
-106.0365982055664
-107.40139770507812
-115.9289779663086
-114.4642562866211
-108.58395385742188
-109.81587982177734
-114.59078979492188
-112.39257049560547
-105.94181823730469
-106.31996154785156
-111.29414367675781
-108.22504425048828
-111.55915069580078
-109.074951171875
-106.89751434326172
-111.53441619873047
-110.6710205078125
-117.84974670410156
-113.10136413574219
-108.64842987060547
-106.55553436279297
-109.44239044189453
-107.95918273925781
-106.9200668334961
-109.87890625
-105.6540756225586
-107.14396667480469
-109.59658813476562
-105.60803985595703
-110.19029235839844
-114.23131561279297
-110.7789535522461
-109.14224243164062
-112.96025848388672
-112.13009643554688
-109.30267333984375
-114.09298706054688
-108.19737243652344
-102.44505310058594
-110.9989242553711
-112.8874282836914
-107.60375213623047
-106.06089782714844
-117.08708190917969
-110.15643310546875
-117.2239761352539
-116.3896255493164
-108.2786865234375
-107.47098541259766
-103.2121810913086
-107.37174987792969
-105.75321197509766
-105.34123992919922
-107.5261459350586
-110.52949523925781
-119.79244232177734
-110.60044860839844
-116.35489654541016
-116.03050231933594
-111.926025390625
-106.37814331054688
-111.39637756347656
-106.26719665527344
-107.42310333251953
-116.43710327148438
-105.80593872070312
-112.630615234375
-106.27535247802734
-102.73143768310547
-106.7811050415039
-114.20631408691406
-109.22827911376953
-106.80494689941406
-112.56072235107422
-113.07192993164062
-112.48995208740234
-106.17878723144531
-106.71808624267578
-112.52745056152344
-105.1362075805664
-108.4974136352539
-112.56751251220703
-110.08198547363281
-116.05455780029297
-113.57017517089844
-109.68707275390625
-107.41719818115234
-112.81160736083984
-110.87057495117188
-107.00363159179688
-104.65098571777344
-105.22100067138672
-111.07830810546875
-109.4564208984375
-103.5462875366211
-112.75569915771484
-101.36204528808594
-107.09127044677734
-111.29378509521484
-110.93114471435547
-111.62577819824219
-106.6189956665039
-108.231201171875
-107.72268676757812
-105.70706176757812
-108.97232818603516
-119.38844299316406
-112.63842010498047
-108.38934326171875
-110.05984497070312
-109.00189208984375
-110.35231018066406
-111.67262268066406
-108.73326873779297
-107.4356460571289
-110.86796569824219
-109.70263671875
-103.8155517578125
-110.3930435180664
-109.67596435546875
-107.27284240722656
-107.01522827148438
-107.2490234375
-110.78585052490234
-118.49988555908203
-107.08816528320312
-109.41134643554688
-111.64054870605469
-108.50514221191406
-111.15198516845703
-105.06855773925781
-108.40988159179688
-112.6033935546875
-101.3368148803711
-108.65586853027344
-115.37529754638672
-108.86865234375
-111.3067626953125
-111.9649887084961
-113.38677978515625
-103.6331787109375
-111.12846374511719
-110.85018920898438
-102.28551483154297
-109.29776763916016
-111.29470825195312
-105.6302261352539
-105.33849334716797
-114.27855682373047
-112.0570297241211
-111.1248550415039
-103.92327880859375
-107.5185775756836
-112.81453704833984
-111.38343048095703
-108.63574981689453
-105.57235717773438
-109.07142639160156
-105.11129760742188
-107.13251495361328
-114.1569595336914
-111.65213775634766
-104.51055908203125
-115.18771362304688
-104.53254699707031
-108.61408233642578
-103.07620239257812
-106.71002197265625
-103.93582916259766
-106.6018295288086
-108.2269058227539
-99.01412963867188
-110.4420166015625
-111.51673126220703
-108.38543701171875
-105.42530822753906
-115.72953796386719
-117.84628295898438
-104.07366180419922
-105.7923812866211
-114.91239929199219
-111.22279357910156
-103.69161224365234
-111.17572021484375
-106.21417236328125
-110.00920867919922
-107.24939727783203
-110.69261169433594
-111.31871795654297
-110.97508239746094
-104.1785888671875
-108.28461456298828
-113.12106323242188
-102.9242172241211
-97.30142974853516
-105.53800964355469
-105.68219757080078
-109.47635650634766
-104.13249206542969
-109.98794555664062
-113.95980072021484
-108.8853988647461
-106.86384582519531
-110.01091003417969
-111.23963928222656
-112.6572265625
-109.29480743408203
-116.75204467773438
-104.74566650390625
-107.82142639160156
-108.93913269042969
-114.08749389648438
-108.45850372314453
-111.44237518310547
-107.88427734375
-108.07774353027344
-111.95478057861328
-101.55181884765625
-106.23622131347656
-109.54547882080078
-104.53871154785156
-109.91658020019531
-108.98344421386719
-114.80412292480469
-109.68193054199219
-110.96441650390625
-111.4691162109375
-108.72027587890625
-112.67766571044922
-108.87723541259766
-111.09031677246094
-106.82810974121094
-104.50736999511719
-105.99263763427734
-111.75628662109375
-116.94457244873047
-112.25067901611328
-102.79704284667969
-109.88735961914062
-112.33683776855469
-112.3858413696289
-108.92585754394531
-106.91143035888672
-105.81936645507812
-111.13878631591797
-107.44157409667969
-108.37821960449219
-107.77132415771484
-108.87532043457031
-106.58869934082031
-107.6875
-100.84904479980469
-109.73433685302734
-114.31672668457031
-110.14547729492188
-109.10176086425781
-112.01478576660156
-106.01313018798828
-106.92037963867188
-111.9805679321289
-105.82752227783203
-112.77346801757812
-107.49551391601562
-109.64481353759766
-100.15208435058594
-106.59950256347656
-111.10660552978516
-106.94224548339844
-107.09722137451172
-111.77330780029297
-108.04717254638672
-109.908203125
-105.00350189208984
-107.60226440429688
-107.04108428955078
-110.6344985961914
-112.2742919921875
-114.29286193847656
-109.19752502441406
-108.49488067626953
-101.20260620117188
-113.38455200195312
-103.74716186523438
-116.12666320800781
-107.61389923095703
-113.55778503417969
-106.19721221923828
-104.41139221191406
-106.40669250488281
-107.21311950683594
-108.57475280761719
-113.87538146972656
-111.91412353515625
-111.98077392578125
-105.87287902832031
-115.69364929199219
-107.29899597167969
-112.93352508544922
-112.61261749267578
-110.29390716552734
-109.06571960449219
-114.91737365722656
-109.97618103027344
-112.60459899902344
-104.55017852783203
-106.3855209350586
-111.72169494628906
-111.80824279785156
-112.88468933105469
-110.97138977050781
-113.579345703125
-106.53447723388672
-110.69452667236328
-112.1108627319336
-107.86077880859375
-113.83246612548828
-105.15470886230469
-112.3571548461914
-109.33575439453125
-104.9034423828125
-109.96549224853516
-110.81562805175781
-108.27899169921875
-108.05335998535156
-112.86477661132812
-110.8962173461914
-112.49893188476562
-114.65382385253906
-101.3866195678711
-110.04556274414062
-102.60127258300781
-110.38714599609375
-103.30620574951172
-103.9024429321289
-110.436279296875
-111.80467987060547
-111.25401306152344
-111.53165435791016
-109.23918914794922
-109.44196319580078
-110.06346130371094
-110.24115753173828
