-105.07869720458984
-116.4214096069336
-109.5495834350586
-114.05654907226562
-112.98008728027344
-111.02713775634766
-109.67842864990234
-99.12435913085938
-111.4082260131836
-103.66559600830078
-113.25738525390625
-109.1835708618164
-112.51695251464844
-108.8660659790039
-106.81096649169922
-104.62973022460938
-104.0070571899414
-114.29830932617188
-111.02120208740234
-106.22084045410156
-108.87079620361328
-107.65113067626953
-108.10309600830078
-110.81201934814453
-110.24099731445312
-117.09681701660156
-106.88595581054688
-114.70027160644531
-105.4189453125
-107.96487426757812
-111.87564086914062
-116.92501831054688
-114.10064697265625
-116.81849670410156
-115.07562255859375
-106.89600372314453
-107.48463439941406
-109.204345703125
-109.06204223632812
-108.7971420288086
-101.92048645019531
-103.75279235839844
-115.1942138671875
-106.45330810546875
-107.01589965820312
-114.20677947998047
-111.27635955810547
-107.92472076416016
-108.5592041015625
-108.6875991821289
-105.2206039428711
-105.17274475097656
-109.5082778930664
-118.33705139160156
-115.08123779296875
-109.27877044677734
-111.04772186279297
-105.46519470214844
-102.37532806396484
-115.60307312011719
-108.49510192871094
-110.17514038085938
-105.68049621582031
-108.74871826171875
-112.19190979003906
-104.33794403076172
-108.58786010742188
-108.40359497070312
-109.40522003173828
-106.58975982666016
-109.05416870117188
-103.67804718017578
-104.3699951171875
-115.16802978515625
-110.88777923583984
-111.18022918701172
-106.8534164428711
-112.02425384521484
-106.88961029052734
-112.75269317626953
-105.82701873779297
-109.60791015625
-102.53750610351562
-106.75296020507812
-112.7835693359375
-109.51880645751953
-111.2300033569336
-103.40104675292969
-110.78860473632812
-105.91983032226562
-106.5123519897461
-109.58695983886719
-109.3891830444336
-110.52484893798828
-113.41297149658203
-106.30007934570312
-107.89755249023438
-109.32782745361328
-107.4110107421875
-109.41268157958984
-111.81866455078125
-101.26212310791016
-114.86856842041016
-107.9724349975586
-106.85897064208984
-114.93484497070312
-113.32879638671875
-102.77855682373047
-107.91189575195312
-105.0450668334961
-109.31105041503906
-97.59412384033203
-109.61488342285156
-103.75699615478516
-108.70620727539062
-105.43951416015625
-111.36027526855469
-108.5821762084961
-104.93396759033203
-103.32738494873047
-117.52250671386719
-108.23953247070312
-108.38113403320312
-105.16663360595703
-101.42243957519531
-111.96348571777344
-109.25172424316406
-101.0133056640625
-109.69781494140625
-109.99410247802734
-104.92164611816406
-113.15198516845703
-101.47738647460938
-109.67044067382812
-101.84491729736328
-106.28044891357422
-105.94706726074219
-110.94520568847656
-108.40741729736328
-107.1600341796875
-110.03852844238281
-110.298583984375
-106.31079864501953
-108.13107299804688
-113.29853057861328
-107.8602523803711
-109.33019256591797
-107.30412292480469
-113.24897766113281
-112.64927673339844
-114.7122573852539
-103.40548706054688
-110.6384048461914
-112.1169662475586
-114.77156829833984
-115.17689514160156
-117.02062225341797
-108.71812438964844
-112.70585632324219
-105.70569610595703
-110.56338500976562
-107.97606658935547
-110.99456024169922
-107.77437591552734
-105.48786163330078
-106.60672760009766
-110.11613464355469
-116.27263641357422
-113.89873504638672
-108.55255126953125
-108.01260375976562
-99.30355834960938
-112.27700805664062
-108.33543395996094
-103.00494384765625
-106.99662017822266
-106.49629211425781
-111.02103424072266
-111.60748291015625
-103.99441528320312
-109.44892120361328
-114.50357055664062
-111.9645004272461
-108.37763214111328
-103.5074462890625
-111.07768249511719
-104.44379425048828
-109.87957000732422
-109.39596557617188
-109.27044677734375
-110.13751983642578
-105.79491424560547
-105.22685241699219
-111.26531219482422
-103.9339828491211
-107.38050842285156
-107.31124877929688
-111.69290924072266
-103.64583587646484
-109.6305923461914
-104.28952026367188
-107.69490051269531
-110.112060546875
-100.6938705444336
-108.96658325195312
-109.7259292602539
-116.90512084960938
-105.50955963134766
-99.46454620361328
-111.76725006103516
-105.31546783447266
-108.8062515258789
-107.14682006835938
-116.67414855957031
-110.2476577758789
-110.69937133789062
-109.8094711303711
-107.99494934082031
-112.25074768066406
-107.37847900390625
-102.72724914550781
-113.0263900756836
-106.07757568359375
-113.70101928710938
-109.67909240722656
-111.82217407226562
-111.11601257324219
-111.09154510498047
-112.522705078125
-113.28350830078125
-115.76272583007812
-117.2740478515625
-111.30318450927734
-109.5260009765625
-112.09535217285156
-101.95223999023438
-111.05441284179688
-110.71208953857422
-111.41834259033203
-108.75926971435547
-113.86225128173828
-108.69735717773438
-107.55341339111328
-110.329345703125
-108.11482238769531
-110.68355560302734
-109.58597564697266
-112.84970092773438
-106.5673828125
-104.7284164428711
-111.77766418457031
-108.23078155517578
-105.91062927246094
-102.68289184570312
-108.67782592773438
-106.51066589355469
-109.19424438476562
-118.92707061767578
-107.42240905761719
-110.363037109375
-113.06974792480469
-108.19295501708984
-109.40618133544922
-102.00666046142578
-104.6690444946289
-108.90672302246094
-110.24461364746094
-102.87779998779297
-104.21509552001953
-109.50198364257812
-105.83863067626953
-109.24577331542969
-108.37006378173828
-111.73590087890625
-102.75450897216797
-107.4718017578125
-108.38629913330078
-102.70066833496094
-107.85173034667969
-112.20928192138672
-100.60362243652344
-106.8009033203125
-109.72651672363281
-105.10739135742188
-102.5367431640625
-112.02238464355469
-105.98988342285156
-110.18034362792969
-109.90040588378906
-109.19918823242188
-110.27338409423828
-102.7247314453125
-108.72766876220703
-111.0023193359375
-108.8863525390625
-108.24898529052734
-105.40501403808594
-113.66024780273438
-107.92039489746094
-103.55868530273438
-107.32228088378906
-109.52417755126953
-110.38346862792969
-108.07379913330078
-110.1657943725586
-106.03386688232422
-102.75831604003906
-112.33667755126953
-111.99412536621094
-111.17511749267578
-108.87166595458984
-107.54369354248047
-106.33306884765625
-110.52281188964844
-105.0570297241211
-107.40697479248047
-103.8561782836914
-110.38484191894531
-105.97355651855469
-108.5926513671875
-112.35221862792969
-113.8272933959961
-102.44619750976562
-102.27273559570312
-107.37613677978516
-111.27149200439453
-114.64370727539062
-103.93299865722656
-113.1317367553711
-110.55086517333984
-110.73051452636719
-107.40138244628906
-108.8445816040039
-108.41905975341797
-116.06236267089844
-113.80218505859375
-109.89794158935547
-108.61947631835938
-105.26235961914062
-114.31903076171875
-114.3399887084961
-111.39350891113281
-113.73735046386719
-108.33328247070312
-112.40715026855469
-103.00718688964844
-104.7299575805664
-108.38453674316406
-109.05191040039062
-117.05485534667969
-107.76984405517578
-110.37317657470703
-115.75226593017578
-113.02598571777344
-104.87364959716797
-111.05542755126953
-112.55778503417969
-114.18397521972656
-113.54481506347656
-111.80183410644531
-108.138916015625
-110.53012084960938
-109.20811462402344
-116.69530487060547
-108.98416137695312
-108.93184661865234
-109.07830047607422
-109.99368286132812
-111.36416625976562
-108.6568603515625
-107.31433868408203
-108.22492980957031
-102.80914306640625
-115.24994659423828
-111.90702056884766
-111.97736358642578
-107.2054443359375
-106.90714263916016
-104.07894897460938
-107.02747344970703
-108.49309539794922
-103.1208724975586
-106.0676040649414
-105.94255065917969
-114.18743133544922
-109.17190551757812
-105.91808319091797
-109.77153778076172
-112.33538055419922
-103.9975814819336
-103.45247650146484
-104.13899993896484
-108.42911529541016
-107.8082504272461
-108.67147827148438
-105.97303009033203
-101.21177673339844
-114.47278594970703
-102.42925262451172
-108.42229461669922
-109.57345581054688
-108.74325561523438
-107.04247283935547
-104.01040649414062
-105.42626953125
-117.56654357910156
-102.12265014648438
-108.35884094238281
-107.61605834960938
-111.39447784423828
-117.27947998046875
-110.22734069824219
-110.67562866210938
-105.16967010498047
-102.13758850097656
-102.0029296875
-114.89584350585938
-105.0936508178711
-106.43032836914062
-110.92779541015625
-111.06166076660156
-103.75501251220703
-106.60382080078125
-116.01323699951172
-103.98171997070312
-106.14264678955078
-109.62385559082031
-107.04642486572266
-104.35928344726562
-115.68089294433594
-105.43183898925781
-114.20069885253906
-104.62977600097656
-108.16072845458984
-103.38814544677734
-109.93070983886719
-108.9360580444336
-108.25049591064453
-112.32854461669922
-104.1381607055664
-108.74771118164062
-106.66173553466797
-112.31356811523438
-96.84561920166016
-110.2457504272461
-105.24954986572266
-106.8603744506836
-104.88961791992188
-104.89155578613281
-109.38867950439453
-104.12529754638672
-112.71551513671875
-107.67537689208984
-107.0987319946289
-116.27281951904297
-109.86521911621094
-113.31982421875
-110.89470672607422
-113.4129638671875
-103.49874114990234
-109.41410064697266
-103.658203125
-115.49006652832031
-97.92683410644531
-107.38256072998047
-113.34070587158203
-116.5442123413086
-111.30310821533203
-102.00482177734375
-101.07180786132812
-110.21619415283203
-106.9059066772461
-106.58089447021484
-108.7817153930664
-104.76995849609375
-106.1305160522461
-108.14906311035156
-114.13323974609375
-103.5522689819336
-105.13658142089844
-99.07926177978516
-107.06109619140625
-108.35810852050781
-100.70663452148438
-111.20186614990234
-103.68924713134766
-107.7381820678711
-102.59960174560547
-110.17721557617188
-112.13945770263672
-104.58499145507812
-104.62126159667969
-105.33454132080078
-109.77204132080078
-107.27774810791016
-109.95942687988281
-103.48556518554688
-107.75003814697266
-100.8570785522461
-106.45906066894531
-106.09896850585938
-109.13195037841797
-107.37100219726562
-104.01053619384766
-109.02932739257812
-107.94738006591797
-111.20825958251953
-104.3334732055664
-110.42366027832031
-108.69943237304688
-107.77465057373047
-110.25228118896484
-114.51260375976562
-104.59964752197266
-102.57252502441406
-103.08987426757812
-103.4484634399414
-103.81404113769531
-114.88888549804688
-103.06243133544922
-107.60747528076172
-106.45146179199219
-109.45053100585938
-109.92279815673828
-104.89307403564453
-110.87378692626953
-108.12039184570312
-113.93844604492188
-103.70616149902344
-105.51517486572266
-106.7929458618164
-109.67103576660156
-108.92719268798828
-114.02891540527344
-115.44953918457031
-104.15213012695312
-108.00323486328125
-109.78553771972656
-106.20155334472656
-108.5643310546875
-114.19189453125
-107.96771240234375
-101.04857635498047
-111.83431243896484
-112.41304016113281
-103.58702850341797
-108.98283386230469
-103.9308090209961
-113.90678405761719
-112.92506408691406
-112.01129150390625
-105.07762908935547
-106.62633514404297
-107.37226104736328
-111.13870239257812
-109.52225494384766
-109.57349395751953
-110.95528411865234
-114.29829406738281
-107.38148498535156
-111.39913177490234
-110.21961975097656
-105.36090087890625
-109.51807403564453
-115.39375305175781
-116.4471206665039
-109.60818481445312
-103.51191711425781
-106.13137817382812
-113.27996826171875
-104.13597106933594
-102.6163101196289
-105.43478393554688
-112.02640533447266
-101.57178497314453
-112.4363021850586
-101.83792877197266
-119.28917694091797
-116.24362182617188
-107.47689056396484
-110.2165756225586
-112.76946258544922
-109.97928619384766
-107.5796890258789
-110.04217529296875
-110.7525634765625
-104.26305389404297
-101.49617767333984
-106.14139556884766
-102.13604736328125
-108.54785919189453
-106.46694946289062
-107.6494369506836
-110.76611328125
-106.43313598632812
-108.00007629394531
-103.2610092163086
-103.91415405273438
-114.06481170654297
-113.35737609863281
-106.58490753173828
-108.3653793334961
-109.83100891113281
-110.08387756347656
-103.6633529663086
-103.77569580078125
-108.1478271484375
-105.42776489257812
-110.8529052734375
-106.98081970214844
-104.1744155883789
-108.55374908447266
-107.92652130126953
-115.25137329101562
-111.75714111328125
-107.5744400024414
-105.77669525146484
-108.56246948242188
-106.59968566894531
-104.7707748413086
-108.50855255126953
-104.87714385986328
-105.00337219238281
-106.16104125976562
-104.05521392822266
-108.80328369140625
-112.43689727783203
-109.38031005859375
-108.27039337158203
-112.38294982910156
-108.32538604736328
-107.18494415283203
-112.69046783447266
-106.00038146972656
-101.87579345703125
-109.19740295410156
-110.47315979003906
-106.97907257080078
-104.24596405029297
-117.15946960449219
-110.23393249511719
-115.34407806396484
-115.13459014892578
-108.69529724121094
-105.85069274902344
-102.32364654541016
-105.40473937988281
-105.42343139648438
-103.43882751464844
-106.263427734375
-110.38690185546875
-120.15699768066406
-110.5361557006836
-115.71875762939453
-115.7951889038086
-111.78954315185547
-105.9084701538086
-110.75021362304688
-105.67548370361328
-107.02513122558594
-115.49484252929688
-103.85770416259766
-111.28135681152344
-106.45307922363281
-101.65963745117188
-104.88653564453125
-114.01522827148438
-107.04298400878906
-106.01793670654297
-110.8378677368164
-110.89804077148438
-110.75302124023438
-104.16718292236328
-104.58258819580078
-111.5639877319336
-103.38192749023438
-105.51129913330078
-111.32170104980469
-109.48726654052734
-112.95793151855469
-111.46736907958984
-109.1419677734375
-105.88461303710938
-111.80079650878906
-110.0240707397461
-107.00618743896484
-103.3153076171875
-104.20252227783203
-109.02611541748047
-109.0745849609375
-104.25370025634766
-111.49886322021484
-100.8459243774414
-106.67866516113281
-111.86418151855469
-108.38145446777344
-109.91499328613281
-105.8781967163086
-107.12399291992188
-106.42948913574219
-103.38893127441406
-108.90815734863281
-116.04712677001953
-112.59562683105469
-106.54756164550781
-108.61746978759766
-107.5322036743164
-107.45330810546875
-111.37430572509766
-105.68832397460938
-105.8705825805664
-109.0125503540039
-109.5342788696289
-101.5489730834961
-109.77681732177734
-108.04016876220703
-105.13823699951172
-104.39110565185547
-106.05272674560547
-110.5326919555664
-115.04592895507812
-104.94658660888672
-107.02444458007812
-110.11772918701172
-107.00442504882812
-110.88262176513672
-103.5300521850586
-107.23435974121094
-111.07530212402344
-100.16891479492188
-107.51789093017578
-113.6092529296875
-106.34268188476562
-108.65116882324219
-109.5599136352539
-111.70221710205078
-102.95690155029297
-109.63243865966797
-108.36344146728516
-101.86203002929688
-108.58964538574219
-109.98336029052734
-104.63533782958984
-104.96000671386719
-112.18519592285156
-110.81554412841797
-108.04081726074219
-103.44100952148438
-106.70933532714844
-111.29351043701172
-110.4738540649414
-107.08241271972656
-105.6119384765625
-108.2049331665039
-104.31784057617188
-106.58934020996094
-111.17765045166016
-110.85319519042969
-103.58770751953125
-113.57549285888672
-103.41162109375
-106.92119598388672
-102.37419891357422
-105.11947631835938
-102.12669372558594
-106.1147689819336
-106.40705108642578
-96.85005187988281
-109.81405639648438
-110.5703353881836
-107.32567596435547
-104.16761016845703
-114.54083251953125
-116.33808898925781
-103.38617706298828
-103.66094970703125
-113.39649200439453
-109.82946014404297
-103.07777404785156
-109.40714263916016
-105.27882385253906
-108.10696411132812
-106.9937744140625
-108.05535125732422
-109.81275177001953
-109.79643249511719
-100.88970184326172
-106.41930389404297
-110.82168579101562
-101.34827423095703
-96.34378814697266
-104.10202026367188
-104.607421875
-108.5901107788086
-103.54818725585938
-108.51964569091797
-111.92346954345703
-107.1697769165039
-105.6622314453125
-109.13693237304688
-109.65531921386719
-110.30039978027344
-109.26219177246094
-114.61973571777344
-103.50200653076172
-105.24358367919922
-106.26860809326172
-112.2684326171875
-105.77234649658203
-109.1634750366211
-107.0549087524414
-106.66905975341797
-112.27662658691406
-100.84121704101562
-102.51605987548828
-108.62489318847656
-103.74974060058594
-108.82588958740234
-108.0454330444336
-112.88287353515625
-107.88411712646484
-109.75908660888672
-110.1895523071289
-108.04206085205078
-110.10830688476562
-108.57672882080078
-110.10736083984375
-104.42837524414062
-102.92076873779297
-103.98442840576172
-111.06966400146484
-114.08251953125
-109.88093566894531
-99.76293182373047
-109.10184478759766
-112.07382202148438
-111.50147247314453
-108.74378967285156
-106.51957702636719
-103.52191162109375
-110.2265396118164
-106.29061889648438
-106.37953186035156
-106.98405456542969
-107.72698211669922
-105.21734619140625
-105.64620208740234
-99.46187591552734
-109.19916534423828
-112.9549331665039
-109.57454681396484
-107.58052062988281
-111.5013198852539
-103.89765167236328
-105.4338607788086
-110.48611450195312
-103.99826049804688
-112.54779052734375
-108.7022705078125
-109.24872589111328
-99.86881256103516
-104.24240112304688
-109.82823944091797
-105.76850128173828
-107.27361297607422
-111.3421630859375
-107.65110778808594
-108.91516876220703
-104.79661560058594
-106.1444320678711
-107.64947509765625
-109.8481674194336
-111.82791900634766
-114.71756744384766
-107.34477996826172
-107.18328857421875
-101.28446960449219
-110.76038360595703
-102.8943099975586
-115.47161102294922
-106.23658752441406
-113.29193878173828
-104.99439239501953
-103.76165008544922
-104.29434967041016
-105.73535919189453
-106.87106323242188
-114.08258819580078
-110.20429992675781
-110.90705108642578
-103.61023712158203
-114.60350036621094
-107.29190063476562
-112.14046478271484
-112.27119445800781
-108.89667510986328
-108.17940521240234
-111.80642700195312
-108.09033966064453
-111.08565521240234
-103.95259857177734
-105.76412963867188
-109.44416809082031
-109.4986572265625
-111.27549743652344
-109.81258392333984
-111.99700164794922
-105.96633911132812
-109.16891479492188
-108.63484954833984
-105.896484375
-112.64020538330078
-104.7066650390625
-111.94332122802734
-106.9163589477539
-104.20120239257812
-108.76490783691406
-109.73239135742188
-107.80558013916016
-107.05504608154297
-110.22404479980469
-109.86747741699219
-110.41621398925781
-114.50626373291016
-100.69330596923828
-108.41018676757812
-101.5071029663086
-109.80384826660156
-103.18521118164062
-103.3447494506836
-108.79534149169922
-110.1792984008789
-108.67374420166016
-110.75080108642578
-107.66870880126953
-108.342041015625
-110.99072265625
-108.8584213256836
