-99.58068084716797
-108.03205871582031
-102.37870025634766
-106.02178955078125
-108.01797485351562
-105.44840240478516
-100.21710205078125
-94.6784439086914
-104.47105407714844
-98.99517059326172
-104.31548309326172
-102.22496032714844
-107.43495178222656
-104.46089172363281
-100.70072937011719
-98.86327362060547
-97.2316665649414
-106.29605865478516
-104.57019805908203
-98.78170776367188
-104.37950897216797
-101.70703887939453
-100.9483413696289
-103.35636901855469
-105.95292663574219
-109.34098815917969
-99.44628143310547
-106.33368682861328
-95.8094711303711
-99.06455993652344
-105.21920776367188
-111.63755798339844
-107.95838928222656
-109.56996154785156
-107.00267791748047
-99.09593963623047
-100.29180908203125
-103.63874053955078
-100.90469360351562
-101.3885269165039
-96.3104248046875
-96.87417602539062
-106.07548522949219
-102.00810241699219
-99.96515655517578
-104.25906372070312
-103.70892333984375
-104.03262329101562
-101.32496643066406
-101.60354614257812
-99.34466552734375
-101.70707702636719
-100.82418823242188
-111.88928985595703
-108.48307037353516
-101.34495544433594
-106.63804626464844
-98.42218780517578
-96.10102081298828
-106.28303527832031
-102.80933380126953
-104.38799285888672
-99.17566680908203
-102.38117218017578
-101.39957427978516
-94.59693908691406
-104.47450256347656
-103.01991271972656
-101.91249084472656
-99.94125366210938
-102.55034637451172
-99.3518295288086
-100.65966796875
-106.78072357177734
-102.892822265625
-105.56109619140625
-100.29114532470703
-103.9134750366211
-101.53795623779297
-104.58190155029297
-100.0572280883789
-103.60923767089844
-94.99253845214844
-101.51199340820312
-105.88436126708984
-101.9849624633789
-103.26535034179688
-100.76777648925781
-106.89730834960938
-99.22782135009766
-101.50835418701172
-103.56237030029297
-99.85369873046875
-104.59390258789062
-104.66756439208984
-103.01067352294922
-103.43698120117188
-102.59178161621094
-101.97208404541016
-103.28772735595703
-103.15994262695312
-93.22949981689453
-104.94258117675781
-103.70378112792969
-99.60302734375
-108.17620849609375
-104.69654083251953
-96.4884033203125
-101.59473419189453
-96.21002960205078
-104.11007690429688
-93.4010009765625
-102.1987075805664
-96.5199203491211
-101.74897766113281
-100.73046112060547
-104.60546875
-99.83170318603516
-101.47972869873047
-96.22095489501953
-109.85484313964844
-102.93917083740234
-101.52811431884766
-100.26571655273438
-93.13509368896484
-104.97468566894531
-100.59671783447266
-97.3418197631836
-102.11055755615234
-103.11904907226562
-97.62519836425781
-105.2862777709961
-98.51046752929688
-102.39928436279297
-95.94422912597656
-100.68888092041016
-98.75670623779297
-103.57423400878906
-101.19252014160156
-99.95503234863281
-103.09406280517578
-105.00308227539062
-100.3038101196289
-100.85330963134766
-104.4871597290039
-99.37982177734375
-102.7242202758789
-101.05029296875
-106.56938934326172
-104.40473937988281
-109.03079223632812
-97.34112548828125
-104.6142349243164
-105.79341888427734
-107.83622741699219
-109.53659057617188
-110.0707778930664
-103.93144989013672
-104.4808349609375
-99.43553924560547
-102.72247314453125
-101.24254608154297
-104.64542388916016
-101.21218872070312
-97.49652099609375
-98.19508361816406
-103.4424819946289
-109.61685943603516
-106.15690612792969
-102.35709381103516
-102.3046875
-94.71724700927734
-103.93287658691406
-101.64326477050781
-97.43161010742188
-101.19893646240234
-102.78131103515625
-101.06307983398438
-102.99116516113281
-98.54405975341797
-102.52232360839844
-106.94159698486328
-101.41632080078125
-100.91995239257812
-96.117431640625
-105.62421417236328
-97.54588317871094
-103.17127990722656
-105.63304138183594
-105.2900390625
-106.42847442626953
-98.77241516113281
-98.6016845703125
-104.13949584960938
-98.95551300048828
-103.90095520019531
-101.849853515625
-105.58584594726562
-98.48954772949219
-102.7898941040039
-98.15425109863281
-101.66678619384766
-101.13086700439453
-99.30138397216797
-101.78218841552734
-104.55854797363281
-108.53648376464844
-99.1133804321289
-95.94952392578125
-104.98591613769531
-100.55618286132812
-103.16558837890625
-100.7609634399414
-108.25149536132812
-100.54981994628906
-101.82557678222656
-103.5668716430664
-99.43477630615234
-104.551513671875
-100.16004943847656
-98.52063751220703
-106.00242614746094
-99.60132598876953
-107.69326782226562
-103.79013061523438
-105.52650451660156
-104.91648864746094
-104.8994369506836
-105.00931549072266
-103.84054565429688
-107.73443603515625
-111.3735580444336
-106.1396713256836
-103.90703582763672
-105.08538818359375
-97.78543090820312
-104.19988250732422
-104.907470703125
-105.58824157714844
-102.11246490478516
-105.00569915771484
-101.82676696777344
-104.28585815429688
-103.64757537841797
-101.70479583740234
-103.74917602539062
-102.13151550292969
-105.00157165527344
-100.54803466796875
-99.65216064453125
-104.70462036132812
-102.29060363769531
-99.07391357421875
-94.9583740234375
-99.71125793457031
-100.2370834350586
-101.92511749267578
-111.70714569091797
-101.38099670410156
-102.78434753417969
-106.91268157958984
-104.07186889648438
-105.2112808227539
-99.78193664550781
-98.1409683227539
-102.49473571777344
-103.87840270996094
-97.03138732910156
-99.78083038330078
-103.7297592163086
-102.27342224121094
-101.85314178466797
-102.17448425292969
-103.9569091796875
-100.07777404785156
-103.26239013671875
-104.41405487060547
-96.90205383300781
-100.56498718261719
-103.52144622802734
-96.719482421875
-101.51728820800781
-102.61236572265625
-98.5276870727539
-96.50003814697266
-102.26473999023438
-101.69940948486328
-103.66593170166016
-105.47534942626953
-102.50289916992188
-104.10213470458984
-99.40607452392578
-99.90386962890625
-107.2428970336914
-102.83670806884766
-102.69593048095703
-101.25262451171875
-106.26431274414062
-104.23894500732422
-99.01850891113281
-101.32513427734375
-100.93759155273438
-106.96943664550781
-102.91053009033203
-104.36145782470703
-99.6096420288086
-98.74011993408203
-105.96524047851562
-104.3510513305664
-105.47262573242188
-104.98544311523438
-102.1269760131836
-99.7002182006836
-103.7777099609375
-96.35089874267578
-101.39704895019531
-99.73341369628906
-105.62687683105469
-100.69488525390625
-100.72787475585938
-100.7794418334961
-107.72587585449219
-98.33766174316406
-98.47502136230469
-99.94883728027344
-105.72694396972656
-105.26670837402344
-99.75939178466797
-105.83059692382812
-104.50311279296875
-102.39974975585938
-99.66444396972656
-101.23055267333984
-104.28514099121094
-109.22322082519531
-107.20722961425781
-102.25030517578125
-102.44377136230469
-98.93644714355469
-105.83477783203125
-107.06340026855469
-104.12676239013672
-108.30886840820312
-102.67861938476562
-104.79667663574219
-98.80323791503906
-98.6701431274414
-100.29647064208984
-103.04110717773438
-107.56761169433594
-103.5022964477539
-104.81240844726562
-106.72573852539062
-104.2120132446289
-100.66130828857422
-104.93463134765625
-103.21028137207031
-105.66374206542969
-108.61012268066406
-105.2723617553711
-103.83844757080078
-106.13961791992188
-103.70628356933594
-107.5758285522461
-103.66081237792969
-103.16783905029297
-102.89930725097656
-99.71795654296875
-105.30229187011719
-103.54094696044922
-102.84870910644531
-103.7416763305664
-97.02947998046875
-109.6620101928711
-103.1866226196289
-108.25514221191406
-99.27924346923828
-101.40780639648438
-96.67570495605469
-100.66970825195312
-102.46299743652344
-98.07422637939453
-100.31167602539062
-100.20527648925781
-104.53315734863281
-101.39065551757812
-101.27511596679688
-102.87704467773438
-106.21304321289062
-98.52088928222656
-96.56741333007812
-98.85527801513672
-103.49327850341797
-102.73738098144531
-103.93125915527344
-99.93292236328125
-96.96793365478516
-107.08952331542969
-98.9522705078125
-100.36021423339844
-102.67230224609375
-102.30265045166016
-100.47438049316406
-98.18266296386719
-100.56974792480469
-111.20669555664062
-98.87979125976562
-101.27145385742188
-104.01205444335938
-104.52581787109375
-107.65202331542969
-104.13755798339844
-104.47126770019531
-98.67192840576172
-99.2939224243164
-97.79468536376953
-108.98847961425781
-97.85382843017578
-98.29207611083984
-104.04383087158203
-104.89009094238281
-99.99060821533203
-102.06289672851562
-107.08039855957031
-97.44088745117188
-103.2099380493164
-102.31729125976562
-97.79696655273438
-96.80429077148438
-107.84134674072266
-101.10456848144531
-105.49894714355469
-97.44759368896484
-100.7464828491211
-98.24097442626953
-104.15409851074219
-100.45738220214844
-104.23054504394531
-103.53009033203125
-101.97665405273438
-104.43089294433594
-100.08622741699219
-108.06483459472656
-93.22887420654297
-101.71391296386719
-99.58741760253906
-102.00240325927734
-99.05619049072266
-97.42182159423828
-104.22865295410156
-99.12250518798828
-107.00150299072266
-103.25650787353516
-101.11091613769531
-109.25202941894531
-102.3332748413086
-104.38845825195312
-103.3087158203125
-106.69717407226562
-97.67483520507812
-103.85164642333984
-100.43013000488281
-109.44586944580078
-93.97261047363281
-101.5233154296875
-107.28299713134766
-108.26667785644531
-104.5286636352539
-97.76578521728516
-97.06255340576172
-106.1613998413086
-100.15570068359375
-102.31348419189453
-101.57115173339844
-100.62808990478516
-101.64790344238281
-100.10613250732422
-106.97819519042969
-97.03245544433594
-99.66761779785156
-92.66295623779297
-101.34004211425781
-100.77519226074219
-96.72264099121094
-105.11553192138672
-98.85871124267578
-100.56874084472656
-96.7948226928711
-101.52328491210938
-105.55257415771484
-101.88945770263672
-98.15454864501953
-98.26728057861328
-105.68316650390625
-99.9314956665039
-103.55451202392578
-98.39508056640625
-100.5030517578125
-95.38568115234375
-101.19618225097656
-102.42240905761719
-102.24993133544922
-98.10259246826172
-97.60011291503906
-103.35102844238281
-101.72230529785156
-104.15725708007812
-99.50216674804688
-103.26309204101562
-103.13970184326172
-101.20093536376953
-105.53858947753906
-108.36805725097656
-101.58393859863281
-99.3913345336914
-98.58894348144531
-99.51082611083984
-98.78091430664062
-105.86990356445312
-100.2835464477539
-101.95088958740234
-98.89800262451172
-103.62770080566406
-102.10528564453125
-98.57398223876953
-104.13832092285156
-100.19188690185547
-107.97689819335938
-99.0107421875
-99.58598327636719
-100.14205169677734
-101.95912170410156
-101.44669342041016
-107.3703384399414
-107.11815643310547
-98.98729705810547
-101.85768127441406
-104.30056762695312
-98.814453125
-103.01445770263672
-105.61502838134766
-101.5027847290039
-95.92080688476562
-105.10394287109375
-106.78994750976562
-97.53276824951172
-99.65447235107422
-99.72779846191406
-108.13101196289062
-105.18608856201172
-106.56780242919922
-97.01768493652344
-102.37554168701172
-99.50759887695312
-102.71932220458984
-102.21119689941406
-103.67581939697266
-105.6153793334961
-105.15528106689453
-101.15888214111328
-105.3309555053711
-101.92595672607422
-97.04122924804688
-102.95980072021484
-108.11772918701172
-108.23858642578125
-105.34427642822266
-99.17793273925781
-101.96617126464844
-105.67121887207031
-98.66352844238281
-99.09974670410156
-98.40115356445312
-106.99054718017578
-95.69111633300781
-105.6534652709961
-96.46705627441406
-110.99575805664062
-104.42780303955078
-101.98872375488281
-103.58735656738281
-103.22589111328125
-104.86144256591797
-100.75165557861328
-101.81480407714844
-102.48231506347656
-99.83354187011719
-97.05146026611328
-98.8371810913086
-97.15147399902344
-102.00733947753906
-101.57730865478516
-101.95552825927734
-104.18717193603516
-100.57413482666016
-103.1894760131836
-98.55369567871094
-98.66668701171875
-107.41886138916016
-108.34984588623047
-100.07591247558594
-104.72376251220703
-105.27434539794922
-106.08228302001953
-99.40536499023438
-99.02299499511719
-101.17988586425781
-99.03504180908203
-101.60133361816406
-101.12913513183594
-98.59674835205078
-101.21186065673828
-98.68915557861328
-107.37727355957031
-105.00625610351562
-101.70919036865234
-99.80107116699219
-102.47089385986328
-101.01429748535156
-100.2575454711914
-103.03507232666016
-98.9146957397461
-98.92040252685547
-102.89264678955078
-96.89892578125
-100.76497650146484
-107.06578826904297
-103.09998321533203
-99.92489624023438
-105.65869140625
-101.35916137695312
-103.37862396240234
-106.11693572998047
-101.83684539794922
-97.9665298461914
-103.3414306640625
-104.13333892822266
-101.58365631103516
-98.3211669921875
-109.18494415283203
-104.48706817626953
-106.61788177490234
-108.1534423828125
-105.26693725585938
-99.04912567138672
-95.30940246582031
-101.88331604003906
-98.09523010253906
-97.3386459350586
-100.5721206665039
-101.41311645507812
-110.99441528320312
-104.22274780273438
-107.8653335571289
-106.47071075439453
-101.02460479736328
-99.22886657714844
-103.55691528320312
-99.20864868164062
-98.38187408447266
-105.24468231201172
-99.69039916992188
-104.5994644165039
-100.7710189819336
-95.46170806884766
-101.8741226196289
-106.36583709716797
-101.7532958984375
-101.41242980957031
-105.91854095458984
-103.23564910888672
-105.81411743164062
-98.56731414794922
-99.87146759033203
-105.29405212402344
-98.53758239746094
-98.79512023925781
-105.87207794189453
-104.68229675292969
-105.03775787353516
-104.75687408447266
-103.66275787353516
-100.39070129394531
-103.4029769897461
-104.06119537353516
-100.63897705078125
-99.201171875
-99.4593505859375
-103.98192596435547
-102.71643829345703
-98.64306640625
-103.04370880126953
-95.35093688964844
-99.32786560058594
-103.7566146850586
-103.70802307128906
-102.5729751586914
-101.27645874023438
-100.5074234008789
-100.62025451660156
-98.76556396484375
-103.19502258300781
-109.65006256103516
-105.08805847167969
-102.12883758544922
-103.34494018554688
-102.8514633178711
-101.86348724365234
-105.11125183105469
-101.3360366821289
-100.03895568847656
-101.49407196044922
-103.11517333984375
-99.0615234375
-102.50592041015625
-103.28345489501953
-100.88174438476562
-100.3058090209961
-101.56340789794922
-105.26695251464844
-108.62406158447266
-99.87006378173828
-101.83808135986328
-105.15365600585938
-101.30564880371094
-106.53556823730469
-100.44993591308594
-101.7719955444336
-104.01939392089844
-98.98944854736328
-101.41957092285156
-105.57679748535156
-101.61810302734375
-101.66175842285156
-104.53865051269531
-105.58283996582031
-96.20553588867188
-101.59977722167969
-101.85774993896484
-97.13898468017578
-99.11198425292969
-103.37513732910156
-100.55592346191406
-99.26203155517578
-106.67198181152344
-102.75209045410156
-102.35100555419922
-99.98512268066406
-100.8496322631836
-105.74409484863281
-104.4845199584961
-100.32582092285156
-99.07708740234375
-102.34517669677734
-99.28855895996094
-99.31947326660156
-101.6577377319336
-104.97795104980469
-98.52694702148438
-106.7339096069336
-99.17922973632812
-101.77705383300781
-96.22345733642578
-101.88458251953125
-97.32084655761719
-99.85479736328125
-101.72703552246094
-93.76963806152344
-102.53717803955078
-106.12237548828125
-100.80755615234375
-99.79134368896484
-105.91901397705078
-108.55511474609375
-97.76325225830078
-100.2786636352539
-105.721435546875
-102.87889099121094
-98.09417724609375
-102.75931549072266
-101.82088470458984
-101.24724578857422
-98.37824249267578
-100.29334259033203
-102.48741149902344
-104.55753326416016
-97.82140350341797
-100.96833801269531
-105.50996398925781
-95.27723693847656
-95.36785888671875
-99.17505645751953
-98.66490936279297
-101.99858093261719
-100.1122817993164
-101.61372375488281
-106.52201843261719
-102.1483154296875
-99.06242370605469
-100.47555541992188
-100.94564819335938
-104.32615661621094
-103.46979522705078
-107.9881820678711
-96.30659484863281
-99.48540496826172
-101.23579406738281
-105.83698272705078
-102.72687530517578
-103.3160171508789
-99.7481460571289
-101.11359405517578
-103.80610656738281
-96.79281616210938
-98.5165023803711
-103.55769348144531
-100.4712905883789
-102.71826171875
-102.5984115600586
-106.29545593261719
-101.91011047363281
-102.87712097167969
-103.69075012207031
-101.75970458984375
-103.6763916015625
-103.41976928710938
-105.40076446533203
-99.75044250488281
-98.2357406616211
-98.57441711425781
-103.85558319091797
-107.70488739013672
-103.28960418701172
-96.7861328125
-102.5440444946289
-103.98971557617188
-104.40596771240234
-101.42192840576172
-101.46139526367188
-98.78661346435547
-104.27352142333984
-99.96263122558594
-102.70345306396484
-101.4284439086914
-102.63484191894531
-99.81492614746094
-100.2672348022461
-94.96930694580078
-102.85466003417969
-103.45635986328125
-104.36736297607422
-102.27877807617188
-105.77214050292969
-97.09931182861328
-101.89569854736328
-106.56635284423828
-99.24195861816406
-105.96151733398438
-102.4957275390625
-103.07007598876953
-96.6312255859375
-99.739013671875
-104.21905517578125
-103.30500793457031
-99.70337677001953
-102.13021850585938
-101.46661376953125
-102.48284149169922
-98.45075225830078
-103.98519897460938
-102.21675109863281
-102.72444915771484
-105.71363067626953
-105.63307189941406
-100.30838775634766
-101.87750244140625
-98.73834228515625
-105.70841979980469
-97.14601135253906
-108.94198608398438
-101.3315658569336
-106.5616226196289
-98.37158203125
-98.84768676757812
-100.2861557006836
-101.843017578125
-101.3365707397461
-104.38368225097656
-104.24523162841797
-103.0690689086914
-99.78622436523438
-107.28609466552734
-100.10895538330078
-107.3004150390625
-106.36360931396484
-104.58422088623047
-103.38594818115234
-108.4545669555664
-98.98947143554688
-103.7413558959961
-98.65399169921875
-103.51422882080078
-102.01146697998047
-105.01641082763672
-105.30924224853516
-105.74832916259766
-101.94514465332031
-102.14453125
-105.75721740722656
-102.6486587524414
-100.51923370361328
-106.59452056884766
-98.4011459350586
-103.78255462646484
-101.92212677001953
-100.0158920288086
-102.699951171875
-103.20406341552734
-102.8745346069336
-102.06913757324219
-103.57614135742188
-102.19762420654297
-104.04267120361328
-108.3923568725586
-95.30451202392578
-103.57229614257812
-95.22037506103516
-104.43694305419922
-100.2647933959961
-100.19348907470703
-104.22696685791016
-106.03282165527344
-105.15015411376953
-105.17066192626953
-102.48360443115234
-104.51238250732422
-102.16876220703125
-103.04165649414062
