-111.4003677368164
-119.69404602050781
-112.18780517578125
-117.93474578857422
-118.34645080566406
-115.47384643554688
-109.80477142333984
-103.36227416992188
-115.63724517822266
-107.80791473388672
-116.10220336914062
-112.7382583618164
-118.0282211303711
-116.045654296875
-111.71351623535156
-106.69489288330078
-108.10118103027344
-117.93883514404297
-113.93917846679688
-106.7435073852539
-117.27518463134766
-112.08768463134766
-110.39086151123047
-114.0500259399414
-116.23339080810547
-120.21334075927734
-110.39061737060547
-119.57719421386719
-108.21278381347656
-107.7707290649414
-115.49262237548828
-122.90857696533203
-119.95610809326172
-121.34590148925781
-115.02104949951172
-109.83358001708984
-107.4088134765625
-114.31682586669922
-112.02081298828125
-111.95462799072266
-105.13504028320312
-107.26612091064453
-116.9684829711914
-112.6319351196289
-108.53133392333984
-115.58856964111328
-114.29933166503906
-113.71829223632812
-112.07950592041016
-112.77507019042969
-109.51075744628906
-112.15210723876953
-111.01687622070312
-123.37446594238281
-118.43873596191406
-111.68335723876953
-117.0448989868164
-107.95248413085938
-104.4793701171875
-117.79581451416016
-111.55846405029297
-115.56758117675781
-108.44645690917969
-111.47588348388672
-112.02198791503906
-105.62055969238281
-112.34903717041016
-112.58626556396484
-113.04765319824219
-109.32576751708984
-112.64847564697266
-107.64707946777344
-109.23172760009766
-118.66184997558594
-111.39014434814453
-114.42634582519531
-108.71575927734375
-115.15824127197266
-110.99978637695312
-116.59197998046875
-109.25050354003906
-114.57977294921875
-105.02169799804688
-110.94853973388672
-116.81240844726562
-111.5212173461914
-113.84223937988281
-105.2308120727539
-116.23238372802734
-107.69824981689453
-110.57170104980469
-112.45756530761719
-110.7203369140625
-113.0767822265625
-116.74401092529297
-112.14517211914062
-111.71822357177734
-111.9393081665039
-111.70250701904297
-111.25335693359375
-111.91184997558594
-100.0986099243164
-115.53128051757812
-115.64862060546875
-108.95635223388672
-116.57538604736328
-115.10116577148438
-105.6409683227539
-109.6520767211914
-104.8157958984375
-113.61407470703125
-101.99149322509766
-112.249755859375
-106.14685821533203
-110.26446533203125
-109.25924682617188
-113.4950942993164
-110.06295013427734
-111.01912689208984
-105.5471420288086
-118.09596252441406
-112.27955627441406
-111.80770874023438
-108.88104248046875
-101.6519546508789
-115.25634002685547
-109.93084716796875
-104.99382019042969
-111.35496520996094
-110.90092468261719
-107.75929260253906
-113.25003814697266
-106.62557220458984
-113.18601989746094
-105.16885375976562
-110.95858001708984
-109.96878814697266
-113.97216796875
-110.59953308105469
-109.39968872070312
-114.23929595947266
-114.4676513671875
-109.49117279052734
-110.0744857788086
-113.92056274414062
-107.14122009277344
-112.32244110107422
-111.55656433105469
-114.64260864257812
-112.52430725097656
-119.98461151123047
-105.01553344726562
-114.91850280761719
-114.22431182861328
-117.44307708740234
-120.10498046875
-119.0883560180664
-114.43863677978516
-115.26183319091797
-107.73332977294922
-111.91111755371094
-110.6847152709961
-114.05050659179688
-109.29959106445312
-106.67703247070312
-108.5438232421875
-113.75342559814453
-119.88180541992188
-115.83132934570312
-112.54815673828125
-112.46537017822266
-101.6509780883789
-113.5548324584961
-110.8433609008789
-105.04811096191406
-111.37973022460938
-109.57765197753906
-108.9140625
-110.4490966796875
-106.25859069824219
-112.46746826171875
-116.97590637207031
-109.92222595214844
-110.7549819946289
-103.72099304199219
-112.53564453125
-106.53538513183594
-111.63919830322266
-113.6234130859375
-114.3504638671875
-115.68060302734375
-106.09371185302734
-105.76549530029297
-111.64598846435547
-106.30577087402344
-112.60650634765625
-110.30957794189453
-115.11266326904297
-106.95977020263672
-111.32888793945312
-108.18647003173828
-110.08316802978516
-110.95172882080078
-106.10794830322266
-110.455322265625
-113.88801574707031
-117.97666931152344
-107.93449401855469
-104.13720703125
-114.6195068359375
-109.41181945800781
-112.05534362792969
-111.2766342163086
-117.35516357421875
-110.38027954101562
-112.46642303466797
-112.39527130126953
-109.32125091552734
-113.17465209960938
-108.29991912841797
-106.10216522216797
-114.71511840820312
-108.59281158447266
-115.84161376953125
-114.85187530517578
-112.69821166992188
-114.55754089355469
-113.20938873291016
-113.13593292236328
-113.11578369140625
-117.87060546875
-121.1124038696289
-113.38994598388672
-111.29302978515625
-115.16287231445312
-105.07343292236328
-112.61360168457031
-113.20800018310547
-113.80150604248047
-110.15731811523438
-112.59412384033203
-112.35511779785156
-111.92146301269531
-112.8787841796875
-111.08910369873047
-113.11780548095703
-110.3349838256836
-113.03087615966797
-110.25312042236328
-109.20975494384766
-113.39685821533203
-110.48102569580078
-107.96666717529297
-104.73322296142578
-110.08480072021484
-109.41184997558594
-111.28254699707031
-120.92887878417969
-109.8622055053711
-115.6319580078125
-114.2947998046875
-112.60210418701172
-112.18046569824219
-109.27426147460938
-107.33240509033203
-111.07030487060547
-112.64581298828125
-104.40260314941406
-106.4808349609375
-112.11515045166016
-110.39240264892578
-110.23854064941406
-110.77584075927734
-112.17158508300781
-105.81050109863281
-111.99308013916016
-112.67303466796875
-103.17957305908203
-109.6799087524414
-112.55913543701172
-104.53770446777344
-107.56100463867188
-108.9794692993164
-104.81322479248047
-103.93275451660156
-113.174072265625
-109.2313003540039
-112.21864318847656
-113.95822143554688
-109.93186950683594
-111.82112884521484
-106.76171112060547
-109.10273742675781
-112.83795928955078
-111.75971221923828
-110.5242919921875
-108.18733215332031
-113.56651306152344
-110.9814224243164
-106.99980163574219
-110.07620239257812
-108.82930755615234
-115.57025146484375
-110.74564361572266
-115.06464385986328
-106.96894836425781
-107.62277221679688
-115.3597412109375
-111.7242202758789
-112.6939926147461
-114.08226776123047
-109.77001190185547
-109.18272399902344
-112.78070831298828
-105.08143615722656
-109.50335693359375
-107.56346893310547
-114.4415054321289
-110.39236450195312
-108.1820068359375
-110.88117980957031
-116.12129211425781
-104.0401840209961
-103.06881713867188
-106.80886840820312
-116.36134338378906
-114.60000610351562
-106.0147705078125
-114.71797180175781
-111.00677490234375
-110.51678466796875
-106.93302154541016
-108.03793334960938
-112.21791076660156
-116.10713195800781
-117.19963073730469
-109.15272521972656
-109.73473358154297
-107.79994201660156
-113.00957489013672
-114.29229736328125
-112.31424713134766
-115.94763946533203
-110.37330627441406
-113.91010284423828
-107.05784606933594
-106.09004211425781
-107.55070495605469
-110.71981811523438
-117.38172912597656
-111.80722045898438
-114.43598937988281
-115.3841781616211
-111.57306671142578
-107.31261444091797
-114.44124603271484
-111.96158599853516
-115.00901794433594
-116.95545959472656
-112.56636810302734
-114.1761245727539
-112.64459228515625
-111.03837585449219
-115.87968444824219
-110.6701889038086
-110.49708557128906
-110.77799987792969
-109.11299133300781
-115.52853393554688
-110.8955078125
-110.05870819091797
-111.70618438720703
-104.64591979980469
-117.80934143066406
-109.99378967285156
-115.8729248046875
-107.16812133789062
-107.68739318847656
-103.04000854492188
-107.83305358886719
-110.31778717041016
-105.782470703125
-106.54762268066406
-107.44768524169922
-114.3011474609375
-111.04086303710938
-109.82510375976562
-109.67615509033203
-113.1231918334961
-108.70679473876953
-104.0743408203125
-106.50643920898438
-109.83305358886719
-109.79766845703125
-110.05179595947266
-107.3985366821289
-103.58680725097656
-115.82169342041016
-106.64222717285156
-108.05767059326172
-110.34676361083984
-109.24844360351562
-108.5682144165039
-105.27732849121094
-107.58472442626953
-118.65042877197266
-105.65949249267578
-108.43714904785156
-112.39134216308594
-111.21987915039062
-115.55208587646484
-113.1013412475586
-112.36112213134766
-106.36775207519531
-106.1123275756836
-104.40760040283203
-118.1438217163086
-103.68730926513672
-104.19132232666016
-111.77033233642578
-112.77445220947266
-105.251708984375
-108.34269714355469
-115.89517211914062
-106.0611801147461
-109.43780517578125
-111.1398696899414
-104.064697265625
-103.48986053466797
-115.79724884033203
-107.55323791503906
-114.19413757324219
-104.47633361816406
-109.17373657226562
-103.67881774902344
-113.35819244384766
-108.58509826660156
-112.0206069946289
-110.96076965332031
-108.55333709716797
-110.61930084228516
-109.4124755859375
-114.727294921875
-100.41049194335938
-110.85472869873047
-106.12203216552734
-111.17626953125
-106.56647491455078
-105.72354125976562
-112.77519226074219
-107.85299682617188
-115.8763198852539
-109.29634094238281
-108.35363006591797
-116.94998168945312
-111.80708312988281
-113.19902801513672
-111.17261505126953
-115.09613037109375
-104.56151580810547
-111.679443359375
-108.65494537353516
-116.23121643066406
-102.4923095703125
-107.94065856933594
-115.0282211303711
-117.11894226074219
-111.16032409667969
-106.52268981933594
-103.62611389160156
-112.33329010009766
-106.78085327148438
-108.89405822753906
-111.36143493652344
-107.11643981933594
-108.21153259277344
-109.46971130371094
-114.68675994873047
-103.7350845336914
-106.74349975585938
-99.15074920654297
-108.5994873046875
-108.38755798339844
-102.86359405517578
-113.53081512451172
-105.03410339355469
-106.95724487304688
-105.22686767578125
-110.5069580078125
-112.07118225097656
-108.28789520263672
-104.92488861083984
-106.88899230957031
-113.38389587402344
-106.63062286376953
-109.96878051757812
-105.48033142089844
-107.96846771240234
-103.3684310913086
-108.47499084472656
-109.12762451171875
-108.8560791015625
-105.70319366455078
-105.60661315917969
-111.20240020751953
-108.99138641357422
-111.29322052001953
-107.08924102783203
-111.56729125976562
-109.95925903320312
-108.31843566894531
-115.05411529541016
-116.12925720214844
-106.90933990478516
-107.98619079589844
-106.08238983154297
-107.44932556152344
-106.1875228881836
-113.87041473388672
-107.17711639404297
-109.15214538574219
-106.76529693603516
-111.50080108642578
-110.94108581542969
-104.46978759765625
-109.69184112548828
-108.29154205322266
-115.95845794677734
-105.87553405761719
-106.72032165527344
-106.77822875976562
-109.12189483642578
-109.22528839111328
-117.64055633544922
-113.39486694335938
-105.24183654785156
-108.89598083496094
-109.9383544921875
-106.33368682861328
-111.12310791015625
-112.69441986083984
-110.34767150878906
-102.16616821289062
-112.3862533569336
-113.31808471679688
-105.1500015258789
-107.8421859741211
-106.70797729492188
-115.02601623535156
-114.7750015258789
-112.81954193115234
-105.39176177978516
-108.91539001464844
-107.610595703125
-111.58856964111328
-109.63739013671875
-109.12848663330078
-112.36494445800781
-111.53543090820312
-107.10943603515625
-111.5185317993164
-110.36579132080078
-104.05424499511719
-110.45491790771484
-116.08785247802734
-114.96592712402344
-112.94424438476562
-106.6375961303711
-108.38948059082031
-112.99394989013672
-105.50802612304688
-104.89633178710938
-105.49353790283203
-114.20930480957031
-102.12672424316406
-113.08271789550781
-103.72653198242188
-118.71509552001953
-113.36671447753906
-109.18720245361328
-109.85173034667969
-111.72380828857422
-111.95885467529297
-106.75483703613281
-108.35787963867188
-110.71990966796875
-109.05718994140625
-103.05184936523438
-106.21318817138672
-103.48687744140625
-107.73809814453125
-108.73716735839844
-107.53162384033203
-110.7551040649414
-105.80574035644531
-111.97035217285156
-104.97053527832031
-104.77013397216797
-116.0445785522461
-113.40036010742188
-108.7041015625
-111.61333465576172
-112.02653503417969
-111.39087677001953
-104.42523956298828
-104.68769073486328
-109.5685806274414
-105.37548828125
-109.72373962402344
-107.75653839111328
-104.90068817138672
-108.10103607177734
-106.41427612304688
-115.29206848144531
-111.69597625732422
-109.62622833251953
-106.79393005371094
-108.10063934326172
-107.0638656616211
-107.13218688964844
-109.75396728515625
-106.40331268310547
-104.63600158691406
-108.63902282714844
-103.22909545898438
-107.7403564453125
-114.54916381835938
-110.02909088134766
-108.2949447631836
-113.68923950195312
-110.6185302734375
-109.81632232666016
-114.92604064941406
-106.19528198242188
-105.30226135253906
-109.93806457519531
-111.99736785888672
-109.76848602294922
-104.54085540771484
-115.89330291748047
-112.1524429321289
-114.73140716552734
-116.30762481689453
-110.72020721435547
-107.00808715820312
-101.20110321044922
-107.0966796875
-106.12544250488281
-106.48896789550781
-108.68342590332031
-108.50306701660156
-121.36685180664062
-109.3262939453125
-116.01463317871094
-113.69348907470703
-108.21725463867188
-105.12289428710938
-110.35042572021484
-106.2531967163086
-105.75816345214844
-114.66670227050781
-105.3242416381836
-113.64055633544922
-106.54639434814453
-102.84077453613281
-108.10091400146484
-115.24829864501953
-109.0384521484375
-108.0450668334961
-112.77313232421875
-110.83390808105469
-111.81147003173828
-106.09955596923828
-104.67432403564453
-111.87255096435547
-105.10159301757812
-103.515869140625
-112.09532165527344
-111.10031127929688
-112.42269897460938
-111.98815155029297
-109.65729522705078
-107.35433197021484
-111.13582611083984
-112.0635986328125
-107.26007843017578
-105.88977813720703
-105.61534881591797
-110.19782257080078
-108.72723388671875
-104.99295806884766
-109.59098815917969
-99.70199584960938
-105.6863784790039
-110.7728271484375
-108.58428955078125
-109.73857116699219
-106.4559326171875
-107.78376007080078
-108.30352783203125
-104.75337219238281
-108.78179168701172
-116.54005432128906
-111.58008575439453
-108.38619232177734
-109.80059051513672
-109.54021453857422
-107.19441223144531
-110.75048828125
-108.4464340209961
-106.52751159667969
-108.98402404785156
-110.38908386230469
-103.98180389404297
-109.86723327636719
-110.04109191894531
-106.96932983398438
-106.67095184326172
-107.83564758300781
-111.02456665039062
-116.74864959716797
-105.59983825683594
-107.90489959716797
-113.1522445678711
-108.65330505371094
-111.9582290649414
-105.59798431396484
-109.76504516601562
-111.6005859375
-104.88385772705078
-107.54654693603516
-113.57134246826172
-107.6633071899414
-108.83660888671875
-112.54190826416016
-113.6349105834961
-101.70330810546875
-109.3822021484375
-108.60861206054688
-101.52596282958984
-106.05304718017578
-109.87745666503906
-108.14505767822266
-104.6253890991211
-112.64306640625
-110.09049224853516
-110.40232849121094
-106.13748931884766
-106.51013946533203
-114.14356994628906
-111.06127166748047
-107.52916717529297
-105.46622467041016
-109.96243286132812
-104.47854614257812
-106.8577651977539
-109.72633361816406
-110.68736267089844
-103.3538589477539
-113.03856658935547
-105.10662841796875
-107.8897705078125
-101.52505493164062
-107.4774398803711
-103.21530151367188
-104.84222412109375
-109.54859924316406
-98.7950210571289
-107.81757354736328
-112.45065307617188
-108.36764526367188
-106.5519027709961
-113.43238067626953
-117.08126831054688
-104.68917083740234
-105.98793029785156
-113.56864166259766
-111.98458862304688
-104.50784301757812
-111.23604583740234
-106.21036529541016
-108.59429931640625
-104.19483184814453
-107.55023956298828
-110.02613067626953
-109.86349487304688
-103.6130142211914
-107.07061767578125
-112.62771606445312
-101.05485534667969
-99.7469253540039
-105.72616577148438
-106.44005584716797
-109.76042175292969
-107.6579818725586
-107.85285949707031
-114.22400665283203
-109.85794067382812
-106.44532775878906
-107.9505386352539
-106.75102996826172
-111.78531646728516
-109.15838623046875
-114.51175689697266
-102.88520812988281
-105.8742446899414
-107.68074035644531
-114.09422302246094
-108.04236602783203
-110.41477966308594
-106.50638580322266
-106.48223114013672
-110.70930480957031
-103.42784118652344
-106.00846862792969
-109.32891082763672
-107.5995101928711
-109.21880340576172
-109.83765411376953
-113.57150268554688
-108.85047912597656
-109.53573608398438
-109.38473510742188
-107.90642547607422
-110.58403015136719
-107.7478256225586
-111.27195739746094
-106.4910888671875
-104.6035385131836
-104.232177734375
-111.49195861816406
-113.9698486328125
-109.0982666015625
-102.85496520996094
-109.63143157958984
-111.78013610839844
-112.29960632324219
-108.70020294189453
-106.62736511230469
-105.7563705444336
-110.00955200195312
-106.8975601196289
-107.81238555908203
-108.344482421875
-108.74024200439453
-106.27952575683594
-105.67170715332031
-101.28624725341797
-109.9039077758789
-110.49545288085938
-110.94874572753906
-108.09909057617188
-111.4012222290039
-105.55043029785156
-106.76954650878906
-112.60315704345703
-105.23336791992188
-112.32193756103516
-107.86290740966797
-110.01768493652344
-103.21656036376953
-104.54403686523438
-109.12653350830078
-107.3186264038086
-105.21248626708984
-109.00059509277344
-107.6968765258789
-107.39689636230469
-103.800537109375
-109.05244445800781
-106.2501449584961
-110.59276580810547
-112.14020538330078
-112.5208969116211
-106.83926391601562
-106.00540161132812
-102.732666015625
-112.21989440917969
-102.06082153320312
-115.8883285522461
-108.4327621459961
-113.76759338378906
-104.7557601928711
-104.77869415283203
-107.47640228271484
-106.66394805908203
-107.22638702392578
-111.21646118164062
-111.97270965576172
-109.4346923828125
-105.60487365722656
-113.32145690917969
-105.76788330078125
-111.79844665527344
-114.31086730957031
-111.11685943603516
-108.62454986572266
-113.88397216796875
-105.60519409179688
-112.54584503173828
-103.7463150024414
-107.63484954833984
-108.62383270263672
-112.21463775634766
-111.80690002441406
-110.4095687866211
-108.15455627441406
-108.02669525146484
-111.4248275756836
-109.08428955078125
-105.28841400146484
-112.8736801147461
-104.41329956054688
-109.06693267822266
-109.1226577758789
-104.55560302734375
-108.25386047363281
-109.77600860595703
-108.32903289794922
-107.35665893554688
-109.90106964111328
-107.53254699707031
-111.34783935546875
-116.1840591430664
-100.72943115234375
-108.35103607177734
-101.07611083984375
-110.12763214111328
-104.09606170654297
-105.98609924316406
-109.74381256103516
-110.49281311035156
-113.08867645263672
-109.6002197265625
-108.34838104248047
-108.61786651611328
-108.79061889648438
-109.56369018554688
