-100.13927459716797
-108.6399154663086
-101.29002380371094
-105.70316314697266
-107.8865966796875
-105.26033020019531
-98.72822570800781
-94.99472045898438
-104.9395523071289
-98.49259948730469
-103.5631332397461
-100.89889526367188
-106.77367401123047
-104.74034118652344
-100.53372955322266
-98.82516479492188
-96.64202117919922
-107.51578521728516
-103.33499145507812
-97.4409408569336
-103.38722229003906
-101.9393310546875
-100.95391082763672
-102.80055236816406
-104.18502807617188
-107.43444061279297
-97.8585205078125
-105.75930786132812
-97.32738494873047
-100.50080871582031
-105.05191802978516
-109.54683685302734
-107.32502746582031
-109.7804183959961
-105.76054382324219
-98.58863067626953
-98.68244934082031
-103.56958770751953
-100.44744110107422
-101.33563995361328
-95.67967224121094
-96.2209701538086
-106.69291687011719
-102.18939971923828
-98.8316421508789
-104.94752502441406
-103.18685913085938
-102.81226348876953
-100.14286041259766
-99.80097961425781
-99.1894302368164
-100.73451232910156
-98.87069702148438
-109.74820709228516
-106.07440948486328
-102.05265045166016
-105.04785919189453
-98.40663146972656
-94.92153930664062
-105.4662857055664
-101.4721450805664
-104.3115234375
-98.20343017578125
-100.5849380493164
-101.13899993896484
-94.38809967041016
-102.06004333496094
-102.35305786132812
-101.36846923828125
-99.73529052734375
-102.3315658569336
-99.1804428100586
-98.94824981689453
-106.14057922363281
-101.392822265625
-104.04342651367188
-98.29151153564453
-102.47169494628906
-101.0998306274414
-103.5137710571289
-100.6767807006836
-102.68650817871094
-94.8099594116211
-100.25989532470703
-105.48129272460938
-100.23042297363281
-104.31793212890625
-97.61439514160156
-105.3466796875
-97.97856903076172
-98.99259185791016
-101.73829650878906
-100.65851593017578
-104.52739715576172
-104.3003158569336
-103.16201782226562
-101.77590942382812
-101.2607192993164
-100.20051574707031
-101.70565032958984
-103.34144592285156
-92.99646759033203
-103.1328353881836
-103.03253936767578
-99.6803970336914
-106.53767395019531
-103.49002075195312
-94.1150894165039
-100.27766418457031
-95.49468231201172
-103.82625579833984
-94.43478393554688
-103.0250015258789
-96.16780853271484
-99.83352661132812
-98.87899017333984
-103.08997344970703
-100.107421875
-100.60403442382812
-96.72403717041016
-107.8412094116211
-101.36906433105469
-99.69876861572266
-99.15515899658203
-92.6355972290039
-104.27056121826172
-100.27760314941406
-94.86373901367188
-101.36258697509766
-100.41302490234375
-96.1318359375
-104.42713165283203
-98.70012664794922
-100.6841812133789
-96.81718444824219
-98.28990173339844
-98.80255889892578
-102.9803237915039
-100.84679412841797
-99.35015106201172
-104.16001892089844
-104.46845245361328
-99.22090148925781
-100.76824188232422
-103.5291519165039
-98.97532653808594
-101.09938049316406
-101.13165283203125
-106.64266204833984
-105.58544158935547
-108.29200744628906
-96.24015808105469
-104.7962875366211
-104.67243957519531
-105.89796447753906
-109.27330780029297
-107.95806121826172
-103.37744140625
-104.27672576904297
-97.87176513671875
-102.68696594238281
-101.62166595458984
-103.7647476196289
-100.12997436523438
-98.76984405517578
-97.60472869873047
-102.9840316772461
-110.89878845214844
-105.60840606689453
-101.2024917602539
-102.61380767822266
-95.24842834472656
-103.51887512207031
-101.1808853149414
-95.60952758789062
-100.92388916015625
-101.84418487548828
-99.99504089355469
-102.26497650146484
-97.37649536132812
-102.23565673828125
-108.2662353515625
-101.1867904663086
-99.9723129272461
-95.1340103149414
-102.85895538330078
-97.51356506347656
-102.0426025390625
-102.63046264648438
-104.96419525146484
-105.98371124267578
-97.27088165283203
-97.03132629394531
-103.38874053955078
-99.82496643066406
-103.7510757446289
-101.10501861572266
-104.4112777709961
-97.2050552368164
-103.05886840820312
-98.30329895019531
-101.82029724121094
-102.7376480102539
-98.85771942138672
-101.8814468383789
-104.88117980957031
-109.1873779296875
-97.79132843017578
-95.17208862304688
-105.39947509765625
-99.69615936279297
-103.45067596435547
-101.11266326904297
-107.96797180175781
-100.93017578125
-101.78441619873047
-102.03961944580078
-101.32465362548828
-104.54398345947266
-98.53701782226562
-99.07145690917969
-106.4106216430664
-100.70091247558594
-106.66686248779297
-102.94683074951172
-106.03489685058594
-106.18316650390625
-103.8070068359375
-104.20848083496094
-104.47685241699219
-107.24681091308594
-110.1284408569336
-105.1001968383789
-102.77182006835938
-104.66448211669922
-97.79718780517578
-104.67522430419922
-105.01296997070312
-105.18537902832031
-102.0441665649414
-104.56112670898438
-102.85704803466797
-103.2021713256836
-101.93789672851562
-101.37431335449219
-103.16897583007812
-102.56018829345703
-104.8247299194336
-100.49274444580078
-99.80069732666016
-105.31170654296875
-102.51748657226562
-98.25238800048828
-94.59435272216797
-100.11168670654297
-100.08811950683594
-101.43733978271484
-110.05172729492188
-100.66907501220703
-103.73601531982422
-107.32247924804688
-103.50618743896484
-104.32879638671875
-99.5801773071289
-97.76347351074219
-102.28112030029297
-102.42755126953125
-97.25985717773438
-98.66963195800781
-102.92753601074219
-101.1364517211914
-101.08236694335938
-102.81460571289062
-104.05401611328125
-98.11778259277344
-101.52899169921875
-103.37537384033203
-94.98532104492188
-101.00972747802734
-103.37738800048828
-94.83778381347656
-99.64176177978516
-99.772705078125
-99.6016845703125
-96.02101135253906
-103.12825775146484
-99.91810607910156
-104.72611999511719
-104.63555908203125
-101.1971206665039
-103.47087097167969
-99.77055358886719
-99.71399688720703
-105.84855651855469
-103.2894287109375
-102.87156677246094
-99.9664306640625
-105.18064880371094
-102.30459594726562
-98.85931396484375
-101.3102798461914
-101.35362243652344
-106.31159973144531
-103.12381744384766
-104.77206420898438
-99.51388549804688
-98.94500732421875
-106.55831909179688
-103.25110626220703
-105.0711669921875
-103.1591796875
-102.57472229003906
-98.8887710571289
-103.97341918945312
-97.22309875488281
-100.91352844238281
-97.80891418457031
-103.57662963867188
-100.37124633789062
-100.54466247558594
-100.52822875976562
-107.95220184326172
-97.20452117919922
-98.03157043457031
-97.97785949707031
-104.19864654541016
-105.74457550048828
-98.24337005615234
-105.13990020751953
-103.87584686279297
-100.618408203125
-99.84493255615234
-100.85494995117188
-103.75929260253906
-106.904296875
-105.89379119873047
-101.56935119628906
-103.70272064208984
-99.9952621459961
-106.37364196777344
-105.0274429321289
-103.8803939819336
-107.82422637939453
-101.6190414428711
-104.7148666381836
-99.07078552246094
-98.05689239501953
-98.7242202758789
-103.6571273803711
-107.76466369628906
-101.96604919433594
-103.47579956054688
-104.82791900634766
-103.1268310546875
-99.64148712158203
-103.87184143066406
-103.80912780761719
-103.99586486816406
-106.29370880126953
-104.34136962890625
-103.45490264892578
-104.25248718261719
-102.27006530761719
-106.04512023925781
-102.85617065429688
-103.26055145263672
-102.19318389892578
-100.25032043457031
-104.1489486694336
-102.65364837646484
-102.2236557006836
-103.49866485595703
-96.97325134277344
-109.6826171875
-102.31796264648438
-107.53044128417969
-99.65070343017578
-101.06246948242188
-96.910888671875
-99.14883422851562
-101.40992736816406
-97.51274108886719
-99.40493774414062
-99.02857208251953
-104.48263549804688
-101.77647399902344
-100.28517150878906
-103.4898681640625
-105.22061157226562
-98.30174255371094
-96.75690460205078
-97.13571166992188
-102.12236785888672
-102.50647735595703
-102.52254486083984
-99.04720306396484
-95.33240509033203
-107.40150451660156
-98.56990814208984
-100.29058837890625
-102.022216796875
-100.66129302978516
-99.77242279052734
-97.6297378540039
-98.64191436767578
-108.77082824707031
-97.19853210449219
-99.75114440917969
-103.53096008300781
-103.04948425292969
-104.88417053222656
-103.39779663085938
-104.1953125
-99.12226867675781
-98.58868408203125
-97.76239013671875
-108.62733459472656
-97.71519470214844
-98.34586334228516
-103.5661392211914
-103.7784423828125
-96.7408447265625
-101.47384643554688
-106.49440002441406
-97.15718078613281
-102.19645690917969
-102.29415893554688
-96.99989318847656
-96.437255859375
-106.6755599975586
-100.3653793334961
-104.99745178222656
-96.78488159179688
-100.53146362304688
-96.12683868408203
-103.81314849853516
-99.96638488769531
-103.2303466796875
-100.9935073852539
-101.40023040771484
-104.42082214355469
-99.62657165527344
-105.23047637939453
-92.34477233886719
-100.90930938720703
-99.02961730957031
-102.54911804199219
-98.34660339355469
-96.66807556152344
-103.36750793457031
-98.4444351196289
-105.98506927490234
-101.24752807617188
-101.5024642944336
-108.36569213867188
-101.67292785644531
-104.9091796875
-102.26692199707031
-105.48918151855469
-97.18976593017578
-104.04701232910156
-99.98155975341797
-107.75194549560547
-93.65367126464844
-100.46086883544922
-106.14957427978516
-108.04765319824219
-102.86580657958984
-97.45988464355469
-96.12701416015625
-105.56867218017578
-99.68013000488281
-102.02666473388672
-103.36629486083984
-100.21276092529297
-101.3447265625
-101.00764465332031
-106.66594696044922
-96.70526123046875
-99.11009216308594
-94.30239868164062
-101.68115997314453
-100.16179656982422
-95.71578979492188
-104.75133514404297
-98.74612426757812
-99.91785430908203
-98.34683227539062
-101.59561920166016
-105.59535217285156
-101.6946029663086
-96.7664566040039
-98.72840118408203
-105.02703857421875
-99.58643341064453
-104.46318054199219
-98.5921630859375
-101.09488677978516
-96.57502746582031
-100.96784210205078
-102.29676818847656
-99.9182357788086
-96.97733306884766
-98.7227554321289
-102.84247589111328
-99.50690460205078
-103.10206604003906
-99.2960433959961
-103.80628204345703
-100.97001647949219
-99.97808837890625
-104.5689926147461
-106.69367980957031
-99.36338806152344
-99.07379150390625
-98.55004119873047
-98.85160827636719
-98.08651733398438
-103.07920837402344
-99.25151824951172
-100.44207000732422
-100.1258316040039
-101.41731262207031
-101.55664825439453
-96.04317474365234
-102.63442993164062
-99.74600219726562
-108.670166015625
-98.62183380126953
-99.14225769042969
-99.92474365234375
-100.9676513671875
-101.72731018066406
-107.84369659423828
-107.9718246459961
-98.8628921508789
-101.03925323486328
-103.67914581298828
-99.23457336425781
-101.78546142578125
-106.01066589355469
-101.51698303222656
-93.992431640625
-104.24868774414062
-105.4969482421875
-95.88603210449219
-99.9676513671875
-98.62742614746094
-107.91187286376953
-104.94390106201172
-106.61175537109375
-97.22211456298828
-100.51239776611328
-99.29698181152344
-102.75524139404297
-101.81780242919922
-102.59617614746094
-105.48883056640625
-104.49470520019531
-101.42439270019531
-105.17881774902344
-101.99950408935547
-96.39360046386719
-102.8128433227539
-106.61167907714844
-107.30408477783203
-104.61795806884766
-99.40252685546875
-101.28739166259766
-105.78033447265625
-97.93742370605469
-97.63794708251953
-98.21216583251953
-105.62911987304688
-95.49795532226562
-103.79013061523438
-95.97550201416016
-109.70817565917969
-103.36035919189453
-102.19124603271484
-103.13343811035156
-103.91278076171875
-103.98210144042969
-99.7809066772461
-101.89939880371094
-102.43714141845703
-100.9161605834961
-96.76549530029297
-98.20103454589844
-95.84408569335938
-101.2037124633789
-99.89035034179688
-100.7303695678711
-103.98948669433594
-99.38420104980469
-103.1483154296875
-98.1644287109375
-97.27822875976562
-105.65669250488281
-105.71101379394531
-101.14141082763672
-103.29049682617188
-104.1867446899414
-103.84654235839844
-98.7935562133789
-98.5453109741211
-100.89411926269531
-99.40585327148438
-102.30363464355469
-100.56620788574219
-98.33122253417969
-102.45620727539062
-97.69001770019531
-107.83149719238281
-104.51255798339844
-102.16166687011719
-99.28727722167969
-102.78682708740234
-99.89176177978516
-99.21480560302734
-102.33872985839844
-98.4013442993164
-97.63301086425781
-100.8176040649414
-97.34457397460938
-99.0760498046875
-106.52912139892578
-102.3656997680664
-99.45774841308594
-106.2953872680664
-101.25580596923828
-102.45184326171875
-106.41088104248047
-99.41602325439453
-97.55359649658203
-102.477783203125
-104.30577087402344
-100.87557220458984
-97.00830078125
-108.36697387695312
-103.91283416748047
-106.13480377197266
-107.39263916015625
-103.12153625488281
-98.27719116210938
-95.66919708251953
-101.3301010131836
-98.67887878417969
-97.41151428222656
-100.27676391601562
-101.73213958740234
-111.4875717163086
-103.31581115722656
-107.94493865966797
-105.38367462158203
-101.8291015625
-99.788818359375
-102.46920013427734
-100.7498779296875
-99.45304870605469
-104.58345794677734
-99.51544189453125
-105.21955871582031
-99.8427505493164
-95.18437194824219
-102.14424896240234
-106.1211929321289
-102.4063720703125
-100.73120880126953
-104.8974609375
-103.12386322021484
-103.99772644042969
-98.78463745117188
-99.4091567993164
-105.1904525756836
-98.1855239868164
-97.71485137939453
-104.95877075195312
-105.0073013305664
-104.641357421875
-105.9332046508789
-102.06339263916016
-99.347900390625
-104.57520294189453
-105.1946029663086
-101.30042266845703
-99.84737396240234
-100.13385772705078
-103.622314453125
-102.69313049316406
-97.37374877929688
-103.76403045654297
-94.24742126464844
-98.70826721191406
-104.54914855957031
-102.47354125976562
-101.46401977539062
-100.72174072265625
-100.4198989868164
-101.9054183959961
-99.19624328613281
-102.38639831542969
-108.87419891357422
-103.4913330078125
-101.87580108642578
-102.27313995361328
-102.61280059814453
-100.34477996826172
-103.99544525146484
-101.77024841308594
-99.44876098632812
-100.72197723388672
-101.35813903808594
-98.72737884521484
-102.47484588623047
-101.7625732421875
-99.37689971923828
-99.77235412597656
-99.42503356933594
-104.52108001708984
-106.7125244140625
-98.27593994140625
-100.55410766601562
-105.55399322509766
-99.67930603027344
-104.66171264648438
-99.57962799072266
-100.91934204101562
-103.59417724609375
-97.32393646240234
-100.53567504882812
-105.54257202148438
-101.00060272216797
-100.77114868164062
-104.14360809326172
-105.9031982421875
-96.8893814086914
-100.72794342041016
-102.58853149414062
-96.16393280029297
-98.87447357177734
-103.0661849975586
-101.23505401611328
-98.20113372802734
-103.87641143798828
-101.38453674316406
-100.99491119384766
-99.48688507080078
-99.71943664550781
-106.20801544189453
-103.2788314819336
-99.81719970703125
-97.99076843261719
-103.58585357666016
-96.98224639892578
-99.24195098876953
-102.64408111572266
-103.81851959228516
-97.25067138671875
-106.32775115966797
-99.82429504394531
-101.44051361083984
-94.96961975097656
-101.48674774169922
-96.95654296875
-98.18368530273438
-100.67314147949219
-94.51567840576172
-101.06492614746094
-106.0609130859375
-101.69982147216797
-99.30381774902344
-106.91694641113281
-109.60401916503906
-97.4296875
-99.03983306884766
-106.212890625
-103.26593017578125
-97.78827667236328
-103.41663360595703
-98.69447326660156
-100.86902618408203
-99.38256072998047
-99.68846130371094
-102.77291107177734
-103.60913848876953
-96.3587417602539
-102.46675872802734
-103.8979721069336
-96.49114990234375
-93.54009246826172
-98.31309509277344
-98.23001098632812
-102.39122009277344
-99.51439666748047
-101.73832702636719
-106.8110580444336
-102.16753387451172
-99.49458312988281
-101.25450134277344
-99.76431274414062
-103.59904479980469
-102.60556030273438
-106.35246276855469
-95.2911605834961
-98.54328918457031
-101.23248291015625
-105.03604125976562
-101.70255279541016
-102.6784439086914
-100.4137954711914
-100.504150390625
-103.70973205566406
-97.75543212890625
-97.82140350341797
-103.01026153564453
-100.8681640625
-102.20793914794922
-103.69365692138672
-107.16343688964844
-101.2827377319336
-103.76002502441406
-102.71501922607422
-101.26071166992188
-103.72464752197266
-103.96163177490234
-107.00932312011719
-99.90397644042969
-96.45464324951172
-96.37376403808594
-104.12027740478516
-106.4334716796875
-102.02301788330078
-97.65013885498047
-103.40615844726562
-103.8396987915039
-104.01191711425781
-101.83696746826172
-101.36553955078125
-97.47994995117188
-102.37406158447266
-100.09303283691406
-101.76150512695312
-100.82647705078125
-100.7127685546875
-99.42034149169922
-98.11518096923828
-93.85303497314453
-102.51930236816406
-102.99040985107422
-104.19182586669922
-102.90107727050781
-105.34339904785156
-98.75675201416016
-100.82891082763672
-104.7680892944336
-97.87330627441406
-106.61237335205078
-101.5836181640625
-102.39876556396484
-96.14427947998047
-98.0533447265625
-102.47119903564453
-100.5920181274414
-98.08914184570312
-101.87967681884766
-99.85086822509766
-101.3912582397461
-97.43942260742188
-101.54548645019531
-99.41416931152344
-102.77520751953125
-104.41716003417969
-106.50540924072266
-100.46670532226562
-99.66687774658203
-97.1298828125
-105.07793426513672
-97.41649627685547
-107.46479797363281
-101.76588439941406
-106.04180145263672
-99.01761627197266
-99.28814697265625
-99.9217529296875
-100.50495147705078
-101.68231201171875
-103.01393127441406
-104.36105346679688
-102.89402770996094
-99.97798919677734
-106.3560791015625
-100.11839294433594
-107.1314697265625
-107.06380462646484
-105.10707092285156
-101.69859313964844
-108.08091735839844
-100.72531127929688
-104.48640441894531
-98.21839904785156
-100.94740295410156
-101.84544372558594
-106.371337890625
-104.88461303710938
-104.25209045410156
-102.564453125
-103.0171127319336
-104.6824722290039
-101.76300811767578
-99.98570251464844
-105.23906707763672
-97.77716064453125
-102.90450286865234
-101.19852447509766
-98.29779815673828
-102.02256774902344
-102.61162567138672
-100.85169219970703
-101.43234252929688
-102.83595275878906
-102.17529296875
-103.57856750488281
-107.82051849365234
-95.09867858886719
-102.64488983154297
-96.37602996826172
-103.38261413574219
-99.79043579101562
-100.32717895507812
-103.24214172363281
-105.09144592285156
-105.56371307373047
-104.86677551269531
-102.29670715332031
-104.06417846679688
-102.98346710205078
-101.50203704833984
