-98.71643829345703
-108.19342041015625
-101.06448364257812
-106.34867095947266
-108.9432373046875
-104.85835266113281
-98.23695373535156
-95.71488189697266
-105.2904052734375
-99.0379409790039
-104.02964782714844
-100.78620147705078
-106.53238677978516
-104.47074127197266
-101.58573150634766
-97.99930572509766
-95.92726135253906
-105.9164810180664
-103.72325134277344
-96.9596176147461
-103.62448120117188
-100.77334594726562
-101.25334167480469
-103.6484603881836
-104.41342163085938
-107.37382507324219
-99.62667846679688
-107.31153869628906
-96.16682434082031
-99.86700439453125
-104.98970031738281
-111.15858459472656
-108.15841674804688
-108.65885925292969
-106.25909423828125
-100.88504028320312
-100.33426666259766
-103.65287780761719
-101.04344940185547
-101.72222137451172
-96.13838195800781
-96.71195983886719
-105.6396255493164
-100.96122741699219
-98.8196029663086
-104.75670623779297
-104.64067840576172
-102.7767333984375
-101.2501220703125
-99.70775604248047
-100.05298614501953
-101.53966522216797
-100.79972076416016
-111.42420196533203
-106.55883026123047
-101.20101928710938
-105.00475311279297
-97.7041244506836
-96.07279968261719
-106.74250030517578
-102.53662109375
-103.92420959472656
-99.41387176513672
-101.24146270751953
-102.15245056152344
-94.35466003417969
-102.3029556274414
-101.88499450683594
-102.84337615966797
-101.3628921508789
-102.35881805419922
-99.73804473876953
-99.33895874023438
-106.78339385986328
-101.37770080566406
-104.42945861816406
-99.7060546875
-104.44886779785156
-100.89302825927734
-104.90605926513672
-100.81805419921875
-102.42356872558594
-96.02824401855469
-101.01284790039062
-105.59066772460938
-101.04252624511719
-104.22021484375
-98.38046264648438
-106.99065399169922
-97.70296478271484
-100.48854064941406
-103.14623260498047
-100.682373046875
-104.06583404541016
-104.74813842773438
-103.90642547607422
-102.90936279296875
-101.31590270996094
-102.17366027832031
-102.64973449707031
-102.57353210449219
-92.80394744873047
-104.78844451904297
-104.4455337524414
-99.773193359375
-106.52567291259766
-103.60088348388672
-95.08003234863281
-100.75912475585938
-94.37841033935547
-103.54877471923828
-93.8399887084961
-103.27881622314453
-96.31069946289062
-100.4754867553711
-100.15510559082031
-104.24579620361328
-98.90835571289062
-101.04161834716797
-95.10553741455078
-108.01173400878906
-101.14732360839844
-101.40941619873047
-97.93756866455078
-92.50939178466797
-105.18360900878906
-99.70825958251953
-95.91768646240234
-101.2265396118164
-103.52410888671875
-96.44889068603516
-104.55223846435547
-98.11380767822266
-101.300048828125
-95.25012969970703
-99.714111328125
-98.08686065673828
-103.19036865234375
-100.97461700439453
-99.2045669555664
-103.14067840576172
-103.25155639648438
-99.3579330444336
-100.41463470458984
-104.08650970458984
-99.64946746826172
-102.4717025756836
-101.21925354003906
-105.50035095214844
-104.8546371459961
-108.18836975097656
-96.23649597167969
-104.8338394165039
-104.59971618652344
-108.28475189208984
-108.13692474365234
-108.50437927246094
-102.43844604492188
-105.62382507324219
-98.57831573486328
-102.4989242553711
-100.75701141357422
-104.28302764892578
-99.89713287353516
-97.85153198242188
-97.8097915649414
-103.55121612548828
-110.4894027709961
-106.14374542236328
-103.03105163574219
-103.6386489868164
-95.43865966796875
-104.45075988769531
-101.61089324951172
-96.9778060913086
-102.565185546875
-101.3429183959961
-99.7055435180664
-102.8866958618164
-98.05390930175781
-101.68993377685547
-107.18270111083984
-100.6439437866211
-102.77256774902344
-96.62871551513672
-103.9185791015625
-97.39568328857422
-103.73587036132812
-102.6159896850586
-104.1198959350586
-106.13140106201172
-98.77500915527344
-97.57845306396484
-104.1011962890625
-98.12720489501953
-103.278564453125
-102.18006896972656
-104.82223510742188
-97.63320922851562
-103.50768280029297
-99.37213897705078
-101.09904479980469
-101.36156463623047
-97.58257293701172
-101.6788101196289
-104.2816162109375
-107.90023803710938
-98.64512634277344
-95.35010528564453
-105.38648223876953
-100.74833679199219
-101.6753158569336
-100.73899841308594
-106.67780303955078
-101.41802978515625
-102.23017883300781
-103.09636688232422
-101.01667785644531
-104.28591918945312
-99.4087142944336
-98.96148681640625
-105.40729522705078
-99.74296569824219
-106.36872863769531
-104.65597534179688
-105.7021255493164
-105.02936553955078
-104.99566650390625
-104.34843444824219
-103.71630859375
-107.65747833251953
-110.65994262695312
-104.9944839477539
-102.72264099121094
-104.53903198242188
-97.81134033203125
-105.45950317382812
-105.25212097167969
-106.02369689941406
-100.85611724853516
-103.90596008300781
-102.77949523925781
-104.1294937133789
-103.103759765625
-102.64875793457031
-102.6933822631836
-102.84080505371094
-104.75645446777344
-100.22677612304688
-101.389892578125
-105.30509948730469
-102.76777648925781
-98.6266860961914
-95.20158386230469
-99.76861572265625
-99.24334716796875
-102.30891418457031
-111.64810943603516
-101.54818725585938
-103.7086410522461
-106.74751281738281
-102.57095336914062
-104.80880737304688
-99.87147521972656
-96.94332885742188
-102.24898529052734
-104.43927001953125
-96.9155502319336
-98.43186950683594
-103.15632629394531
-102.01445007324219
-100.42269897460938
-101.6512222290039
-104.55211639404297
-98.49079132080078
-101.57569122314453
-103.43407440185547
-95.26720428466797
-100.87187194824219
-102.74604797363281
-96.14125061035156
-101.04569244384766
-101.31389617919922
-98.43333435058594
-95.72098541259766
-102.17538452148438
-101.14302062988281
-103.66199493408203
-104.44792938232422
-101.66011047363281
-104.7039794921875
-99.39491271972656
-100.3110122680664
-107.01681518554688
-103.26659393310547
-102.29794311523438
-101.99617004394531
-106.22775268554688
-103.04615783691406
-100.03192138671875
-102.90312194824219
-101.60891723632812
-107.18132781982422
-101.85181427001953
-104.75566101074219
-100.46644592285156
-99.57366943359375
-105.01070404052734
-103.16160583496094
-106.0728759765625
-103.92245483398438
-101.15332794189453
-99.6150131225586
-105.17929077148438
-96.3180160522461
-102.53209686279297
-98.96070098876953
-105.36580657958984
-101.67804718017578
-102.45610809326172
-101.43880462646484
-107.36442565917969
-97.12117004394531
-98.16633605957031
-99.5525894165039
-103.87352752685547
-106.281005859375
-98.88642883300781
-106.63241577148438
-103.59326171875
-101.96538543701172
-100.00286102294922
-100.11811828613281
-103.91590881347656
-107.36095428466797
-108.186279296875
-101.59696960449219
-102.76736450195312
-98.94589233398438
-106.36753845214844
-104.76791381835938
-102.1192626953125
-106.60552978515625
-102.62645721435547
-105.00435638427734
-98.1430892944336
-97.40460968017578
-98.77792358398438
-103.33903503417969
-108.46221160888672
-102.78446960449219
-103.29483032226562
-105.53666687011719
-104.09107208251953
-100.09748840332031
-106.13665008544922
-103.68232727050781
-105.26934814453125
-107.70301055908203
-103.91930389404297
-104.99212646484375
-103.38934326171875
-102.58343505859375
-105.85043334960938
-102.76128387451172
-102.86176300048828
-103.75907897949219
-99.87606811523438
-106.09142303466797
-103.10470581054688
-100.83335876464844
-102.38919067382812
-96.80951690673828
-110.31169128417969
-102.05815124511719
-108.56202697753906
-98.7427749633789
-101.81177520751953
-97.0779037475586
-100.04661560058594
-103.36485290527344
-97.05955505371094
-98.21076965332031
-99.72425842285156
-104.55331420898438
-100.96931457519531
-102.82581329345703
-102.69062042236328
-104.81683349609375
-99.11370086669922
-98.42747497558594
-98.71444702148438
-103.24394226074219
-103.22899627685547
-103.03758239746094
-99.4167709350586
-95.2347183227539
-106.37494659423828
-99.0965805053711
-101.02134704589844
-101.74349212646484
-101.63983154296875
-100.03502655029297
-98.2968978881836
-100.3099136352539
-109.27606964111328
-96.01841735839844
-101.62151336669922
-104.25589752197266
-104.35587310791016
-106.75530242919922
-104.16226959228516
-104.05292510986328
-98.24308776855469
-99.31437683105469
-96.68763732910156
-109.17821502685547
-98.68733978271484
-98.43002319335938
-103.71783447265625
-105.62913513183594
-98.30908203125
-100.86446380615234
-106.85940551757812
-97.12889862060547
-103.37406921386719
-102.30462646484375
-97.2398681640625
-96.14993286132812
-108.19644165039062
-100.4384536743164
-105.65633392333984
-98.434326171875
-100.73361206054688
-98.03997039794922
-104.62884521484375
-99.84590911865234
-103.80628204345703
-102.48760986328125
-100.13965606689453
-103.41435241699219
-100.21075439453125
-105.88545227050781
-93.13479614257812
-101.97684478759766
-100.03274536132812
-101.71684265136719
-98.32144927978516
-97.82252502441406
-105.06570434570312
-99.68730926513672
-106.31917572021484
-102.6252670288086
-101.35408782958984
-107.2632827758789
-102.80582427978516
-104.54729461669922
-102.66242980957031
-105.4819107055664
-98.1734390258789
-103.7032470703125
-99.4869613647461
-108.99262237548828
-93.0587387084961
-101.01634216308594
-106.87432098388672
-107.66709899902344
-104.77037811279297
-98.72390747070312
-97.5156478881836
-103.67102813720703
-99.54721069335938
-102.03343963623047
-102.85871887207031
-98.827880859375
-100.83147430419922
-101.04849243164062
-106.73481750488281
-96.53827667236328
-98.68897247314453
-93.67991638183594
-100.3970947265625
-101.00450897216797
-95.06378936767578
-105.2540283203125
-98.6026382446289
-100.22444915771484
-96.59546661376953
-101.2286376953125
-105.133544921875
-101.3504409790039
-97.67906951904297
-98.8906478881836
-104.64685821533203
-98.36663818359375
-104.10315704345703
-98.43600463867188
-99.91559600830078
-96.63807678222656
-100.38265991210938
-102.5447769165039
-99.93817138671875
-96.91553497314453
-97.7076416015625
-102.6578140258789
-100.9571762084961
-103.50174713134766
-100.4615249633789
-104.62171173095703
-101.37960815429688
-100.05760192871094
-105.42112731933594
-107.70845031738281
-101.1460189819336
-99.64846801757812
-98.32611083984375
-99.42669677734375
-99.15385437011719
-104.57872009277344
-99.72298431396484
-102.03703308105469
-99.20175170898438
-103.0047836303711
-102.93740844726562
-97.33992004394531
-101.93414306640625
-101.69071197509766
-108.3019790649414
-98.50698852539062
-99.8498306274414
-99.53876495361328
-101.69747161865234
-101.72395324707031
-107.80252838134766
-106.90383911132812
-99.18526458740234
-100.9365234375
-102.94194030761719
-98.08794403076172
-103.51445770263672
-106.15569305419922
-103.80354309082031
-95.4519271850586
-103.8148193359375
-105.92312622070312
-98.105712890625
-100.73271179199219
-99.07379150390625
-107.69019317626953
-104.90327453613281
-106.73168182373047
-97.00729370117188
-101.48795318603516
-100.01644134521484
-102.93937683105469
-102.40135192871094
-102.87898254394531
-105.88893127441406
-104.97677612304688
-101.36959838867188
-105.94766235351562
-101.74262237548828
-95.83512878417969
-103.70185852050781
-106.4720230102539
-106.71257781982422
-105.4379653930664
-100.35187530517578
-101.13302612304688
-106.08972930908203
-98.59690856933594
-99.13238525390625
-99.21888732910156
-107.5462875366211
-95.7388916015625
-104.40605163574219
-96.61334228515625
-110.00355529785156
-104.23723602294922
-101.81729125976562
-103.48233032226562
-103.81876373291016
-103.85731506347656
-98.95986938476562
-101.99346923828125
-103.31272888183594
-100.63519287109375
-97.5131607055664
-99.56861114501953
-96.24269104003906
-100.93055725097656
-101.7510986328125
-101.52982330322266
-103.47499084472656
-99.462646484375
-103.43878936767578
-98.62895202636719
-98.12566375732422
-107.70801544189453
-107.35228729248047
-100.7508544921875
-102.96021270751953
-104.9037857055664
-105.09156036376953
-98.09443664550781
-97.6142578125
-99.8936996459961
-99.15619659423828
-103.2410888671875
-101.49646759033203
-98.41675567626953
-103.04488372802734
-100.98262023925781
-107.96833038330078
-104.80657958984375
-102.11722564697266
-100.5354232788086
-103.80582427978516
-100.4691162109375
-99.96614837646484
-101.59749603271484
-98.5953369140625
-97.80975341796875
-101.88289642333984
-96.82184600830078
-99.31544494628906
-106.3061752319336
-102.35740661621094
-99.37193298339844
-105.70082092285156
-101.97820281982422
-102.87272644042969
-106.65530395507812
-101.00948333740234
-98.78797912597656
-102.84590148925781
-105.4449691772461
-102.19144439697266
-97.64966583251953
-109.02996063232422
-103.83890533447266
-106.95677947998047
-107.82710266113281
-103.30260467529297
-98.33824920654297
-95.0036392211914
-99.60757446289062
-98.88150787353516
-98.08793640136719
-101.25039672851562
-102.74510192871094
-111.53323364257812
-102.2371826171875
-107.49114227294922
-104.87930297851562
-101.44939422607422
-99.8467788696289
-104.05860137939453
-100.0924301147461
-100.29752349853516
-104.58492279052734
-98.8479232788086
-105.02205657958984
-99.1137466430664
-95.73436737060547
-101.10411834716797
-107.89506530761719
-101.55451202392578
-100.81021881103516
-105.7071762084961
-104.18031311035156
-104.94865417480469
-98.64045715332031
-99.94751739501953
-104.53459167480469
-98.71183776855469
-98.47770690917969
-104.68698120117188
-104.69088745117188
-105.01780700683594
-105.90702819824219
-103.48722076416016
-100.78534698486328
-105.14695739746094
-105.36273193359375
-100.53046417236328
-99.94575500488281
-98.6550521850586
-103.94779205322266
-102.40914154052734
-97.81214141845703
-103.90259552001953
-95.13728332519531
-98.43732452392578
-104.7728271484375
-102.44390869140625
-102.1579818725586
-99.47480010986328
-101.07384490966797
-101.31352233886719
-99.7476806640625
-102.46155548095703
-109.43498229980469
-103.83241271972656
-102.8450698852539
-102.9588623046875
-102.31024932861328
-102.84999084472656
-104.8395004272461
-101.94084167480469
-101.38409423828125
-99.35234832763672
-101.02287292480469
-99.27323913574219
-102.76860809326172
-102.36210632324219
-100.20101165771484
-101.78651428222656
-100.5694351196289
-104.7719497680664
-107.33163452148438
-99.39753723144531
-102.33027648925781
-106.29916381835938
-101.4825668334961
-105.44263458251953
-99.9166030883789
-101.776611328125
-105.6139144897461
-97.52892303466797
-100.43177032470703
-105.81950378417969
-102.91905212402344
-101.19129180908203
-103.455322265625
-104.61551666259766
-96.42134094238281
-102.34231567382812
-102.95038604736328
-97.05178833007812
-97.97071075439453
-103.89354705810547
-101.10868835449219
-99.30359649658203
-104.71797180175781
-103.81969451904297
-101.29692840576172
-99.32550811767578
-102.2502670288086
-106.35769653320312
-105.9839096069336
-100.40023803710938
-97.91985321044922
-103.29007720947266
-98.46210479736328
-99.72691345214844
-101.35808563232422
-104.37067413330078
-96.6282730102539
-106.37063598632812
-99.86949157714844
-101.37837219238281
-94.92019653320312
-101.28546142578125
-98.21794128417969
-99.32215118408203
-102.76382446289062
-93.97689056396484
-102.07662963867188
-105.77052307128906
-100.32572937011719
-100.15237426757812
-106.94124603271484
-108.94564819335938
-96.99513244628906
-99.50640106201172
-104.80230712890625
-103.4981689453125
-98.47628784179688
-103.63507843017578
-100.24602508544922
-101.97708129882812
-100.06127166748047
-101.82756042480469
-102.3776626586914
-104.9638900756836
-97.6489486694336
-101.1296157836914
-105.19110107421875
-95.44220733642578
-95.38163757324219
-99.21024322509766
-97.3154525756836
-102.7504653930664
-100.76180267333984
-100.8674087524414
-106.49018096923828
-102.2302017211914
-99.01935577392578
-102.70159149169922
-101.64877319335938
-103.37850189208984
-102.06759643554688
-107.88114166259766
-96.21292877197266
-99.93409729003906
-101.15904235839844
-106.75733184814453
-102.6539077758789
-102.03560638427734
-100.3316650390625
-100.5182876586914
-103.47307586669922
-97.59890747070312
-97.7109146118164
-102.87197875976562
-100.8474349975586
-102.16119384765625
-103.40601348876953
-107.95990753173828
-101.6402587890625
-102.90425872802734
-104.51687622070312
-101.68218994140625
-103.42945098876953
-102.41287994384766
-104.72183990478516
-100.66615295410156
-97.49179077148438
-97.4830093383789
-104.01516723632812
-105.99651336669922
-102.47393798828125
-97.41275024414062
-103.5527572631836
-104.27910614013672
-103.96642303466797
-101.1410903930664
-101.17094421386719
-98.03007507324219
-103.07592010498047
-99.86642456054688
-102.69442749023438
-101.5618896484375
-102.44450378417969
-100.140380859375
-98.93543243408203
-94.72174072265625
-103.5318832397461
-102.13639831542969
-104.6125259399414
-102.29676055908203
-104.44622802734375
-99.34416961669922
-99.8931884765625
-105.74443054199219
-97.75504302978516
-106.26679229736328
-102.18975067138672
-102.52784729003906
-95.9013671875
-99.20531463623047
-103.19813537597656
-101.58528137207031
-98.92583465576172
-104.62110137939453
-100.8966064453125
-102.95112609863281
-97.97908020019531
-102.68829345703125
-102.29093933105469
-102.60774230957031
-106.16818237304688
-105.39523315429688
-101.40463256835938
-100.48206329345703
-97.00953674316406
-106.18795013427734
-97.53746795654297
-108.22384643554688
-100.57298278808594
-104.91277313232422
-99.05943298339844
-99.552734375
-100.37686157226562
-99.8570556640625
-102.31383514404297
-104.23194122314453
-102.71145629882812
-103.41706848144531
-99.91584777832031
-107.03844451904297
-99.49690246582031
-107.24009704589844
-105.58805847167969
-104.92266845703125
-101.99039459228516
-108.9612045288086
-100.86346435546875
-103.33900451660156
-98.63680267333984
-101.14600372314453
-101.11442565917969
-104.41706085205078
-103.8277816772461
-105.68009948730469
-102.19404602050781
-101.48101043701172
-104.44268035888672
-102.81362915039062
-99.50843048095703
-106.54994201660156
-98.21126556396484
-103.67213439941406
-102.58951568603516
-99.32569122314453
-102.93678283691406
-102.08255004882812
-100.97579193115234
-100.15789794921875
-104.49908447265625
-102.36705017089844
-104.83250427246094
-107.97946166992188
-95.11760711669922
-102.40120697021484
-95.52294158935547
-104.57916259765625
-100.81538391113281
-99.74217224121094
-103.29711151123047
-106.27802276611328
-107.0110855102539
-103.7748794555664
-101.45095825195312
-104.29570007324219
-103.26923370361328
-102.27320098876953
