-100.12620544433594
-111.193115234375
-102.69915008544922
-106.39942932128906
-109.64775085449219
-105.88967895507812
-98.33008575439453
-95.5910415649414
-105.7539291381836
-101.5916519165039
-105.35197448730469
-103.37826538085938
-108.1638412475586
-104.28032684326172
-102.07244110107422
-98.52666473388672
-97.60193634033203
-107.46074676513672
-103.7797622680664
-98.4591064453125
-104.30362701416016
-101.20570373535156
-101.9036636352539
-105.77273559570312
-106.1971664428711
-109.62309265136719
-99.56576538085938
-106.81095886230469
-96.70179748535156
-100.86973571777344
-104.71782684326172
-111.79377746582031
-108.83908081054688
-108.87538146972656
-106.29318237304688
-100.41263580322266
-99.82715606689453
-104.51078033447266
-100.75198364257812
-101.59400177001953
-96.04412078857422
-97.58594512939453
-106.83267974853516
-103.01390075683594
-99.63236236572266
-105.12324523925781
-105.15252685546875
-104.9906997680664
-101.60967254638672
-101.8748550415039
-101.56864929199219
-103.4870376586914
-100.15199279785156
-113.3189697265625
-108.60330963134766
-102.75899505615234
-105.68209075927734
-100.07464599609375
-96.71810913085938
-107.57069396972656
-102.80912780761719
-106.40361022949219
-100.08515167236328
-102.11152648925781
-102.3284912109375
-96.06036376953125
-103.14937591552734
-103.6318130493164
-102.51287078857422
-101.1028823852539
-104.55606842041016
-100.1190414428711
-100.80010223388672
-108.6908187866211
-101.72915649414062
-105.5969467163086
-100.15464782714844
-104.37214660644531
-102.74978637695312
-106.464599609375
-99.81303405761719
-104.92365264892578
-95.37861633300781
-102.16053009033203
-106.88002014160156
-103.09750366210938
-104.67949676513672
-99.43914794921875
-106.9435043334961
-99.8575668334961
-100.48426055908203
-103.94683837890625
-102.3106918334961
-105.86504364013672
-106.0283203125
-103.26800537109375
-102.16122436523438
-101.8260269165039
-103.48692321777344
-101.61829376220703
-102.79067993164062
-93.54779052734375
-105.71737670898438
-105.31809997558594
-100.40641021728516
-108.07660675048828
-104.6080093383789
-97.04338836669922
-100.75652313232422
-96.48670959472656
-104.49639892578125
-94.63692474365234
-104.35152435302734
-97.6107177734375
-101.86833953857422
-100.00926208496094
-103.8433837890625
-100.2229995727539
-101.94515228271484
-97.63580322265625
-108.34595489501953
-101.57294464111328
-101.4324951171875
-99.57270050048828
-94.08058166503906
-105.57676696777344
-100.49602508544922
-96.63287353515625
-102.9599609375
-102.0319595336914
-96.63866424560547
-105.70295715332031
-99.05926513671875
-102.4942855834961
-96.90438079833984
-101.31623840332031
-99.62100219726562
-104.6875228881836
-101.84027099609375
-100.73873138427734
-102.99652099609375
-104.39822387695312
-100.161376953125
-101.26179504394531
-105.27533721923828
-99.03262329101562
-102.17533874511719
-102.3832015991211
-106.15165710449219
-105.06362915039062
-110.03036499023438
-97.56305694580078
-106.4073257446289
-105.38298797607422
-108.55157470703125
-109.04305267333984
-109.3462905883789
-104.75428771972656
-105.80093383789062
-99.24706268310547
-104.55907440185547
-102.8749008178711
-105.06025695800781
-101.49913787841797
-98.92606353759766
-99.49016571044922
-104.19316101074219
-110.55084991455078
-107.1207504272461
-102.41983032226562
-103.19209289550781
-95.60730743408203
-104.88224792480469
-102.41569519042969
-96.73748779296875
-101.68489074707031
-103.53451538085938
-102.40421295166016
-103.84032440185547
-99.82852172851562
-103.4403076171875
-108.1821517944336
-102.25406646728516
-102.54662322998047
-95.55138397216797
-105.11006927490234
-97.86873626708984
-103.91126251220703
-104.4786605834961
-104.4710693359375
-106.92366027832031
-100.22129821777344
-98.68312072753906
-105.18461608886719
-99.09016418457031
-104.71117401123047
-101.7947998046875
-106.46472930908203
-97.64937591552734
-103.44096374511719
-99.07781982421875
-101.843994140625
-102.1537857055664
-98.10189819335938
-101.92817687988281
-104.40020751953125
-109.24439239501953
-99.90143585205078
-96.42898559570312
-105.92732238769531
-101.43125915527344
-102.65493774414062
-102.79910278320312
-108.36967468261719
-102.712158203125
-103.67733001708984
-103.50776672363281
-103.02057647705078
-104.81214141845703
-100.12613677978516
-99.97886657714844
-107.35554504394531
-100.94493865966797
-107.03954315185547
-104.50697326660156
-106.09110260009766
-106.33865356445312
-106.63373565673828
-106.23435974121094
-104.78565216064453
-108.87811279296875
-111.61722564697266
-105.3707504272461
-102.97904968261719
-105.79415893554688
-98.49891662597656
-105.03599548339844
-106.97987365722656
-105.5050048828125
-101.94619750976562
-106.18682098388672
-104.01139068603516
-104.3653564453125
-103.89697265625
-103.18510437011719
-104.60227966308594
-102.23383331298828
-104.13642883300781
-100.3711929321289
-100.12815856933594
-105.02031707763672
-102.58720397949219
-98.89208221435547
-94.916259765625
-100.16487121582031
-101.47154998779297
-103.5156478881836
-110.43077087402344
-101.76688385009766
-103.56134796142578
-107.65181732177734
-103.83612823486328
-105.90513610839844
-101.08758544921875
-98.25364685058594
-102.82050323486328
-104.57442474365234
-97.90193939208984
-99.47596740722656
-103.77210998535156
-102.33369445800781
-101.92511749267578
-104.16188049316406
-105.31697845458984
-100.43096160888672
-103.12103271484375
-103.20777893066406
-96.29554748535156
-101.95182800292969
-103.87570190429688
-96.9906005859375
-101.58036041259766
-102.05773162841797
-99.20555114746094
-96.90208435058594
-103.52093505859375
-101.58638763427734
-105.58415222167969
-106.24320220947266
-102.67658996582031
-104.34674072265625
-99.10629272460938
-101.1634750366211
-107.19453430175781
-105.12812805175781
-103.88703918457031
-101.03189086914062
-107.98409271240234
-104.43248748779297
-98.83770751953125
-102.34072875976562
-101.58332061767578
-107.56759643554688
-103.75605773925781
-105.62334442138672
-100.77657318115234
-99.08199310302734
-105.94212341308594
-104.59190368652344
-106.38916778564453
-105.50997924804688
-101.64881134033203
-101.67047882080078
-104.39515686035156
-97.69091796875
-101.79200744628906
-99.411376953125
-106.17550659179688
-100.86906433105469
-101.89167785644531
-102.32624816894531
-107.97151184082031
-98.88677215576172
-98.16996765136719
-99.77481079101562
-105.11882019042969
-106.66927337646484
-99.47543334960938
-106.81982421875
-103.55282592773438
-101.92388153076172
-100.89727783203125
-101.78237915039062
-103.76826477050781
-109.41734313964844
-106.85826873779297
-102.32669830322266
-103.2791748046875
-99.47885131835938
-106.19673156738281
-106.85946655273438
-103.88752746582031
-107.72584533691406
-103.09898376464844
-105.33808898925781
-101.03378295898438
-98.51901245117188
-100.73971557617188
-104.12732696533203
-109.91996765136719
-103.80618286132812
-105.67517852783203
-106.1272964477539
-105.43999481201172
-100.32929229736328
-107.01885986328125
-105.52838134765625
-106.57125091552734
-108.917724609375
-105.98831939697266
-106.01030731201172
-105.08724212646484
-103.47444915771484
-107.56417846679688
-102.7670669555664
-105.21244812011719
-104.47099304199219
-101.43498992919922
-108.43842315673828
-104.77437591552734
-102.57569885253906
-103.99235534667969
-98.11801147460938
-111.55579376220703
-103.31253051757812
-108.80475616455078
-99.76664733886719
-101.53207397460938
-99.34376525878906
-100.56011962890625
-102.92362213134766
-98.80934143066406
-99.23844909667969
-101.0204849243164
-105.807861328125
-103.73040771484375
-101.37557983398438
-104.53524017333984
-106.3656997680664
-99.70573425292969
-97.94070434570312
-100.48314666748047
-102.82930755615234
-102.7759780883789
-103.44429779052734
-99.51841735839844
-97.38951110839844
-106.00991821289062
-99.73754119873047
-101.13082885742188
-102.8204574584961
-101.82721710205078
-101.0437240600586
-98.98275756835938
-100.90016174316406
-109.61575317382812
-97.06977081298828
-102.04635620117188
-104.09140014648438
-102.74258422851562
-107.91350555419922
-104.06497955322266
-105.91722869873047
-98.99212646484375
-98.7659683227539
-97.33444213867188
-108.72644805908203
-97.63932037353516
-98.30062866210938
-103.98404693603516
-105.08092498779297
-98.78656005859375
-101.52794647216797
-107.39646911621094
-98.27362060546875
-102.52589416503906
-103.06494903564453
-98.56520080566406
-97.67738342285156
-108.80323028564453
-101.06069946289062
-106.36088562011719
-97.41038513183594
-101.9463119506836
-96.77185821533203
-104.82299041748047
-100.84078216552734
-105.32332611083984
-102.90853118896484
-100.81343078613281
-106.10324096679688
-100.94894409179688
-107.208251953125
-93.14788818359375
-102.57743072509766
-100.38803100585938
-103.82709503173828
-99.18563079833984
-98.16146087646484
-105.4013442993164
-99.3000717163086
-107.70706176757812
-104.46458435058594
-101.35517120361328
-109.80337524414062
-102.09119415283203
-105.34174346923828
-102.93496704101562
-107.61225891113281
-97.1123046875
-104.70858764648438
-100.76769256591797
-108.86170959472656
-94.86207580566406
-99.8963851928711
-107.51260375976562
-108.69628143310547
-104.2483901977539
-97.88760375976562
-96.5470199584961
-105.76145935058594
-99.54818725585938
-103.49452209472656
-104.24678802490234
-99.62362670898438
-101.62063598632812
-100.42535400390625
-107.60932159423828
-97.61746215820312
-102.03587341308594
-94.50745391845703
-101.33867645263672
-100.39118194580078
-95.98088073730469
-106.45437622070312
-98.59365844726562
-101.72560119628906
-97.62944793701172
-102.23995971679688
-106.20474243164062
-102.56317138671875
-98.88677215576172
-99.88938903808594
-107.21977233886719
-101.07852935791016
-104.05923461914062
-98.81463623046875
-100.3550033569336
-95.93544006347656
-102.58781433105469
-103.6539535522461
-103.36463165283203
-97.70472717285156
-100.10356140136719
-104.15607452392578
-101.4389419555664
-104.01578521728516
-99.39258575439453
-103.4046630859375
-103.74449157714844
-102.52489471435547
-106.68494415283203
-108.49365997314453
-100.65188598632812
-100.67529296875
-98.84280395507812
-100.15953063964844
-99.26374816894531
-104.99082946777344
-100.68978881835938
-102.04438781738281
-99.91924285888672
-103.35150909423828
-101.90123748779297
-98.65419006347656
-102.25525665283203
-101.63372039794922
-108.92467498779297
-98.78581237792969
-100.44157409667969
-100.34552001953125
-102.52932739257812
-102.02711486816406
-108.08773040771484
-107.52824401855469
-100.55972290039062
-101.55613708496094
-103.53347778320312
-99.23978424072266
-103.05574035644531
-106.07426452636719
-102.37306213378906
-96.8022232055664
-105.41326141357422
-107.4132080078125
-100.77728271484375
-100.6651382446289
-98.76813507080078
-108.46257019042969
-106.47270965576172
-108.07028198242188
-99.07463836669922
-103.0093765258789
-100.0832748413086
-103.0011978149414
-103.33084869384766
-104.0079345703125
-106.41996765136719
-106.60742950439453
-101.1814956665039
-106.60521697998047
-103.05857849121094
-96.92063903808594
-104.27574157714844
-108.71051025390625
-107.72189331054688
-105.54820251464844
-101.0885009765625
-101.67054748535156
-106.3643798828125
-99.23882293701172
-100.32705688476562
-99.52117156982422
-108.06085205078125
-96.70869445800781
-105.30950927734375
-97.17060852050781
-110.59467315673828
-105.10433959960938
-103.1240005493164
-104.51563262939453
-105.34821319580078
-105.17855834960938
-99.98736572265625
-103.2432632446289
-103.45299530029297
-100.66494750976562
-97.80530548095703
-99.82152557373047
-97.77313232421875
-101.59703063964844
-101.55946350097656
-102.79838562011719
-106.1349868774414
-101.3941421508789
-103.74082946777344
-98.56036376953125
-98.37442779541016
-108.64939880371094
-108.77429962158203
-101.01082611083984
-104.649658203125
-106.11580657958984
-106.85672760009766
-99.27942657470703
-99.02864837646484
-102.063232421875
-100.5260238647461
-103.98973083496094
-101.04615020751953
-99.32864379882812
-102.14232635498047
-99.52073669433594
-109.962646484375
-105.93983459472656
-103.08589172363281
-101.63640594482422
-103.39806365966797
-100.99851989746094
-99.78108215332031
-103.32234191894531
-99.77046966552734
-98.85430908203125
-101.72955322265625
-98.17589569091797
-100.96578216552734
-106.45217895507812
-102.06941986083984
-100.17642974853516
-107.01886749267578
-103.94221496582031
-104.3045883178711
-107.52218627929688
-100.9671630859375
-98.40623474121094
-102.91814422607422
-105.54446411132812
-102.60366821289062
-98.18592071533203
-109.13489532470703
-104.30838012695312
-106.48373413085938
-109.39936828613281
-104.12618255615234
-99.55062866210938
-96.21781158447266
-100.41877746582031
-99.82694244384766
-98.18145751953125
-101.30240631103516
-103.17854309082031
-111.94853973388672
-103.2421646118164
-108.29606628417969
-106.12881469726562
-102.12171173095703
-101.04873657226562
-103.28885650634766
-100.29141235351562
-101.07744598388672
-106.18064880371094
-100.31722259521484
-105.1216812133789
-100.06700134277344
-95.82148742675781
-101.84773254394531
-107.87185668945312
-101.57258605957031
-103.0943832397461
-105.98523712158203
-103.1156234741211
-105.63765716552734
-100.03477478027344
-99.78849792480469
-106.04039001464844
-98.5696029663086
-98.79495239257812
-107.47813415527344
-106.77474975585938
-106.27851104736328
-106.5031967163086
-103.66807556152344
-100.94027709960938
-104.54606628417969
-104.87712860107422
-102.13333892822266
-100.37017822265625
-100.74539184570312
-104.89783477783203
-103.0322494506836
-98.82545471191406
-103.94124603271484
-95.78541564941406
-100.95783996582031
-104.72840118408203
-103.4140625
-103.81512451171875
-100.40226745605469
-101.75987243652344
-102.458251953125
-98.8912353515625
-103.05816650390625
-110.28141784667969
-107.02410888671875
-103.08572387695312
-105.25221252441406
-103.05171203613281
-103.44686889648438
-105.57057189941406
-102.38501739501953
-99.71358489990234
-102.5590591430664
-102.3615493774414
-98.53107452392578
-103.7060546875
-103.0051040649414
-101.78347778320312
-101.99995422363281
-101.59757995605469
-107.06512451171875
-107.45601654052734
-100.07946014404297
-102.89545440673828
-106.03009796142578
-101.32968139648438
-106.20600891113281
-98.71224212646484
-102.71450805664062
-105.6096420288086
-98.47962951660156
-101.26350402832031
-107.00076293945312
-102.88170623779297
-101.35227966308594
-104.2931137084961
-106.72908020019531
-97.51242065429688
-103.37602233886719
-104.54096221923828
-97.12866973876953
-100.47828674316406
-105.06524658203125
-101.09761810302734
-99.01628112792969
-105.30931091308594
-104.5356674194336
-102.98750305175781
-100.41896057128906
-101.45616149902344
-106.94676971435547
-105.40458679199219
-101.08981323242188
-99.44969940185547
-103.3672866821289
-98.9523696899414
-100.43719482421875
-103.38483428955078
-105.1962661743164
-98.72962951660156
-107.84074401855469
-99.99513244628906
-101.91009521484375
-96.79252624511719
-103.0267333984375
-98.50995635986328
-99.56206512451172
-103.16826629638672
-96.40455627441406
-103.17082214355469
-107.9674072265625
-101.45169830322266
-99.9178695678711
-107.61090087890625
-109.84048461914062
-99.1455078125
-100.4654769897461
-108.02951049804688
-104.07569122314453
-99.24454498291016
-104.38352966308594
-101.53313446044922
-101.77009582519531
-99.22428894042969
-101.81546020507812
-104.59209442138672
-104.76255798339844
-98.79029083251953
-102.12275695800781
-105.1756820678711
-96.61493682861328
-94.51041412353516
-98.08226776123047
-99.89446258544922
-103.56046295166016
-102.31767272949219
-100.87966918945312
-106.82618713378906
-102.9673080444336
-100.47802734375
-102.76919555664062
-101.74095916748047
-103.47701263427734
-103.77547454833984
-108.21100616455078
-98.56131744384766
-100.46253204345703
-100.76005554199219
-107.6667709350586
-103.67452239990234
-102.50611877441406
-102.32592010498047
-100.96348571777344
-105.35675048828125
-97.17500305175781
-98.79964447021484
-103.17495727539062
-102.32431030273438
-103.8801498413086
-103.59534454345703
-108.58534240722656
-103.08432006835938
-103.86114501953125
-105.86233520507812
-101.25296020507812
-105.01730346679688
-102.98226165771484
-107.94002532958984
-101.44110107421875
-98.2054214477539
-97.57656860351562
-104.56558227539062
-108.00301361083984
-102.82908630371094
-96.92304992675781
-103.00857543945312
-103.85740661621094
-106.18984985351562
-102.47870635986328
-101.04106140136719
-99.73817443847656
-104.98873901367188
-100.18128967285156
-103.11791229248047
-102.65705108642578
-103.5750732421875
-99.857177734375
-99.15414428710938
-95.34815979003906
-102.80167388916016
-103.85783386230469
-106.78169250488281
-103.07719421386719
-105.86688995361328
-99.90016174316406
-100.89871978759766
-108.03323364257812
-98.98687744140625
-107.14447021484375
-103.05538177490234
-103.48492431640625
-97.03692626953125
-99.47976684570312
-103.76667022705078
-101.01657104492188
-100.63253784179688
-104.06195068359375
-101.88627624511719
-103.3045425415039
-98.89212799072266
-103.07967376708984
-101.79957580566406
-104.39837646484375
-106.50761413574219
-107.0370864868164
-101.634765625
-102.03455352783203
-97.63809967041016
-107.44461822509766
-97.99455261230469
-110.44021606445312
-101.91571044921875
-107.36658477783203
-101.01568603515625
-100.49931335449219
-101.31367492675781
-102.1700668334961
-101.60823059082031
-106.57902526855469
-105.67835235595703
-105.27290344238281
-101.86036682128906
-107.02854919433594
-101.96477508544922
-108.53282165527344
-108.53337860107422
-106.98672485351562
-104.399169921875
-108.71945190429688
-102.53683471679688
-104.4805679321289
-100.12985229492188
-102.35706329345703
-102.77198028564453
-106.68377685546875
-105.3095932006836
-107.21702575683594
-102.5108642578125
-102.53487396240234
-104.50398254394531
-103.10929107666016
-100.83786010742188
-106.44532775878906
-97.96542358398438
-103.67404174804688
-103.5203857421875
-99.91719818115234
-102.42095947265625
-104.88284301757812
-102.53154754638672
-102.2641372680664
-104.88114166259766
-103.15526580810547
-104.5989990234375
-109.49049377441406
-95.9081039428711
-102.46286010742188
-96.7470474243164
-104.33609771728516
-100.48973846435547
-101.38335418701172
-103.56888580322266
-106.2684097290039
-105.62213897705078
-104.38011932373047
-103.82030487060547
-103.49073791503906
-101.74726104736328
-105.46322631835938
