-106.20377349853516
-115.97132110595703
-108.43536376953125
-111.78333282470703
-114.35456085205078
-111.18941497802734
-104.85990142822266
-99.96729278564453
-111.01802825927734
-105.7368392944336
-109.8160400390625
-107.51557159423828
-113.441162109375
-109.8216323852539
-108.4423599243164
-102.66978454589844
-101.93070220947266
-112.58799743652344
-110.8464584350586
-103.39570617675781
-109.05158233642578
-106.90994262695312
-106.47582244873047
-109.45137786865234
-110.12029266357422
-113.63844299316406
-105.52082824707031
-113.20537567138672
-101.69419860839844
-104.56466674804688
-111.021484375
-117.96826934814453
-112.09449005126953
-114.48495483398438
-110.70880889892578
-105.5067367553711
-105.32473754882812
-108.23924255371094
-107.32659149169922
-105.88037109375
-100.43154907226562
-101.62134552001953
-113.7250747680664
-108.16221618652344
-103.7966537475586
-110.16398620605469
-110.20870208740234
-108.65862274169922
-106.13866424560547
-107.17222595214844
-104.85382843017578
-107.75446319580078
-105.41966247558594
-118.97023010253906
-113.0908203125
-107.97698211669922
-111.65191650390625
-103.69349670410156
-101.2692642211914
-112.46070861816406
-108.04448699951172
-111.01519775390625
-104.6239242553711
-107.69454956054688
-108.96971130371094
-102.00236511230469
-107.68750762939453
-109.13619232177734
-110.36387634277344
-105.19823455810547
-108.76373291015625
-105.43281555175781
-104.45185089111328
-113.33074188232422
-107.25132751464844
-110.90812683105469
-105.40718841552734
-109.2462387084961
-109.1069564819336
-110.51610565185547
-105.27633666992188
-109.43683624267578
-101.12100982666016
-107.19215393066406
-111.17406463623047
-106.8275146484375
-109.41332244873047
-102.63805389404297
-112.10579681396484
-103.56778717041016
-107.19835662841797
-108.87737274169922
-106.11643981933594
-110.37291717529297
-111.05497741699219
-108.43859100341797
-107.494140625
-107.2100830078125
-107.3543930053711
-107.74015808105469
-107.80451202392578
-97.87336730957031
-111.24369049072266
-111.27693939208984
-104.98658752441406
-113.93798065185547
-109.43294525146484
-100.81280517578125
-106.77269744873047
-101.11000061035156
-110.13465881347656
-97.88098907470703
-108.52919006347656
-102.20117950439453
-106.02838134765625
-104.27589416503906
-108.78762817382812
-106.0595703125
-106.51403045654297
-100.94526672363281
-113.97431182861328
-107.11994171142578
-107.00074005126953
-105.59751892089844
-96.3162612915039
-111.8365707397461
-106.5309066772461
-101.95799255371094
-106.77655792236328
-107.72579193115234
-102.18306732177734
-110.01337432861328
-102.91452026367188
-108.08378601074219
-102.048095703125
-106.3469009399414
-103.89469909667969
-109.09688568115234
-106.9375228881836
-105.86670684814453
-109.08061981201172
-111.7785415649414
-104.27517700195312
-106.66740417480469
-109.38467407226562
-104.5228500366211
-107.67298126220703
-107.02547454833984
-110.74492645263672
-110.7113265991211
-115.84659576416016
-101.56008911132812
-110.94978332519531
-110.26858520507812
-112.91439819335938
-115.35263061523438
-114.81587982177734
-110.1197509765625
-110.99478149414062
-104.09325408935547
-109.08382415771484
-106.69894409179688
-110.57533264160156
-106.03019714355469
-103.62166595458984
-103.70591735839844
-108.8913345336914
-115.43634033203125
-112.07987213134766
-108.89098358154297
-107.88125610351562
-99.1614761352539
-108.79244995117188
-107.6842041015625
-101.92147827148438
-106.43819427490234
-106.83213806152344
-105.44454193115234
-107.15234375
-103.85163879394531
-109.34136199951172
-112.89073181152344
-105.82727813720703
-107.72138977050781
-100.97921752929688
-109.38168334960938
-101.89591217041016
-108.85408020019531
-107.99088287353516
-111.59223937988281
-110.9549789428711
-102.7376480102539
-102.7570571899414
-108.71408081054688
-103.22400665283203
-107.68547821044922
-107.34770202636719
-111.34577941894531
-102.59009552001953
-107.56685638427734
-103.4566650390625
-107.98987579345703
-107.27134704589844
-103.34202575683594
-105.85681915283203
-110.87755584716797
-113.00868225097656
-103.54801177978516
-100.42890930175781
-110.66493225097656
-106.63810729980469
-108.5870361328125
-106.60600280761719
-114.38894653320312
-106.60781860351562
-107.87562561035156
-108.91504669189453
-105.0228271484375
-109.16288757324219
-104.49923706054688
-102.71817779541016
-111.98178100585938
-103.93162536621094
-111.9068832397461
-109.76435852050781
-110.91356658935547
-110.50927734375
-110.15617370605469
-110.135986328125
-111.64369201660156
-113.6385498046875
-116.23501586914062
-109.38238525390625
-108.49987030029297
-111.31742095947266
-102.67675018310547
-110.14018249511719
-111.50985717773438
-110.3495864868164
-106.40567779541016
-109.857421875
-108.10523223876953
-108.9543228149414
-108.68335723876953
-106.96497344970703
-109.20445251464844
-106.95925903320312
-109.46929931640625
-106.04199981689453
-105.99200439453125
-109.95370483398438
-107.00611877441406
-104.72540283203125
-100.63265228271484
-106.10755157470703
-105.73709106445312
-107.5586929321289
-114.77587890625
-107.18470001220703
-109.89289855957031
-112.1831283569336
-108.36009979248047
-107.53218078613281
-105.17927551269531
-103.9113998413086
-106.48307037353516
-108.14925384521484
-99.96778106689453
-102.48063659667969
-107.7532958984375
-105.83324432373047
-105.78124237060547
-106.21124267578125
-110.87127685546875
-102.6211166381836
-108.4839096069336
-108.5566635131836
-101.51921844482422
-106.33525085449219
-108.4525146484375
-102.25450897216797
-106.1222915649414
-106.75959014892578
-103.1067123413086
-100.81396484375
-109.88627624511719
-105.77340698242188
-109.5176010131836
-108.8264389038086
-107.06371307373047
-109.34832000732422
-104.3431625366211
-106.21273803710938
-111.19515991210938
-107.9490966796875
-108.51710510253906
-105.77513122558594
-109.62051391601562
-107.76513671875
-104.57245635986328
-106.83657836914062
-106.66360473632812
-111.17188262939453
-108.18558502197266
-111.37939453125
-104.2244644165039
-104.19152069091797
-112.31002044677734
-109.49366760253906
-109.37545013427734
-109.98605346679688
-106.31111145019531
-106.17634582519531
-110.2978744506836
-101.91703033447266
-107.1100082397461
-104.56754302978516
-109.91992950439453
-106.05711364746094
-105.49365234375
-107.0755844116211
-113.90888214111328
-101.89794158935547
-101.8967514038086
-104.4216079711914
-111.75755310058594
-112.07420349121094
-103.93829345703125
-110.64144897460938
-108.25211334228516
-106.84771728515625
-105.01185607910156
-105.63404846191406
-108.94486999511719
-113.12409210205078
-113.02265930175781
-107.13996887207031
-107.37757873535156
-104.36450958251953
-110.83123016357422
-110.79466247558594
-109.47863006591797
-112.8064956665039
-107.28804779052734
-110.86325073242188
-105.83392333984375
-105.42548370361328
-105.90550231933594
-107.63237762451172
-114.00753784179688
-108.718505859375
-110.82255554199219
-112.11616516113281
-110.4171371459961
-105.28501892089844
-112.15962219238281
-109.16031646728516
-111.26763916015625
-113.2770767211914
-110.74736022949219
-110.36376953125
-109.24618530273438
-108.7287826538086
-111.7875747680664
-108.42465209960938
-108.01336669921875
-108.09820556640625
-105.68890380859375
-111.4500503540039
-107.1703872680664
-106.20046997070312
-109.14197540283203
-101.96147918701172
-115.26811218261719
-107.50931549072266
-113.28362274169922
-104.41339874267578
-105.8004150390625
-101.5770034790039
-105.33270263671875
-105.95228576660156
-103.94038391113281
-103.79249572753906
-104.22848510742188
-110.72032928466797
-106.55078887939453
-104.19757080078125
-106.85618591308594
-110.59024810791016
-105.5768814086914
-99.81851959228516
-103.18587493896484
-107.07239532470703
-108.41095733642578
-106.96507263183594
-104.04244232177734
-99.85546875
-112.42897033691406
-103.55252838134766
-106.20207977294922
-106.41981506347656
-105.89747619628906
-104.57955932617188
-102.03112030029297
-104.14561462402344
-115.36924743652344
-101.68563842773438
-105.42581939697266
-109.05623626708984
-108.50467681884766
-111.51469421386719
-108.69249725341797
-109.62977600097656
-102.42594909667969
-104.18745422363281
-101.57874298095703
-113.68690490722656
-102.97855377197266
-103.80315399169922
-109.6017074584961
-108.76068115234375
-101.65711975097656
-104.43280029296875
-112.84568786621094
-101.7750473022461
-107.11849212646484
-107.3077621459961
-102.82965850830078
-100.96372985839844
-113.44892883300781
-104.71781158447266
-111.23739624023438
-100.70841217041016
-104.05621337890625
-101.32496643066406
-110.20088958740234
-104.59149169921875
-108.66058349609375
-108.39459228515625
-104.3599853515625
-108.73127746582031
-105.58123779296875
-110.53194427490234
-96.76870727539062
-107.24243927001953
-103.86681365966797
-109.15103912353516
-104.04682922363281
-102.4701919555664
-108.18084716796875
-103.01287078857422
-111.98126220703125
-107.56294250488281
-105.91903686523438
-114.43695068359375
-107.60811614990234
-110.0950927734375
-107.78398895263672
-111.2500991821289
-103.24002075195312
-108.67632293701172
-104.3607406616211
-113.85556030273438
-99.3628921508789
-105.07109069824219
-111.26278686523438
-114.04344940185547
-109.01506042480469
-103.74859619140625
-101.08326721191406
-110.26903533935547
-104.32878112792969
-106.75193786621094
-107.47653198242188
-103.5431137084961
-105.7679443359375
-104.96961212158203
-111.61246490478516
-101.90926361083984
-105.16217041015625
-97.93643188476562
-104.39920043945312
-105.44383239746094
-101.09642028808594
-111.67361450195312
-103.88034057617188
-104.87281036376953
-101.251953125
-107.31315612792969
-110.26372528076172
-106.42054748535156
-101.73709869384766
-103.52629089355469
-109.8205795288086
-105.26810455322266
-108.1889877319336
-102.62852478027344
-105.10411071777344
-100.37461853027344
-106.0460433959961
-105.04613494873047
-105.95728302001953
-101.26681518554688
-102.90852355957031
-107.8077392578125
-105.56956481933594
-108.44203186035156
-103.9581298828125
-107.62644958496094
-107.4385757446289
-106.98680114746094
-110.894287109375
-113.57050323486328
-104.82524871826172
-104.80821990966797
-103.97413635253906
-104.33185577392578
-103.50148010253906
-110.20450592041016
-103.02339172363281
-106.87299346923828
-103.83390808105469
-108.37457275390625
-107.66362762451172
-103.08314514160156
-105.8642807006836
-106.06803894042969
-114.1432876586914
-104.27505493164062
-103.15071105957031
-103.7359848022461
-108.32624816894531
-107.45075988769531
-112.6227798461914
-111.82335662841797
-103.98310852050781
-106.54000854492188
-107.6739730834961
-103.22288513183594
-106.76288604736328
-110.90420532226562
-108.85579681396484
-99.66943359375
-108.62938690185547
-111.0489730834961
-102.39656066894531
-105.09552001953125
-103.57356262207031
-113.05599212646484
-109.47869873046875
-110.65696716308594
-101.646484375
-106.83482360839844
-105.13897705078125
-107.81919860839844
-107.51329040527344
-106.9719467163086
-110.61740112304688
-108.81448364257812
-105.82207489013672
-110.79945373535156
-107.72623443603516
-100.96463775634766
-106.70030975341797
-113.55924224853516
-112.64558410644531
-108.96064758300781
-104.24327850341797
-106.41666412353516
-111.86754608154297
-102.06005096435547
-102.02572631835938
-103.00581359863281
-112.56343078613281
-98.91183471679688
-109.00660705566406
-101.0466537475586
-116.75333404541016
-110.19935607910156
-106.89646911621094
-107.70263671875
-110.02513122558594
-109.32444763183594
-105.0018539428711
-106.70393371582031
-107.74555969238281
-104.18571472167969
-100.95125579833984
-103.92794036865234
-101.32946014404297
-105.3453140258789
-106.91581726074219
-105.74653625488281
-109.68025207519531
-104.52023315429688
-108.038330078125
-102.71857452392578
-101.9073715209961
-113.9028549194336
-112.4486083984375
-106.33721160888672
-108.37188720703125
-110.10482025146484
-110.1275405883789
-103.78076171875
-101.50231170654297
-106.48809051513672
-102.91380310058594
-107.14860534667969
-106.03791046142578
-102.87271118164062
-106.59490966796875
-104.89249420166016
-114.02735137939453
-110.42765045166016
-106.59355163574219
-105.5777587890625
-106.80647277832031
-105.33908081054688
-104.93511199951172
-107.07723236083984
-103.14582824707031
-103.05040740966797
-106.90460205078125
-101.6919174194336
-105.30355834960938
-111.68667602539062
-106.9953384399414
-104.8561782836914
-112.23326873779297
-107.54380798339844
-107.92193603515625
-112.16356658935547
-106.48788452148438
-104.16162109375
-106.63320922851562
-109.18338012695312
-107.47496795654297
-102.0685806274414
-113.90880584716797
-109.62741088867188
-111.04167175292969
-112.99459838867188
-108.66574096679688
-104.44037628173828
-99.89187622070312
-105.83019256591797
-102.72990417480469
-104.1436996459961
-106.55915832519531
-107.0531234741211
-117.56472778320312
-106.75578308105469
-114.54886627197266
-109.9612045288086
-106.95211791992188
-103.79000091552734
-108.56731414794922
-103.75791931152344
-104.33922576904297
-110.42823791503906
-102.88871765136719
-110.27469635009766
-105.37664794921875
-100.92350006103516
-105.35367584228516
-111.88191986083984
-104.9990463256836
-104.9317626953125
-110.28717803955078
-108.47360229492188
-108.66593933105469
-103.49588775634766
-103.8432846069336
-109.92523956298828
-102.04438781738281
-102.04771423339844
-110.24773406982422
-109.46746826171875
-110.57288360595703
-109.96969604492188
-107.2851791381836
-105.98814392089844
-110.08672332763672
-109.51585388183594
-104.7402114868164
-104.1167984008789
-103.41129302978516
-109.76339721679688
-107.15543365478516
-102.7622299194336
-108.41100311279297
-100.2593994140625
-104.2552261352539
-108.81721496582031
-107.7790298461914
-106.40386199951172
-105.445068359375
-105.67130279541016
-106.51265716552734
-104.9964599609375
-106.77741241455078
-114.49293518066406
-109.08414459228516
-107.58287811279297
-108.29085540771484
-107.04034423828125
-106.24371337890625
-108.10127258300781
-105.57071685791016
-103.79048156738281
-105.53781127929688
-107.13191986083984
-102.8761215209961
-107.31509399414062
-108.01806640625
-104.04312896728516
-105.0997085571289
-106.24610137939453
-109.44629669189453
-112.20072174072266
-102.8576889038086
-106.44306182861328
-111.24549865722656
-105.286376953125
-109.50782775878906
-104.2212142944336
-107.86421203613281
-109.91793060302734
-102.23875427246094
-105.82868957519531
-112.07359313964844
-108.2645492553711
-106.440185546875
-109.64497375488281
-110.75855255126953
-101.16667938232422
-107.02403259277344
-106.95494842529297
-101.39651489257812
-104.45321655273438
-107.8347396850586
-105.14421844482422
-102.89059448242188
-109.87459564208984
-107.72906494140625
-107.48611450195312
-105.21988677978516
-105.39231872558594
-111.73246765136719
-109.63135528564453
-105.48762512207031
-103.72628021240234
-108.51840209960938
-102.30171966552734
-104.89515686035156
-108.01576232910156
-107.30976867675781
-102.21013641357422
-112.82853698730469
-104.99531555175781
-105.3021011352539
-99.50089263916016
-106.34523010253906
-102.15471649169922
-104.09729766845703
-106.84960174560547
-97.76040649414062
-105.9927978515625
-111.79613494873047
-105.99166107177734
-105.42430114746094
-113.29949951171875
-112.47650146484375
-102.73406219482422
-104.05874633789062
-110.71884155273438
-109.75808715820312
-101.87467193603516
-108.2866439819336
-104.84930419921875
-106.76535034179688
-103.2059097290039
-105.61820983886719
-107.320068359375
-108.25115966796875
-102.01443481445312
-104.54728698730469
-110.87472534179688
-99.78260040283203
-98.69210052490234
-102.81053161621094
-102.36151123046875
-107.49633026123047
-106.24712371826172
-105.36325073242188
-111.64227294921875
-106.5514144897461
-103.1363296508789
-106.51532745361328
-105.18138122558594
-108.21846008300781
-108.73809051513672
-110.83475494384766
-101.40730285644531
-103.23944091796875
-105.97210693359375
-111.74783325195312
-106.45889282226562
-106.40147399902344
-104.9984359741211
-104.4613265991211
-108.39432525634766
-101.29413604736328
-103.01226806640625
-106.44730377197266
-103.58321380615234
-107.98682403564453
-106.84718322753906
-112.00860595703125
-105.76129150390625
-108.12037658691406
-106.95301818847656
-105.16034698486328
-109.72797393798828
-106.09880828857422
-110.41129302978516
-103.86544799804688
-101.44697570800781
-101.33585357666016
-108.2232894897461
-109.36901092529297
-106.65601348876953
-100.14747619628906
-105.08133697509766
-109.15113067626953
-109.77037811279297
-106.63837432861328
-105.22978210449219
-103.25209045410156
-107.5540771484375
-104.84352111816406
-106.25984191894531
-105.6075439453125
-107.44469451904297
-102.83064270019531
-103.6468734741211
-98.66168975830078
-107.58137512207031
-107.8392333984375
-110.51530456542969
-107.43639373779297
-108.46721649169922
-103.73817443847656
-103.82528686523438
-109.96981811523438
-104.12267303466797
-111.63204956054688
-106.68103790283203
-108.32101440429688
-100.00424194335938
-103.59925842285156
-107.78761291503906
-105.5350570678711
-103.23397064208984
-107.53363037109375
-104.75337219238281
-106.88371276855469
-101.21886444091797
-106.00165557861328
-105.69526672363281
-107.60490417480469
-110.91456604003906
-111.16087341308594
-104.42818450927734
-102.9446792602539
-101.56805419921875
-110.77754974365234
-100.81668853759766
-113.43637084960938
-107.08604431152344
-110.38912963867188
-103.11833953857422
-103.7237777709961
-105.01776123046875
-103.91287994384766
-106.32179260253906
-109.0203857421875
-108.72917175292969
-107.01933288574219
-104.35011291503906
-110.37413024902344
-103.0713119506836
-112.06234741210938
-110.94124603271484
-108.8480453491211
-108.41241455078125
-113.03410339355469
-105.05301666259766
-109.71398162841797
-103.525390625
-106.54244995117188
-105.58599853515625
-110.67494201660156
-110.49498748779297
-108.78736877441406
-105.56101989746094
-106.25411224365234
-109.24808502197266
-106.77743530273438
-103.22210693359375
-110.777099609375
-102.8647689819336
-108.55574035644531
-106.0303955078125
-103.31804656982422
-105.78353118896484
-108.4840087890625
-106.19564819335938
-106.15846252441406
-108.0810317993164
-106.02581787109375
-109.53866577148438
-114.47103881835938
-99.24036407470703
-107.17833709716797
-100.37386322021484
-109.68441772460938
-103.28872680664062
-103.88753509521484
-108.11969757080078
-109.0186538696289
-109.13638305664062
-107.51394653320312
-106.79045104980469
-108.08502960205078
-105.92521667480469
-108.17687225341797
