-104.49214172363281
-113.55695343017578
-105.98412322998047
-110.8433837890625
-111.87140655517578
-108.32127380371094
-103.92599487304688
-97.52288818359375
-108.9023666381836
-102.82371520996094
-108.56236267089844
-105.54048919677734
-110.9311294555664
-108.20529174804688
-104.88874053955078
-104.0602035522461
-101.30934143066406
-110.130859375
-106.88899993896484
-101.78966522216797
-108.82676696777344
-105.62481689453125
-104.92439270019531
-107.77346801757812
-109.91082763671875
-112.3759765625
-103.93688201904297
-110.2054672241211
-99.87286376953125
-102.7772445678711
-108.78450775146484
-115.23250579833984
-111.3841552734375
-112.9382095336914
-109.12012481689453
-103.25228118896484
-102.48931884765625
-107.38727569580078
-103.85751342773438
-104.0471420288086
-97.9079360961914
-99.88340759277344
-111.81459045410156
-105.24779510498047
-103.61997985839844
-109.78968811035156
-108.57015991210938
-106.67290496826172
-104.24117279052734
-105.15231323242188
-104.078125
-104.85018157958984
-104.16236877441406
-115.9398422241211
-110.56011199951172
-105.1199722290039
-109.8325424194336
-102.1632080078125
-99.27200317382812
-110.32792663574219
-106.2024917602539
-109.30281829833984
-103.2254409790039
-106.24116516113281
-105.57157135009766
-99.32105255126953
-106.52310180664062
-106.42123413085938
-107.99329376220703
-104.175537109375
-106.87787628173828
-103.73027801513672
-102.60099029541016
-111.62083435058594
-106.06410217285156
-108.86814880371094
-103.41344451904297
-108.66880798339844
-105.89807891845703
-108.89163970947266
-104.14102935791016
-107.86052703857422
-99.15628814697266
-105.88182830810547
-109.80645751953125
-107.3227310180664
-107.94410705566406
-101.98614501953125
-109.14801788330078
-102.82466888427734
-104.07959747314453
-107.82811737060547
-104.289306640625
-107.8510971069336
-108.76406860351562
-105.07491302490234
-106.75440979003906
-105.599609375
-105.45980072021484
-106.56861114501953
-107.36095428466797
-96.79505920410156
-109.98843383789062
-109.96051788330078
-103.00029754638672
-112.03588104248047
-108.09284973144531
-99.51373291015625
-104.44824981689453
-99.26004791259766
-108.25164794921875
-97.7956314086914
-107.54716491699219
-100.50899505615234
-105.57810974121094
-103.34977722167969
-106.94546508789062
-105.0468978881836
-104.90290069580078
-98.71455383300781
-112.7667465209961
-106.20759582519531
-106.66381072998047
-104.58183288574219
-96.68115234375
-109.58534240722656
-104.00422668457031
-99.73804473876953
-106.04644012451172
-106.67765808105469
-100.85675048828125
-108.25030517578125
-102.40441131591797
-105.60602569580078
-100.260986328125
-104.23252868652344
-103.02885437011719
-106.91775512695312
-105.19564819335938
-104.39330291748047
-107.53288269042969
-108.77056884765625
-103.23478698730469
-105.22019958496094
-108.00581359863281
-102.11100769042969
-105.48731994628906
-105.03652954101562
-109.98719787597656
-108.4959945678711
-113.19474792480469
-99.85420227050781
-111.02720642089844
-108.99097442626953
-111.83702850341797
-114.06167602539062
-112.66071319580078
-108.02146911621094
-109.17857360839844
-103.11417388916016
-106.83758544921875
-105.12727355957031
-108.75559997558594
-103.90261840820312
-101.46632385253906
-102.3200454711914
-108.56863403320312
-113.97159576416016
-110.493408203125
-105.21199798583984
-105.37105560302734
-97.34957122802734
-105.98780059814453
-104.41427612304688
-100.68828582763672
-105.05936431884766
-105.22650146484375
-103.60716247558594
-104.8232192993164
-101.59574890136719
-107.26515197753906
-111.17628479003906
-105.31058502197266
-106.53551483154297
-99.14946746826172
-107.63077545166016
-100.67095184326172
-106.19570922851562
-106.09947204589844
-108.21456146240234
-110.26881408691406
-101.146728515625
-101.41683197021484
-108.17418670654297
-102.25585174560547
-106.71591186523438
-104.82496643066406
-109.47346496582031
-102.34798431396484
-106.333251953125
-101.5571517944336
-104.83879089355469
-105.37332916259766
-101.27682495117188
-104.43548583984375
-106.56685638427734
-112.20050048828125
-102.0946044921875
-99.0284194946289
-110.40824890136719
-104.86944580078125
-105.81795501708984
-105.46566009521484
-111.5735092163086
-104.13961029052734
-106.83660888671875
-106.66239166259766
-104.64435577392578
-107.4058609008789
-102.44717407226562
-101.68162536621094
-109.54373168945312
-103.3099365234375
-111.27740478515625
-108.12846374511719
-107.76251220703125
-109.58589935302734
-107.89212799072266
-109.38697814941406
-108.37773895263672
-111.93704986572266
-114.54947662353516
-107.49117279052734
-106.1803207397461
-108.84684753417969
-100.713623046875
-107.90573120117188
-108.88148498535156
-109.08973693847656
-105.26277923583984
-108.90361785888672
-106.97306060791016
-107.42326354980469
-107.38611602783203
-105.45076751708984
-107.95622253417969
-105.49580383300781
-107.81078338623047
-105.85662078857422
-104.86933898925781
-110.31983947753906
-106.46292114257812
-102.53640747070312
-100.27992248535156
-103.00377655029297
-105.21461486816406
-107.93883514404297
-114.42584991455078
-105.26829528808594
-108.17988586425781
-109.66999816894531
-107.25311279296875
-106.32486724853516
-103.40575408935547
-101.27322387695312
-105.310546875
-106.4802017211914
-98.76880645751953
-102.59065246582031
-106.1513442993164
-106.02731323242188
-105.32425689697266
-106.72259521484375
-107.6005859375
-102.1043930053711
-105.64537048339844
-106.98615264892578
-100.33233642578125
-104.32759094238281
-106.86717987060547
-101.11591339111328
-103.7486343383789
-105.06422424316406
-102.44544219970703
-98.79285430908203
-106.96715545654297
-103.6970443725586
-107.28981018066406
-108.09505462646484
-104.95368194580078
-106.9012451171875
-103.29747009277344
-102.81930541992188
-109.3074722290039
-106.94600677490234
-106.60314178466797
-104.2071762084961
-108.60041809082031
-106.62821197509766
-102.80841064453125
-106.4708480834961
-105.42243194580078
-110.00454711914062
-105.75048828125
-108.76656341552734
-103.84009552001953
-102.07245635986328
-110.36605834960938
-108.13029479980469
-108.9549560546875
-108.46778106689453
-105.36228942871094
-105.19534301757812
-108.38719177246094
-98.95154571533203
-104.80562591552734
-102.92826080322266
-107.75718688964844
-104.69327545166016
-104.4376220703125
-105.3089828491211
-112.1556625366211
-101.45506286621094
-100.7520751953125
-103.89376831054688
-109.79283142089844
-110.65296936035156
-102.31147003173828
-109.54886627197266
-104.68146514892578
-106.0199966430664
-103.06222534179688
-103.03602600097656
-107.33153533935547
-111.7618179321289
-110.4980239868164
-105.04399871826172
-105.17048645019531
-102.62989044189453
-109.38462829589844
-108.84812927246094
-107.9898452758789
-111.62387084960938
-106.04192352294922
-109.7435302734375
-102.12023162841797
-101.69719696044922
-103.03692626953125
-106.40782928466797
-111.20780944824219
-106.6583480834961
-107.02753448486328
-110.8900146484375
-107.9935302734375
-103.92390441894531
-107.95541381835938
-105.9019546508789
-109.8615951538086
-112.13823699951172
-110.04095458984375
-108.56581115722656
-107.95024871826172
-106.97372436523438
-110.96620178222656
-106.1390380859375
-106.8512191772461
-107.36494445800781
-104.1350326538086
-110.69284057617188
-105.99327087402344
-103.88861083984375
-107.22855377197266
-101.20511627197266
-114.38607025146484
-105.75238800048828
-112.5670394897461
-102.36707305908203
-103.91070556640625
-100.4699935913086
-102.90301513671875
-104.80111694335938
-101.51619720458984
-102.80116271972656
-102.2783203125
-108.54415130615234
-105.61245727539062
-104.567626953125
-106.85504913330078
-111.11994171142578
-103.7107925415039
-99.39323425292969
-101.91655731201172
-106.16844940185547
-105.8246841430664
-106.88282012939453
-102.0859603881836
-99.0052490234375
-110.46273040771484
-102.81198120117188
-103.48458099365234
-104.88837432861328
-104.51299285888672
-103.59217834472656
-101.59689331054688
-103.13322448730469
-114.00372314453125
-99.94645690917969
-103.71629333496094
-108.86046600341797
-105.34949493408203
-110.56221008300781
-106.39964294433594
-106.99006652832031
-101.72845458984375
-102.15884399414062
-101.01567840576172
-112.89344787597656
-100.49310302734375
-101.0393295288086
-108.74909973144531
-108.62161254882812
-102.00930786132812
-104.1849594116211
-111.42290496826172
-100.21012878417969
-106.09312438964844
-107.1942138671875
-100.98946380615234
-100.08230590820312
-111.29167938232422
-103.04185485839844
-109.06147766113281
-100.08424377441406
-103.6786880493164
-101.8057861328125
-108.51787567138672
-104.0718994140625
-106.09465026855469
-107.57473754882812
-104.80470275878906
-107.31641387939453
-104.08216857910156
-109.8786392211914
-96.97466278076172
-105.51167297363281
-103.10552978515625
-106.2068099975586
-102.3213882446289
-102.07382202148438
-107.74158477783203
-102.15286254882812
-110.52952575683594
-106.186279296875
-104.54920959472656
-110.88593292236328
-106.62242889404297
-109.92889404296875
-106.5556869506836
-108.49431610107422
-102.00572204589844
-107.14742279052734
-103.8533706665039
-112.48348236083984
-96.92406463623047
-103.86689758300781
-109.16940307617188
-110.61595153808594
-108.3893051147461
-102.25972747802734
-100.97468566894531
-108.70250701904297
-102.91072082519531
-104.90758514404297
-106.48743438720703
-103.16415405273438
-103.79393768310547
-103.64212799072266
-111.06492614746094
-100.74507904052734
-102.97541809082031
-96.45575714111328
-103.61687469482422
-105.39612579345703
-99.55240631103516
-108.54877471923828
-101.45645904541016
-104.08409881591797
-100.5677719116211
-105.60240936279297
-108.08824157714844
-104.93644714355469
-101.06803131103516
-102.36679077148438
-108.875244140625
-103.14236450195312
-106.67090606689453
-101.74317932128906
-104.68517303466797
-99.43367767333984
-104.62710571289062
-104.8327865600586
-104.70547485351562
-101.64505767822266
-101.19481658935547
-106.35496520996094
-104.737060546875
-107.66898345947266
-102.22563934326172
-106.90638732910156
-104.97715759277344
-104.2168960571289
-109.09901428222656
-112.31217193603516
-104.51396942138672
-102.61372375488281
-103.23048400878906
-101.569580078125
-102.5808334350586
-109.70233917236328
-104.01219940185547
-105.15010833740234
-103.4927749633789
-106.73466491699219
-106.33391571044922
-100.11571502685547
-105.54965209960938
-103.26942443847656
-111.40202331542969
-102.04326629638672
-102.80720520019531
-102.73731994628906
-103.43580627441406
-105.55908966064453
-112.1911849975586
-109.63711547851562
-103.14292907714844
-105.49482727050781
-105.75687408447266
-100.99877166748047
-105.02395629882812
-109.54768371582031
-106.23664093017578
-98.66515350341797
-108.37101745605469
-109.94999694824219
-101.26996612548828
-104.98912048339844
-102.712890625
-110.9234390258789
-108.56694030761719
-110.03697204589844
-100.7437973022461
-105.00777435302734
-103.0230484008789
-106.38712310791016
-106.36599731445312
-105.97827911376953
-109.91549682617188
-108.39788055419922
-104.5456314086914
-108.60430908203125
-105.92264556884766
-99.08777618408203
-107.72489166259766
-111.49383544921875
-110.65066528320312
-109.86746978759766
-102.86277770996094
-104.74658966064453
-109.4141845703125
-100.91714477539062
-101.61988830566406
-102.13357543945312
-110.00627136230469
-99.22169494628906
-107.77169036865234
-99.24333953857422
-112.92066192626953
-107.98873138427734
-106.25525665283203
-106.85066986083984
-108.8956298828125
-108.1284408569336
-102.98494720458984
-106.24163818359375
-106.28035736083984
-104.230224609375
-98.23540496826172
-102.93312072753906
-99.94107055664062
-105.6659164428711
-105.31909942626953
-103.47293090820312
-106.00375366210938
-101.98697662353516
-106.0074691772461
-100.57984924316406
-100.90245056152344
-110.55075073242188
-109.55787658691406
-105.02133178710938
-107.51569366455078
-109.04984283447266
-110.05743408203125
-102.7198257446289
-101.56395721435547
-104.1923828125
-100.97901153564453
-104.55821228027344
-104.84903717041016
-102.54246520996094
-105.29761505126953
-102.65708923339844
-111.20133972167969
-108.74014282226562
-104.9027099609375
-102.61776733398438
-106.24017333984375
-103.64099884033203
-102.81652069091797
-105.11448669433594
-102.43859100341797
-102.322509765625
-104.45761108398438
-100.5947036743164
-103.46414947509766
-110.14871215820312
-106.2586441040039
-102.70697784423828
-110.17364501953125
-105.308837890625
-106.15581512451172
-111.27567291259766
-103.9033203125
-101.80370330810547
-106.70491790771484
-107.03585052490234
-103.96725463867188
-100.91443634033203
-113.01624298095703
-106.54816436767578
-110.01529693603516
-113.19198608398438
-106.5492172241211
-103.32715606689453
-97.92424774169922
-104.80670928955078
-103.1001968383789
-101.69140625
-104.7752685546875
-105.75374603271484
-115.34906768798828
-105.34393310546875
-112.55551147460938
-108.88965606689453
-105.30608367919922
-103.17869567871094
-106.47571563720703
-103.48757934570312
-102.53742980957031
-108.36494445800781
-102.664306640625
-108.4630355834961
-103.45945739746094
-98.67117309570312
-103.8745346069336
-111.22376251220703
-105.56771850585938
-104.6561279296875
-108.4967269897461
-106.81539154052734
-107.86061096191406
-102.26315307617188
-103.36466217041016
-106.92671966552734
-100.93771362304688
-100.6673812866211
-109.12278747558594
-108.79601287841797
-109.61538696289062
-109.35782623291016
-106.04588317871094
-104.697021484375
-107.5802001953125
-108.12346649169922
-104.17597198486328
-102.65753936767578
-102.34403991699219
-107.18814086914062
-105.7158203125
-101.82169342041016
-106.05751037597656
-97.67999267578125
-102.48047637939453
-107.73856353759766
-106.88880157470703
-104.53811645507812
-103.40589904785156
-103.51565551757812
-105.15975952148438
-102.1422119140625
-105.74748992919922
-111.98491668701172
-108.92801666259766
-105.49861145019531
-106.80500030517578
-105.1309814453125
-104.95028686523438
-106.60910034179688
-105.07783508300781
-103.99208068847656
-104.88190460205078
-105.47434997558594
-101.87775421142578
-105.89097595214844
-106.94364929199219
-104.67230224609375
-103.51419830322266
-105.37442779541016
-107.56175994873047
-111.43457794189453
-102.15337371826172
-105.25040435791016
-108.99122619628906
-103.50006103515625
-108.36244201660156
-101.74476623535156
-105.19109344482422
-109.22357940673828
-100.29963684082031
-104.72125244140625
-109.55313110351562
-105.15973663330078
-106.15868377685547
-107.45586395263672
-108.43681335449219
-99.48310089111328
-105.87651062011719
-104.45730590820312
-99.11213684082031
-102.44420623779297
-106.60243225097656
-104.24930572509766
-100.94091033935547
-109.5671157836914
-106.46646118164062
-104.90975952148438
-102.83523559570312
-104.80205535888672
-108.87529754638672
-108.28269958496094
-104.12255096435547
-102.9437026977539
-107.02465057373047
-101.02818298339844
-103.08331298828125
-105.51146697998047
-107.04859924316406
-100.55931854248047
-110.1032943725586
-102.36035919189453
-105.44503784179688
-98.0309829711914
-104.31903839111328
-99.30189514160156
-103.26954650878906
-106.0751724243164
-96.33043670654297
-104.42277526855469
-109.79183959960938
-105.14140319824219
-103.13384246826172
-111.78563690185547
-112.4926986694336
-101.79238891601562
-102.6805419921875
-110.22606658935547
-107.7791748046875
-101.42520904541016
-107.37969970703125
-105.03185272216797
-104.59733581542969
-102.43995666503906
-105.09986877441406
-107.31426239013672
-107.05899047851562
-101.14287567138672
-104.05937194824219
-107.88057708740234
-98.76216888427734
-96.70993041992188
-101.2845230102539
-100.68789672851562
-104.79280853271484
-105.1769790649414
-105.21863555908203
-109.30951690673828
-104.85968017578125
-103.1638412475586
-105.79244995117188
-103.74490356445312
-107.29258728027344
-107.15402221679688
-110.16531372070312
-99.57628631591797
-103.19972229003906
-104.91423797607422
-109.66700744628906
-106.42434692382812
-105.49252319335938
-104.2201156616211
-103.8694076538086
-108.67364501953125
-100.34303283691406
-102.38020324707031
-106.72708892822266
-103.51853942871094
-106.3153305053711
-106.69034576416016
-111.36376953125
-105.7621841430664
-106.46487426757812
-108.16737365722656
-103.12551879882812
-107.70472717285156
-106.47520446777344
-109.6634521484375
-105.15342712402344
-101.60875701904297
-100.2626724243164
-107.63653564453125
-110.77790069580078
-106.37042999267578
-99.1080551147461
-105.978759765625
-107.80595397949219
-109.38126373291016
-105.78853607177734
-104.36944580078125
-101.09181213378906
-108.35598754882812
-103.9498519897461
-106.2110366821289
-105.02755737304688
-106.84391021728516
-103.064697265625
-102.61115264892578
-97.74524688720703
-107.74776458740234
-106.74363708496094
-108.51727294921875
-106.83967590332031
-107.7655258178711
-102.01150512695312
-103.0158462524414
-110.74028015136719
-103.20113372802734
-108.68416595458984
-105.54137420654297
-107.65180206298828
-99.01532745361328
-101.62569427490234
-106.44786834716797
-105.92183685302734
-103.03166961669922
-106.89256286621094
-104.62067413330078
-106.39447021484375
-101.25218200683594
-105.7695083618164
-104.67027282714844
-106.13832092285156
-108.6047592163086
-109.93638610839844
-104.70240020751953
-102.38118743896484
-99.81593322753906
-109.2957534790039
-101.0296630859375
-112.23748016357422
-104.94432830810547
-108.38385772705078
-101.983642578125
-101.66731262207031
-104.6740951538086
-103.24005126953125
-105.89008331298828
-108.18489074707031
-109.69732666015625
-105.93619537353516
-103.17208862304688
-110.55150604248047
-103.74491119384766
-109.35257720947266
-109.65503692626953
-107.45416259765625
-105.25375366210938
-110.87450408935547
-103.7567138671875
-108.47333526611328
-102.38738250732422
-104.50098419189453
-104.56748962402344
-108.37210083007812
-108.70584869384766
-108.61597442626953
-106.02415466308594
-105.7694091796875
-107.115234375
-106.46905517578125
-103.54978942871094
-109.76534271240234
-101.54396057128906
-107.04769134521484
-105.35810852050781
-101.51307678222656
-104.93804931640625
-105.666259765625
-105.67515563964844
-103.40452575683594
-107.86111450195312
-106.43175506591797
-108.5257339477539
-113.92406463623047
-97.94381713867188
-104.92366027832031
-99.50930786132812
-107.73298645019531
-101.74967956542969
-102.8017807006836
-107.19983673095703
-108.58212280273438
-108.28072357177734
-106.83069610595703
-104.84765625
-106.29918670654297
-106.40681457519531
-106.18257904052734
