-99.17689514160156
-109.11296844482422
-100.43391418457031
-105.24082946777344
-106.10972595214844
-104.4012451171875
-99.04724884033203
-94.34878540039062
-103.88953399658203
-98.33143615722656
-104.26895904541016
-100.48772430419922
-105.61770629882812
-102.25074005126953
-99.46466827392578
-98.68391418457031
-96.88697814941406
-105.74940490722656
-103.54469299316406
-96.29617309570312
-102.82827758789062
-101.66194915771484
-99.99551391601562
-103.15824127197266
-105.34391021728516
-106.78269958496094
-96.54225158691406
-104.86683654785156
-95.77711486816406
-99.4574203491211
-103.09054565429688
-109.7693099975586
-106.53890991210938
-106.9041519165039
-105.64091491699219
-98.95406341552734
-97.88565063476562
-102.82245635986328
-100.5313949584961
-101.27900695800781
-96.2376708984375
-95.85552215576172
-105.11206817626953
-100.52180480957031
-98.80267333984375
-103.33905792236328
-104.1427230834961
-102.11209869384766
-100.18286895751953
-100.21249389648438
-99.2767562866211
-101.80327606201172
-99.1089859008789
-111.1296157836914
-106.15652465820312
-100.86717224121094
-104.30797576904297
-98.91273498535156
-94.8038558959961
-105.82998657226562
-100.58020782470703
-104.15422058105469
-98.01756286621094
-99.75920104980469
-100.24055480957031
-95.5870590209961
-102.6976318359375
-102.64954376220703
-102.4326400756836
-99.52914428710938
-102.20594024658203
-99.7467269897461
-99.02549743652344
-106.71768951416016
-102.0179672241211
-103.79815673828125
-98.04946899414062
-103.67369842529297
-101.14437866210938
-103.59811401367188
-100.04041290283203
-102.18807220458984
-94.94586181640625
-100.03935241699219
-105.51615142822266
-100.50715637207031
-103.41568756103516
-97.70697021484375
-105.28227233886719
-97.57618713378906
-99.55485534667969
-103.4571304321289
-99.9587631225586
-102.88948822021484
-104.6320571899414
-102.15900421142578
-101.6039810180664
-100.37211608886719
-101.30805969238281
-102.6952133178711
-102.0988998413086
-91.70602416992188
-104.20014190673828
-103.38536071777344
-99.24140167236328
-106.3360595703125
-101.85099792480469
-94.84658813476562
-100.2098617553711
-96.50405883789062
-102.27569580078125
-93.15332794189453
-102.16443634033203
-96.37236785888672
-101.14302062988281
-98.9457015991211
-101.27789306640625
-98.41120910644531
-99.9062728881836
-96.11359405517578
-107.0475845336914
-100.0643539428711
-100.52783203125
-98.8232192993164
-92.71312713623047
-104.24433135986328
-99.25487518310547
-95.4993667602539
-102.0015640258789
-100.82323455810547
-96.0595703125
-104.26713562011719
-97.5223388671875
-99.19347381591797
-95.72393798828125
-97.79243469238281
-98.50984954833984
-102.4470443725586
-100.83300018310547
-99.49232482910156
-102.58635711669922
-104.12020111083984
-98.61756134033203
-100.023681640625
-104.70843505859375
-98.97250366210938
-101.26725769042969
-101.23043060302734
-106.25872039794922
-104.76673889160156
-107.83575439453125
-95.98889923095703
-105.8198471069336
-104.51677703857422
-105.98011779785156
-110.21759796142578
-109.28187561035156
-101.80296325683594
-105.75391387939453
-98.12635803222656
-101.86338806152344
-100.6597900390625
-103.91153717041016
-100.12425994873047
-96.12310791015625
-97.89868927001953
-103.17593383789062
-110.24431610107422
-106.57461547851562
-102.32372283935547
-101.70582580566406
-94.27188873291016
-102.95729064941406
-97.93939208984375
-95.44206237792969
-100.28419494628906
-100.56356048583984
-98.51093292236328
-101.35478210449219
-98.05237579345703
-102.24330139160156
-105.08431243896484
-100.85853576660156
-100.67162322998047
-94.93364715576172
-102.8431167602539
-96.60298156738281
-102.80844116210938
-102.6168441772461
-103.82040405273438
-105.1712646484375
-98.22763061523438
-96.79306030273438
-103.32719421386719
-97.54906463623047
-103.162109375
-99.77064514160156
-104.82882690429688
-96.08540344238281
-102.21178436279297
-98.7735824584961
-100.33322143554688
-100.79650115966797
-97.97345733642578
-101.06412506103516
-103.19766235351562
-107.23777770996094
-97.37921142578125
-94.85025024414062
-104.80728912353516
-100.55552673339844
-101.6136703491211
-99.73773956298828
-107.5213623046875
-102.76319885253906
-101.15441131591797
-101.03327941894531
-100.95793914794922
-104.45245361328125
-98.22245788574219
-98.11372375488281
-105.11124420166016
-99.98735046386719
-106.07256317138672
-104.15310668945312
-104.25071716308594
-104.66815185546875
-104.10476684570312
-103.60275268554688
-104.34929656982422
-107.06014251708984
-109.03778076171875
-104.5213394165039
-102.51194763183594
-104.16898345947266
-96.9374008178711
-104.83457946777344
-104.3995361328125
-102.75387573242188
-100.08255767822266
-103.52528381347656
-102.3086166381836
-102.12702941894531
-103.2459487915039
-101.396728515625
-103.6853256225586
-101.98600006103516
-103.35364532470703
-99.38665771484375
-98.9608154296875
-103.81964111328125
-101.40254211425781
-98.97811889648438
-94.84735107421875
-98.59602355957031
-98.3145751953125
-100.80860900878906
-110.4521484375
-101.91610717773438
-103.8067855834961
-106.77619934082031
-102.06385040283203
-103.52813720703125
-98.02079772949219
-98.3142318725586
-101.78240966796875
-102.39852142333984
-95.46009063720703
-97.79239654541016
-102.9964828491211
-101.99604034423828
-101.19950866699219
-102.68870544433594
-103.71881866455078
-98.09712219238281
-101.7538070678711
-103.7762680053711
-96.24053192138672
-100.5528564453125
-103.4913330078125
-95.0505599975586
-99.98115539550781
-100.98550415039062
-97.25921630859375
-95.23311614990234
-102.81253051757812
-100.55936431884766
-103.70419311523438
-103.9862289428711
-101.02903747558594
-102.45008850097656
-98.64785766601562
-99.74214172363281
-104.98408508300781
-102.99121856689453
-102.09544372558594
-101.02787780761719
-105.2867660522461
-101.2166519165039
-98.283447265625
-100.34172821044922
-99.50177001953125
-106.10154724121094
-102.74962615966797
-104.13692474365234
-98.32005310058594
-96.71484375
-103.93621063232422
-103.42156219482422
-104.85037231445312
-102.46769714355469
-101.97283172607422
-99.36772155761719
-104.3377456665039
-95.54402923583984
-100.92945861816406
-97.89291381835938
-103.0278091430664
-101.04943084716797
-101.29418182373047
-101.36662292480469
-107.23423767089844
-97.6771469116211
-96.65177917480469
-98.21700286865234
-104.78155517578125
-104.8958969116211
-98.73554992675781
-104.61607360839844
-102.69361114501953
-99.8664779663086
-98.83706665039062
-99.41291809082031
-103.44893646240234
-109.1488265991211
-106.52029418945312
-101.47206115722656
-101.89913940429688
-98.43879699707031
-106.78520965576172
-105.6544189453125
-102.71553802490234
-106.9241943359375
-100.99055480957031
-103.99822235107422
-98.99183654785156
-98.14990234375
-98.75049591064453
-102.92828369140625
-107.79590606689453
-103.32569885253906
-102.80056762695312
-103.73204803466797
-102.53778076171875
-98.92849731445312
-105.10276794433594
-104.28643798828125
-105.34664154052734
-106.56581115722656
-105.33928680419922
-105.1082534790039
-104.62117004394531
-102.38568878173828
-106.69927215576172
-101.10636901855469
-102.98886108398438
-102.35563659667969
-98.82515716552734
-104.94095611572266
-103.03194427490234
-101.36506652832031
-101.33438110351562
-96.21038055419922
-110.10826110839844
-101.44989776611328
-106.0919418334961
-98.31147766113281
-99.2385482788086
-95.68701934814453
-101.21752166748047
-101.4200210571289
-97.83491516113281
-98.83751678466797
-99.06488037109375
-106.20976257324219
-101.5766372680664
-101.10511779785156
-101.53414154052734
-104.68888092041016
-98.0252685546875
-96.46402740478516
-98.32735443115234
-101.88867950439453
-102.11698150634766
-101.57086181640625
-99.87828063964844
-95.3966064453125
-105.71857452392578
-98.69580078125
-99.88224792480469
-101.59376525878906
-99.70935821533203
-100.62972259521484
-98.75215148925781
-97.85657501220703
-109.3447494506836
-96.6263656616211
-102.24923706054688
-103.01070404052734
-101.35530090332031
-105.49559020996094
-103.84180450439453
-102.99108123779297
-97.39710998535156
-98.60725402832031
-96.77355194091797
-107.1701889038086
-98.69345092773438
-97.23967742919922
-103.26287078857422
-104.60565185546875
-97.92259216308594
-100.41121673583984
-105.91865539550781
-96.10074615478516
-100.91681671142578
-101.99722290039062
-96.02029418945312
-95.75027465820312
-107.89482879638672
-99.12126922607422
-105.72946166992188
-96.45648193359375
-99.24078369140625
-95.57640075683594
-103.80043029785156
-99.42252349853516
-102.78533935546875
-100.83842468261719
-99.49232482910156
-103.91323852539062
-99.31745910644531
-105.88887023925781
-91.08773803710938
-100.92191314697266
-98.9399642944336
-102.0477066040039
-98.0419921875
-96.36066436767578
-104.47467803955078
-98.24372100830078
-104.19371795654297
-101.6045913696289
-99.00350952148438
-108.04231262207031
-101.43926239013672
-104.59669494628906
-101.23847198486328
-105.8093490600586
-96.30424499511719
-104.42362976074219
-99.58120727539062
-108.8396224975586
-92.39564514160156
-99.61610412597656
-106.52893829345703
-107.3279037475586
-105.1343994140625
-98.16832733154297
-95.7397689819336
-104.4145736694336
-99.4406967163086
-101.34258270263672
-103.31269836425781
-98.3112564086914
-99.60600280761719
-98.97908782958984
-104.52537536621094
-97.2695083618164
-98.33349609375
-92.28502655029297
-100.28714752197266
-99.75333404541016
-95.46419525146484
-105.51824951171875
-98.17496490478516
-99.41148376464844
-96.04888916015625
-100.90169525146484
-104.44900512695312
-100.88237762451172
-97.88508605957031
-97.56657409667969
-105.32063293457031
-99.90735626220703
-104.27031707763672
-98.28727722167969
-100.19227600097656
-96.0235824584961
-100.58992004394531
-101.00516510009766
-100.49164581298828
-97.5078353881836
-97.54036712646484
-102.77264404296875
-100.32180786132812
-103.6917724609375
-100.04022979736328
-104.24165344238281
-101.9385757446289
-100.88123321533203
-104.53296661376953
-108.13998413085938
-100.00367736816406
-98.85284423828125
-99.5716323852539
-99.8860855102539
-97.55973052978516
-104.27369689941406
-100.10426330566406
-101.13577270507812
-100.18655395507812
-102.56410217285156
-102.0147476196289
-96.62319946289062
-102.22830963134766
-100.35614013671875
-107.27945709228516
-98.69365692138672
-99.37287139892578
-100.03540802001953
-100.37255096435547
-102.02592468261719
-106.89934539794922
-105.49903869628906
-99.63592529296875
-99.58714294433594
-102.38004302978516
-97.40080261230469
-102.21220397949219
-107.37999725341797
-101.45381164550781
-95.8604965209961
-103.9988784790039
-105.10926818847656
-96.89175415039062
-100.12770080566406
-98.9286880493164
-108.61693572998047
-104.20750427246094
-105.47381591796875
-96.9000015258789
-100.64910125732422
-99.5475845336914
-102.8577651977539
-102.28337097167969
-103.0521469116211
-106.54141998291016
-105.4171371459961
-99.4299545288086
-104.36788177490234
-101.29747009277344
-96.284912109375
-102.31536102294922
-106.89768981933594
-106.66203308105469
-105.21942901611328
-98.94258880615234
-101.10612487792969
-105.29875946044922
-97.25680541992188
-98.20303344726562
-96.72535705566406
-106.14358520507812
-95.00100708007812
-103.63745880126953
-96.41814422607422
-110.27902221679688
-103.74752044677734
-101.2576675415039
-103.78913879394531
-103.40572357177734
-103.9542236328125
-99.41792297363281
-101.34735870361328
-103.34440612792969
-99.5110855102539
-95.6155014038086
-99.04505157470703
-97.83682250976562
-100.66498565673828
-101.25933074951172
-99.41256713867188
-103.8678207397461
-98.5939712524414
-102.78265380859375
-97.20940399169922
-97.55718994140625
-106.69709777832031
-106.32054901123047
-100.7457275390625
-102.20337677001953
-105.38738250732422
-103.29045104980469
-97.80023956298828
-98.33032989501953
-100.05900573730469
-98.92322540283203
-102.77114868164062
-100.4783706665039
-97.42744445800781
-100.99287414550781
-98.17598724365234
-106.19056701660156
-104.8387680053711
-101.4732666015625
-99.45637512207031
-102.0457534790039
-100.33602142333984
-98.88118743896484
-102.50304412841797
-97.3311996459961
-97.61590576171875
-102.71121215820312
-96.1323013305664
-99.16673278808594
-106.06867980957031
-102.71192169189453
-99.38124084472656
-105.16006469726562
-101.34848022460938
-102.90984344482422
-106.12139129638672
-100.37994384765625
-97.15946197509766
-102.00273132324219
-103.88236999511719
-100.96701049804688
-97.26190185546875
-108.86908721923828
-103.03080749511719
-104.96556091308594
-107.29869079589844
-103.8282470703125
-99.14025115966797
-94.68094635009766
-101.05477905273438
-98.84083557128906
-97.74893188476562
-99.66389465332031
-100.5904769897461
-110.88097381591797
-103.29810333251953
-106.87544250488281
-104.99871826171875
-100.70121765136719
-99.51364135742188
-101.47432708740234
-99.6151123046875
-99.09955596923828
-104.7343978881836
-99.07838439941406
-104.71525573730469
-98.57421112060547
-94.80622863769531
-100.71914672851562
-107.1322021484375
-101.05535125732422
-100.4912109375
-104.85585021972656
-103.64363861083984
-104.05077362060547
-97.7737808227539
-98.1784896850586
-104.49662780761719
-97.2581787109375
-96.9297103881836
-104.6929702758789
-104.3669204711914
-104.38296508789062
-104.50908660888672
-102.62757873535156
-99.76822662353516
-103.48143768310547
-103.0009994506836
-100.82608032226562
-98.24383544921875
-98.2907943725586
-103.44657897949219
-101.45726013183594
-99.29327392578125
-101.98957824707031
-95.07223510742188
-98.7863998413086
-102.36181640625
-101.6473159790039
-101.71771240234375
-99.35399627685547
-99.27429962158203
-101.46271514892578
-98.7745590209961
-102.35256958007812
-109.3067855834961
-104.98936462402344
-102.420166015625
-102.48980712890625
-101.77555847167969
-101.03926849365234
-103.6265869140625
-100.63704681396484
-99.47830963134766
-100.3858642578125
-100.66853332519531
-97.5594253540039
-102.35684967041016
-101.31903076171875
-100.67223358154297
-98.59479522705078
-100.40863037109375
-103.14988708496094
-106.43997955322266
-98.68949890136719
-100.7559585571289
-105.86024475097656
-100.48553466796875
-103.96537780761719
-99.00926208496094
-100.59256744384766
-103.76805877685547
-96.24392700195312
-99.14691925048828
-104.8152084350586
-103.00509643554688
-100.84264373779297
-104.32064819335938
-103.37052917480469
-97.94284057617188
-100.13109588623047
-101.06182861328125
-95.44009399414062
-98.44937133789062
-101.9726791381836
-99.7245101928711
-98.4278335571289
-105.89501190185547
-102.64109802246094
-101.6598892211914
-98.69746398925781
-99.55036926269531
-106.94175720214844
-103.95252990722656
-99.87506103515625
-97.9281005859375
-103.32869720458984
-98.321044921875
-99.20487213134766
-100.86044311523438
-103.53845977783203
-96.64554595947266
-105.7275161743164
-98.63449096679688
-100.906494140625
-95.29966735839844
-101.90386962890625
-98.565673828125
-99.25189208984375
-101.66853332519531
-94.98005676269531
-101.05038452148438
-106.0464096069336
-100.35025787353516
-98.85523986816406
-106.73670959472656
-108.6140365600586
-96.95611572265625
-99.26982116699219
-105.40789031982422
-103.5035400390625
-98.89362335205078
-103.42977142333984
-99.65248107910156
-101.58515930175781
-97.51573181152344
-99.83831024169922
-101.66317749023438
-103.37163543701172
-96.71139526367188
-100.67835998535156
-104.85306549072266
-95.25096130371094
-93.90518951416016
-98.11482238769531
-96.28199005126953
-101.50871276855469
-99.51298522949219
-100.53601837158203
-105.19316101074219
-101.3942642211914
-98.96973419189453
-100.30301666259766
-100.7315902709961
-101.61015319824219
-103.01100158691406
-106.85128784179688
-95.54296112060547
-98.65130615234375
-99.0173568725586
-106.33543395996094
-101.65885925292969
-101.86852264404297
-100.02762603759766
-102.09037017822266
-102.34757995605469
-96.25778198242188
-96.73764038085938
-103.34563446044922
-100.53597259521484
-101.96525573730469
-101.74040985107422
-104.3969497680664
-102.20622253417969
-103.054931640625
-103.03062438964844
-100.05687713623047
-103.13626098632812
-101.84186553955078
-105.11861419677734
-99.22905731201172
-96.19401550292969
-97.55805206298828
-103.30284881591797
-105.73760223388672
-101.17884826660156
-95.92694091796875
-101.87568664550781
-104.3448486328125
-103.6992416381836
-101.34014892578125
-101.92192077636719
-97.66008758544922
-102.92884063720703
-99.60971069335938
-102.0481948852539
-100.27398681640625
-101.75401306152344
-100.30198669433594
-97.88682556152344
-93.83795166015625
-101.85358428955078
-102.67221069335938
-104.85176849365234
-101.15852355957031
-104.94707489013672
-98.11592864990234
-101.61296081542969
-105.41020965576172
-98.91199493408203
-104.59954833984375
-101.0953598022461
-102.49775695800781
-96.32574462890625
-96.73441314697266
-101.73258972167969
-101.30485534667969
-97.98152923583984
-101.12334442138672
-100.59994506835938
-102.79024505615234
-96.05182647705078
-101.83375549316406
-100.53475952148438
-101.53825378417969
-104.42214965820312
-106.23928833007812
-99.82848358154297
-100.24099731445312
-95.42527770996094
-104.90252685546875
-95.95207214355469
-107.5268325805664
-100.20747375488281
-104.54685974121094
-98.33670806884766
-98.00482177734375
-99.14520263671875
-99.87095642089844
-100.17438507080078
-103.28307342529297
-102.85452270507812
-103.07774353027344
-99.1821060180664
-104.0937728881836
-98.43095397949219
-107.8350830078125
-104.22109985351562
-103.96202087402344
-100.3985595703125
-107.91804504394531
-99.29460144042969
-104.2440185546875
-97.69601440429688
-100.09744262695312
-100.58414459228516
-103.82657623291016
-103.69264221191406
-104.55644989013672
-101.95252227783203
-102.02879333496094
-103.48965454101562
-100.9932861328125
-98.9640884399414
-106.55770111083984
-98.42204284667969
-102.17683410644531
-101.41497039794922
-96.89075469970703
-101.50515747070312
-101.00650787353516
-103.11750793457031
-100.83089447021484
-101.70562744140625
-101.57568359375
-103.08760833740234
-108.31671142578125
-94.47027587890625
-101.19979858398438
-96.10476684570312
-103.33512878417969
-98.35166931152344
-99.0740966796875
-102.42094421386719
-105.41668701171875
-105.12492370605469
-104.54788208007812
-101.56998443603516
-103.13639831542969
-102.2475814819336
-101.53498840332031
