-100.77030944824219
-110.18185424804688
-104.99346923828125
-109.22238159179688
-111.09507751464844
-107.53458404541016
-102.02499389648438
-97.0268783569336
-107.7402114868164
-102.57708740234375
-105.99432373046875
-103.13755798339844
-109.90931701660156
-108.18163299560547
-104.10147094726562
-100.2624282836914
-100.18958282470703
-109.33283233642578
-107.00045013427734
-99.79393768310547
-104.66056823730469
-104.07002258300781
-103.9849853515625
-105.88652038574219
-106.99082946777344
-110.66191864013672
-101.3216781616211
-108.0833511352539
-99.0628662109375
-101.3871078491211
-106.59452819824219
-113.01455688476562
-110.92137908935547
-111.46421813964844
-108.47321319580078
-101.56193542480469
-101.6556396484375
-104.66766357421875
-102.67771911621094
-102.85746002197266
-98.72708892822266
-97.69396209716797
-108.9505615234375
-103.70708465576172
-101.63095092773438
-107.62057495117188
-106.71797943115234
-106.02389526367188
-101.90397644042969
-103.16600036621094
-101.46546173095703
-102.82898712158203
-101.06324005126953
-113.79954528808594
-110.3934097290039
-104.66323852539062
-106.88917541503906
-101.35690307617188
-99.22225189208984
-109.68119049072266
-104.72334289550781
-106.62584686279297
-100.98307800292969
-103.58195495605469
-104.43637084960938
-97.03107452392578
-104.33137512207031
-105.14189147949219
-105.72613525390625
-101.74937438964844
-104.88865661621094
-102.15169525146484
-101.92112731933594
-110.02055358886719
-103.7308349609375
-107.69422912597656
-101.18462371826172
-106.94483947753906
-104.41089630126953
-108.12342834472656
-102.11268615722656
-105.54664611816406
-98.11905670166016
-104.64838409423828
-107.97924041748047
-104.00436401367188
-106.68415832519531
-101.28195190429688
-108.17910766601562
-100.83908081054688
-103.34771728515625
-105.49198150634766
-102.67591094970703
-107.73039245605469
-106.8672103881836
-105.10008239746094
-103.9918212890625
-103.6536865234375
-104.22615814208984
-104.33702850341797
-103.62661743164062
-94.54988861083984
-106.94636535644531
-106.62103271484375
-102.5420913696289
-109.69607543945312
-105.49514770507812
-98.04759216308594
-102.2350845336914
-96.90818786621094
-106.11900329589844
-96.26130676269531
-105.6708984375
-100.35198974609375
-102.88886260986328
-101.4438247680664
-104.93153381347656
-101.98065185546875
-102.92591094970703
-96.98395538330078
-110.56829833984375
-104.40699005126953
-103.00098419189453
-102.00160217285156
-94.7525405883789
-107.63287353515625
-102.1653060913086
-98.23995971679688
-104.0412368774414
-104.87567901611328
-99.80508422851562
-107.47010040283203
-100.66095733642578
-103.59195709228516
-98.1563491821289
-100.78375244140625
-101.0786361694336
-105.66677856445312
-103.29739379882812
-101.75482940673828
-105.58531951904297
-107.02360534667969
-101.75756072998047
-102.75067901611328
-106.55955505371094
-101.07596588134766
-104.50284576416016
-104.27162170410156
-108.54169464111328
-107.08625030517578
-111.00068664550781
-98.99889373779297
-107.71725463867188
-107.2554931640625
-109.63202667236328
-111.55996704101562
-111.89898681640625
-106.52285766601562
-105.90505981445312
-100.67276763916016
-104.7822265625
-103.09223175048828
-106.08124542236328
-101.40142822265625
-101.07133483886719
-101.09907531738281
-105.6893539428711
-112.01764678955078
-108.5248031616211
-105.56813049316406
-104.69483184814453
-95.08855438232422
-106.1608657836914
-104.58784484863281
-97.1855239868164
-102.68502044677734
-104.99669647216797
-101.41099548339844
-105.1246566772461
-99.26805114746094
-102.94393157958984
-109.71559143066406
-103.779541015625
-104.72917175292969
-98.76155090332031
-106.3193359375
-99.2432861328125
-105.97270965576172
-106.16832733154297
-107.595947265625
-108.89263153076172
-100.54060363769531
-100.52421569824219
-106.57942962646484
-100.72730255126953
-104.71525573730469
-103.32505798339844
-108.64019775390625
-99.27132415771484
-103.63526153564453
-101.92064666748047
-102.46173858642578
-103.8755111694336
-98.93499755859375
-104.1330795288086
-105.23416137695312
-110.6246337890625
-100.20257568359375
-96.96882629394531
-107.47660064697266
-103.03581237792969
-104.55424499511719
-103.01874542236328
-110.29041290283203
-102.93466186523438
-105.39581298828125
-104.09095001220703
-101.49131774902344
-106.67498016357422
-101.22283935546875
-100.39048767089844
-109.37556457519531
-101.3515853881836
-108.98078918457031
-106.11917877197266
-107.6606216430664
-107.16348266601562
-106.91923522949219
-107.42008209228516
-105.90287780761719
-110.11231994628906
-113.93038940429688
-106.13325500488281
-105.99856567382812
-107.4149398803711
-97.9345474243164
-107.02864074707031
-107.8051986694336
-106.65570831298828
-102.88678741455078
-106.646240234375
-104.64334869384766
-105.58972930908203
-106.0999755859375
-104.27124786376953
-106.16695404052734
-103.9434814453125
-106.11946105957031
-101.48172760009766
-101.61551666259766
-107.42125701904297
-104.4818115234375
-101.00157928466797
-97.82182312011719
-103.37379455566406
-102.71306610107422
-104.92523956298828
-112.27608489990234
-103.94004821777344
-106.17156982421875
-108.968994140625
-104.59768676757812
-106.95498657226562
-101.27693176269531
-100.36931610107422
-104.37808227539062
-104.93743133544922
-97.9202880859375
-101.75198364257812
-104.73487854003906
-103.6942138671875
-103.42192077636719
-104.26213836669922
-105.30986022949219
-100.46041870117188
-104.10372161865234
-105.25830078125
-96.8536605834961
-103.2983627319336
-105.5346908569336
-99.19345092773438
-102.55953216552734
-103.8182601928711
-100.28044891357422
-97.973876953125
-106.21520233154297
-102.32952880859375
-105.18048858642578
-107.54771423339844
-104.05150604248047
-105.70753479003906
-100.9076156616211
-101.72494506835938
-107.5060806274414
-105.6671371459961
-103.413818359375
-103.49279022216797
-108.42862701416016
-104.36337280273438
-101.66251373291016
-104.48151397705078
-103.47344970703125
-109.58150482177734
-104.32306671142578
-107.41525268554688
-102.19208526611328
-99.15169525146484
-108.74297332763672
-105.91668701171875
-106.13369750976562
-106.50813293457031
-104.55400085449219
-102.27253723144531
-106.3910140991211
-98.40398406982422
-105.68797302246094
-100.74678802490234
-106.687255859375
-102.67671203613281
-103.19622039794922
-104.77570343017578
-110.8335189819336
-99.3873291015625
-99.48898315429688
-101.19658660888672
-106.46295166015625
-108.97197723388672
-100.6898193359375
-107.91259765625
-104.71448516845703
-104.18450164794922
-102.00438690185547
-104.13396453857422
-106.89942169189453
-108.7425308227539
-109.18576049804688
-105.6772689819336
-104.54829406738281
-101.3666000366211
-108.37601470947266
-109.24375915527344
-107.64105224609375
-109.73363494873047
-105.4875717163086
-108.02676391601562
-101.38066864013672
-100.29385375976562
-101.33543395996094
-104.6985092163086
-110.56612396240234
-104.94966888427734
-106.15106201171875
-108.17085266113281
-107.32813262939453
-102.02507781982422
-107.76464080810547
-106.39500427246094
-107.37846374511719
-110.24938201904297
-107.79332733154297
-106.68709564208984
-107.48519897460938
-105.74575805664062
-108.40595245361328
-104.982421875
-105.45248413085938
-105.52525329589844
-102.28026580810547
-108.50362396240234
-105.22425842285156
-103.2223129272461
-105.88621520996094
-99.24645233154297
-113.26826477050781
-103.90135955810547
-109.67262268066406
-101.4122085571289
-101.70132446289062
-98.55353546142578
-102.853271484375
-103.54791259765625
-100.23979949951172
-100.8349380493164
-101.58598327636719
-107.24417114257812
-104.52143096923828
-101.27873229980469
-104.2123031616211
-107.0760269165039
-102.77997589111328
-98.6076889038086
-101.52752685546875
-104.69810485839844
-104.5129165649414
-104.60399627685547
-102.06214141845703
-98.3373794555664
-108.8028564453125
-100.4609146118164
-102.7901382446289
-103.65447998046875
-103.16622161865234
-102.22535705566406
-100.22211456298828
-100.99247741699219
-112.23161315917969
-100.01189422607422
-102.69268035888672
-107.02848052978516
-105.58224487304688
-108.62098693847656
-106.6523666381836
-105.94347381591797
-99.94058990478516
-100.69300079345703
-99.30519104003906
-111.1506118774414
-98.91604614257812
-98.64007568359375
-106.033447265625
-107.49418640136719
-99.70751953125
-102.08981323242188
-110.23545837402344
-99.51346588134766
-104.04435729980469
-105.12480163574219
-100.0256576538086
-97.9933090209961
-111.61074829101562
-102.05107879638672
-107.8327865600586
-98.7886962890625
-101.6478271484375
-99.32902526855469
-106.64826965332031
-102.81250762939453
-105.65650939941406
-105.13459014892578
-102.63150787353516
-105.95258331298828
-101.66180419921875
-108.90411376953125
-95.38262176513672
-105.0819320678711
-101.5197982788086
-104.03913879394531
-99.64774322509766
-98.97266387939453
-104.91642761230469
-101.65914154052734
-108.52741241455078
-104.92996215820312
-102.90970611572266
-111.02803039550781
-104.50244903564453
-107.94841003417969
-105.07201385498047
-108.18751525878906
-98.77288818359375
-105.73601531982422
-103.93702697753906
-109.25221252441406
-96.28723907470703
-102.18596649169922
-109.64779663085938
-110.58024597167969
-107.37852478027344
-99.98196411132812
-99.71517944335938
-107.88921356201172
-102.2667236328125
-103.46488952636719
-104.17362213134766
-101.44414520263672
-102.91402435302734
-102.22244262695312
-108.91228485107422
-98.64757537841797
-101.26461029052734
-94.56419372558594
-101.99209594726562
-104.47633361816406
-98.333984375
-106.36477661132812
-100.42343139648438
-101.6242446899414
-98.60567474365234
-104.49324798583984
-107.15975189208984
-102.7613525390625
-99.44284057617188
-100.79545593261719
-107.8244857788086
-102.1451416015625
-105.9316177368164
-101.1218032836914
-102.10100555419922
-96.68790435791016
-102.82401275634766
-103.4323501586914
-104.17149353027344
-98.51300048828125
-99.85936737060547
-105.70272064208984
-102.87557983398438
-105.62666320800781
-100.70624542236328
-105.0925521850586
-104.6431655883789
-102.49898529052734
-106.68773651123047
-110.89329528808594
-102.4739761352539
-101.95304107666016
-100.89266967773438
-100.3798828125
-100.02271270751953
-106.61874389648438
-100.94757843017578
-103.87974548339844
-102.33867645263672
-104.55596923828125
-104.48860931396484
-99.20532989501953
-103.64696502685547
-102.06634521484375
-109.3712158203125
-101.17102813720703
-101.74320220947266
-102.36032104492188
-103.7052993774414
-103.26639556884766
-108.49969482421875
-107.71187591552734
-100.86265563964844
-103.14974975585938
-105.25444030761719
-100.49848937988281
-103.73551940917969
-108.23722076416016
-104.44962310791016
-97.07933044433594
-106.51713562011719
-109.412841796875
-99.57564544677734
-102.65721893310547
-101.98052215576172
-110.04227447509766
-108.37712860107422
-107.1486587524414
-99.4852066040039
-104.29365539550781
-101.5447769165039
-105.15689849853516
-104.91730499267578
-104.00468444824219
-107.92636108398438
-106.9649658203125
-101.94717407226562
-107.3572998046875
-103.79595184326172
-98.24552917480469
-104.40804290771484
-109.24453735351562
-108.97789001464844
-107.20475769042969
-101.19912719726562
-103.4095458984375
-108.34477233886719
-99.4944076538086
-100.52000427246094
-100.2812728881836
-108.9283676147461
-96.90579986572266
-106.51956176757812
-99.28662872314453
-112.02201843261719
-105.97653198242188
-104.47689819335938
-104.9926986694336
-105.7518539428711
-106.1625747680664
-101.11559295654297
-104.02482604980469
-104.8143539428711
-101.96434783935547
-98.13507080078125
-101.6752700805664
-98.59610748291016
-102.42681121826172
-102.63168334960938
-101.64952087402344
-106.33979797363281
-101.22219848632812
-104.81616973876953
-100.28832244873047
-99.24386596679688
-109.17596435546875
-109.23654174804688
-103.73004913330078
-105.24115753173828
-107.83370971679688
-106.15653991699219
-100.7452392578125
-100.37181854248047
-104.06157684326172
-100.37129974365234
-104.7808837890625
-102.62468719482422
-100.00209045410156
-103.66556549072266
-102.00163269042969
-109.28308868408203
-107.32349395751953
-104.04362487792969
-101.49832916259766
-104.61990356445312
-102.68199920654297
-101.1343002319336
-104.11798858642578
-100.97409057617188
-100.92660522460938
-104.6402816772461
-98.4866943359375
-101.50475311279297
-108.08915710449219
-104.30548095703125
-101.6485366821289
-108.41341400146484
-105.33811950683594
-104.77208709716797
-108.41474914550781
-102.80352783203125
-99.96381378173828
-104.67733764648438
-105.52059173583984
-103.93988037109375
-99.43992614746094
-110.63554382324219
-106.8775863647461
-108.94497680664062
-110.55175018310547
-105.7977294921875
-101.4495849609375
-96.78181457519531
-103.33010864257812
-99.74551391601562
-99.38409423828125
-103.3165512084961
-104.49945831298828
-112.1580810546875
-105.753662109375
-110.75629425048828
-108.1046142578125
-102.57167053222656
-101.4603042602539
-104.92247772216797
-101.76948547363281
-101.6998519897461
-107.61406707763672
-100.91676330566406
-106.63231658935547
-101.19860076904297
-97.93301391601562
-101.73979187011719
-109.75717163085938
-103.77849578857422
-103.28343200683594
-107.3394775390625
-105.67980194091797
-107.18280029296875
-99.56748962402344
-99.36666870117188
-107.00811004638672
-100.69733428955078
-99.53955841064453
-107.62199401855469
-105.78839111328125
-107.98480987548828
-107.47620391845703
-104.88334655761719
-102.22864532470703
-107.20926666259766
-106.87659454345703
-103.30606079101562
-101.23956298828125
-102.02311706542969
-106.61927032470703
-103.77714538574219
-100.95220947265625
-105.5753402709961
-96.73832702636719
-99.50713348388672
-107.1233901977539
-105.7528076171875
-103.89167022705078
-101.5148696899414
-102.78289794921875
-103.42827606201172
-101.22489929199219
-105.31119537353516
-112.4475326538086
-107.2308349609375
-104.73818969726562
-105.586181640625
-104.88524627685547
-103.2144546508789
-106.6043701171875
-104.27998352050781
-102.47618865966797
-102.46849822998047
-102.90592193603516
-100.11316680908203
-104.61116027832031
-104.4476318359375
-102.35354614257812
-101.52153015136719
-101.93600463867188
-106.7629165649414
-109.90745544433594
-100.2618179321289
-103.65672302246094
-106.46709442138672
-101.95624542236328
-107.11590576171875
-102.19293975830078
-103.84256744384766
-106.72389221191406
-98.48863983154297
-103.29327392578125
-107.94171905517578
-104.1910171508789
-103.45256042480469
-106.02467346191406
-107.05377197265625
-98.40577697753906
-103.75739288330078
-104.94056701660156
-98.55128479003906
-100.7700424194336
-104.88481140136719
-102.65376281738281
-99.88063049316406
-107.38663482666016
-104.98826599121094
-104.18960571289062
-101.12722778320312
-101.92269134521484
-107.83296966552734
-106.0265884399414
-101.75316619873047
-100.45399475097656
-105.22593688964844
-100.294677734375
-100.6149673461914
-102.36602020263672
-105.61746978759766
-99.07426452636719
-108.07774353027344
-101.25544738769531
-103.22946166992188
-97.3220443725586
-103.0723648071289
-98.6172103881836
-101.62592315673828
-103.10791015625
-96.052978515625
-103.02105712890625
-108.05030822753906
-102.96321868896484
-101.60196685791016
-108.86724090576172
-111.47858428955078
-99.78531646728516
-101.56668853759766
-106.86043548583984
-105.6604995727539
-99.64606475830078
-105.16716766357422
-103.14653015136719
-102.93839263916016
-101.05558776855469
-103.30795288085938
-104.29560089111328
-106.05362701416016
-100.03875732421875
-102.6111068725586
-105.98989868164062
-97.50330352783203
-96.70429229736328
-100.4427490234375
-99.53717803955078
-105.88430786132812
-102.5433578491211
-103.33023834228516
-107.05384826660156
-103.45500946044922
-101.8863525390625
-103.0428695678711
-102.3147201538086
-105.93367004394531
-104.45120239257812
-108.45272827148438
-98.31759643554688
-101.37699127197266
-103.32621765136719
-108.21176147460938
-102.815673828125
-104.03523254394531
-103.78514099121094
-103.11255645751953
-107.19863891601562
-99.73426818847656
-99.81910705566406
-106.25587463378906
-102.62871551513672
-105.40701293945312
-105.29998779296875
-109.06979370117188
-104.21465301513672
-104.89995574951172
-106.3017349243164
-102.80054473876953
-107.29088592529297
-105.55474090576172
-107.79044342041016
-102.68778228759766
-99.45951080322266
-99.70548248291016
-106.45298767089844
-110.94908905029297
-104.30821228027344
-98.19055938720703
-103.41152954101562
-105.95745849609375
-107.03289794921875
-102.05268096923828
-102.65746307373047
-100.77275848388672
-106.78351593017578
-101.4225845336914
-104.1816635131836
-104.56554412841797
-103.52741241455078
-101.9522705078125
-100.09732055664062
-95.94783782958984
-104.79116821289062
-103.98697662353516
-107.14969635009766
-104.70275115966797
-107.15613555908203
-99.64118194580078
-102.09205627441406
-107.74412536621094
-100.25663757324219
-108.25965881347656
-103.03485870361328
-105.73324584960938
-98.0461196899414
-99.72830200195312
-103.88706970214844
-102.17512512207031
-102.13796997070312
-104.11772155761719
-102.38188171386719
-104.21455383300781
-99.28548431396484
-103.38955688476562
-102.77888488769531
-104.82252502441406
-107.77994537353516
-106.388916015625
-103.99055480957031
-101.65308380126953
-98.30500030517578
-108.5169448852539
-98.37158966064453
-111.3044662475586
-104.31494903564453
-107.21826934814453
-101.7231216430664
-100.83614349365234
-102.57442474365234
-101.90523529052734
-102.20814514160156
-106.65918731689453
-107.02265167236328
-105.68599700927734
-101.68090057373047
-110.51271057128906
-102.24362182617188
-109.73764038085938
-107.56404876708984
-106.54499053955078
-104.19567108154297
-109.3111572265625
-101.83174896240234
-105.98314666748047
-99.6961898803711
-105.29821014404297
-103.70069122314453
-107.31687927246094
-106.880126953125
-107.10977172851562
-105.95684051513672
-104.7623062133789
-106.7393798828125
-104.46348571777344
-103.1300048828125
-108.40996551513672
-100.99756622314453
-105.53052520751953
-104.49288177490234
-99.65560913085938
-103.3452377319336
-104.50445556640625
-104.16067504882812
-102.79080200195312
-105.31999969482422
-103.3970718383789
-106.91111755371094
-111.59979248046875
-98.18327331542969
-105.36356353759766
-97.29743194580078
-106.16143798828125
-101.3835220336914
-101.93608093261719
-105.67173767089844
-109.43975067138672
-107.7137222290039
-106.14679718017578
-103.68558502197266
-105.8797607421875
-105.3603744506836
-106.72565460205078
