-99.80470275878906
-108.39423370361328
-101.3270492553711
-105.88361358642578
-107.94051361083984
-104.41664123535156
-98.16476440429688
-94.91673278808594
-104.75826263427734
-98.14505004882812
-103.00462341308594
-101.38743591308594
-104.46591186523438
-103.704345703125
-100.75035095214844
-96.64545440673828
-96.69647979736328
-106.6723403930664
-102.58506774902344
-97.24057006835938
-102.88786315917969
-99.81309509277344
-100.09857177734375
-102.27642822265625
-105.15284729003906
-106.42729949951172
-97.07884979248047
-105.80513000488281
-96.35381317138672
-98.80966186523438
-103.53360748291016
-109.69495391845703
-105.88248443603516
-108.0083236694336
-105.81214141845703
-99.10127258300781
-99.38922119140625
-103.44612884521484
-99.16134643554688
-101.04320526123047
-94.78244018554688
-96.77824401855469
-104.8486557006836
-101.36856079101562
-97.69937133789062
-103.93578338623047
-104.04523468017578
-101.57540893554688
-99.02318572998047
-98.75950622558594
-98.74295043945312
-99.548828125
-97.5157241821289
-110.9758071899414
-105.87841796875
-100.90833282470703
-103.94493103027344
-98.19660186767578
-95.74308776855469
-105.20855712890625
-100.89942932128906
-103.21968078613281
-98.35990142822266
-99.23503875732422
-100.28179931640625
-95.50623321533203
-101.33695983886719
-101.7685317993164
-100.48857879638672
-99.58283233642578
-102.77722930908203
-98.3778305053711
-97.54551696777344
-106.81292724609375
-101.71039581298828
-103.08268737792969
-99.0635757446289
-103.0674819946289
-101.2816390991211
-103.21353912353516
-99.12613677978516
-102.1814956665039
-94.80229187011719
-100.86962127685547
-105.21311950683594
-101.37909698486328
-103.05632781982422
-97.65484619140625
-104.66663360595703
-98.06177520751953
-101.0036849975586
-104.0206069946289
-100.73355102539062
-104.37474822998047
-104.68318939208984
-102.81942749023438
-101.59590148925781
-100.47301483154297
-100.77259826660156
-102.03717041015625
-101.91280364990234
-92.76313781738281
-104.04934692382812
-102.93867492675781
-99.63038635253906
-105.72418212890625
-103.12798309326172
-93.91791534423828
-99.4227294921875
-95.6556625366211
-102.7895736694336
-93.71946716308594
-103.55814361572266
-96.30164337158203
-99.89492797851562
-98.837646484375
-100.62348175048828
-98.48484802246094
-100.66492462158203
-95.46129608154297
-107.10177612304688
-100.47914123535156
-99.9841079711914
-97.93374633789062
-92.13002014160156
-104.96540832519531
-98.55451965332031
-94.15782165527344
-102.27629852294922
-100.57735443115234
-97.14851379394531
-102.88678741455078
-98.41529846191406
-100.0845718383789
-95.76931762695312
-98.0076675415039
-98.27986145019531
-102.2059555053711
-100.27223205566406
-99.2886962890625
-102.38212585449219
-104.02175903320312
-98.37085723876953
-100.14167022705078
-103.55728912353516
-98.14395141601562
-100.22746276855469
-100.5072250366211
-105.44258117675781
-105.34194946289062
-107.10106658935547
-96.26229095458984
-105.08893585205078
-103.72393798828125
-106.52218627929688
-109.35808563232422
-107.47702026367188
-102.04228210449219
-103.85162353515625
-98.57500457763672
-102.02916717529297
-101.13801574707031
-104.5628433227539
-98.37126159667969
-97.58975219726562
-97.32628631591797
-103.34989166259766
-110.276123046875
-105.87362670898438
-101.80205535888672
-101.26004028320312
-93.45761108398438
-103.91837310791016
-98.84341430664062
-95.82150268554688
-100.94792938232422
-101.91647338867188
-99.708251953125
-102.29657745361328
-97.41581726074219
-102.59577178955078
-105.55377197265625
-98.41593170166016
-102.54576110839844
-95.35221099853516
-102.8717269897461
-97.16555786132812
-103.28244018554688
-102.53164672851562
-103.42131042480469
-105.93653106689453
-96.88359069824219
-97.02511596679688
-102.99967956542969
-97.563232421875
-101.41752624511719
-100.14854431152344
-104.58940887451172
-96.50840759277344
-102.45846557617188
-98.67675018310547
-99.97435760498047
-100.02326965332031
-97.05713653564453
-100.91875457763672
-102.30841827392578
-108.4469985961914
-98.23287200927734
-94.00816345214844
-105.09662628173828
-100.40860748291016
-101.61859130859375
-100.19815826416016
-106.09754180908203
-100.99468231201172
-101.98018646240234
-102.3658218383789
-99.87103271484375
-103.04257202148438
-98.5821762084961
-98.09493255615234
-105.67555236816406
-100.58956909179688
-106.8958969116211
-103.44290161132812
-102.94563293457031
-104.91295623779297
-104.11221313476562
-104.14263153076172
-104.34034729003906
-107.57459259033203
-108.3982162475586
-104.78691101074219
-102.34718322753906
-104.24610900878906
-97.09136199951172
-104.31317138671875
-104.4081039428711
-103.78406524658203
-101.42378234863281
-103.74261474609375
-101.4194107055664
-103.06433868408203
-100.95254516601562
-101.01274871826172
-102.65328979492188
-101.62297058105469
-103.5040283203125
-99.61512756347656
-98.71823120117188
-103.23987579345703
-99.61637115478516
-98.19860076904297
-94.69979095458984
-98.27622985839844
-99.31529235839844
-100.64656829833984
-109.35884094238281
-100.0351333618164
-103.2000732421875
-106.30797576904297
-102.0586166381836
-104.615966796875
-99.3367919921875
-97.26579284667969
-101.84149169921875
-102.66401672363281
-96.04180145263672
-99.00434875488281
-102.67630004882812
-101.23407745361328
-101.73355865478516
-100.51034545898438
-103.14857482910156
-97.86454010009766
-100.53701782226562
-102.22850036621094
-94.99317932128906
-99.62138366699219
-102.8904800415039
-95.97049713134766
-100.36410522460938
-101.46683502197266
-99.12355041503906
-96.60001373291016
-101.73820495605469
-99.95928955078125
-103.11690521240234
-104.38114929199219
-102.32249450683594
-102.5758285522461
-99.02794647216797
-98.54978942871094
-105.26485443115234
-103.12602996826172
-101.4792709350586
-99.64671325683594
-106.40080261230469
-101.35111999511719
-98.20860290527344
-101.91545867919922
-100.40177917480469
-106.53861999511719
-101.49127197265625
-103.49422454833984
-99.27339935302734
-98.38882446289062
-105.39771270751953
-101.97279357910156
-104.16383361816406
-103.45771789550781
-101.90094757080078
-98.5707778930664
-103.23550415039062
-95.81542205810547
-101.34677124023438
-97.26551818847656
-102.70014953613281
-100.99359893798828
-99.72748565673828
-101.12185668945312
-107.26952362060547
-97.64080047607422
-96.35090637207031
-98.05960083007812
-102.87299346923828
-105.46356964111328
-97.13438415527344
-103.83639526367188
-103.03791046142578
-100.88426208496094
-98.85004425048828
-100.46215057373047
-103.10990905761719
-107.517822265625
-105.86101531982422
-101.23344421386719
-100.48300170898438
-97.74259185791016
-106.20158386230469
-104.65667724609375
-103.78372955322266
-105.46733093261719
-102.86174774169922
-103.44583129882812
-98.3449478149414
-97.71222686767578
-99.31452178955078
-101.7547836303711
-106.97187805175781
-101.69053649902344
-102.17516326904297
-104.7868423461914
-104.0905990600586
-99.96495819091797
-103.37769317626953
-102.74258422851562
-104.6160888671875
-105.80431365966797
-103.72911834716797
-102.3682632446289
-103.24876403808594
-102.2819595336914
-106.13143157958984
-100.46693420410156
-101.9494857788086
-102.4339599609375
-99.2188491821289
-103.99016571044922
-102.71475982666016
-101.08287048339844
-102.87291717529297
-98.20912170410156
-110.2312240600586
-101.16444396972656
-107.06671142578125
-97.50762939453125
-100.33800506591797
-97.65531921386719
-99.69972229003906
-100.54093170166016
-97.23522186279297
-98.72306060791016
-98.6575698852539
-104.5455551147461
-101.73775482177734
-100.65925598144531
-101.3598861694336
-104.79630279541016
-98.4535903930664
-94.83665466308594
-97.90409851074219
-101.88841247558594
-99.89401245117188
-101.09683227539062
-98.48661041259766
-95.47562408447266
-107.14540100097656
-97.93292999267578
-99.09049987792969
-101.65093231201172
-100.00357818603516
-99.83741760253906
-97.98726654052734
-99.20233154296875
-108.13867950439453
-96.31532287597656
-100.1376724243164
-102.50891876220703
-102.45028686523438
-106.42646026611328
-102.63419342041016
-102.84192657470703
-97.22547912597656
-98.30227661132812
-96.3310317993164
-107.51386260986328
-97.16377258300781
-98.4017333984375
-104.24307250976562
-103.78297424316406
-98.52337646484375
-100.30746459960938
-106.127197265625
-95.61031341552734
-101.30300903320312
-101.90595245361328
-97.29220581054688
-95.81389617919922
-105.8227310180664
-99.29261779785156
-106.0041732788086
-97.03369903564453
-100.53472900390625
-96.27992248535156
-104.06575775146484
-99.39236450195312
-102.33097076416016
-99.6883773803711
-102.00870513916016
-102.02816009521484
-98.69023132324219
-105.06390380859375
-93.04102325439453
-101.056640625
-98.34907531738281
-101.5504379272461
-97.88318634033203
-96.46724700927734
-102.34867095947266
-96.88899230957031
-105.98091125488281
-101.90255737304688
-99.73918151855469
-106.60182189941406
-101.3695068359375
-104.02234649658203
-101.5457992553711
-105.1919937133789
-96.74616241455078
-104.091796875
-98.83744049072266
-107.17434692382812
-93.30608367919922
-99.58519744873047
-106.48825073242188
-107.41744995117188
-103.72083282470703
-96.91754913330078
-96.12267303466797
-104.7639389038086
-98.36249542236328
-101.6221923828125
-102.59566497802734
-98.24594116210938
-100.29987335205078
-99.1768569946289
-105.2529525756836
-95.7950210571289
-99.4343490600586
-91.304931640625
-99.62416076660156
-99.8621597290039
-94.59780883789062
-104.13848114013672
-96.65503692626953
-99.45906829833984
-97.2486572265625
-100.32876586914062
-103.17453002929688
-101.78699493408203
-97.877685546875
-98.09840393066406
-105.69448852539062
-98.6251220703125
-102.772216796875
-98.5186538696289
-100.36470031738281
-95.85467529296875
-100.92881774902344
-100.75201416015625
-99.6153564453125
-96.43626403808594
-97.67740631103516
-103.38600158691406
-99.78472900390625
-103.65400695800781
-98.35538482666016
-103.3360366821289
-100.9245834350586
-100.86862182617188
-104.53560638427734
-106.67794799804688
-98.43098449707031
-98.2840805053711
-99.42488098144531
-99.39315795898438
-98.65521240234375
-104.75843811035156
-99.22657775878906
-100.3344955444336
-99.94269561767578
-100.88573455810547
-102.33625793457031
-96.33920288085938
-101.85088348388672
-99.75450134277344
-105.78018951416016
-99.25686645507812
-98.19039916992188
-99.95819091796875
-102.2798843383789
-100.86351013183594
-106.65020751953125
-105.93510437011719
-98.72027587890625
-100.5298843383789
-102.28075408935547
-97.53804016113281
-99.7368392944336
-105.72642517089844
-100.99663543701172
-95.02313995361328
-103.37628936767578
-105.74362182617188
-96.89625549316406
-100.30718231201172
-97.24900817871094
-107.58570861816406
-104.49678802490234
-106.01640319824219
-96.68191528320312
-100.98524475097656
-99.80783081054688
-101.51293182373047
-100.47542572021484
-102.08875274658203
-104.39868927001953
-105.74699401855469
-101.029052734375
-104.17642211914062
-102.54932403564453
-96.53244018554688
-103.8148422241211
-105.83964538574219
-105.70877838134766
-103.48712158203125
-98.8691177368164
-101.16209411621094
-105.2738037109375
-96.87328338623047
-97.10264587402344
-97.41130065917969
-106.47753143310547
-95.01581573486328
-103.78353881835938
-95.43710327148438
-108.78852081298828
-103.44863891601562
-100.50239562988281
-102.26417541503906
-104.70648956298828
-102.6122055053711
-99.5675048828125
-101.77567291259766
-103.08658599853516
-98.489990234375
-94.92662811279297
-98.36811828613281
-96.46286010742188
-100.41791534423828
-101.90424346923828
-99.05003356933594
-102.39836120605469
-98.98004913330078
-102.92382049560547
-97.0823974609375
-96.845703125
-105.84638977050781
-106.02117919921875
-100.5539321899414
-103.79016876220703
-103.90272521972656
-104.61174011230469
-98.12161254882812
-96.69644165039062
-99.61620330810547
-97.56993103027344
-101.7419204711914
-100.09314727783203
-97.03108215332031
-100.46476745605469
-98.32731628417969
-106.85962677001953
-104.59512329101562
-102.4056167602539
-98.71011352539062
-101.7401123046875
-98.82955169677734
-98.68363952636719
-101.97270965576172
-96.98638916015625
-97.8244400024414
-101.50033569335938
-96.33820343017578
-98.52320861816406
-104.82643127441406
-101.29871368408203
-99.20375061035156
-105.18321990966797
-99.79002380371094
-101.47611236572266
-106.12092590332031
-99.4648666381836
-97.01242065429688
-103.07653045654297
-104.0284194946289
-100.0746841430664
-96.33643341064453
-108.02204895019531
-102.66486358642578
-105.06522369384766
-107.22930908203125
-102.79823303222656
-98.2435302734375
-94.20654296875
-98.61170959472656
-98.69881439208984
-95.6633071899414
-99.52792358398438
-100.8080062866211
-110.41610717773438
-102.62049102783203
-105.79302978515625
-103.89407348632812
-100.22667694091797
-99.1689453125
-102.22078704833984
-97.95721435546875
-97.80390167236328
-105.12760925292969
-97.08871459960938
-103.80964660644531
-98.27848052978516
-95.69648742675781
-100.11360931396484
-105.5300521850586
-102.23914337158203
-100.76212310791016
-103.28416442871094
-102.07588958740234
-102.8329086303711
-98.12688446044922
-98.27037811279297
-104.60310363769531
-97.22551727294922
-96.95289611816406
-105.01542663574219
-103.69337463378906
-103.89900970458984
-104.53380584716797
-101.70738220214844
-98.67642211914062
-104.39830780029297
-103.90526580810547
-100.76600646972656
-98.98207092285156
-98.83241271972656
-102.21051025390625
-100.7673110961914
-98.43635559082031
-100.8324966430664
-96.07029724121094
-97.27415466308594
-102.57513427734375
-102.9361343383789
-101.82573699951172
-99.18553161621094
-99.33317565917969
-100.22905731201172
-97.98506927490234
-102.07640838623047
-107.267822265625
-103.3967056274414
-100.37249755859375
-102.71260070800781
-101.4091567993164
-100.44573974609375
-102.83206176757812
-101.29540252685547
-100.06002807617188
-98.55795288085938
-100.0452651977539
-97.31425476074219
-102.12604522705078
-101.57434844970703
-100.03013610839844
-98.51026153564453
-99.68370056152344
-103.19444274902344
-106.4770278930664
-97.85521697998047
-100.79367065429688
-104.85836029052734
-99.83772277832031
-104.13737487792969
-98.7702407836914
-101.11675262451172
-102.67998504638672
-96.22216796875
-100.44418334960938
-104.63867950439453
-100.76705932617188
-100.42533111572266
-103.97758483886719
-103.50465393066406
-97.48214721679688
-101.14149475097656
-101.35145568847656
-96.23540496826172
-97.0770034790039
-102.2807846069336
-101.11190795898438
-98.66400146484375
-105.24282836914062
-102.6218490600586
-101.94779968261719
-98.01567077636719
-100.310302734375
-105.90262603759766
-102.87399291992188
-98.94860076904297
-97.84442901611328
-102.47518157958984
-96.7675552368164
-98.81197357177734
-100.85682678222656
-103.69371795654297
-97.07329559326172
-105.32310485839844
-98.88151550292969
-100.83776092529297
-95.26538848876953
-100.19910430908203
-96.36682891845703
-98.81842803955078
-101.39688110351562
-92.96939849853516
-100.86363983154297
-105.73408508300781
-101.60091400146484
-99.1888198852539
-105.71990203857422
-108.10871887207031
-97.02182006835938
-98.7119369506836
-105.82292175292969
-102.7520523071289
-98.2865982055664
-102.11356353759766
-99.47054290771484
-99.751708984375
-96.74147033691406
-100.1584243774414
-102.63353729248047
-101.82561492919922
-96.0285873413086
-99.48519897460938
-104.02027893066406
-94.01191711425781
-92.5321273803711
-97.39498901367188
-97.89601135253906
-103.15280151367188
-98.8702163696289
-100.14549255371094
-105.8220443725586
-101.58157348632812
-99.27711486816406
-100.5667953491211
-99.5401611328125
-102.51797485351562
-101.49136352539062
-106.22108459472656
-95.68606567382812
-98.41804504394531
-100.35964965820312
-104.75281524658203
-100.40440368652344
-102.34917449951172
-100.44000244140625
-100.46580505371094
-104.08546447753906
-95.96688079833984
-96.84831237792969
-103.16484069824219
-99.78658294677734
-102.37650299072266
-102.65632629394531
-105.76055908203125
-100.54055786132812
-101.62606048583984
-102.38471984863281
-99.64260864257812
-100.95277404785156
-101.20706176757812
-106.20128631591797
-99.31586456298828
-96.22474670410156
-97.49474334716797
-101.92184448242188
-105.61770629882812
-101.68931579589844
-95.92017364501953
-101.76878356933594
-103.25531005859375
-103.84612274169922
-100.42507934570312
-100.07481384277344
-97.3724365234375
-102.02425384521484
-98.49881744384766
-101.8210220336914
-100.71060180664062
-102.37947845458984
-99.18160247802734
-98.58637237548828
-93.1083755493164
-101.47550201416016
-103.01529693603516
-105.87921142578125
-101.4021224975586
-104.22477722167969
-97.89600372314453
-101.1810302734375
-105.6980972290039
-97.9707260131836
-105.0838623046875
-101.07645416259766
-102.84912872314453
-95.82318878173828
-97.24296569824219
-101.74960327148438
-100.974365234375
-98.03081512451172
-102.38592529296875
-100.1893081665039
-102.7303695678711
-98.42613983154297
-101.7197494506836
-100.67588806152344
-102.70674896240234
-105.62383270263672
-105.92354583740234
-99.88716888427734
-99.98341369628906
-97.68665313720703
-105.9337158203125
-95.5305404663086
-109.24955749511719
-101.20405578613281
-105.49057006835938
-98.19974517822266
-99.06248474121094
-100.43293762207031
-99.83055114746094
-100.35823822021484
-104.17884826660156
-104.33287811279297
-102.64810943603516
-99.08253479003906
-104.7540283203125
-98.80653381347656
-105.96963500976562
-104.86429595947266
-104.20317840576172
-101.25922393798828
-106.48493194580078
-100.73646545410156
-104.54070281982422
-97.78612518310547
-100.40308380126953
-99.65074157714844
-103.82107543945312
-104.41976928710938
-104.61653137207031
-101.87220764160156
-99.95762634277344
-103.58150482177734
-101.52790069580078
-99.73591613769531
-106.62913513183594
-97.90228271484375
-102.79248046875
-101.95364379882812
-97.7633285522461
-100.89009094238281
-101.92710876464844
-102.03366088867188
-99.95160675048828
-102.05718994140625
-101.140625
-104.17818450927734
-107.47525787353516
-94.91605377197266
-102.54415893554688
-94.352294921875
-104.3256607055664
-98.38984680175781
-98.36492919921875
-102.00667572021484
-104.77220916748047
-104.60404205322266
-104.02249145507812
-99.85201263427734
-103.3275375366211
-100.8378677368164
-101.2265853881836
