-555.096923828125
-493.50567626953125
-375.8507385253906
-323.0908203125
-301.5194396972656
-272.83648681640625
-241.25177001953125
-230.09449768066406
-236.77536010742188
-225.29464721679688
-226.4668426513672
-224.22215270996094
-222.61007690429688
-232.0148162841797
-215.65513610839844
-209.82183837890625
-209.64852905273438
-219.40077209472656
-210.78089904785156
-207.73338317871094
-215.28515625
-207.73451232910156
-209.82936096191406
-218.5508270263672
-222.97547912597656
-215.7157745361328
-202.06849670410156
-218.0401611328125
-209.43699645996094
-208.64285278320312
-215.0570831298828
-205.12875366210938
-218.84486389160156
-209.94459533691406
-207.810302734375
-205.46426391601562
-205.6453094482422
-201.12835693359375
-195.66915893554688
-207.32156372070312
-194.87054443359375
-193.90394592285156
-203.66941833496094
-200.71995544433594
-194.48146057128906
-205.05331420898438
-201.2981719970703
-200.25717163085938
-198.41661071777344
-197.5769805908203
-192.9957275390625
-196.34957885742188
-197.6575164794922
-211.21414184570312
-205.88560485839844
-197.52012634277344
-201.20065307617188
-188.8191680908203
-181.6360321044922
-204.1765594482422
-190.70263671875
-194.99058532714844
-182.96713256835938
-189.9122772216797
-192.28277587890625
-175.96031188964844
-192.40643310546875
-191.084716796875
-188.21286010742188
-179.6765594482422
-179.4366455078125
-178.66262817382812
-178.67262268066406
-191.53944396972656
-176.91635131835938
-179.31060791015625
-171.6771697998047
-179.3818359375
-166.1463165283203
-180.87091064453125
-170.83734130859375
-177.81732177734375
-161.27017211914062
-178.5144500732422
-172.73988342285156
-169.1874237060547
-175.73316955566406
-159.87997436523438
-173.51223754882812
-160.55410766601562
-164.29856872558594
-165.18673706054688
-167.0209197998047
-169.30967712402344
-168.4972686767578
-161.2745819091797
-162.62342834472656
-167.8594207763672
-160.06639099121094
-160.7280731201172
-166.50640869140625
-148.03656005859375
-166.40142822265625
-163.36549377441406
-158.97218322753906
-167.32403564453125
-164.1976318359375
-151.53802490234375
-157.0714569091797
-150.2173309326172
-161.2879180908203
-146.65219116210938
-160.2882080078125
-152.2977294921875
-156.05628967285156
-154.27365112304688
-160.00439453125
-157.71669006347656
-157.88951110839844
-151.63973999023438
-163.372802734375
-154.67835998535156
-156.49575805664062
-152.5659942626953
-141.73553466796875
-160.5410614013672
-147.6892852783203
-149.69198608398438
-156.84808349609375
-155.43553161621094
-142.13922119140625
-157.0987548828125
-144.74075317382812
-155.57595825195312
-148.05433654785156
-155.39227294921875
-149.025146484375
-154.6846923828125
-154.6420135498047
-149.9580535888672
-154.4582977294922
-156.52398681640625
-150.98574829101562
-150.2613983154297
-153.39755249023438
-151.7927703857422
-151.26364135742188
-152.01605224609375
-154.46009826660156
-155.67388916015625
-161.130615234375
-144.52322387695312
-153.259033203125
-151.01724243164062
-157.22003173828125
-157.7020721435547
-161.15896606445312
-151.30328369140625
-154.8441925048828
-141.87596130371094
-144.18844604492188
-145.37205505371094
-151.37875366210938
-143.92613220214844
-140.65989685058594
-143.09970092773438
-152.4192352294922
-154.4542236328125
-150.62576293945312
-143.48611450195312
-146.6991729736328
-132.34422302246094
-149.53639221191406
-148.5255126953125
-136.02755737304688
-145.41668701171875
-141.26898193359375
-141.07965087890625
-146.0174102783203
-137.85284423828125
-143.1723175048828
-148.34912109375
-143.17788696289062
-143.70840454101562
-135.15966796875
-145.24830627441406
-137.1020965576172
-146.5537567138672
-145.7669677734375
-143.67086791992188
-147.56390380859375
-136.16409301757812
-135.26303100585938
-142.9765625
-134.66275024414062
-145.1546630859375
-138.69888305664062
-146.6334686279297
-135.29287719726562
-142.81138610839844
-135.67567443847656
-137.91941833496094
-138.99913024902344
-134.57528686523438
-139.860595703125
-139.94908142089844
-143.27125549316406
-135.56802368164062
-133.79815673828125
-143.48583984375
-138.68646240234375
-139.81475830078125
-138.5651092529297
-147.68997192382812
-139.26321411132812
-138.99879455566406
-139.61647033691406
-137.63449096679688
-142.06716918945312
-134.7207489013672
-131.1380157470703
-143.9373016357422
-134.02870178222656
-146.6673126220703
-141.55723571777344
-139.8137969970703
-140.03623962402344
-141.65927124023438
-138.5756378173828
-140.29605102539062
-146.8804168701172
-145.42079162597656
-141.40113830566406
-139.13192749023438
-139.57763671875
-130.53326416015625
-141.57835388183594
-139.28042602539062
-139.9442596435547
-133.95175170898438
-138.10450744628906
-134.74559020996094
-136.722412109375
-135.7352294921875
-133.2980499267578
-134.13360595703125
-135.90773010253906
-135.65257263183594
-132.7613067626953
-130.67886352539062
-137.81143188476562
-136.1403045654297
-133.64430236816406
-128.92425537109375
-132.84860229492188
-134.02389526367188
-133.06187438964844
-145.8597412109375
-131.28858947753906
-138.96690368652344
-137.64842224121094
-133.5557403564453
-136.9712677001953
-129.1655731201172
-128.57192993164062
-133.1377716064453
-135.99337768554688
-126.09346771240234
-127.74439239501953
-134.4901580810547
-131.72496032714844
-134.67019653320312
-133.53298950195312
-135.84263610839844
-127.32090759277344
-131.64833068847656
-132.96170043945312
-123.64586639404297
-133.46836853027344
-135.1445770263672
-124.81597900390625
-130.2307586669922
-134.295654296875
-127.93001556396484
-126.29954528808594
-131.43560791015625
-126.84772491455078
-134.02491760253906
-133.9743194580078
-132.18409729003906
-132.58343505859375
-127.11781311035156
-130.61911010742188
-133.23275756835938
-131.01844787597656
-130.79800415039062
-129.57701110839844
-132.788818359375
-133.23306274414062
-125.66149139404297
-129.6190185546875
-128.94422912597656
-137.80206298828125
-129.0851593017578
-134.60739135742188
-125.82806396484375
-125.26808166503906
-134.8468017578125
-133.3409881591797
-133.7605743408203
-133.205078125
-125.45521545410156
-130.26458740234375
-131.1212158203125
-123.23406219482422
-128.7360076904297
-125.92660522460938
-134.54417419433594
-128.22715759277344
-127.40882873535156
-131.85545349121094
-135.83889770507812
-122.32106018066406
-119.83734893798828
-125.80435180664062
-136.06178283691406
-135.11221313476562
-123.93792724609375
-134.9479217529297
-130.33108520507812
-130.49789428710938
-124.98045349121094
-127.16893005371094
-128.3037567138672
-134.5290069580078
-134.80838012695312
-127.35670471191406
-125.98844909667969
-125.99410247802734
-133.0848388671875
-133.33070373535156
-130.4391326904297
-133.0977325439453
-127.27740478515625
-130.5282745361328
-123.34986114501953
-123.90515899658203
-123.8963851928711
-127.41868591308594
-134.83294677734375
-128.60031127929688
-132.2203369140625
-131.23190307617188
-131.15365600585938
-122.45169830322266
-131.46127319335938
-127.50011444091797
-132.44735717773438
-133.79457092285156
-130.88246154785156
-130.78060913085938
-129.68093872070312
-129.02703857421875
-132.32350158691406
-128.91162109375
-126.01246643066406
-128.03829956054688
-125.08966827392578
-130.86611938476562
-126.26109313964844
-126.88796997070312
-128.38711547851562
-118.8292465209961
-137.31114196777344
-128.01747131347656
-130.43370056152344
-122.84070587158203
-123.3547134399414
-117.44813537597656
-126.05734252929688
-126.08318328857422
-121.1820297241211
-123.3797607421875
-122.23731231689453
-129.1226043701172
-125.64836883544922
-124.01417541503906
-125.1481704711914
-130.108154296875
-119.44084930419922
-119.47506713867188
-120.12114715576172
-125.06167602539062
-125.27364349365234
-124.25335693359375
-121.62539672851562
-115.53620910644531
-131.57083129882812
-119.56098937988281
-121.9344711303711
-123.63897705078125
-121.37850952148438
-123.79700469970703
-119.5692138671875
-118.93177795410156
-133.4381103515625
-117.79146575927734
-121.58821105957031
-127.01634216308594
-124.8841781616211
-131.35536193847656
-127.42120361328125
-127.77519989013672
-119.98251342773438
-117.60162353515625
-119.13761901855469
-133.2039337158203
-118.13693237304688
-119.38257598876953
-125.01377868652344
-125.90033721923828
-118.45588684082031
-123.46965026855469
-129.22804260253906
-118.00982666015625
-123.59468841552734
-124.33702850341797
-117.51448059082031
-116.70852661132812
-129.45513916015625
-120.10945892333984
-128.5995330810547
-117.35578155517578
-118.15567779541016
-117.51891326904297
-126.98725891113281
-121.98340606689453
-122.43798828125
-126.02257537841797
-121.85222625732422
-125.30021667480469
-119.90753173828125
-126.27989959716797
-114.18717956542969
-122.67501068115234
-119.42919921875
-123.8380126953125
-118.50397491455078
-117.04554748535156
-125.47079467773438
-119.1529541015625
-128.65908813476562
-122.1572036743164
-121.74310302734375
-131.71932983398438
-123.99362182617188
-127.09988403320312
-123.8016357421875
-128.81239318847656
-115.39989471435547
-124.05254364013672
-120.46685028076172
-131.07241821289062
-114.07897186279297
-121.44331359863281
-128.1326141357422
-129.26217651367188
-123.29185485839844
-116.43562316894531
-114.56501007080078
-125.29853820800781
-119.52452850341797
-120.86515808105469
-121.36405944824219
-117.98201751708984
-119.33541870117188
-120.64543151855469
-127.92899322509766
-116.01232147216797
-117.11296844482422
-109.93915557861328
-120.3966064453125
-120.46156311035156
-111.8865966796875
-126.78121185302734
-115.28608703613281
-119.31558990478516
-115.29523468017578
-121.4771728515625
-123.79322052001953
-120.12818145751953
-116.11483001708984
-118.23440551757812
-124.57749938964844
-117.27983093261719
-121.85521697998047
-114.72557830810547
-119.2735366821289
-113.86982727050781
-118.8474349975586
-118.3332748413086
-117.86543273925781
-117.7596664428711
-114.16639709472656
-122.084228515625
-119.76313018798828
-122.2498779296875
-115.87548065185547
-121.8563461303711
-120.9092788696289
-119.97508239746094
-125.51470947265625
-126.76304626464844
-116.475341796875
-116.3717041015625
-115.89744567871094
-115.68724060058594
-116.0457763671875
-125.20367431640625
-119.95880126953125
-120.14196014404297
-116.22630310058594
-120.73158264160156
-120.29856872558594
-115.74824523925781
-120.61933898925781
-119.17179870605469
-125.433349609375
-114.79322052001953
-117.24296569824219
-117.57518768310547
-119.44416046142578
-120.38842010498047
-126.86006164550781
-125.3133773803711
-115.80193328857422
-120.26509094238281
-119.70386505126953
-117.24714660644531
-120.37100219726562
-123.37859344482422
-119.42442321777344
-108.3652114868164
-122.25623321533203
-124.52812194824219
-113.90846252441406
-117.72642517089844
-113.7950668334961
-126.40868377685547
-123.69639587402344
-124.347412109375
-114.500244140625
-118.33389282226562
-118.3619155883789
-120.86908721923828
-120.62284088134766
-119.43795013427734
-121.99883270263672
-120.21817779541016
-117.62040710449219
-123.67060089111328
-119.48894500732422
-112.70344543457031
-120.328857421875
-126.89224243164062
-124.066650390625
-123.66987609863281
-114.92225646972656
-117.40715026855469
-123.07830810546875
-113.1689224243164
-114.46723175048828
-114.90116119384766
-123.61764526367188
-110.33121490478516
-121.23587036132812
-113.11648559570312
-130.13197326660156
-121.9069595336914
-118.71884155273438
-120.59294128417969
-119.96658325195312
-119.29743194580078
-114.83779907226562
-116.8632583618164
-119.7104721069336
-116.20526123046875
-111.631591796875
-117.24202728271484
-111.60382843017578
-118.61595153808594
-119.84674835205078
-116.4779052734375
-120.7430419921875
-114.49545288085938
-120.22755432128906
-111.57215118408203
-112.22674560546875
-124.80830383300781
-122.78431701660156
-116.47364044189453
-119.32691192626953
-120.96885681152344
-120.18891143798828
-114.14028930664062
-112.47817993164062
-118.36092376708984
-113.24749755859375
-118.68357849121094
-117.19252014160156
-113.90552520751953
-118.54505920410156
-115.14962005615234
-124.9864501953125
-120.93954467773438
-118.69542694091797
-115.20468139648438
-115.84233856201172
-114.09085845947266
-115.87166595458984
-116.12386322021484
-114.52137756347656
-113.33767700195312
-115.90767669677734
-112.10775756835938
-115.7606430053711
-123.45867919921875
-119.1104965209961
-116.62344360351562
-122.03223419189453
-118.9979476928711
-118.14594268798828
-123.42076873779297
-115.24288940429688
-113.04827880859375
-116.35660552978516
-119.66099548339844
-116.4118423461914
-110.32474517822266
-123.05168151855469
-121.31739807128906
-125.16034698486328
-124.43089294433594
-118.77075958251953
-115.02232360839844
-108.59420776367188
-114.8956527709961
-113.5425796508789
-112.5561752319336
-116.2564697265625
-117.7443618774414
-127.1023178100586
-118.96367645263672
-124.95649719238281
-120.89632415771484
-116.81201171875
-112.09132385253906
-117.89850616455078
-112.6730728149414
-113.1312026977539
-123.12100982666016
-111.643310546875
-121.46955871582031
-114.56465148925781
-109.09579467773438
-114.81060028076172
-123.62007141113281
-116.1341781616211
-114.47996520996094
-119.44621276855469
-117.50166320800781
-117.97630310058594
-112.27659606933594
-113.00495147705078
-119.8344497680664
-111.7769546508789
-111.10259246826172
-121.01795196533203
-118.895751953125
-121.94084167480469
-120.1539077758789
-118.85305786132812
-115.64912414550781
-117.59074401855469
-121.20777130126953
-113.82027435302734
-112.35151672363281
-112.06265258789062
-116.61009979248047
-116.3369369506836
-111.76533508300781
-116.93954467773438
-107.98137664794922
-112.35858154296875
-116.8376235961914
-117.43119049072266
-115.21781921386719
-113.36827850341797
-115.63843536376953
-114.75130462646484
-111.58522033691406
-115.53978729248047
-124.54518127441406
-118.58379364013672
-115.11986541748047
-117.84115600585938
-114.71540069580078
-114.35273742675781
-118.78153228759766
-115.77333068847656
-113.37077331542969
-115.81910705566406
-116.12588500976562
-111.234375
-116.7972183227539
-115.3006820678711
-114.43124389648438
-114.75267791748047
-115.23711395263672
-116.38670349121094
-123.51791381835938
-113.60162353515625
-113.98670196533203
-119.23898315429688
-115.30066680908203
-118.90498352050781
-112.10112762451172
-116.0135498046875
-118.49824523925781
-109.26052856445312
-112.60206604003906
-120.51067352294922
-115.3792953491211
-116.2041244506836
-118.42928314208984
-119.31521606445312
-109.71968078613281
-116.79411315917969
-114.49886322021484
-108.06619262695312
-112.21632385253906
-115.95003509521484
-113.58900451660156
-110.03883361816406
-119.96745300292969
-117.1549301147461
-116.91828918457031
-111.53026580810547
-112.116455078125
-119.80528259277344
-119.67123413085938
-113.21240234375
-110.20854187011719
-117.385498046875
-110.70357513427734
-112.27269744873047
-117.68204498291016
-118.73583221435547
-109.99457550048828
-120.96639251708984
-112.87408447265625
-115.91863250732422
-108.84756469726562
-112.6383285522461
-108.36736297607422
-113.55106353759766
-114.2484130859375
-104.61312103271484
-114.39799499511719
-118.87090301513672
-113.73307037353516
-112.26798248291016
-120.42401885986328
-124.36534118652344
-110.91764068603516
-110.56969451904297
-120.2835464477539
-117.7710952758789
-110.54429626464844
-116.16968536376953
-113.01741790771484
-114.0457992553711
-110.45805358886719
-113.59770202636719
-114.43824768066406
-115.71356201171875
-109.57432556152344
-112.98831176757812
-116.86652374267578
-106.176025390625
-104.34881591796875
-111.71324920654297
-111.19940185546875
-114.65205383300781
-113.71526336669922
-113.94280242919922
-119.08271026611328
-113.53108978271484
-111.06942749023438
-114.52323150634766
-112.37823486328125
-116.27428436279297
-116.6762466430664
-120.57769775390625
-108.00299072265625
-110.57527160644531
-113.75987243652344
-119.37106323242188
-114.51020050048828
-113.69610595703125
-113.00533294677734
-111.56196594238281
-117.06615447998047
-108.63384246826172
-111.39298248291016
-115.84186553955078
-112.15450286865234
-117.06379699707031
-116.31253814697266
-118.7642822265625
-115.23040008544922
-116.07788848876953
-115.55744934082031
-112.95835876464844
-117.02703857421875
-113.21101379394531
-118.676025390625
-110.14631652832031
-109.44639587402344
-109.41381072998047
-116.91070556640625
-118.58771514892578
-113.45843505859375
-106.85900115966797
-115.66596984863281
-116.62452697753906
-118.45240020751953
-113.37445831298828
-112.66879272460938
-108.32386779785156
-115.9267807006836
-111.07493591308594
-111.92638397216797
-112.74247741699219
-113.79908752441406
-110.52283477783203
-109.95899200439453
-105.92776489257812
-115.92121124267578
-116.54842376708984
-117.50928497314453
-114.81343078613281
-117.33223724365234
-111.13309478759766
-110.80133056640625
-120.53939819335938
-110.658935546875
-118.42222595214844
-113.110107421875
-114.2816390991211
-106.70631408691406
-110.50398254394531
-114.4234848022461
-112.68347930908203
-110.83920288085938
-113.6886215209961
-111.93013000488281
-112.33428955078125
-109.70733642578125
-113.50463104248047
-112.1592025756836
-114.62451171875
-117.45223999023438
-120.26700592041016
-111.83634948730469
-111.66465759277344
-107.75027465820312
-118.66291046142578
-106.17322540283203
-121.27131652832031
-114.01836395263672
-117.35768127441406
-110.09160614013672
-109.65298461914062
-113.65428161621094
-111.62115478515625
-111.9903564453125
-117.65234375
-115.93616485595703
-113.70606994628906
-111.6399917602539
-117.66006469726562
-110.76097106933594
-117.15577697753906
-117.62857055664062
-114.1278076171875
-113.98529052734375
-118.73868560791016
-110.66999053955078
-116.5088882446289
-108.43282318115234
-113.93692016601562
-112.31204223632812
-117.7747802734375
-117.08306121826172
-116.42012786865234
-113.90879821777344
-113.01414489746094
-116.95284271240234
-114.7199478149414
-111.27494049072266
-118.02386474609375
-107.573486328125
-116.15536499023438
-114.00534057617188
-110.2822036743164
-112.8149642944336
-113.87169647216797
-115.42616271972656
-111.89899444580078
-115.34175872802734
-113.1865463256836
-115.85736083984375
-121.41365051269531
-105.30009460449219
-113.34974670410156
-105.01406860351562
-116.9015884399414
-110.11043548583984
-111.55091094970703
-114.18771362304688
-116.40638732910156
-118.12686157226562
-115.6257095336914
-114.123291015625
-113.80415344238281
-113.42179870605469
-114.32109069824219
