-101.04631805419922
-110.9919662475586
-103.20116424560547
-108.67339324951172
-110.72122955322266
-106.30052185058594
-100.56470489501953
-96.40182495117188
-105.75702667236328
-101.62639617919922
-104.92601013183594
-103.22557830810547
-108.08739471435547
-105.69427490234375
-103.3133773803711
-100.49361419677734
-98.05680847167969
-107.72313690185547
-106.10110473632812
-100.10354614257812
-105.0090103149414
-103.07121276855469
-102.48889923095703
-104.62813568115234
-106.46943664550781
-110.56400299072266
-100.67793273925781
-107.09463500976562
-98.24066925048828
-102.29755401611328
-105.8590316772461
-112.35369873046875
-108.79444885253906
-111.3161849975586
-107.40309143066406
-102.05876159667969
-100.9998550415039
-104.90785217285156
-102.59626007080078
-102.6281967163086
-96.34028625488281
-97.73261260986328
-107.86306762695312
-104.53711700439453
-100.35393524169922
-106.57542419433594
-106.16432189941406
-104.60818481445312
-101.71671295166016
-101.50055694580078
-102.19825744628906
-102.93466186523438
-101.62377166748047
-113.22797393798828
-108.93501281738281
-103.26643371582031
-106.32279205322266
-99.7923355102539
-97.76634979248047
-108.05461883544922
-103.42062377929688
-106.04413604736328
-100.15272521972656
-102.20842742919922
-103.10916900634766
-96.66888427734375
-104.20358276367188
-104.43009948730469
-103.35382843017578
-101.6804428100586
-104.99388885498047
-101.17420196533203
-101.31623077392578
-110.00224304199219
-103.779296875
-106.63996124267578
-101.23772430419922
-105.87438201904297
-101.78590393066406
-106.19454956054688
-101.33636474609375
-104.58097076416016
-96.76168823242188
-102.60021209716797
-108.15894317626953
-103.95061492919922
-106.8056411743164
-99.24966430664062
-108.50169372558594
-100.02133178710938
-101.52433013916016
-105.37174987792969
-102.85398864746094
-105.50450897216797
-106.20079803466797
-105.48626708984375
-103.63679504394531
-104.28665161132812
-104.27466583251953
-104.04408264160156
-105.27967834472656
-94.3497085571289
-107.94282531738281
-106.90149688720703
-101.18770599365234
-109.24456787109375
-105.76654052734375
-97.50499725341797
-101.80047607421875
-97.51223754882812
-105.3359146118164
-95.76509094238281
-103.56981658935547
-98.22974395751953
-102.97942352294922
-101.30661010742188
-104.15391540527344
-102.88152313232422
-104.4358901977539
-97.34358978271484
-110.41464233398438
-102.25502014160156
-103.59807586669922
-100.7341079711914
-95.64306640625
-107.02241516113281
-103.71460723876953
-97.3743667602539
-103.22359466552734
-104.47250366210938
-98.29670715332031
-106.44258880615234
-100.4453125
-103.68122100830078
-97.89636993408203
-102.62074279785156
-100.19254302978516
-103.78311920166016
-103.81793975830078
-101.99745178222656
-104.9449691772461
-105.38574981689453
-100.56797790527344
-103.63418579101562
-104.78562927246094
-100.65147399902344
-104.61264038085938
-104.13812255859375
-108.43873596191406
-106.86700439453125
-109.84075927734375
-98.27473449707031
-107.42510986328125
-105.15762329101562
-109.19880676269531
-110.75251007080078
-111.93048858642578
-104.83293151855469
-106.63877868652344
-100.7433090209961
-104.1333999633789
-103.9554443359375
-105.94251251220703
-100.69474029541016
-99.50556182861328
-100.6483383178711
-105.37535095214844
-111.82057189941406
-108.00593566894531
-103.93836212158203
-103.52027893066406
-96.46356964111328
-105.99468231201172
-103.021240234375
-98.18975067138672
-103.01747131347656
-102.87117004394531
-101.33943939208984
-104.2229995727539
-100.31183624267578
-104.78024291992188
-109.90460205078125
-103.22958374023438
-102.28356170654297
-97.74154663085938
-105.72693634033203
-99.38356018066406
-103.90878295898438
-104.26346588134766
-107.66525268554688
-108.3667984008789
-99.73733520507812
-99.58346557617188
-106.09431457519531
-99.71377563476562
-104.04804229736328
-102.3750991821289
-108.40843963623047
-99.08118438720703
-103.41812896728516
-100.99244689941406
-103.67527770996094
-102.707275390625
-98.51812744140625
-102.81969451904297
-105.1091537475586
-109.82781219482422
-99.77742767333984
-96.91654968261719
-107.69903564453125
-102.10623168945312
-103.18067169189453
-102.2163314819336
-109.20393371582031
-101.70465850830078
-103.9780502319336
-104.68712615966797
-101.62775421142578
-106.60912322998047
-100.74986267089844
-100.20587158203125
-107.7523422241211
-101.82075500488281
-107.94046020507812
-105.35530853271484
-106.4986572265625
-106.93844604492188
-106.02398681640625
-107.76618194580078
-104.49349975585938
-108.7934799194336
-112.0676040649414
-106.78227996826172
-103.2357177734375
-107.26734161376953
-97.69940948486328
-105.72026824951172
-106.80482482910156
-107.51578521728516
-103.59455108642578
-106.21263122558594
-104.85665893554688
-104.6351089477539
-103.47052764892578
-103.3795394897461
-104.87071228027344
-103.55445861816406
-105.10382843017578
-102.34800720214844
-100.94529724121094
-106.81015014648438
-104.04840087890625
-99.77644348144531
-96.93305969238281
-102.1048812866211
-102.53154754638672
-105.27342224121094
-113.46800231933594
-103.28022003173828
-106.09966278076172
-107.19007873535156
-104.4557113647461
-106.54322052001953
-101.45427703857422
-99.13630676269531
-103.51673126220703
-104.49496459960938
-99.65838623046875
-101.8193359375
-104.67648315429688
-102.52973937988281
-103.7046890258789
-103.84141540527344
-104.58729553222656
-100.7585220336914
-103.45172882080078
-105.50273895263672
-98.262451171875
-102.24026489257812
-105.23635864257812
-97.89126586914062
-101.1815414428711
-102.59258270263672
-99.50233459472656
-97.65433502197266
-104.21148681640625
-103.03985595703125
-106.15451049804688
-106.3095932006836
-103.95223999023438
-104.71187591552734
-101.02226257324219
-100.64688110351562
-107.93472290039062
-105.2052001953125
-102.47431945800781
-101.77259063720703
-107.11205291748047
-104.3650131225586
-100.47663879394531
-103.90570831298828
-103.32767486572266
-108.60828399658203
-104.23042297363281
-105.73695373535156
-101.74263000488281
-99.76664733886719
-108.2540054321289
-104.22265625
-106.54011535644531
-106.03357696533203
-103.62316131591797
-101.31658935546875
-105.51871490478516
-97.30323028564453
-103.768798828125
-101.47496032714844
-104.62157440185547
-101.92645263671875
-102.97859954833984
-103.68209838867188
-110.18936157226562
-99.84126281738281
-99.51985931396484
-100.5143051147461
-106.61420440673828
-108.55238342285156
-101.5885009765625
-106.46063232421875
-104.83735656738281
-104.10630798339844
-101.60765838623047
-101.57369995117188
-105.86709594726562
-109.82347106933594
-108.58175659179688
-104.21138763427734
-105.45590209960938
-101.05543518066406
-108.34518432617188
-108.14238739013672
-106.01642608642578
-109.16036224365234
-104.13228607177734
-106.9897232055664
-101.25413513183594
-100.25861358642578
-100.52249145507812
-105.56468963623047
-109.90813446044922
-103.70809173583984
-106.07804107666016
-106.7040786743164
-106.65330505371094
-102.52659606933594
-108.16919708251953
-105.96539306640625
-108.28976440429688
-109.33796691894531
-107.0624008178711
-106.94309997558594
-106.56379699707031
-105.27330017089844
-108.13787078857422
-104.49820709228516
-106.16524505615234
-103.49130249023438
-101.7792739868164
-107.20420837402344
-103.94109344482422
-103.83316040039062
-105.50550079345703
-98.50064086914062
-112.16191864013672
-103.65924072265625
-109.02600860595703
-100.43758392333984
-103.52583312988281
-97.87594604492188
-102.11854553222656
-102.87042999267578
-99.8330078125
-101.31863403320312
-100.19760131835938
-107.5533447265625
-102.39981079101562
-102.81796264648438
-104.46585083007812
-107.57296752929688
-100.12814331054688
-98.18814086914062
-100.64784240722656
-103.30677795410156
-103.68960571289062
-104.24131774902344
-100.41650390625
-96.82064819335938
-108.77413177490234
-101.4908218383789
-103.49932861328125
-102.98611450195312
-102.89777374267578
-101.23542785644531
-99.11906433105469
-100.36936950683594
-111.49588775634766
-99.63932800292969
-102.51458740234375
-105.99462127685547
-105.0014419555664
-108.58021545410156
-106.45703125
-105.60682678222656
-99.19266510009766
-101.47871398925781
-100.24297332763672
-109.7362060546875
-98.89216613769531
-99.90272521972656
-105.08161163330078
-105.8509292602539
-100.3360366821289
-101.9745864868164
-109.79215240478516
-99.29979705810547
-104.4197006225586
-104.62661743164062
-97.78863525390625
-97.09429168701172
-107.86335754394531
-101.57041931152344
-106.42060089111328
-98.21575164794922
-101.57747650146484
-98.5429916381836
-107.02700805664062
-100.98625183105469
-105.02020263671875
-105.94900512695312
-101.86750793457031
-104.703857421875
-100.4034652709961
-108.99496459960938
-95.02792358398438
-103.88700103759766
-100.66832733154297
-103.86415100097656
-100.49824523925781
-97.61238861083984
-106.14970397949219
-100.1709976196289
-109.26800537109375
-104.10092163085938
-102.03975677490234
-110.21995544433594
-103.30154418945312
-106.87737274169922
-105.75956726074219
-108.1268081665039
-97.71076965332031
-106.10305786132812
-102.93572235107422
-110.65835571289062
-96.68250274658203
-101.3490982055664
-108.23944091796875
-109.65910339355469
-106.4104232788086
-99.84385681152344
-96.81358337402344
-105.74260711669922
-101.38026428222656
-103.33534240722656
-104.99544525146484
-100.93830108642578
-101.98502349853516
-100.98405456542969
-109.08466339111328
-98.56706237792969
-101.35279846191406
-94.41293334960938
-102.01435089111328
-103.11770629882812
-97.19903564453125
-106.95297241210938
-99.4689712524414
-100.98785400390625
-97.46916961669922
-102.64618682861328
-107.08863830566406
-102.51188659667969
-98.91209411621094
-99.57366943359375
-107.39818572998047
-100.59262084960938
-105.376953125
-101.08145904541016
-101.77119445800781
-96.7633285522461
-102.77734375
-103.82730102539062
-102.3498306274414
-99.92670440673828
-99.70677947998047
-103.76873016357422
-101.9161148071289
-107.14896392822266
-101.259521484375
-104.35018920898438
-105.20480346679688
-103.05670166015625
-107.02200317382812
-108.32173919677734
-102.82374572753906
-100.72488403320312
-99.4634017944336
-100.6395263671875
-100.19511413574219
-106.55375671386719
-101.0453109741211
-102.60828399658203
-102.13098907470703
-104.86751556396484
-104.31778717041016
-99.83853149414062
-104.55851745605469
-102.18773651123047
-109.11946105957031
-100.66698455810547
-102.80643463134766
-101.24359893798828
-102.80220031738281
-104.18360137939453
-110.8354721069336
-108.35729217529297
-101.46935272216797
-102.20980834960938
-106.06172180175781
-99.62751770019531
-104.76469421386719
-109.03069305419922
-104.57506561279297
-98.22319793701172
-106.73698425292969
-108.67411804199219
-99.8464126586914
-102.41737365722656
-100.63170623779297
-109.03221130371094
-106.89661407470703
-109.36881256103516
-98.89891052246094
-102.67817687988281
-101.33946990966797
-103.36857604980469
-103.45050048828125
-104.71023559570312
-107.74597930908203
-106.3248062133789
-102.90184783935547
-108.05107879638672
-104.39436340332031
-97.80696868896484
-103.6038818359375
-109.3519287109375
-109.03805541992188
-106.3421630859375
-100.61751556396484
-102.60087585449219
-108.09481811523438
-100.04605102539062
-100.37761688232422
-100.21078491210938
-109.22225952148438
-96.22489166259766
-105.51581573486328
-97.96868133544922
-111.51317596435547
-106.13739013671875
-103.2072982788086
-104.16275024414062
-105.90684509277344
-105.74242401123047
-100.6657943725586
-103.5958251953125
-104.56761932373047
-101.95265197753906
-98.2805404663086
-100.10043334960938
-98.1729507446289
-102.90499877929688
-103.22332000732422
-102.51131439208984
-106.0801773071289
-101.09395599365234
-104.81958770751953
-100.48548126220703
-98.02377319335938
-109.3439712524414
-108.40811157226562
-101.49884033203125
-104.59313201904297
-107.55931091308594
-106.1695327758789
-99.11194610595703
-98.9940185546875
-102.1354751586914
-100.2593765258789
-103.0391616821289
-101.39523315429688
-100.49088287353516
-102.66370391845703
-100.54931640625
-110.2833251953125
-106.57258605957031
-104.0828628540039
-101.51156616210938
-103.48287200927734
-101.74671173095703
-101.21359252929688
-105.29786682128906
-100.13740539550781
-99.55510711669922
-103.65312194824219
-96.94966888427734
-100.88780212402344
-106.8071517944336
-104.26487731933594
-101.75537872314453
-107.82307434082031
-105.03866577148438
-105.55660247802734
-107.80226135253906
-103.28094482421875
-99.58905792236328
-104.45450592041016
-105.88587951660156
-103.2433090209961
-98.57310485839844
-110.24100494384766
-104.68126678466797
-107.96622467041016
-111.05642700195312
-106.0696792602539
-102.19731140136719
-96.65071868896484
-102.16336822509766
-100.75666809082031
-99.163330078125
-102.08477783203125
-103.66353607177734
-112.87230682373047
-105.41923522949219
-109.32649230957031
-107.29571533203125
-102.784912109375
-101.32819366455078
-105.06851196289062
-100.7030029296875
-101.67483520507812
-106.64752197265625
-99.64915466308594
-107.24942016601562
-99.98606872558594
-96.74018859863281
-101.91050720214844
-109.14221954345703
-102.99130249023438
-102.3007583618164
-106.67467498779297
-105.10503387451172
-106.14305877685547
-99.96670532226562
-100.98872375488281
-104.6764907836914
-98.95575714111328
-99.4364013671875
-106.98381805419922
-106.45743560791016
-106.96488952636719
-107.51093292236328
-104.56874084472656
-101.81390380859375
-104.81153106689453
-106.71647644042969
-102.10543060302734
-101.33562469482422
-101.10426330566406
-104.8841323852539
-104.15019989013672
-100.14166259765625
-104.74505615234375
-96.60881805419922
-100.61964416503906
-106.0284194946289
-103.77884674072266
-103.93405151367188
-102.42769622802734
-102.25435638427734
-102.409912109375
-101.198974609375
-104.59557342529297
-111.79341888427734
-106.07994079589844
-103.20708465576172
-104.78677368164062
-104.10228729248047
-103.70215606689453
-104.93834686279297
-104.1629867553711
-101.33564758300781
-102.5086441040039
-103.4974136352539
-99.98397064208984
-104.45506286621094
-104.50047302246094
-102.13243865966797
-102.16397857666016
-103.16255187988281
-106.25143432617188
-109.8985595703125
-100.65937042236328
-102.84284973144531
-106.023193359375
-101.763427734375
-106.76808166503906
-100.15384674072266
-102.05718994140625
-104.87793731689453
-98.64018249511719
-101.89033508300781
-106.62113952636719
-102.85588836669922
-102.65550231933594
-107.27271270751953
-106.72195434570312
-98.0118637084961
-102.1907730102539
-102.91322326660156
-98.5940170288086
-100.36637878417969
-104.7325439453125
-101.89373016357422
-100.84344482421875
-108.34331512451172
-104.82823944091797
-103.77422332763672
-99.94859313964844
-102.08755493164062
-106.67974090576172
-104.81436157226562
-103.03321075439453
-99.78607940673828
-105.16448974609375
-98.883056640625
-101.55211639404297
-102.6609878540039
-105.73078155517578
-98.78564453125
-108.25068664550781
-100.6324234008789
-102.43885803222656
-97.4137954711914
-102.17765808105469
-98.70439147949219
-100.7844467163086
-104.604736328125
-96.84246826171875
-103.60967254638672
-106.9854965209961
-103.25741577148438
-101.79419708251953
-108.64169311523438
-110.3726577758789
-99.47430419921875
-100.36137390136719
-107.96173095703125
-105.92232513427734
-99.0599365234375
-104.61630249023438
-101.86456298828125
-103.60124969482422
-99.34929656982422
-102.51185607910156
-104.00843811035156
-106.10803985595703
-98.9502944946289
-101.74897003173828
-105.04024505615234
-98.0000228881836
-95.29891967773438
-99.22142028808594
-99.2176513671875
-103.6918716430664
-102.63346099853516
-102.92359924316406
-107.38386535644531
-103.78704071044922
-101.19087982177734
-104.00584411621094
-103.05088806152344
-105.72818756103516
-104.15242767333984
-108.24053192138672
-97.54344177246094
-100.263916015625
-102.61849975585938
-108.520263671875
-103.94947814941406
-103.21489715576172
-101.80846405029297
-102.65611267089844
-106.04487609863281
-97.93648529052734
-100.31999969482422
-103.96955871582031
-101.96141815185547
-104.13339233398438
-105.18769836425781
-108.32478332519531
-103.46088409423828
-105.17904663085938
-104.62142181396484
-102.0544204711914
-105.54022216796875
-104.5782241821289
-108.312255859375
-102.0761947631836
-99.56468200683594
-98.94852447509766
-105.53085327148438
-108.20067596435547
-104.16636657714844
-96.7830810546875
-104.59406280517578
-106.05982208251953
-106.95404815673828
-102.46846771240234
-102.20957946777344
-100.0007553100586
-104.22687530517578
-102.07915496826172
-103.34891510009766
-103.70868682861328
-104.2696304321289
-100.93850708007812
-99.68244171142578
-95.05482482910156
-104.6859130859375
-104.44503021240234
-105.66419982910156
-104.61516571044922
-107.44277954101562
-99.90020751953125
-101.90593719482422
-107.2702407836914
-100.7543716430664
-108.0867691040039
-103.33195495605469
-105.4749526977539
-98.28741455078125
-99.52754211425781
-103.2823257446289
-101.96910095214844
-101.32505798339844
-104.00704193115234
-101.63948822021484
-103.57962799072266
-98.82894134521484
-104.15412139892578
-101.39703369140625
-104.75572967529297
-107.43077087402344
-106.90216064453125
-101.2129135131836
-101.97955322265625
-98.18942260742188
-106.9732437133789
-97.98033142089844
-109.9494857788086
-102.21430969238281
-107.2137451171875
-100.1081771850586
-100.16889953613281
-101.93267059326172
-101.65275573730469
-103.13616180419922
-106.21659851074219
-105.65544891357422
-104.22638702392578
-101.30824279785156
-108.17120361328125
-101.4393081665039
-108.50580596923828
-108.49065399169922
-106.63953399658203
-103.89372253417969
-108.46003723144531
-100.8372573852539
-106.31179809570312
-100.284912109375
-102.3502197265625
-103.7252197265625
-107.22443389892578
-106.7379150390625
-106.2031478881836
-103.6349868774414
-103.87615203857422
-106.23408508300781
-103.9419937133789
-101.4762191772461
-107.86481475830078
-99.5500259399414
-105.49980163574219
-102.85585021972656
-100.33201599121094
-103.8899154663086
-104.64575958251953
-102.49372100830078
-103.06466674804688
-105.30024719238281
-102.37877655029297
-106.1562271118164
-109.52790069580078
-96.67557525634766
-103.48078918457031
-97.3292465209961
-106.61793518066406
-100.55426788330078
-101.28550720214844
-103.70439910888672
-105.57772827148438
-106.66715240478516
-106.0844955444336
-103.15513610839844
-105.48382568359375
-104.43801879882812
-104.55610656738281
