-99.76516723632812
-109.9145736694336
-102.0626449584961
-105.75704193115234
-109.01268768310547
-104.71668243408203
-99.77729034423828
-96.2177963256836
-106.37457275390625
-99.29277801513672
-104.09600830078125
-102.01653289794922
-107.749267578125
-104.42534637451172
-101.79923248291016
-98.00206756591797
-97.53785705566406
-106.24566650390625
-103.42880249023438
-98.1838150024414
-103.13170623779297
-101.48855590820312
-101.33545684814453
-103.75769805908203
-105.57426452636719
-109.59140014648438
-99.15965270996094
-105.80841064453125
-96.5682373046875
-100.15176391601562
-104.52230072021484
-111.10526275634766
-109.72216796875
-108.39576721191406
-106.61181640625
-99.77099609375
-99.77178955078125
-105.19994354248047
-100.9008560180664
-102.13732147216797
-96.0541000366211
-97.85037994384766
-108.20841217041016
-101.5480728149414
-99.66911315917969
-105.14131927490234
-105.8450927734375
-102.87162017822266
-101.0786361694336
-100.6460189819336
-99.90679931640625
-101.91889953613281
-100.04882049560547
-112.89016723632812
-108.50782012939453
-101.94754028320312
-105.86273956298828
-98.71902465820312
-96.8349380493164
-107.07649993896484
-102.88140106201172
-106.32630920410156
-100.17554473876953
-100.99987030029297
-101.9010009765625
-95.02281188964844
-103.94247436523438
-103.31832885742188
-101.84012603759766
-101.0325927734375
-102.5050048828125
-101.37535858154297
-99.94232177734375
-108.10775756835938
-102.99085998535156
-104.6563949584961
-100.12785339355469
-103.43729400634766
-101.35382080078125
-104.69017028808594
-100.37252044677734
-103.90708923339844
-95.61121368408203
-100.53971099853516
-106.105224609375
-103.37126159667969
-104.0517349243164
-99.4868392944336
-106.6153793334961
-98.00675964355469
-101.13774108886719
-104.65988159179688
-102.30812072753906
-105.04938507080078
-105.78436279296875
-103.223388671875
-104.13182067871094
-102.707763671875
-102.21412658691406
-103.48361206054688
-103.771728515625
-93.535400390625
-104.64766693115234
-104.34252166748047
-100.65535736083984
-108.5593032836914
-104.43572998046875
-95.84698486328125
-100.91954803466797
-96.69471740722656
-106.11731719970703
-94.46915435791016
-103.24697875976562
-96.99359893798828
-101.98632049560547
-100.62047576904297
-103.94735717773438
-100.88680267333984
-101.89248657226562
-96.70028686523438
-109.28467559814453
-101.43635559082031
-102.20536804199219
-100.47457122802734
-94.62249755859375
-105.21730041503906
-101.2668228149414
-98.36723327636719
-102.24447631835938
-103.02153778076172
-97.30345153808594
-106.03760528564453
-99.72858428955078
-102.46590423583984
-96.85425567626953
-101.22557830810547
-98.62801361083984
-103.333740234375
-102.7879409790039
-100.78593444824219
-103.5274429321289
-105.73526763916016
-100.23703002929688
-101.50335693359375
-103.58661651611328
-99.5413818359375
-102.96427154541016
-101.55989074707031
-105.68265533447266
-106.28650665283203
-110.31021881103516
-98.17524719238281
-104.99627685546875
-104.5373306274414
-107.45808410644531
-109.81680297851562
-109.14398956298828
-101.80636596679688
-105.37518310546875
-99.77540588378906
-103.14729309082031
-103.0433578491211
-104.80500030517578
-100.3267593383789
-97.99716186523438
-98.90361022949219
-104.05337524414062
-110.18283081054688
-107.1573715209961
-103.23220825195312
-101.59371948242188
-94.71610260009766
-104.66233825683594
-102.06536865234375
-96.0360107421875
-102.1286392211914
-102.52469635009766
-101.0977783203125
-103.26448822021484
-98.64912414550781
-101.91221618652344
-107.79447937011719
-102.25221252441406
-101.679443359375
-97.1821517944336
-103.45609283447266
-97.86444091796875
-103.96810150146484
-104.24280548095703
-105.23481750488281
-106.96617126464844
-98.87824249267578
-97.82994842529297
-104.04283905029297
-99.04519653320312
-102.42765808105469
-101.68248748779297
-106.24673461914062
-97.50157928466797
-103.47888946533203
-99.73020935058594
-101.81889343261719
-101.99542236328125
-99.45538330078125
-102.89209747314453
-104.94733428955078
-108.82837677001953
-97.63829040527344
-96.58758544921875
-106.42835998535156
-100.38104248046875
-101.99240112304688
-101.25940704345703
-108.33091735839844
-101.4167251586914
-103.09432983398438
-103.24352264404297
-100.48462677001953
-104.64727783203125
-99.19361877441406
-98.78025817871094
-107.22821044921875
-100.740478515625
-106.59308624267578
-106.21189880371094
-104.84825897216797
-104.96717071533203
-104.20967102050781
-104.93318939208984
-104.2636947631836
-108.00782775878906
-111.44190216064453
-104.93342590332031
-103.88005065917969
-104.31674194335938
-98.88306427001953
-104.90638732910156
-106.67408752441406
-104.95600128173828
-101.94050598144531
-104.4576187133789
-103.06415557861328
-104.27677154541016
-102.87687683105469
-103.63651275634766
-103.96661376953125
-102.31595611572266
-104.94515991210938
-101.61368560791016
-100.89498901367188
-106.02789306640625
-103.08246612548828
-98.87743377685547
-95.7363052368164
-101.35531616210938
-101.04460144042969
-103.23681640625
-111.82955169677734
-102.2142562866211
-105.73473358154297
-107.19178771972656
-103.2457046508789
-105.07237243652344
-99.55999755859375
-98.9349594116211
-102.60966491699219
-105.12102508544922
-96.88941192626953
-99.57911682128906
-104.43262481689453
-101.86222839355469
-101.28022766113281
-102.01420593261719
-104.15743255615234
-98.14948272705078
-103.95560455322266
-103.82425689697266
-97.42537689208984
-101.78495788574219
-103.87041473388672
-97.221923828125
-99.57549285888672
-101.6167221069336
-100.15606689453125
-96.70130920410156
-103.66139221191406
-100.02645111083984
-104.5395736694336
-106.45591735839844
-103.28816986083984
-105.17665100097656
-99.49159240722656
-100.4716567993164
-106.03330993652344
-103.68606567382812
-102.76333618164062
-101.61964416503906
-105.87165069580078
-103.14332580566406
-99.19744110107422
-102.28280639648438
-101.32514190673828
-107.63703155517578
-102.65586853027344
-103.77330017089844
-100.29216003417969
-98.61605834960938
-105.59542083740234
-103.89537048339844
-106.6109619140625
-105.09395599365234
-102.4755630493164
-100.28929138183594
-105.85628509521484
-97.10717010498047
-102.97053527832031
-99.43730163574219
-105.47189331054688
-101.61140441894531
-101.44001770019531
-102.96073150634766
-108.56974792480469
-98.09781646728516
-98.48393249511719
-98.7491683959961
-105.15782928466797
-107.71664428710938
-99.08171081542969
-105.52265930175781
-104.9470443725586
-102.74180603027344
-99.21602630615234
-101.35549926757812
-105.09025573730469
-109.81204223632812
-108.6107177734375
-102.41111755371094
-103.06047821044922
-100.86470031738281
-107.19973754882812
-105.90435028076172
-104.35509490966797
-107.22669982910156
-103.74219512939453
-105.6231689453125
-99.19737243652344
-98.0379638671875
-100.58596801757812
-103.6823501586914
-108.26806640625
-102.96549224853516
-105.35179138183594
-106.8637924194336
-106.09292602539062
-101.01665496826172
-106.6007080078125
-105.02860260009766
-105.05120086669922
-107.73643493652344
-105.40025329589844
-104.54003143310547
-106.02225494384766
-103.23279571533203
-107.28749084472656
-103.0853500366211
-103.37019348144531
-102.66912841796875
-100.7207260131836
-106.38095092773438
-103.34455871582031
-102.65938568115234
-103.96630096435547
-98.93450927734375
-111.36155700683594
-102.76864624023438
-108.37248229980469
-100.72824096679688
-100.88562774658203
-98.14859008789062
-100.54893493652344
-102.5467529296875
-100.28582000732422
-100.0709457397461
-100.79537963867188
-106.542236328125
-102.26071166992188
-103.22452545166016
-104.50956726074219
-106.6603012084961
-99.81417083740234
-98.08293914794922
-98.863037109375
-102.34799194335938
-102.49427795410156
-102.67073822021484
-99.93061828613281
-96.02313995361328
-107.38277435302734
-99.318603515625
-101.50068664550781
-101.6413345336914
-101.80690002441406
-101.24403381347656
-100.28215789794922
-100.58658599853516
-111.39578247070312
-98.10746002197266
-100.31493377685547
-104.13150024414062
-103.83181762695312
-108.05349731445312
-104.70409393310547
-104.78822326660156
-100.25435638427734
-99.98075103759766
-97.92109680175781
-110.6827621459961
-99.14654541015625
-98.37457275390625
-105.04181671142578
-105.35874938964844
-99.2901382446289
-101.99882507324219
-107.50523376464844
-98.11089324951172
-102.1422119140625
-103.85236358642578
-97.31005859375
-96.82707977294922
-107.79051971435547
-101.09562683105469
-107.1965103149414
-97.25570678710938
-101.17623901367188
-98.03594970703125
-104.5506591796875
-101.16091918945312
-104.78682708740234
-101.96345520019531
-101.58821105957031
-103.47930908203125
-99.55497741699219
-105.94981384277344
-93.41724395751953
-103.46054077148438
-100.59304809570312
-104.10065460205078
-99.15951538085938
-97.06916046142578
-106.08289337158203
-98.73585510253906
-107.1910171508789
-102.45934295654297
-101.1119384765625
-110.76986694335938
-102.8139877319336
-105.26405334472656
-103.6425552368164
-107.68089294433594
-98.93663024902344
-105.04629516601562
-101.28812408447266
-109.38140106201172
-95.84848022460938
-100.1085205078125
-108.2352294921875
-108.33380126953125
-106.28250885009766
-98.61756896972656
-97.42314147949219
-106.3824462890625
-100.43203735351562
-103.89299774169922
-104.52693176269531
-99.82868957519531
-101.75338745117188
-99.94619750976562
-108.62235260009766
-97.41291046142578
-100.23015594482422
-94.00595092773438
-102.31932067871094
-101.39070892333984
-96.07971954345703
-105.64417266845703
-98.99577331542969
-101.74911499023438
-97.26609802246094
-101.97273254394531
-106.14590454101562
-103.06239318847656
-98.70447540283203
-99.54535675048828
-106.27783966064453
-100.50886535644531
-104.55670928955078
-101.34127044677734
-100.2096939086914
-97.41706848144531
-101.24127960205078
-103.37960052490234
-101.78258514404297
-99.52458190917969
-98.91371154785156
-104.54081726074219
-101.24266052246094
-104.26197814941406
-100.68232727050781
-103.989990234375
-101.86631774902344
-102.61308288574219
-105.7966079711914
-108.15168762207031
-100.40556335449219
-99.21597290039062
-99.47423553466797
-99.3783950805664
-98.95227813720703
-105.53785705566406
-99.09577941894531
-102.92768859863281
-100.27985382080078
-102.70655822753906
-102.57185363769531
-96.68972778320312
-102.466796875
-102.18487548828125
-109.6683349609375
-99.2644271850586
-99.90412902832031
-100.32327270507812
-102.89289093017578
-102.17756652832031
-108.85380554199219
-106.75347137451172
-100.03482818603516
-101.39401245117188
-104.01181030273438
-99.01103210449219
-102.73651885986328
-107.61062622070312
-102.60850524902344
-96.81037902832031
-106.24772644042969
-106.4585952758789
-97.88446807861328
-100.24175262451172
-99.39834594726562
-109.45386505126953
-105.45890808105469
-107.11714172363281
-97.6613540649414
-100.99852752685547
-100.65998077392578
-103.78921508789062
-102.43717193603516
-103.97583770751953
-106.2406005859375
-105.26670837402344
-101.04139709472656
-105.55501556396484
-102.66319274902344
-97.16500854492188
-103.78550720214844
-106.7310791015625
-107.3751449584961
-105.01080322265625
-99.97048950195312
-101.81815338134766
-106.81692504882812
-98.48582458496094
-98.50704193115234
-98.49886322021484
-106.71138000488281
-96.12506866455078
-104.60250091552734
-97.6600112915039
-110.53374481201172
-103.72236633300781
-102.5689468383789
-104.01258087158203
-105.47547912597656
-104.51779174804688
-100.86217498779297
-102.10667419433594
-103.81851196289062
-100.63851928710938
-97.12752532958984
-99.65248107910156
-97.01844787597656
-102.59820556640625
-101.56391143798828
-102.62290954589844
-104.441650390625
-100.06403350830078
-104.25052642822266
-98.52558898925781
-98.83688354492188
-107.61820220947266
-107.57213592529297
-101.6828842163086
-104.07282257080078
-105.49581146240234
-105.74859619140625
-99.64225769042969
-98.78376007080078
-101.37659454345703
-99.06909942626953
-102.78174591064453
-102.06840515136719
-97.04887390136719
-101.75462341308594
-99.79200744628906
-109.31725311279297
-104.76702117919922
-102.23934936523438
-100.44978332519531
-101.54827117919922
-101.7960433959961
-100.25066375732422
-103.75151824951172
-98.22949981689453
-97.09024810791016
-102.17231750488281
-97.14232635498047
-100.74116516113281
-107.05408477783203
-102.64472198486328
-100.92167663574219
-106.5995864868164
-102.94866943359375
-102.73646545410156
-106.87794494628906
-101.3447494506836
-98.80426025390625
-104.91275024414062
-104.85939025878906
-102.44786071777344
-97.76726531982422
-109.03480529785156
-104.96551513671875
-107.32007598876953
-108.52640533447266
-103.53201293945312
-99.18753051757812
-96.62982940673828
-101.24646759033203
-100.20392608642578
-97.5130386352539
-101.94589233398438
-102.65721130371094
-112.57190704345703
-106.01435852050781
-108.27933502197266
-105.6069564819336
-100.80120849609375
-100.24114227294922
-102.63660430908203
-99.73892211914062
-99.53731536865234
-106.29706573486328
-98.691162109375
-106.03326416015625
-101.5119857788086
-96.93031311035156
-101.56367492675781
-108.0820541381836
-101.85107421875
-101.63722229003906
-105.76207733154297
-103.86790466308594
-104.19053649902344
-99.59077453613281
-99.55905151367188
-106.04468536376953
-98.9713363647461
-98.12831115722656
-106.09027099609375
-105.61204528808594
-105.31350708007812
-106.04396057128906
-102.59001159667969
-100.16381072998047
-104.50904083251953
-104.43742370605469
-101.4319839477539
-100.37004089355469
-99.80230712890625
-104.79582977294922
-101.89584350585938
-98.81681823730469
-103.76033020019531
-95.69196319580078
-99.58190155029297
-103.51911926269531
-103.6724624633789
-102.2498779296875
-100.93950653076172
-100.99363708496094
-102.31541442871094
-99.69281768798828
-102.91511535644531
-109.38754272460938
-105.42430114746094
-103.69578552246094
-103.0995101928711
-103.11502838134766
-102.86050415039062
-105.53578186035156
-101.8590087890625
-99.0383071899414
-101.2350845336914
-102.2013168334961
-99.92009735107422
-102.31885528564453
-103.29938507080078
-99.78723907470703
-100.5567398071289
-101.61447143554688
-104.52198791503906
-108.59095764160156
-99.42261505126953
-101.17072296142578
-105.99256134033203
-101.69316864013672
-106.32745361328125
-99.94019317626953
-102.14745330810547
-105.33586883544922
-96.82394409179688
-101.11511993408203
-105.85829162597656
-102.87301635742188
-101.93699645996094
-104.27265167236328
-105.68216705322266
-97.61573791503906
-101.93638610839844
-102.866455078125
-97.85258483886719
-99.33822631835938
-103.48796844482422
-101.01057434082031
-98.9956283569336
-107.12359619140625
-102.89297485351562
-103.1427993774414
-99.35725402832031
-101.17903137207031
-106.57727813720703
-103.99005889892578
-101.64089965820312
-98.87852478027344
-103.77964782714844
-98.5153579711914
-101.34773254394531
-103.72137451171875
-105.1460189819336
-98.2961196899414
-108.54107666015625
-100.71505737304688
-102.47491455078125
-95.25151062011719
-101.01299285888672
-97.4871826171875
-101.06963348388672
-103.40092468261719
-94.83448028564453
-103.13217163085938
-106.0862045288086
-102.51502227783203
-99.65476989746094
-107.34569549560547
-109.38168334960938
-98.66690826416016
-100.72692108154297
-105.8292465209961
-104.28921508789062
-98.70406341552734
-103.38117218017578
-101.17052459716797
-101.80393981933594
-99.69010925292969
-101.36042785644531
-102.99356079101562
-104.04904174804688
-98.63203430175781
-101.6386489868164
-104.17140197753906
-96.51483917236328
-94.9937973022461
-99.74736022949219
-98.42918395996094
-103.99760437011719
-101.7379150390625
-100.82405090332031
-105.64771270751953
-102.15091705322266
-100.00407409667969
-101.84109497070312
-99.80978393554688
-102.46104431152344
-103.05726623535156
-108.4522705078125
-97.64605712890625
-99.9281005859375
-100.34395599365234
-108.54793548583984
-104.11588287353516
-102.4657211303711
-100.72451782226562
-101.62271881103516
-103.5311279296875
-97.45635223388672
-98.02053833007812
-103.67613220214844
-102.5225830078125
-103.47151184082031
-102.6608657836914
-107.85289001464844
-103.3646469116211
-104.25225830078125
-103.23784637451172
-101.44792175292969
-104.1117935180664
-102.79618072509766
-106.69053649902344
-101.5129165649414
-97.51531219482422
-98.87321472167969
-104.69457244873047
-106.73977661132812
-101.69615173339844
-96.8590087890625
-104.16703796386719
-103.95599365234375
-105.27977752685547
-101.8263168334961
-101.57909393310547
-99.83321380615234
-104.45902252197266
-100.6813735961914
-102.47213745117188
-102.3978042602539
-103.4088363647461
-99.72969055175781
-99.42828369140625
-95.12562561035156
-103.395751953125
-102.89215087890625
-105.05233001708984
-103.56864166259766
-105.67496490478516
-98.56595611572266
-100.88086700439453
-106.1234130859375
-98.30939483642578
-106.55619049072266
-102.46450805664062
-103.7318115234375
-97.02061462402344
-99.69441986083984
-103.23249816894531
-101.13340759277344
-99.51861572265625
-103.62285614013672
-99.85128021240234
-102.23822021484375
-98.31830596923828
-103.32218933105469
-101.30587005615234
-102.96066284179688
-107.94808959960938
-106.97828674316406
-100.26313781738281
-101.68910217285156
-97.84727478027344
-106.62445068359375
-97.99838256835938
-109.00416564941406
-101.20821380615234
-106.10476684570312
-100.04706573486328
-100.04568481445312
-100.30674743652344
-100.67262268066406
-102.08985137939453
-104.74187469482422
-104.82086944580078
-104.11827850341797
-100.06587982177734
-106.02943420410156
-100.02896881103516
-107.59674072265625
-107.30302429199219
-104.95332336425781
-102.71780395507812
-107.73295593261719
-101.20252227783203
-103.6423110961914
-99.40957641601562
-101.84839630126953
-100.14689636230469
-105.47351837158203
-104.65293884277344
-106.684814453125
-103.22623443603516
-102.29789733886719
-104.69711303710938
-102.86306762695312
-100.8539810180664
-105.98828887939453
-99.04337310791016
-104.18131256103516
-101.80433654785156
-100.16376495361328
-102.7410888671875
-102.91559600830078
-102.30366516113281
-101.1749496459961
-104.44976043701172
-102.28744506835938
-104.85985565185547
-108.56398010253906
-96.24079895019531
-103.23761749267578
-95.20175170898438
-105.12317657470703
-100.00752258300781
-100.50418853759766
-103.00938415527344
-106.63560485839844
-105.89521789550781
-104.7223892211914
-102.89119720458984
-103.97407531738281
-103.43295288085938
-104.13111114501953
