-99.04874420166016
-108.36259460449219
-101.45913696289062
-105.43121337890625
-106.68911743164062
-104.1630859375
-97.45195007324219
-94.41101837158203
-103.2857437133789
-99.1427001953125
-102.11494445800781
-100.14884185791016
-106.07305908203125
-103.9276123046875
-100.83831787109375
-96.64572143554688
-96.36759185791016
-104.75537109375
-102.02201843261719
-97.32659912109375
-103.20000457763672
-100.12639617919922
-100.03704833984375
-102.74102783203125
-104.03458404541016
-106.8448257446289
-97.7660903930664
-104.20964813232422
-96.84334564208984
-98.61128234863281
-103.44733428955078
-109.08759307861328
-106.50257873535156
-107.9434585571289
-106.13168334960938
-99.29216766357422
-98.5518569946289
-102.10163879394531
-101.0749740600586
-101.84107971191406
-95.5270004272461
-96.96416473388672
-105.6283187866211
-99.68819427490234
-98.86063385009766
-103.73819732666016
-104.01508331298828
-103.09542083740234
-100.77131652832031
-98.9388656616211
-97.86961364746094
-100.25045013427734
-98.80278015136719
-110.4504165649414
-106.40010833740234
-100.94983673095703
-104.67476654052734
-98.09712219238281
-95.70221710205078
-105.45292663574219
-102.13034057617188
-104.04802703857422
-97.90966033935547
-99.83740234375
-99.85577392578125
-96.09396362304688
-101.62101745605469
-102.96070861816406
-102.04415130615234
-99.06806945800781
-101.31949615478516
-98.92073059082031
-99.03652954101562
-106.78777313232422
-100.65140533447266
-102.60981750488281
-98.9920654296875
-102.02557373046875
-101.04248809814453
-103.62529754638672
-101.4006118774414
-101.8523178100586
-94.13802337646484
-99.9530029296875
-106.26103973388672
-101.27791595458984
-102.6086654663086
-97.27375793457031
-104.26814270019531
-97.3737564086914
-98.58109283447266
-103.31597900390625
-99.83055877685547
-103.0965576171875
-103.65754699707031
-102.66915893554688
-101.32585144042969
-100.7826919555664
-102.55453491210938
-101.89945983886719
-100.5895767211914
-91.62433624267578
-103.65817260742188
-103.28643798828125
-98.59418487548828
-105.79381561279297
-102.12246704101562
-94.56724548339844
-99.01331329345703
-95.21888732910156
-102.61312866210938
-93.83441162109375
-102.72444152832031
-95.76703643798828
-99.91184997558594
-99.19007110595703
-101.71941375732422
-99.21479797363281
-100.53900909423828
-94.2608642578125
-108.00171661376953
-100.91123962402344
-99.82154846191406
-98.79304504394531
-92.2361831665039
-104.35623931884766
-99.16720581054688
-95.74241638183594
-101.43500518798828
-101.69418334960938
-95.8758544921875
-103.4686050415039
-97.20726776123047
-100.32901000976562
-96.35636901855469
-98.83649444580078
-97.85069274902344
-103.37686157226562
-99.92533874511719
-98.64578247070312
-102.54582977294922
-103.04734802246094
-98.62127685546875
-100.33460235595703
-103.85509490966797
-97.60784912109375
-99.22279357910156
-100.75015258789062
-106.3453140258789
-104.62413787841797
-108.15874481201172
-95.78728485107422
-103.4231185913086
-103.67459106445312
-106.8073959350586
-108.91291809082031
-107.93772888183594
-102.3135757446289
-104.85025787353516
-98.37510681152344
-101.9602279663086
-102.04803466796875
-103.35794830322266
-99.1151351928711
-97.27627563476562
-97.8757095336914
-102.9607925415039
-110.08699798583984
-105.5859146118164
-100.5303955078125
-101.9563217163086
-93.8126220703125
-102.14353942871094
-99.3055648803711
-96.006591796875
-101.41683959960938
-100.8967514038086
-100.01960754394531
-102.67047119140625
-97.74874877929688
-101.43214416503906
-107.6955795288086
-100.49406433105469
-101.89606475830078
-94.87249755859375
-103.28954315185547
-96.22492218017578
-101.8057861328125
-103.80591583251953
-104.53583526611328
-103.92142486572266
-97.69775390625
-98.33997344970703
-103.36981964111328
-98.26647186279297
-103.78787994384766
-99.81527709960938
-104.5638656616211
-96.9256362915039
-101.79763793945312
-98.03144073486328
-99.74626159667969
-100.7813949584961
-97.61345672607422
-100.4424057006836
-102.45446014404297
-107.84197235107422
-98.30030059814453
-95.39682006835938
-104.29241943359375
-100.56664276123047
-100.83911895751953
-99.83379364013672
-107.7850570678711
-101.05281066894531
-100.677001953125
-101.47615051269531
-100.09713745117188
-103.35807800292969
-99.57337188720703
-97.77385711669922
-105.47948455810547
-98.53026580810547
-105.41825866699219
-102.23542022705078
-104.3987045288086
-104.36714935302734
-103.4494857788086
-104.19390869140625
-103.08279418945312
-105.5816421508789
-109.31532287597656
-104.3533706665039
-101.65974426269531
-104.53384399414062
-97.82996368408203
-103.17566680908203
-104.53216552734375
-104.00784301757812
-100.6106948852539
-103.1764907836914
-101.8688735961914
-102.58177185058594
-100.71900939941406
-101.78691864013672
-101.43037414550781
-101.3556900024414
-102.18576049804688
-99.09854888916016
-98.79512786865234
-102.75106811523438
-100.97988891601562
-98.57207489013672
-94.21761322021484
-97.89971923828125
-99.10386657714844
-102.57455444335938
-109.4802017211914
-99.92243194580078
-103.00550842285156
-106.72417449951172
-101.88687133789062
-103.27156066894531
-98.80436706542969
-97.30570983886719
-101.8890380859375
-102.00919342041016
-95.38300323486328
-99.14502716064453
-102.79671478271484
-100.19404602050781
-100.4248046875
-101.56493377685547
-103.9192886352539
-98.10617065429688
-101.10614776611328
-102.6617431640625
-95.08622741699219
-100.58119201660156
-102.44935607910156
-95.09173583984375
-99.8931655883789
-100.1514663696289
-97.27076721191406
-95.63955688476562
-101.33238220214844
-100.14491271972656
-103.08226013183594
-103.18311309814453
-100.4784927368164
-101.69638061523438
-99.14176177978516
-99.07874298095703
-104.73532104492188
-102.2806167602539
-101.46009063720703
-99.9495849609375
-105.05050659179688
-102.53650665283203
-98.14491271972656
-100.5918960571289
-101.39430236816406
-106.00114440917969
-102.82926940917969
-104.23817443847656
-99.01753234863281
-97.28921508789062
-104.34512329101562
-102.36486053466797
-105.5328598022461
-104.14968872070312
-101.485595703125
-98.47752380371094
-104.60542297363281
-96.01041412353516
-102.69172668457031
-99.80883026123047
-103.80435943603516
-101.3494644165039
-100.30247497558594
-100.64542388916016
-108.19779205322266
-98.06842041015625
-96.99781036376953
-97.98839569091797
-103.86135864257812
-105.27826690673828
-98.39051055908203
-103.39163208007812
-102.59193420410156
-100.48377227783203
-98.84005737304688
-100.9765396118164
-103.65328979492188
-107.09354400634766
-105.94183349609375
-100.24778747558594
-101.14759826660156
-98.35209655761719
-104.9964599609375
-106.39432525634766
-103.60765075683594
-106.34772491455078
-102.15458679199219
-103.9643325805664
-98.90914154052734
-97.7449951171875
-99.92794799804688
-102.7907485961914
-107.95230102539062
-102.2585220336914
-103.18824005126953
-105.25298309326172
-103.29212188720703
-99.43302154541016
-104.49369049072266
-104.35682678222656
-105.12513732910156
-106.6485824584961
-103.58740997314453
-102.40485382080078
-104.84303283691406
-102.25834655761719
-105.97628784179688
-102.23896789550781
-103.30486297607422
-101.92576599121094
-100.0895004272461
-104.24274444580078
-103.05917358398438
-100.69120025634766
-100.2613525390625
-97.53824615478516
-109.65594482421875
-101.06674194335938
-108.1578369140625
-97.91661834716797
-101.47850036621094
-96.83987426757812
-99.94263458251953
-102.59361267089844
-97.2322006225586
-98.8752670288086
-98.42058563232422
-104.47596740722656
-101.75938415527344
-100.4302749633789
-103.53695678710938
-104.62579345703125
-99.2153549194336
-97.06556701660156
-98.32827758789062
-102.07904815673828
-100.57290649414062
-102.58507537841797
-98.8203353881836
-95.139404296875
-105.91331481933594
-99.28352355957031
-99.88946533203125
-100.51777648925781
-100.75293731689453
-100.82159423828125
-98.02278900146484
-99.65912628173828
-108.40680694580078
-98.24588775634766
-100.45625305175781
-102.57414245605469
-102.18628692626953
-105.95236206054688
-103.4461898803711
-103.33773803710938
-98.03250122070312
-98.1664047241211
-97.64067840576172
-108.01580047607422
-96.29068756103516
-97.1654052734375
-102.43729400634766
-104.05384063720703
-99.00564575195312
-100.5307846069336
-105.04290771484375
-95.75930786132812
-102.03854370117188
-102.13497161865234
-98.0462646484375
-95.2659912109375
-106.73025512695312
-100.24929809570312
-103.87786865234375
-96.22186279296875
-100.04547882080078
-95.2880859375
-102.64459991455078
-100.0849380493164
-102.26297760009766
-99.91435241699219
-99.71949005126953
-102.90823364257812
-99.3261947631836
-106.2552261352539
-92.69478607177734
-101.67939758300781
-99.8319320678711
-101.65423583984375
-96.39673614501953
-95.79214477539062
-103.22587585449219
-97.16264343261719
-106.10340118408203
-102.04862976074219
-99.87525939941406
-107.6797866821289
-101.21675109863281
-104.85930633544922
-102.01852416992188
-106.02066802978516
-98.0926742553711
-103.38591003417969
-99.56588745117188
-106.70855712890625
-92.13419342041016
-100.21771240234375
-106.02926635742188
-107.29744720458984
-103.61319732666016
-97.83494567871094
-95.09978485107422
-104.46351623535156
-97.93096160888672
-100.35175323486328
-102.95730590820312
-99.03083801269531
-100.47482299804688
-99.48943328857422
-106.3782958984375
-96.18505859375
-99.71905517578125
-92.57134246826172
-99.01654815673828
-100.48429870605469
-95.64021301269531
-104.84333801269531
-97.3726806640625
-98.58512878417969
-95.90946960449219
-100.4437255859375
-103.0058364868164
-100.30032348632812
-96.84644317626953
-97.01355743408203
-105.26142120361328
-98.6104965209961
-103.67915344238281
-97.30182647705078
-98.4802474975586
-95.26126098632812
-100.82194519042969
-100.81515502929688
-100.8568115234375
-97.1938705444336
-97.30076599121094
-102.45301055908203
-100.87803649902344
-102.86737060546875
-99.37934875488281
-103.32373809814453
-102.38063049316406
-100.31729888916016
-103.59270477294922
-107.53743743896484
-100.14281463623047
-98.40032958984375
-98.11882781982422
-98.78177642822266
-99.60919952392578
-103.99951934814453
-99.61861419677734
-99.8286361694336
-99.59856414794922
-101.52754974365234
-100.88811492919922
-95.97265625
-101.67964172363281
-99.57009887695312
-107.33299255371094
-96.80381774902344
-97.4974136352539
-99.61455535888672
-100.67488098144531
-101.21489715576172
-106.85794830322266
-106.82537078857422
-98.4591064453125
-100.0846176147461
-102.6109619140625
-99.38074493408203
-101.12574005126953
-104.67203521728516
-101.1720962524414
-95.21343994140625
-105.40753936767578
-105.88766479492188
-97.2668228149414
-99.36520385742188
-98.11617279052734
-106.55192565917969
-104.37854766845703
-105.6441879272461
-95.90408325195312
-101.0863265991211
-98.9337158203125
-102.36772155761719
-102.42257690429688
-102.03218078613281
-105.06377410888672
-103.81049346923828
-101.3302230834961
-104.09990692138672
-102.0792236328125
-97.06289672851562
-102.6955795288086
-105.13105773925781
-106.00322723388672
-103.79762268066406
-98.71625518798828
-99.83739471435547
-104.43060302734375
-97.39898681640625
-97.30421447753906
-97.75210571289062
-103.93717956542969
-95.1107177734375
-102.78213500976562
-95.34697723388672
-109.8559341430664
-103.11981201171875
-100.70512390136719
-102.35930633544922
-103.25818634033203
-102.42478942871094
-100.3106689453125
-101.90299224853516
-102.72651672363281
-98.7720947265625
-95.42131042480469
-98.45076751708984
-95.4747314453125
-101.68734741210938
-100.56163024902344
-99.92745208740234
-103.77568054199219
-99.41844177246094
-102.88032531738281
-96.73260498046875
-97.25700378417969
-106.43525695800781
-106.6265869140625
-100.42472076416016
-101.83818817138672
-104.11957550048828
-103.85725402832031
-97.73191833496094
-97.45340728759766
-101.78224182128906
-98.507080078125
-101.59393310546875
-99.7805404663086
-97.88224029541016
-100.68702697753906
-98.5230712890625
-107.04168701171875
-103.85665130615234
-100.84001159667969
-98.83531951904297
-102.50592041015625
-99.68692016601562
-98.9488296508789
-102.126220703125
-97.33671569824219
-95.79989624023438
-101.25311279296875
-95.38099670410156
-99.98343658447266
-105.49510955810547
-101.19168090820312
-99.97067260742188
-105.0784683227539
-100.9061279296875
-102.16079711914062
-106.4384536743164
-99.68347930908203
-96.9665298461914
-102.0821304321289
-103.0900650024414
-100.49581146240234
-96.58683013916016
-106.87714385986328
-103.40599822998047
-104.67325592041016
-108.16552734375
-104.41543579101562
-97.49575805664062
-93.0323715209961
-99.98784637451172
-98.3278579711914
-96.74620056152344
-99.52172088623047
-101.7943115234375
-110.60446166992188
-101.83671569824219
-106.6021957397461
-103.57682037353516
-101.29563903808594
-99.26249694824219
-102.48992919921875
-99.36128997802734
-98.5567855834961
-103.55101776123047
-97.5242919921875
-102.9239730834961
-99.3318099975586
-96.0546875
-100.3450927734375
-106.30862426757812
-100.54779815673828
-98.48572540283203
-105.59832763671875
-101.92633819580078
-103.54401397705078
-96.9764633178711
-99.08216094970703
-103.78971862792969
-96.98954010009766
-97.80900573730469
-104.37601470947266
-103.47956085205078
-104.27348327636719
-104.0422592163086
-102.70084381103516
-100.39786529541016
-103.68685150146484
-104.41380310058594
-100.00054168701172
-98.90492248535156
-99.00272369384766
-102.61504364013672
-101.83941650390625
-97.45405578613281
-102.70568084716797
-95.3014144897461
-98.06490325927734
-103.77806854248047
-102.22674560546875
-101.22473907470703
-99.50181579589844
-100.99706268310547
-101.5196533203125
-99.55143737792969
-101.5574722290039
-108.86296844482422
-103.64398193359375
-101.00392150878906
-102.65422821044922
-101.49673461914062
-101.1938705444336
-104.72535705566406
-101.6820297241211
-99.86308288574219
-99.31201934814453
-102.30726623535156
-97.1885757446289
-100.87017059326172
-102.09435272216797
-99.03733825683594
-99.30687713623047
-99.94591522216797
-105.2198257446289
-107.02291107177734
-98.04547119140625
-101.212646484375
-105.63013458251953
-99.74684143066406
-105.54792022705078
-98.98194885253906
-101.78791809082031
-103.71243286132812
-96.43993377685547
-100.59579467773438
-105.2756576538086
-100.68333435058594
-100.47362518310547
-102.03565979003906
-104.38101196289062
-94.93484497070312
-101.0805435180664
-101.13418579101562
-96.4615478515625
-98.16657257080078
-103.0251235961914
-99.52706909179688
-99.71134185791016
-105.26171875
-102.54562377929688
-101.17726135253906
-97.62356567382812
-100.3853530883789
-105.90675354003906
-103.08568572998047
-100.70320129394531
-98.12203216552734
-102.7641372680664
-97.0871353149414
-99.66364288330078
-102.01290130615234
-103.34033203125
-97.09078216552734
-105.63195037841797
-99.0877914428711
-99.6557846069336
-95.13553619384766
-102.23944091796875
-98.16526794433594
-98.99079895019531
-101.16709899902344
-93.41773223876953
-102.3001480102539
-106.041015625
-100.85762786865234
-98.90428924560547
-107.0372085571289
-109.11022186279297
-97.96773529052734
-99.74451446533203
-106.25509643554688
-102.09752655029297
-97.5439453125
-102.74108123779297
-100.95248413085938
-100.53922271728516
-98.23563385009766
-100.30970764160156
-102.03939056396484
-103.1264419555664
-95.42948913574219
-100.0667953491211
-104.06837463378906
-94.53265380859375
-93.04049682617188
-97.99859619140625
-97.22299194335938
-101.77603912353516
-99.93684387207031
-101.36962890625
-105.66431427001953
-102.8985366821289
-99.71739196777344
-101.37452697753906
-100.09920501708984
-102.63217163085938
-101.65887451171875
-106.4909896850586
-96.05640411376953
-99.73302459716797
-99.45146179199219
-105.0055160522461
-101.13587188720703
-103.1452407836914
-99.7619857788086
-100.07405853271484
-103.58045959472656
-96.16752624511719
-97.651123046875
-100.57195281982422
-100.16344451904297
-102.76809692382812
-103.32221221923828
-106.32467651367188
-101.358642578125
-102.96044921875
-102.7872085571289
-101.19277954101562
-102.19782257080078
-102.55137634277344
-105.89971923828125
-99.30076599121094
-97.83290100097656
-98.20562744140625
-102.68306732177734
-104.77874755859375
-102.08244323730469
-96.86559295654297
-102.53466033935547
-102.64561462402344
-103.69607543945312
-101.08938598632812
-100.27991485595703
-97.12471008300781
-103.3126449584961
-99.7463607788086
-102.99373626708984
-100.08488464355469
-101.50206756591797
-99.14088439941406
-98.52598571777344
-93.87682342529297
-101.81754302978516
-103.15511322021484
-103.43110656738281
-101.51070404052734
-104.37626647949219
-98.1550521850586
-99.76622772216797
-105.8022232055664
-97.45965576171875
-104.31034851074219
-101.04963684082031
-102.21253967285156
-95.19357299804688
-97.07506561279297
-101.67090606689453
-101.37213897705078
-97.63179016113281
-102.18244934082031
-100.1294174194336
-103.01220703125
-96.85661315917969
-101.74443817138672
-99.46685028076172
-101.73690795898438
-105.97073364257812
-106.03179931640625
-100.6536865234375
-99.46669006347656
-96.5478515625
-105.16282653808594
-95.5828628540039
-107.30133056640625
-101.16651153564453
-105.96235656738281
-98.81766510009766
-97.1588363647461
-98.04401397705078
-99.67351531982422
-101.40303802490234
-102.94747924804688
-103.64392852783203
-102.90536499023438
-99.73916625976562
-105.9648666381836
-98.58872985839844
-107.52027893066406
-106.26194763183594
-104.6417007446289
-101.84796142578125
-108.34784698486328
-98.97212219238281
-103.29075622558594
-98.69874572753906
-100.99520111083984
-100.5278549194336
-104.27236938476562
-103.7171630859375
-104.9034194946289
-102.23005676269531
-102.04348754882812
-104.81401062011719
-102.64927673339844
-98.9544448852539
-106.03128814697266
-97.69169616699219
-103.60675811767578
-101.25144958496094
-98.14468383789062
-100.5238037109375
-101.69610595703125
-101.42002868652344
-99.55206298828125
-103.3651123046875
-101.0760498046875
-103.89739990234375
-106.90104675292969
-95.86292266845703
-102.12419891357422
-95.58500671386719
-104.29110717773438
-98.28717803955078
-100.71114349365234
-101.79664611816406
-104.14639282226562
-104.7696533203125
-102.89712524414062
-100.52913665771484
-103.0123291015625
-103.08428955078125
-103.48921966552734
