-101.03572845458984
-108.7793960571289
-101.83634948730469
-105.57754516601562
-109.26261901855469
-104.592041015625
-99.37759399414062
-95.52120971679688
-106.5589370727539
-99.12432861328125
-103.7647476196289
-101.1967544555664
-106.21858215332031
-105.1346206665039
-100.4866943359375
-97.7052001953125
-96.80615997314453
-105.45608520507812
-103.2000732421875
-96.85334777832031
-104.12911224365234
-99.92420959472656
-100.19447326660156
-102.67845153808594
-104.13079071044922
-107.91696166992188
-98.31681060791016
-106.48741912841797
-96.5030746459961
-100.10807800292969
-104.28253936767578
-109.97528076171875
-106.6155776977539
-106.88265991210938
-105.99760437011719
-98.20622253417969
-98.21833038330078
-103.00788116455078
-99.94286346435547
-101.01667785644531
-95.33354187011719
-97.210693359375
-105.4977798461914
-101.88478088378906
-98.73297119140625
-103.54383850097656
-102.9276123046875
-103.68849182128906
-101.5709228515625
-100.13517761230469
-99.18468475341797
-100.3858642578125
-100.03955078125
-111.84778594970703
-106.9640121459961
-102.02056121826172
-104.702880859375
-98.77041625976562
-97.31819152832031
-106.1557846069336
-101.76935577392578
-104.6551513671875
-99.80500030517578
-100.87657165527344
-99.38140106201172
-95.76660919189453
-103.16270446777344
-102.18328094482422
-101.7279052734375
-100.19495391845703
-101.52130126953125
-99.0906753540039
-99.67831420898438
-107.28551483154297
-101.86754608154297
-104.9186019897461
-98.80108642578125
-102.91067504882812
-101.46935272216797
-104.0188217163086
-100.39978790283203
-102.13311767578125
-95.62247467041016
-101.34439086914062
-106.18901062011719
-101.60699462890625
-103.58550262451172
-98.64810180664062
-106.2239990234375
-97.76445770263672
-99.38121795654297
-104.02567291259766
-101.1474380493164
-104.38726806640625
-104.87129211425781
-103.12455749511719
-101.98429870605469
-102.52120208740234
-101.93343353271484
-101.89756774902344
-103.36410522460938
-94.25775146484375
-104.32711029052734
-103.01141357421875
-98.08062744140625
-107.15629577636719
-103.3202133178711
-94.51834869384766
-99.78216552734375
-95.65192413330078
-103.76014709472656
-93.84477233886719
-102.82041931152344
-96.0024185180664
-100.99598693847656
-100.26702117919922
-102.93008422851562
-99.67572784423828
-101.33985137939453
-95.55401611328125
-109.28400421142578
-102.04829406738281
-100.92557525634766
-99.15580749511719
-93.2443618774414
-105.27014923095703
-100.33787536621094
-95.75228881835938
-101.21247863769531
-100.25395202636719
-96.69032287597656
-103.07846069335938
-97.55450439453125
-101.34695434570312
-95.97010803222656
-99.80646514892578
-98.33930969238281
-103.18827056884766
-101.91976928710938
-99.48006439208984
-102.07437133789062
-104.26070404052734
-100.41942596435547
-102.00080108642578
-104.08641052246094
-98.38804626464844
-103.06938171386719
-101.75076293945312
-106.39598846435547
-105.14579772949219
-110.06485748291016
-96.64579772949219
-104.14237213134766
-104.68384552001953
-108.20551300048828
-109.268798828125
-109.42178344726562
-104.02706146240234
-105.5872802734375
-99.52420043945312
-103.98529052734375
-101.01749420166016
-104.69373321533203
-99.51241302490234
-97.8922119140625
-98.77571868896484
-104.51032257080078
-111.11750030517578
-106.01616668701172
-101.9345932006836
-103.05533599853516
-94.7486801147461
-103.10633850097656
-100.83414459228516
-97.16705322265625
-101.41273498535156
-102.03353881835938
-100.10708618164062
-102.59927368164062
-97.6824722290039
-102.67703247070312
-107.82191467285156
-101.55073547363281
-102.28085327148438
-95.77046966552734
-103.74824523925781
-97.92123413085938
-103.57593536376953
-102.68955993652344
-104.2175064086914
-106.38311004638672
-97.82636260986328
-96.93252563476562
-103.24510955810547
-97.64457702636719
-103.34034729003906
-101.66986846923828
-106.30496215820312
-96.82125854492188
-103.53913879394531
-98.77822875976562
-101.17716217041016
-101.84800720214844
-98.04199981689453
-102.13823699951172
-102.92173767089844
-108.05978393554688
-98.04548645019531
-94.92550659179688
-104.5870132446289
-99.65918731689453
-101.66959381103516
-101.04457092285156
-108.34632110595703
-100.58162689208984
-102.88268280029297
-103.1089859008789
-100.92243194580078
-105.39303588867188
-98.55471801757812
-98.7586898803711
-105.82376861572266
-100.29757690429688
-106.98871612548828
-103.44561004638672
-104.6656265258789
-105.77267456054688
-104.59278106689453
-105.17932891845703
-103.06493377685547
-108.53852844238281
-111.62516784667969
-104.86214447021484
-103.01277923583984
-104.20889282226562
-97.1686782836914
-104.76377868652344
-106.48697662353516
-103.97041320800781
-101.72676086425781
-104.44255828857422
-102.4531021118164
-103.74834442138672
-102.81031036376953
-101.3685073852539
-102.73335266113281
-101.7496337890625
-104.26145935058594
-100.33998107910156
-99.16033935546875
-104.17061614990234
-102.47474670410156
-98.62286376953125
-96.02450561523438
-99.3532943725586
-100.48637390136719
-102.94574737548828
-110.10559844970703
-101.79786682128906
-104.05552673339844
-107.61833190917969
-102.38286590576172
-105.54070281982422
-99.90771484375
-96.65746307373047
-101.86001586914062
-103.1327896118164
-97.2113265991211
-99.5114517211914
-102.06672668457031
-101.83453369140625
-100.7369613647461
-102.7542495727539
-102.15274047851562
-98.35725402832031
-101.23194885253906
-102.5574722290039
-95.82015991210938
-101.48827362060547
-102.7052993774414
-95.75823211669922
-100.1379165649414
-100.48933410644531
-98.546630859375
-95.50153350830078
-101.68037414550781
-100.22454071044922
-102.62726593017578
-103.27501678466797
-101.91700744628906
-103.2096176147461
-98.67967224121094
-99.80004119873047
-105.37962341308594
-104.12450408935547
-102.14012908935547
-100.8535385131836
-105.54923248291016
-102.07829284667969
-99.8125228881836
-100.74232482910156
-101.20455932617188
-105.43617248535156
-102.44464111328125
-103.7938232421875
-99.36561584472656
-98.85162353515625
-106.50817108154297
-104.40827941894531
-105.05083465576172
-104.87259674072266
-101.94796752929688
-99.00311279296875
-103.40066528320312
-97.06566619873047
-102.1697998046875
-99.274169921875
-103.50606536865234
-100.25443267822266
-100.58316040039062
-101.5500259399414
-106.66390991210938
-96.96675872802734
-96.37834930419922
-98.29354858398438
-105.62155151367188
-106.93106842041016
-99.48316955566406
-105.6311264038086
-102.82091522216797
-102.34697723388672
-98.67794036865234
-100.25811767578125
-103.15093231201172
-106.86613464355469
-106.15425109863281
-101.50410461425781
-102.60281372070312
-98.85900115966797
-105.89308166503906
-106.04350280761719
-102.59968566894531
-106.47089385986328
-101.62255859375
-105.05353546142578
-99.3243179321289
-98.1203842163086
-99.6535873413086
-102.80460357666016
-107.95245361328125
-101.86441802978516
-103.80783081054688
-103.68399810791016
-104.93633270263672
-99.91129302978516
-105.0107421875
-103.60877990722656
-104.9122543334961
-107.20805358886719
-105.03816223144531
-103.98534393310547
-105.55502319335938
-103.17826080322266
-106.41656494140625
-102.99540710449219
-103.721923828125
-103.26078796386719
-99.1750259399414
-106.17243194580078
-103.1213150024414
-101.99923706054688
-102.97676849365234
-97.16816711425781
-110.04370880126953
-102.49976348876953
-107.73933410644531
-98.20557403564453
-100.044677734375
-97.97460174560547
-100.58037567138672
-102.5050048828125
-98.59381866455078
-98.94322204589844
-100.41073608398438
-105.41393280029297
-102.04635620117188
-101.0341796875
-102.77379608154297
-106.75079345703125
-99.2260971069336
-96.61222839355469
-99.51998138427734
-101.8504409790039
-102.08773803710938
-103.2486572265625
-99.94495391845703
-95.14799499511719
-107.20089721679688
-99.2633056640625
-100.6696548461914
-101.95531463623047
-100.72045135498047
-101.2551040649414
-98.38059997558594
-99.1421890258789
-109.71398162841797
-97.6619644165039
-102.14030456542969
-104.52439880371094
-103.40878295898438
-107.50413513183594
-104.59709930419922
-104.87398529052734
-98.39523315429688
-99.26982879638672
-98.7516098022461
-109.27405548095703
-97.66255187988281
-97.66886138916016
-103.81974792480469
-104.29090118408203
-98.1173095703125
-99.84822845458984
-106.16458892822266
-96.13594055175781
-102.5634994506836
-102.32440948486328
-98.26470947265625
-96.33090209960938
-107.78678131103516
-99.24044799804688
-105.72401428222656
-96.79326629638672
-100.91590118408203
-97.11477661132812
-104.51484680175781
-99.95840454101562
-103.58965301513672
-101.07933807373047
-102.30592346191406
-104.3289566040039
-99.57474517822266
-106.32550811767578
-93.34522247314453
-100.74873352050781
-99.02191162109375
-102.43233489990234
-97.449462890625
-96.81808471679688
-103.12428283691406
-98.86370086669922
-107.15608215332031
-101.1107406616211
-99.92146301269531
-106.73585510253906
-101.152099609375
-105.47657775878906
-101.35385131835938
-106.60595703125
-97.40290069580078
-103.78150177001953
-99.78890991210938
-108.190673828125
-93.54544830322266
-99.0740966796875
-106.86200714111328
-108.27595520019531
-104.697998046875
-98.62421417236328
-96.58777618408203
-104.50575256347656
-100.97884368896484
-102.63103485107422
-103.17134094238281
-99.38746643066406
-99.92493438720703
-100.83041381835938
-107.17182922363281
-96.86530303955078
-99.41168975830078
-93.22566986083984
-99.94412994384766
-101.05760955810547
-95.80582427978516
-105.49126434326172
-99.17971801757812
-100.22886657714844
-97.18661499023438
-101.71729278564453
-105.25364685058594
-101.60733032226562
-98.328125
-99.06499481201172
-106.23529052734375
-99.66434478759766
-104.40013122558594
-98.969970703125
-101.71978759765625
-96.03913879394531
-100.38116455078125
-101.73529815673828
-101.28478240966797
-97.42034912109375
-98.81651306152344
-103.78956604003906
-100.98066711425781
-104.02162170410156
-100.10099792480469
-104.41268157958984
-101.5553970336914
-100.74337768554688
-105.67731475830078
-108.45794677734375
-99.66507720947266
-99.1607894897461
-98.71881103515625
-98.88465118408203
-97.93462371826172
-104.89637756347656
-98.96471405029297
-101.41292572021484
-99.72654724121094
-102.19915771484375
-102.7829818725586
-96.86151885986328
-102.37538146972656
-100.26336669921875
-106.81348419189453
-99.27547454833984
-99.48558807373047
-99.03533935546875
-101.41522216796875
-102.10761260986328
-108.5360107421875
-106.20578002929688
-99.16101837158203
-101.8072738647461
-102.35475158691406
-98.22178649902344
-101.81365203857422
-105.15690612792969
-101.12805938720703
-95.55791473388672
-104.85614013671875
-105.8910140991211
-98.31128692626953
-99.35076904296875
-99.31674194335938
-107.07328796386719
-105.35073852539062
-105.93875122070312
-96.5582046508789
-101.98295593261719
-98.73994445800781
-101.62153625488281
-101.48211669921875
-102.43746948242188
-106.638427734375
-104.4958724975586
-100.21330261230469
-104.908203125
-101.02332305908203
-95.74127197265625
-103.21016693115234
-105.86894226074219
-107.04291534423828
-104.5709457397461
-98.3614730834961
-101.4227523803711
-105.68052673339844
-98.6485824584961
-99.21932983398438
-98.03302764892578
-107.22785186767578
-95.0251693725586
-104.0876235961914
-96.11680603027344
-108.2052001953125
-104.71849060058594
-101.02670288085938
-101.30821990966797
-104.05863189697266
-104.27201843261719
-100.37466430664062
-100.08030700683594
-103.10163116455078
-100.09580993652344
-96.8806381225586
-98.67568969726562
-96.51078033447266
-101.3341064453125
-101.96940612792969
-101.98017883300781
-103.46337890625
-98.8146743774414
-104.07950592041016
-97.59613037109375
-97.71157836914062
-107.11502075195312
-106.28901672363281
-101.02714538574219
-103.40234375
-105.84098052978516
-104.31429290771484
-99.20001220703125
-98.81673431396484
-101.17073059082031
-98.07177734375
-102.4386978149414
-100.54835510253906
-98.80204772949219
-101.88353729248047
-98.11639404296875
-107.71408081054688
-104.18802642822266
-101.18921661376953
-99.46694946289062
-102.53755187988281
-100.06771850585938
-99.14737701416016
-102.47010040283203
-98.56021881103516
-98.13762664794922
-102.44147491455078
-97.43600463867188
-98.48345947265625
-105.25350189208984
-101.93254089355469
-100.0598373413086
-104.86810302734375
-102.45413208007812
-102.08939361572266
-107.04610443115234
-99.62788391113281
-97.67960357666016
-102.88780975341797
-105.13668823242188
-101.57425689697266
-96.37623596191406
-107.61609649658203
-102.72210693359375
-105.16590118408203
-107.52980041503906
-102.41522216796875
-99.80414581298828
-95.37129974365234
-101.40525817871094
-99.83043670654297
-96.78271484375
-99.74781036376953
-101.68726348876953
-110.21369934082031
-103.64285278320312
-106.77018737792969
-104.96223449707031
-100.32630157470703
-99.43800354003906
-102.40155029296875
-100.728271484375
-99.84947204589844
-105.9660873413086
-97.60954284667969
-103.30026245117188
-99.31912231445312
-95.63763427734375
-100.39230346679688
-106.39207458496094
-101.15204620361328
-100.55907440185547
-105.70533752441406
-103.73832702636719
-103.62755584716797
-98.34085845947266
-98.93978118896484
-103.7692642211914
-97.41913604736328
-97.64759063720703
-104.0945053100586
-104.72198486328125
-105.3089370727539
-103.84968566894531
-101.9815673828125
-100.35747528076172
-104.87612915039062
-104.9202651977539
-100.84918212890625
-100.43765258789062
-99.2750473022461
-104.04778289794922
-102.23326873779297
-99.01628875732422
-102.99983978271484
-95.1723861694336
-98.57197570800781
-103.2881088256836
-100.78984832763672
-102.4593505859375
-100.45423889160156
-99.7043685913086
-101.65522766113281
-98.69169616699219
-102.30401611328125
-109.6408462524414
-104.4405746459961
-101.77587127685547
-102.43843078613281
-102.63674926757812
-101.5208740234375
-102.87810516357422
-101.98753356933594
-99.61493682861328
-100.08614349365234
-100.38790130615234
-97.499755859375
-101.70777893066406
-102.09535217285156
-100.01640319824219
-99.61564636230469
-101.05679321289062
-104.72412109375
-108.23793029785156
-99.99766540527344
-101.22704315185547
-106.28377532958984
-99.7597427368164
-104.57601928710938
-99.36071014404297
-101.74818420410156
-103.94932556152344
-96.6603012084961
-100.50581359863281
-105.2796630859375
-100.86292266845703
-100.91149139404297
-103.52179718017578
-104.97010040283203
-96.84602355957031
-102.29708862304688
-102.78563690185547
-97.28619384765625
-99.29733276367188
-104.334228515625
-101.41842651367188
-98.25434112548828
-105.42278289794922
-102.79733276367188
-101.53827667236328
-99.37228393554688
-100.64130401611328
-106.80378723144531
-104.2121353149414
-100.85275268554688
-98.39020538330078
-102.61873626708984
-97.9390869140625
-98.93110656738281
-101.45541381835938
-104.57136535644531
-97.36445617675781
-105.66178131103516
-99.83212280273438
-100.84434509277344
-96.34053039550781
-101.1954574584961
-97.72531127929688
-97.9978256225586
-102.8138656616211
-95.56417846679688
-101.26028442382812
-105.39262390136719
-100.25852966308594
-99.83792114257812
-106.34270477294922
-109.72366333007812
-98.4633560180664
-99.8524169921875
-105.98492431640625
-103.13296508789062
-97.88460540771484
-103.81201934814453
-100.14987182617188
-100.79353332519531
-97.64732360839844
-101.0349349975586
-102.24506378173828
-103.08642578125
-96.87462615966797
-101.6776123046875
-104.8025894165039
-95.37637329101562
-95.52256774902344
-98.17979431152344
-99.04121398925781
-102.07340240478516
-99.95411682128906
-100.88639831542969
-105.92361450195312
-102.07811737060547
-99.07746124267578
-102.3292007446289
-100.08979797363281
-102.53890991210938
-102.93009948730469
-106.7240982055664
-95.866943359375
-98.82002258300781
-99.63585662841797
-106.07865142822266
-101.90509033203125
-103.16352844238281
-101.08789825439453
-100.0031967163086
-104.58487701416016
-96.05030822753906
-97.2785415649414
-103.04591369628906
-101.74504852294922
-101.8834457397461
-103.26822662353516
-106.57061767578125
-101.97420501708984
-102.32373046875
-103.8975601196289
-100.9296646118164
-103.0662612915039
-103.5108413696289
-105.59228515625
-100.21646118164062
-96.79656219482422
-97.27774047851562
-103.75384521484375
-105.56063079833984
-102.62982177734375
-96.82410430908203
-101.66117858886719
-102.94964599609375
-103.44403839111328
-100.74026489257812
-101.61841583251953
-98.46286010742188
-102.35269165039062
-99.85848236083984
-102.4124755859375
-100.96573638916016
-101.48405456542969
-100.07706451416016
-98.99467468261719
-94.00658416748047
-103.68407440185547
-102.99417114257812
-106.13018798828125
-102.1299819946289
-105.70460510253906
-97.72692108154297
-99.29924011230469
-105.54402923583984
-97.53324127197266
-105.47515106201172
-101.56046295166016
-102.60327911376953
-95.75563049316406
-99.51844024658203
-102.13224029541016
-101.29341125488281
-99.03446197509766
-101.6322021484375
-99.71050262451172
-102.9214859008789
-97.85453796386719
-102.20966339111328
-100.72208404541016
-102.91796875
-106.390869140625
-105.38639831542969
-99.46295928955078
-99.656982421875
-97.728271484375
-105.57659912109375
-95.8753890991211
-108.94364166259766
-101.39591979980469
-105.51901245117188
-100.35006713867188
-98.47196197509766
-100.34110260009766
-100.00289916992188
-100.65145874023438
-104.5697250366211
-105.03233337402344
-102.1042251586914
-99.52383422851562
-106.32389068603516
-99.09645080566406
-106.74655151367188
-106.43150329589844
-103.36106872558594
-102.4598388671875
-107.66728210449219
-100.0534439086914
-104.49244689941406
-98.37625122070312
-101.7730941772461
-101.18197631835938
-104.64444732666016
-104.90931701660156
-106.06340789794922
-102.93255615234375
-101.876953125
-103.8234634399414
-102.02330017089844
-99.88297271728516
-106.0233154296875
-98.31352996826172
-102.25797271728516
-102.09767150878906
-98.0023193359375
-101.43183898925781
-102.07164764404297
-102.74383544921875
-100.34717559814453
-105.09552001953125
-102.4045181274414
-103.65422058105469
-108.36756896972656
-95.192626953125
-103.2851791381836
-95.2824478149414
-104.23048400878906
-98.63300323486328
-99.92022705078125
-103.37438201904297
-106.41907501220703
-106.32666015625
-105.60260772705078
-100.99336242675781
-102.21736907958984
-101.60244750976562
-101.49169158935547
