-101.62881469726562
-110.08628845214844
-102.85298156738281
-106.7347183227539
-108.95913696289062
-105.87320709228516
-99.85511779785156
-94.88360595703125
-106.44330596923828
-101.6156005859375
-105.95337677001953
-101.29527282714844
-107.53759002685547
-104.79997253417969
-102.35919189453125
-99.28450775146484
-97.19841003417969
-107.15679931640625
-104.21538543701172
-98.98360443115234
-105.23169708251953
-100.48307800292969
-103.05961608886719
-105.02143859863281
-106.60865020751953
-109.69314575195312
-100.43025207519531
-106.80110931396484
-98.14094543457031
-100.93122863769531
-105.95833587646484
-112.41090393066406
-108.80433654785156
-109.13556671142578
-106.7417984008789
-100.60093688964844
-100.2667007446289
-104.21775817871094
-101.43529510498047
-101.84164428710938
-96.73465728759766
-96.86144256591797
-107.00934600830078
-103.7571792602539
-100.48771667480469
-105.6144790649414
-105.85958099365234
-105.96878814697266
-101.67889404296875
-101.06139373779297
-101.08160400390625
-102.27790832519531
-101.5567855834961
-113.1908187866211
-107.69497680664062
-103.00652313232422
-106.09852600097656
-99.28714752197266
-97.0611572265625
-107.99344635009766
-103.8201675415039
-106.00302124023438
-101.05003356933594
-102.85765838623047
-103.15065002441406
-95.4947738647461
-102.64258575439453
-104.04398345947266
-103.57868957519531
-101.6741943359375
-103.01602935791016
-100.48519134521484
-101.10482025146484
-108.7967529296875
-103.35009002685547
-106.48536682128906
-100.02062225341797
-105.27922058105469
-103.0523681640625
-104.13713073730469
-101.14524841308594
-105.05546569824219
-96.70977783203125
-103.07528686523438
-106.97105407714844
-102.16168212890625
-104.47985076904297
-99.67261505126953
-108.83384704589844
-100.42170715332031
-100.64813232421875
-104.99954223632812
-102.8154067993164
-105.45223236083984
-105.92456817626953
-103.20347595214844
-103.35658264160156
-102.77037048339844
-103.11823272705078
-103.82378387451172
-104.0143051147461
-94.536865234375
-106.260498046875
-105.53500366210938
-101.13893127441406
-108.9657974243164
-105.48621368408203
-96.73949432373047
-102.96863555908203
-96.24384307861328
-104.91571044921875
-95.23300170898438
-105.47283935546875
-97.50291442871094
-102.91939544677734
-100.63130950927734
-103.88664245605469
-101.61685943603516
-101.72236633300781
-96.2833251953125
-110.437255859375
-101.27275085449219
-102.41766357421875
-100.06820678710938
-94.85813903808594
-106.43489074707031
-101.54320526123047
-97.21784973144531
-103.37147521972656
-101.62397766113281
-98.02738189697266
-104.8037109375
-99.36831665039062
-103.42560577392578
-97.39501953125
-100.91375732421875
-99.54317474365234
-104.71649932861328
-103.44761657714844
-101.17562103271484
-103.14021301269531
-104.82811737060547
-101.1839828491211
-102.71678924560547
-105.44864654541016
-99.70415496826172
-103.6410140991211
-102.74857330322266
-107.0329818725586
-106.01140594482422
-110.1656265258789
-97.66584014892578
-106.23556518554688
-105.90447235107422
-108.41043853759766
-111.35050964355469
-111.15335845947266
-102.29275512695312
-105.7391357421875
-98.86408233642578
-105.21755981445312
-103.31270599365234
-104.79509735107422
-101.71475982666016
-98.79193878173828
-98.67037963867188
-105.34547424316406
-110.59459686279297
-107.44194793701172
-104.33826446533203
-104.0246810913086
-95.36634826660156
-105.37873840332031
-102.80268859863281
-97.94783782958984
-102.345703125
-102.49759674072266
-102.14362335205078
-103.78187561035156
-99.65111541748047
-102.46672058105469
-108.94882202148438
-103.7057113647461
-102.8221664428711
-98.04769897460938
-103.8922119140625
-98.87520599365234
-104.53784942626953
-105.57183837890625
-105.33434295654297
-107.97269439697266
-100.81507873535156
-98.93376159667969
-104.74348449707031
-101.05728912353516
-104.60897827148438
-102.66258239746094
-106.85164642333984
-98.28057861328125
-103.14994812011719
-99.77237701416016
-103.0334243774414
-101.68370819091797
-98.03571319580078
-102.56346130371094
-104.66157531738281
-108.36760711669922
-100.45829010009766
-97.36380004882812
-107.50888061523438
-101.39474487304688
-102.60167694091797
-101.42451477050781
-109.33039855957031
-101.83441925048828
-103.3879165649414
-104.00247955322266
-101.97469329833984
-105.6955337524414
-99.88567352294922
-100.72506713867188
-107.46110534667969
-100.42951965332031
-106.85908508300781
-105.6004638671875
-106.25665283203125
-106.49604034423828
-106.15287017822266
-107.36260223388672
-104.45319366455078
-109.58476257324219
-111.41464233398438
-105.81253051757812
-104.19951629638672
-105.48347473144531
-98.2923812866211
-106.43882751464844
-106.29913330078125
-105.61567687988281
-102.79226684570312
-105.20709228515625
-104.08773040771484
-104.87190246582031
-103.62969970703125
-103.43673706054688
-104.64808654785156
-103.39129638671875
-106.47811126708984
-101.99999237060547
-101.60899353027344
-106.50802612304688
-102.71080780029297
-99.97924041748047
-96.97872161865234
-101.58805847167969
-103.30410766601562
-102.9883804321289
-111.75369262695312
-101.55705261230469
-106.13573455810547
-109.16960144042969
-105.58959197998047
-104.8410415649414
-99.97640991210938
-100.0461196899414
-103.53501892089844
-104.371826171875
-97.32466888427734
-99.28865814208984
-105.02836608886719
-102.99421691894531
-102.68405151367188
-102.88201141357422
-105.7991943359375
-100.03182983398438
-103.65629577636719
-104.2099609375
-96.9466781616211
-101.50303649902344
-104.8149642944336
-97.19554901123047
-101.99810028076172
-103.23027038574219
-101.03257751464844
-95.83780670166016
-104.96214294433594
-101.6355209350586
-105.39826965332031
-105.5882339477539
-103.73978424072266
-104.7251968383789
-100.02123260498047
-102.36042022705078
-106.48627471923828
-105.31890869140625
-103.35271453857422
-102.78550720214844
-107.02989959716797
-104.91036224365234
-100.20445251464844
-103.90003967285156
-102.65747833251953
-108.07738494873047
-104.5427017211914
-105.71192169189453
-101.1455078125
-99.50273132324219
-107.64796447753906
-105.49246215820312
-107.77619171142578
-105.27457427978516
-104.38573455810547
-100.92926025390625
-104.38472747802734
-98.00013732910156
-104.58309936523438
-100.56988525390625
-106.17728424072266
-101.0610580444336
-102.48536682128906
-103.44239807128906
-109.18114471435547
-99.41838073730469
-97.92212677001953
-101.65402221679688
-106.20867919921875
-107.95445251464844
-100.37297821044922
-106.86824798583984
-104.69719696044922
-102.5255355834961
-101.13480377197266
-102.5408706665039
-106.13294219970703
-109.22994995117188
-107.66315460205078
-102.638671875
-103.257080078125
-98.90105438232422
-106.69862365722656
-107.60018920898438
-104.38279724121094
-108.49907684326172
-103.0875473022461
-106.54400634765625
-100.25877380371094
-99.70044708251953
-100.66958618164062
-104.73763275146484
-109.27681732177734
-102.97494506835938
-105.50135803222656
-106.66020965576172
-105.30282592773438
-101.06806182861328
-105.76720428466797
-105.31576538085938
-107.51411437988281
-109.47896575927734
-104.49880981445312
-105.0367202758789
-105.9731674194336
-103.21912384033203
-107.09854125976562
-103.72146606445312
-103.97900390625
-104.78142547607422
-100.38639831542969
-105.95240783691406
-102.87055206298828
-102.32160949707031
-105.13850402832031
-99.41152954101562
-111.41559600830078
-102.0174331665039
-109.1309814453125
-100.08382415771484
-102.46772766113281
-99.48019409179688
-102.15900421142578
-102.34266662597656
-99.14959716796875
-100.47451782226562
-99.98719024658203
-106.27716064453125
-103.21179962158203
-101.37139892578125
-103.70259857177734
-107.89683532714844
-101.201416015625
-97.51982116699219
-98.96440887451172
-105.01113891601562
-102.53089904785156
-102.5149917602539
-100.6088638305664
-97.16600799560547
-108.47410583496094
-101.17916107177734
-101.78926086425781
-102.55845642089844
-103.51313018798828
-102.11642456054688
-99.515380859375
-101.66493225097656
-109.46077728271484
-98.34048461914062
-102.73712921142578
-105.2645263671875
-104.50213623046875
-107.4640121459961
-104.0255355834961
-105.90084075927734
-99.28471374511719
-99.8582763671875
-98.56680297851562
-108.48988342285156
-99.26492309570312
-98.93849182128906
-104.32698059082031
-105.88919830322266
-99.5062026977539
-101.42622375488281
-108.54889678955078
-98.81873321533203
-103.85691833496094
-103.95946502685547
-100.03925323486328
-98.05097198486328
-109.31633758544922
-100.80860137939453
-107.62288665771484
-98.46940612792969
-101.57554626464844
-98.06810760498047
-107.16967010498047
-101.70124816894531
-104.14055633544922
-103.40193939208984
-103.23065948486328
-104.50443267822266
-100.4006118774414
-107.77888488769531
-94.11328125
-102.62438201904297
-100.98169708251953
-104.89907836914062
-100.76815032958984
-97.90363311767578
-106.22029113769531
-99.7529067993164
-108.76000213623047
-103.79981231689453
-102.39824676513672
-109.9900131225586
-104.10842895507812
-106.15233612060547
-103.80176544189453
-107.22467803955078
-97.8228530883789
-105.60911560058594
-101.89921569824219
-109.2723388671875
-94.21444702148438
-101.30747985839844
-107.43197631835938
-109.39307403564453
-104.05281829833984
-99.2317886352539
-96.85284423828125
-107.10466003417969
-101.53258514404297
-103.81498718261719
-103.94559478759766
-99.01632690429688
-102.0830307006836
-100.1873550415039
-107.86172485351562
-97.3353271484375
-100.43045043945312
-94.06647491455078
-101.62278747558594
-102.38154602050781
-95.88029479980469
-107.35395812988281
-99.40672302246094
-100.80189514160156
-96.46119689941406
-103.48029327392578
-106.13034057617188
-101.87574768066406
-97.91934204101562
-100.12263488769531
-106.08283996582031
-101.60133361816406
-104.81001281738281
-99.65216064453125
-100.2813720703125
-96.52149200439453
-102.01177978515625
-101.92715454101562
-101.81289672851562
-98.31976318359375
-99.83369445800781
-103.83995056152344
-101.87752532958984
-105.40336608886719
-101.30701446533203
-104.00146484375
-103.19898986816406
-101.73341369628906
-106.99039459228516
-109.01530456542969
-101.25796508789062
-100.35520935058594
-99.97757720947266
-99.73597717285156
-100.13943481445312
-106.36235046386719
-100.13282012939453
-102.18843841552734
-101.14639282226562
-102.72430419921875
-102.95298767089844
-99.07315826416016
-103.25152587890625
-102.41734313964844
-108.64630889892578
-100.18936920166016
-100.47947692871094
-100.3783950805664
-102.70140075683594
-103.22406005859375
-109.66749572753906
-107.0006103515625
-100.8871841430664
-102.16525268554688
-104.54454040527344
-99.61752319335938
-102.56791687011719
-107.54378509521484
-103.23118591308594
-96.10462188720703
-104.87265014648438
-107.9385986328125
-98.19535064697266
-100.82891845703125
-99.38915252685547
-109.47271728515625
-106.43099975585938
-107.04825592041016
-98.7745590209961
-103.19100189208984
-99.29113006591797
-103.51734924316406
-103.94261932373047
-105.4268569946289
-106.59087371826172
-105.48493194580078
-102.01744079589844
-107.16502380371094
-103.13489532470703
-97.4465103149414
-103.55750274658203
-109.25724029541016
-107.53604125976562
-105.84466552734375
-100.00534057617188
-103.41209411621094
-105.7251968383789
-99.19082641601562
-98.85025787353516
-99.6368179321289
-108.2500228881836
-96.15784454345703
-105.01966094970703
-97.8667984008789
-111.34822845458984
-105.65109252929688
-103.480224609375
-104.56372833251953
-105.68344116210938
-104.81664276123047
-101.9240493774414
-102.92172241210938
-104.04446411132812
-101.70237731933594
-99.83891296386719
-101.06354522705078
-98.78294372558594
-102.7821273803711
-102.03600311279297
-103.74957275390625
-105.57915496826172
-100.9950180053711
-104.85655212402344
-98.61848449707031
-98.42172241210938
-108.28399658203125
-107.63507843017578
-102.76515197753906
-104.06224822998047
-105.064453125
-105.1405258178711
-100.71727752685547
-97.98518371582031
-102.11978149414062
-99.24295806884766
-103.07831573486328
-101.4146499633789
-99.86239624023438
-102.21525573730469
-100.51660919189453
-109.77255249023438
-105.94496154785156
-103.92308807373047
-101.80211639404297
-102.38349151611328
-100.6603012084961
-101.77354431152344
-104.17044830322266
-99.57716369628906
-98.83784484863281
-103.24630737304688
-97.54109191894531
-101.79458618164062
-107.7761001586914
-102.71975708007812
-102.01289367675781
-107.07647705078125
-102.70732879638672
-104.23661804199219
-108.94186401367188
-101.07600402832031
-99.18004608154297
-104.73583221435547
-104.74801635742188
-101.847900390625
-97.94952392578125
-109.84437561035156
-104.71781158447266
-107.4290771484375
-109.63200378417969
-104.42705535888672
-100.17402648925781
-96.21914672851562
-101.66551208496094
-100.87373352050781
-99.01358032226562
-102.04283142089844
-102.68144226074219
-112.95226287841797
-104.51829528808594
-108.75238037109375
-106.44515991210938
-103.65215301513672
-100.666259765625
-104.61095428466797
-101.56114959716797
-100.87220764160156
-105.67707061767578
-99.42747497558594
-106.01521301269531
-101.07611083984375
-96.92103576660156
-101.17861938476562
-108.47232055664062
-102.13742065429688
-101.33326721191406
-106.64713287353516
-104.38348388671875
-106.35275268554688
-98.89090728759766
-101.51107788085938
-105.80028533935547
-98.3736572265625
-98.13494873046875
-106.85063171386719
-105.08233642578125
-105.52294921875
-105.63408660888672
-102.4787368774414
-101.33642578125
-103.88528442382812
-105.31273651123047
-102.0628433227539
-100.24613189697266
-99.9403305053711
-104.26563262939453
-103.69578552246094
-98.80107879638672
-104.19131469726562
-95.93399047851562
-101.26427459716797
-105.84491729736328
-103.13494873046875
-104.41145324707031
-100.73006439208984
-101.57110595703125
-101.863525390625
-101.77770233154297
-105.02898406982422
-110.76429748535156
-107.07573699951172
-102.25504302978516
-103.67778015136719
-103.41690063476562
-103.2579574584961
-105.22919464111328
-103.58271789550781
-101.0972900390625
-101.45783996582031
-102.96818542480469
-99.7045669555664
-104.84850311279297
-103.86941528320312
-101.56536865234375
-100.73613739013672
-101.88195037841797
-105.37494659423828
-108.9159927368164
-100.21729278564453
-102.73805236816406
-106.7655258178711
-100.61456298828125
-106.77561950683594
-99.42610931396484
-103.11801147460938
-105.73474884033203
-97.53204345703125
-102.70269012451172
-107.46900939941406
-103.16645812988281
-102.80397033691406
-104.64747619628906
-106.5562973022461
-98.26312255859375
-103.61461639404297
-103.64248657226562
-97.28803253173828
-100.21841430664062
-104.81282043457031
-103.4803695678711
-99.60277557373047
-105.79466247558594
-104.09033203125
-104.08573150634766
-101.42320251464844
-101.52001953125
-108.22857666015625
-104.24488830566406
-102.3913345336914
-100.69697570800781
-104.10313415527344
-99.1806411743164
-101.09158325195312
-103.37084197998047
-105.21684265136719
-98.3493423461914
-107.9032974243164
-101.2452163696289
-102.05989074707031
-97.09163665771484
-102.57365417480469
-98.91007232666016
-100.54785919189453
-104.17662048339844
-94.77969360351562
-102.55918884277344
-106.87846374511719
-101.65695190429688
-101.48346710205078
-108.07647705078125
-110.61112213134766
-98.89094543457031
-99.86766052246094
-107.33525848388672
-104.9534683227539
-99.00955963134766
-105.42288208007812
-101.77313232421875
-103.02326202392578
-100.0970230102539
-101.85671997070312
-103.24524688720703
-105.15374755859375
-99.28630828857422
-101.30892181396484
-105.48033142089844
-97.38883972167969
-95.07738494873047
-99.9652099609375
-100.23606872558594
-103.57950592041016
-101.8479232788086
-101.63996124267578
-107.76329040527344
-103.49317932128906
-100.52473449707031
-103.34844207763672
-101.33971405029297
-105.12480926513672
-103.11396789550781
-108.53335571289062
-97.76472473144531
-99.28952026367188
-102.46284484863281
-108.3373794555664
-103.00704193115234
-103.54041290283203
-102.2052230834961
-102.36746215820312
-104.66345977783203
-98.61453247070312
-99.29153442382812
-103.61099243164062
-101.45789337158203
-103.37193298339844
-104.57853698730469
-108.1996078491211
-104.16107177734375
-104.53142547607422
-104.20799255371094
-102.5344467163086
-104.94170379638672
-103.3907699584961
-105.88460540771484
-102.14702606201172
-99.59587097167969
-99.00485229492188
-107.06365203857422
-108.42546844482422
-104.18623352050781
-98.70462036132812
-104.18424987792969
-105.5006103515625
-105.57028198242188
-102.42786407470703
-103.37787628173828
-99.49601745605469
-103.9389877319336
-101.96588897705078
-104.610107421875
-102.4774398803711
-103.89704895019531
-101.89613342285156
-100.98400115966797
-95.00341796875
-104.70220184326172
-105.33537292480469
-108.62712860107422
-104.09432220458984
-106.78543090820312
-100.01544189453125
-102.6451187133789
-108.15388488769531
-100.63697814941406
-106.3551025390625
-103.349609375
-104.77649688720703
-97.74876403808594
-99.97913360595703
-104.69709777832031
-102.85919189453125
-100.59967041015625
-104.34539794921875
-101.7764892578125
-104.40861511230469
-98.44891357421875
-103.05989074707031
-103.16273498535156
-104.5105209350586
-106.55997467041016
-105.89193725585938
-102.67975616455078
-101.16376495361328
-98.4342269897461
-107.25003814697266
-98.3425064086914
-109.4806900024414
-102.73658752441406
-108.91301727294922
-101.0339584350586
-99.81331634521484
-102.93368530273438
-101.86016845703125
-102.38050842285156
-105.01837921142578
-105.48133087158203
-104.3687744140625
-100.65839385986328
-107.56322479248047
-100.2987060546875
-108.5436782836914
-109.05104064941406
-105.1208724975586
-103.00151062011719
-109.80921173095703
-100.67745208740234
-105.9765396118164
-100.71736145019531
-101.23823547363281
-102.11738586425781
-105.06639099121094
-105.61808013916016
-105.93750762939453
-103.37873840332031
-103.23416900634766
-104.92376708984375
-103.79631042480469
-101.38629913330078
-107.88040924072266
-99.98882293701172
-104.96359252929688
-103.08282470703125
-100.76019287109375
-102.32324981689453
-102.593994140625
-102.97881317138672
-102.89676666259766
-104.28009033203125
-102.8846435546875
-105.59541320800781
-111.01225280761719
-96.65654754638672
-103.73326873779297
-97.16860961914062
-105.8649673461914
-99.99382019042969
-101.58297729492188
-103.02207946777344
-106.14352416992188
-107.96929168701172
-104.85920715332031
-102.1406478881836
-105.50288391113281
-104.91813659667969
-104.81584167480469
