-100.21211242675781
-107.3877944946289
-101.4248275756836
-105.02032470703125
-106.15393829345703
-103.9499282836914
-98.59188079833984
-94.52832794189453
-104.904541015625
-97.9232177734375
-103.11134338378906
-101.2044448852539
-105.1089859008789
-102.14375305175781
-99.59333038330078
-97.68883514404297
-96.26313018798828
-105.1977767944336
-102.7619857788086
-98.2411880493164
-103.3582763671875
-100.11515045166016
-100.220703125
-102.23007202148438
-104.4325942993164
-107.18898010253906
-98.0408935546875
-104.75411987304688
-95.43070220947266
-98.59757995605469
-103.51895141601562
-108.74520111083984
-106.93873596191406
-108.2100601196289
-105.07152557373047
-99.8982925415039
-98.45952606201172
-101.49784851074219
-100.92406463623047
-100.9996566772461
-95.96105194091797
-95.57662963867188
-104.52136993408203
-99.71082305908203
-98.1275863647461
-103.35906982421875
-103.65986633300781
-102.94654846191406
-99.79959106445312
-99.0940933227539
-97.78585815429688
-100.42454528808594
-98.03218078613281
-112.068359375
-106.01239013671875
-99.57737731933594
-104.72492218017578
-98.16216278076172
-94.5090560913086
-105.01776885986328
-100.12152862548828
-103.47808074951172
-98.44313049316406
-98.9537582397461
-101.00328063964844
-94.20992279052734
-102.03081512451172
-101.37287902832031
-101.64714050292969
-99.169189453125
-101.38948822021484
-99.0638198852539
-97.99116516113281
-106.95616912841797
-101.46390533447266
-103.38155364990234
-98.22942352294922
-102.63078308105469
-101.3778076171875
-102.97831726074219
-100.62809753417969
-103.41173553466797
-94.51492309570312
-100.26776123046875
-105.85790252685547
-100.0010757446289
-103.19758605957031
-97.69930267333984
-106.00069427490234
-97.30453491210938
-99.49295043945312
-103.0905532836914
-100.39141845703125
-104.5588607788086
-104.15870666503906
-101.54998016357422
-101.04193878173828
-100.62785339355469
-101.81607818603516
-102.18545532226562
-102.35591125488281
-91.2203369140625
-104.70532989501953
-102.99431610107422
-99.5284194946289
-106.58659362792969
-102.64939880371094
-95.30506134033203
-98.66414642333984
-95.3921890258789
-103.27690887451172
-93.71343231201172
-102.78258514404297
-95.72802734375
-99.89692687988281
-97.95764923095703
-101.79327392578125
-98.38040161132812
-99.99640655517578
-95.0500717163086
-107.10202026367188
-100.24288940429688
-100.80603790283203
-98.87540435791016
-91.28270721435547
-103.25626373291016
-99.06727600097656
-96.36600494384766
-102.01030731201172
-101.00453186035156
-95.6182632446289
-103.40589141845703
-98.1505355834961
-99.37825775146484
-95.27962493896484
-99.32868957519531
-97.78157806396484
-102.45088195800781
-100.73104858398438
-98.26918029785156
-102.61140441894531
-102.77987670898438
-98.94038391113281
-101.45515441894531
-103.52336883544922
-98.23991394042969
-100.49605560302734
-100.05357360839844
-105.31240844726562
-105.49594116210938
-107.14322662353516
-96.260009765625
-103.57591247558594
-103.9983901977539
-105.35537719726562
-108.99754333496094
-107.98124694824219
-101.28189849853516
-104.32477569580078
-97.63047790527344
-100.8928451538086
-101.45388793945312
-103.71871185302734
-98.81147766113281
-96.93143463134766
-97.53256225585938
-103.44136047363281
-109.85704040527344
-105.28555297851562
-100.84852600097656
-102.53173065185547
-94.00157165527344
-101.7651138305664
-99.68512725830078
-95.84555053710938
-100.35456848144531
-100.78643798828125
-100.00365447998047
-101.17342376708984
-96.45703887939453
-101.44487762451172
-105.95687866210938
-99.09005737304688
-101.08692169189453
-94.80499267578125
-103.60772705078125
-97.13856506347656
-102.62909698486328
-103.31087493896484
-103.11913299560547
-105.4247817993164
-96.63594818115234
-95.90685272216797
-102.91412353515625
-96.93827056884766
-102.19760131835938
-100.38651275634766
-104.7835922241211
-94.96916198730469
-101.35977172851562
-98.41291046142578
-100.46405029296875
-100.4124526977539
-97.01263427734375
-99.66172790527344
-102.74364471435547
-106.78740692138672
-97.04673767089844
-93.10302734375
-103.60801696777344
-99.71220397949219
-101.47071075439453
-99.96194458007812
-105.3853988647461
-99.18048095703125
-101.8497085571289
-102.83724975585938
-99.12504577636719
-102.19487762451172
-97.09708404541016
-96.64576721191406
-104.91323852539062
-98.84779357910156
-105.15110778808594
-103.7247543334961
-102.71110534667969
-104.70364379882812
-103.26397705078125
-103.596435546875
-103.16838073730469
-106.09170532226562
-108.65132904052734
-104.06636047363281
-102.43810272216797
-103.31852722167969
-96.71216583251953
-104.04222106933594
-104.35758972167969
-103.70323181152344
-101.15936279296875
-104.39266967773438
-100.62858581542969
-103.99113464355469
-101.24868774414062
-100.47531127929688
-101.87211608886719
-101.0027084350586
-102.92693328857422
-99.63380432128906
-97.75106048583984
-103.13756561279297
-100.11270141601562
-97.8257064819336
-94.22378540039062
-99.00743103027344
-99.45393371582031
-99.83433532714844
-108.93155670166016
-99.81473541259766
-102.84577941894531
-105.02165985107422
-101.73446655273438
-103.94259643554688
-98.83919525146484
-97.98883819580078
-101.43431091308594
-101.87046813964844
-95.81979370117188
-99.3033676147461
-101.46851348876953
-100.61912536621094
-100.3918228149414
-100.60839080810547
-103.96873474121094
-97.78528594970703
-101.04002380371094
-102.06572723388672
-94.24983978271484
-99.53924560546875
-101.58846282958984
-95.40367126464844
-98.8869400024414
-100.35308837890625
-97.46480560302734
-95.68929290771484
-101.80337524414062
-99.58509826660156
-102.83380126953125
-103.57835388183594
-100.54141998291016
-101.50430297851562
-98.96743774414062
-99.03335571289062
-104.15060424804688
-102.02978515625
-101.72283935546875
-99.91944885253906
-105.738525390625
-102.0783920288086
-97.84307861328125
-100.31230926513672
-100.30927276611328
-106.0760498046875
-101.93013000488281
-103.2984390258789
-99.01480102539062
-98.22381591796875
-104.87114715576172
-102.05037689208984
-103.48352813720703
-102.67675018310547
-101.96829986572266
-98.3433609008789
-102.88333129882812
-95.3246078491211
-101.24756622314453
-97.58352661132812
-102.7793960571289
-100.27311706542969
-100.97645568847656
-102.19705963134766
-106.1686782836914
-96.26518249511719
-96.39441680908203
-97.89889526367188
-104.81538391113281
-105.88153076171875
-97.54820251464844
-105.40135955810547
-102.04432678222656
-100.42986297607422
-97.84748840332031
-99.50733947753906
-104.79034423828125
-107.08724212646484
-106.15079498291016
-101.05023956298828
-102.48831939697266
-98.86962890625
-104.89402770996094
-105.12495422363281
-103.44550323486328
-106.86005401611328
-102.48979949951172
-103.2591323852539
-98.2156982421875
-97.32337951660156
-99.25603485107422
-103.77720642089844
-107.30020141601562
-101.14191436767578
-102.81257629394531
-105.61992645263672
-104.05103302001953
-99.31246948242188
-104.02821350097656
-102.47211456298828
-103.98291778564453
-106.06192779541016
-103.6727294921875
-102.41336059570312
-104.06751251220703
-101.51097869873047
-106.25929260253906
-102.28598022460938
-101.946044921875
-101.85890197753906
-98.65709686279297
-104.70256042480469
-102.2772216796875
-100.86507415771484
-102.29573059082031
-96.81356048583984
-108.63383483886719
-100.17435455322266
-106.58040618896484
-98.3009033203125
-98.74378967285156
-95.69218444824219
-98.83985137939453
-101.61372375488281
-96.69207763671875
-98.53419494628906
-98.00880432128906
-103.82434844970703
-99.84385681152344
-99.59136962890625
-102.2510757446289
-104.7243881225586
-97.70301055908203
-95.8037109375
-97.3348388671875
-100.66654205322266
-100.98514556884766
-102.53687286376953
-99.21977233886719
-95.64253234863281
-106.37142181396484
-98.621826171875
-100.00788879394531
-100.91087341308594
-99.46186065673828
-98.74718475341797
-96.66863250732422
-98.04812622070312
-108.21925354003906
-97.87772369384766
-100.36168670654297
-102.61825561523438
-102.15919494628906
-105.19701385498047
-101.75006103515625
-103.87506866455078
-97.69818878173828
-97.34944152832031
-96.81820678710938
-106.64614868164062
-96.06388092041016
-96.54869842529297
-102.8209228515625
-103.8873291015625
-98.05821228027344
-99.88785552978516
-105.8092269897461
-95.55875396728516
-101.13871002197266
-100.744384765625
-96.26631927490234
-95.75469207763672
-106.40372467041016
-98.24539184570312
-104.12223052978516
-94.48011016845703
-99.09441375732422
-95.56295776367188
-102.88151550292969
-98.66361999511719
-104.2052001953125
-100.69046783447266
-100.30754089355469
-102.42686462402344
-98.78555297851562
-104.84414672851562
-91.07374572753906
-101.28453063964844
-98.4841079711914
-100.90191650390625
-97.2080307006836
-96.06903839111328
-103.30040740966797
-97.79246520996094
-106.1480941772461
-100.59600830078125
-98.90373229980469
-107.30726623535156
-101.3736572265625
-103.3863525390625
-99.69757080078125
-105.20152282714844
-96.1209487915039
-102.6460952758789
-100.10777282714844
-106.05387115478516
-93.26445770263672
-98.65631866455078
-105.35208892822266
-106.47477722167969
-102.80631256103516
-97.00357055664062
-96.53466796875
-103.15425872802734
-99.05311584472656
-100.48997497558594
-100.99889373779297
-97.71035766601562
-100.22978210449219
-98.88785552978516
-105.27163696289062
-95.38446044921875
-97.7529067993164
-91.55595397949219
-99.17383575439453
-100.17829132080078
-94.3006362915039
-102.82716369628906
-98.04544830322266
-99.21067810058594
-96.433837890625
-99.71866607666016
-102.78015899658203
-100.61515045166016
-97.61532592773438
-97.37053680419922
-104.53353881835938
-98.35990905761719
-103.23816680908203
-97.29206848144531
-99.7642593383789
-95.29183959960938
-100.24728393554688
-101.05797576904297
-100.31262969970703
-96.09065246582031
-97.94110870361328
-102.99198913574219
-99.82640838623047
-102.98760986328125
-98.29546356201172
-102.0288314819336
-102.32365417480469
-101.35752868652344
-105.14639282226562
-106.89764404296875
-99.10797119140625
-98.18209838867188
-99.4084243774414
-98.03411102294922
-98.60352325439453
-104.64019012451172
-99.54651641845703
-100.79025268554688
-98.48353576660156
-100.4254150390625
-100.6783447265625
-96.32177734375
-101.27008819580078
-100.87097930908203
-106.3051986694336
-98.49519348144531
-98.95591735839844
-98.07807922363281
-100.20758056640625
-100.90009307861328
-105.85254669189453
-106.41986846923828
-99.16279602050781
-100.28156280517578
-101.93095397949219
-97.87906646728516
-100.83644104003906
-105.51437377929688
-101.3201904296875
-95.24369812011719
-103.56633758544922
-105.88442993164062
-97.37704467773438
-98.80451202392578
-97.29798126220703
-108.13987731933594
-104.25975036621094
-105.36381530761719
-95.75801849365234
-100.48393249511719
-99.40526580810547
-101.5394058227539
-101.86096954345703
-102.15048217773438
-104.7790298461914
-104.45195007324219
-99.6562728881836
-103.24549102783203
-102.01618194580078
-95.61267852783203
-102.44419860839844
-106.06969451904297
-106.36531829833984
-105.4621353149414
-98.54395294189453
-100.69502258300781
-103.58563995361328
-97.41519927978516
-98.82566833496094
-97.90757751464844
-105.0239486694336
-94.72791290283203
-103.34368133544922
-95.46552276611328
-110.5592269897461
-103.53070831298828
-101.30391693115234
-102.06587219238281
-102.34420013427734
-104.50949096679688
-99.09567260742188
-101.99514770507812
-102.32266235351562
-99.9350357055664
-97.00006103515625
-97.925537109375
-95.88199615478516
-100.75407409667969
-101.04875946044922
-100.34619140625
-103.64623260498047
-98.42179870605469
-103.04279327392578
-97.21054077148438
-97.47229766845703
-106.20263671875
-105.43248748779297
-100.65365600585938
-103.16580200195312
-105.12091064453125
-103.9682388305664
-97.74662017822266
-96.86283111572266
-101.00240325927734
-97.95668029785156
-102.50690460205078
-99.63643646240234
-96.44171142578125
-100.0412368774414
-99.07485961914062
-106.30863189697266
-103.95997619628906
-100.36212158203125
-98.6334457397461
-101.72161102294922
-99.94281768798828
-98.0989990234375
-103.12826538085938
-96.16126251220703
-97.35948944091797
-102.44912719726562
-95.70178985595703
-99.79264831542969
-104.7179183959961
-102.07026672363281
-98.93010711669922
-103.79570770263672
-101.93262481689453
-101.93326568603516
-105.97791290283203
-100.19386291503906
-96.1600341796875
-103.1944580078125
-103.69703674316406
-100.11935424804688
-96.71808624267578
-107.26272583007812
-103.37184143066406
-104.7919921875
-106.95578002929688
-103.3187484741211
-100.39798736572266
-95.17058563232422
-99.50446319580078
-98.85042572021484
-97.39476776123047
-100.1733627319336
-101.32616424560547
-109.330078125
-102.62149810791016
-105.7347183227539
-103.94762420654297
-99.7903060913086
-98.03770446777344
-102.90373229980469
-99.35821533203125
-99.36439514160156
-105.32760620117188
-97.32488250732422
-104.19515228271484
-97.48507690429688
-95.04792022705078
-99.49951934814453
-106.46834564208984
-100.70289611816406
-100.02589416503906
-104.13201904296875
-101.66865539550781
-103.39091491699219
-97.23857879638672
-99.15087890625
-103.56800842285156
-96.78520965576172
-96.49282836914062
-104.39921569824219
-103.58580780029297
-103.64881896972656
-104.365966796875
-101.85216522216797
-98.52196502685547
-103.5925064086914
-103.60944366455078
-100.41618347167969
-98.40900421142578
-98.21736907958984
-101.63008880615234
-101.27407836914062
-98.41992950439453
-103.1339340209961
-95.24860382080078
-98.65184020996094
-102.71295166015625
-101.59331512451172
-100.77070617675781
-98.7516098022461
-99.4486312866211
-101.19375610351562
-98.0003890991211
-101.82708740234375
-107.84427642822266
-103.63722229003906
-101.33769989013672
-102.02103424072266
-100.9252700805664
-100.23453521728516
-102.385498046875
-100.29155731201172
-98.73152160644531
-98.86924743652344
-100.33968353271484
-97.11758422851562
-102.4593276977539
-100.9443588256836
-99.3277587890625
-98.59361267089844
-98.97417449951172
-103.52741241455078
-107.20555114746094
-98.3487548828125
-99.82752227783203
-105.0989761352539
-100.1226577758789
-104.287109375
-97.84510803222656
-101.1715316772461
-103.55653381347656
-96.1546859741211
-100.39972686767578
-103.46875762939453
-100.42436981201172
-101.18535614013672
-101.76991271972656
-104.97760009765625
-96.0639877319336
-102.59508514404297
-101.81861114501953
-96.06590270996094
-98.67295837402344
-102.5808334350586
-99.62787628173828
-97.09719848632812
-103.9602279663086
-101.9027328491211
-100.68539428710938
-98.81367492675781
-99.50879669189453
-105.5304183959961
-104.0528335571289
-98.7059097290039
-96.97845458984375
-102.60847473144531
-97.33033752441406
-98.6526870727539
-100.33047485351562
-104.2007827758789
-96.1460189819336
-105.19757843017578
-99.44268798828125
-100.5876693725586
-94.57383728027344
-100.75727081298828
-96.7534408569336
-98.4332275390625
-100.69915771484375
-94.31295013427734
-102.6170883178711
-105.7657470703125
-100.70372009277344
-99.21260070800781
-105.66333770751953
-108.58934020996094
-97.51238250732422
-98.71709442138672
-105.28941345214844
-102.15687561035156
-98.041748046875
-101.91302490234375
-99.28870391845703
-101.20988464355469
-97.78984832763672
-98.84923553466797
-100.8744125366211
-102.33515930175781
-95.90509033203125
-99.04431915283203
-103.982666015625
-93.599853515625
-92.63992309570312
-97.58834838867188
-97.11585998535156
-101.50259399414062
-99.10778045654297
-100.09649658203125
-105.1039810180664
-100.7322769165039
-98.71049499511719
-99.8880615234375
-100.18892669677734
-102.5810775756836
-100.71011352539062
-105.75160217285156
-95.32721710205078
-98.83196258544922
-100.49275970458984
-105.32206726074219
-101.1190185546875
-101.68584442138672
-100.30787658691406
-99.73040008544922
-104.43650817871094
-96.26659393310547
-96.02561950683594
-102.29419708251953
-99.56210327148438
-100.91986846923828
-102.279541015625
-106.3836669921875
-101.3004379272461
-102.46658325195312
-103.31512451171875
-99.4144515991211
-102.11641693115234
-100.33639526367188
-106.14305877685547
-98.89581298828125
-98.85513305664062
-96.9990005493164
-102.72785186767578
-105.46175384521484
-101.13958740234375
-94.87348937988281
-102.0694580078125
-103.01253509521484
-102.8324203491211
-100.10628509521484
-100.44096374511719
-98.19976806640625
-101.89276123046875
-100.68545532226562
-102.43616485595703
-101.2490463256836
-101.90155029296875
-98.34201049804688
-97.74700927734375
-92.65348815917969
-101.16705322265625
-101.83291625976562
-103.46331787109375
-101.14810180664062
-104.11090087890625
-97.31724548339844
-99.43441772460938
-103.84184265136719
-98.37752532958984
-104.79786682128906
-101.47037506103516
-102.19456481933594
-96.40393829345703
-97.28605651855469
-101.66889953613281
-101.5733871459961
-97.71532440185547
-103.82588195800781
-99.93478393554688
-102.04525756835938
-97.6397476196289
-101.14903259277344
-99.66343688964844
-101.4695816040039
-106.01554107666016
-104.87748718261719
-99.75402069091797
-99.9063720703125
-95.86650848388672
-104.2221908569336
-96.39907836914062
-106.78507995605469
-100.11158752441406
-104.70634460449219
-97.12305450439453
-97.79522705078125
-98.7993392944336
-99.50048065185547
-100.30210876464844
-103.59660339355469
-103.20683288574219
-102.41484832763672
-98.70060729980469
-104.8991928100586
-98.33415985107422
-105.71658325195312
-107.3255615234375
-104.59349822998047
-100.50914764404297
-107.40658569335938
-100.06632232666016
-104.94744873046875
-97.75587463378906
-99.82424926757812
-100.25576782226562
-104.52812194824219
-103.1905288696289
-106.34419250488281
-101.8051528930664
-100.26172637939453
-104.05928802490234
-102.37434387207031
-99.8380355834961
-106.65418243408203
-97.18788146972656
-104.18682098388672
-103.19055938720703
-97.5565185546875
-100.52230834960938
-101.6875228881836
-102.018310546875
-99.705322265625
-103.34661102294922
-102.1793441772461
-102.69942474365234
-106.49615478515625
-95.56336212158203
-101.58087921142578
-94.68161010742188
-102.86473083496094
-98.56522369384766
-99.7763900756836
-103.76510620117188
-105.20651245117188
-104.1434326171875
-103.73654174804688
-101.08381652832031
-102.47483825683594
-101.95561218261719
-100.5057144165039
