-100.2282485961914
-107.55677032470703
-101.96351623535156
-104.70327758789062
-109.13349151611328
-103.87462615966797
-97.67415618896484
-93.94091033935547
-106.43167114257812
-100.225341796875
-102.42139434814453
-101.47615051269531
-106.30499267578125
-105.00209045410156
-101.667724609375
-97.89591217041016
-97.01034545898438
-104.638671875
-103.95329284667969
-97.98986053466797
-103.25255584716797
-100.52890014648438
-100.72157287597656
-103.26725006103516
-103.70543670654297
-108.17451477050781
-98.89756774902344
-105.59197235107422
-94.9266128540039
-98.91712951660156
-104.09281921386719
-109.63359832763672
-107.99217987060547
-108.92118835449219
-105.81741333007812
-98.12289428710938
-98.2198257446289
-103.4146499633789
-100.38200378417969
-101.00784301757812
-94.57823944091797
-96.69088745117188
-104.84082794189453
-101.11090850830078
-98.94060516357422
-103.52384185791016
-104.82533264160156
-102.48417663574219
-101.3131103515625
-100.44345092773438
-99.69117736816406
-101.31826782226562
-98.53480529785156
-111.35796356201172
-106.59053802490234
-101.7120132446289
-104.92024993896484
-97.86425018310547
-95.49667358398438
-104.94500732421875
-102.03665924072266
-103.46212768554688
-97.96803283691406
-99.10717010498047
-100.26667022705078
-95.13428497314453
-102.14651489257812
-101.09375762939453
-101.8221664428711
-100.28376007080078
-101.66295623779297
-98.49687194824219
-98.98253631591797
-107.11907958984375
-101.41999816894531
-103.40412139892578
-98.1796646118164
-104.02887725830078
-100.73614501953125
-103.69674682617188
-99.3317642211914
-102.42678833007812
-94.89334106445312
-100.23426818847656
-104.81773376464844
-100.78861999511719
-104.0772476196289
-96.79642486572266
-104.44363403320312
-97.87498474121094
-99.51371002197266
-103.09837341308594
-100.79269409179688
-103.75482940673828
-106.54946899414062
-101.78700256347656
-101.42098236083984
-102.23279571533203
-101.81614685058594
-102.14176177978516
-102.82122039794922
-92.52926635742188
-104.68408203125
-103.24141693115234
-99.381591796875
-108.3507080078125
-104.19245910644531
-94.39727020263672
-100.83238983154297
-95.38937377929688
-103.48540496826172
-94.22711181640625
-103.73283386230469
-96.18820190429688
-100.77325439453125
-99.37224578857422
-101.94926452636719
-98.5880355834961
-100.56343078613281
-95.10032653808594
-107.86671447753906
-99.29554748535156
-100.56001281738281
-99.38422393798828
-92.47000885009766
-104.40514373779297
-100.95732116699219
-94.64185333251953
-101.79371643066406
-101.91535949707031
-97.01818084716797
-103.33556365966797
-98.46723937988281
-101.36578369140625
-95.16413879394531
-98.9417724609375
-96.962646484375
-103.27429962158203
-100.74371337890625
-99.7852554321289
-102.93253326416016
-103.75078582763672
-99.51557922363281
-101.27225494384766
-103.80010223388672
-99.50872802734375
-102.71959686279297
-101.3880844116211
-106.10211944580078
-105.46317291259766
-107.56396484375
-96.76336669921875
-104.06641387939453
-104.87486267089844
-106.63917541503906
-109.23331451416016
-108.12361907958984
-102.5728759765625
-104.5264892578125
-99.05768585205078
-102.56398010253906
-101.70648193359375
-105.03428649902344
-99.94764709472656
-98.42430114746094
-97.13899993896484
-104.28697967529297
-109.70915222167969
-105.99305725097656
-102.11123657226562
-101.94563293457031
-93.86493682861328
-101.79206848144531
-100.64984130859375
-97.08798217773438
-100.48404693603516
-101.4052963256836
-99.25153350830078
-101.50772094726562
-97.64208221435547
-101.79485321044922
-107.19916534423828
-100.65422821044922
-101.63602447509766
-95.8249282836914
-103.1526107788086
-97.04806518554688
-104.561767578125
-103.3035888671875
-104.22303009033203
-105.49590301513672
-97.38864135742188
-97.9164047241211
-101.59637451171875
-98.677734375
-101.99150848388672
-100.87255859375
-104.31439208984375
-97.47824096679688
-102.56517028808594
-98.29216003417969
-101.03868865966797
-101.77252960205078
-98.306396484375
-102.38130950927734
-103.9376449584961
-108.88060760498047
-100.00617980957031
-95.81012725830078
-103.87188720703125
-100.19686126708984
-101.57559204101562
-100.01385498046875
-107.01878356933594
-100.84393310546875
-102.27727508544922
-102.42017364501953
-100.30269622802734
-103.55622863769531
-97.60707092285156
-98.04076385498047
-106.83496856689453
-99.95109558105469
-107.0409927368164
-103.64537048339844
-104.5280990600586
-105.26036071777344
-104.10950469970703
-103.80956268310547
-102.10641479492188
-108.01656341552734
-110.49563598632812
-104.5396499633789
-102.6594009399414
-104.9054946899414
-96.77090454101562
-104.79065704345703
-105.8522720336914
-104.56080627441406
-101.31126403808594
-104.87480926513672
-103.0173110961914
-103.36542510986328
-100.98107147216797
-101.65353393554688
-102.813232421875
-102.0718994140625
-103.33975982666016
-99.7514877319336
-99.54171752929688
-102.85066223144531
-102.1099853515625
-98.0670394897461
-95.33638000488281
-99.86515808105469
-99.83385467529297
-101.77106475830078
-109.81613159179688
-99.84893798828125
-103.89200592041016
-106.09051513671875
-103.37177276611328
-104.81884765625
-99.45291900634766
-97.12385559082031
-101.42000579833984
-101.82781982421875
-96.2750244140625
-98.67593383789062
-101.97077941894531
-101.66168212890625
-101.23401641845703
-101.97608947753906
-103.89662170410156
-97.15190887451172
-101.04276275634766
-102.89043426513672
-96.59307098388672
-100.74642944335938
-103.76652526855469
-95.20703887939453
-99.15647888183594
-99.93887329101562
-98.09019470214844
-96.1941909790039
-101.69075775146484
-100.61367797851562
-103.39781188964844
-104.03592681884766
-101.84635925292969
-102.66168975830078
-98.64715576171875
-98.27385711669922
-104.39044189453125
-104.80169677734375
-102.48849487304688
-100.24481964111328
-104.5412368774414
-102.78108215332031
-98.47949981689453
-101.3858642578125
-100.69187927246094
-105.60633087158203
-100.95276641845703
-103.7462387084961
-99.2894515991211
-98.05587768554688
-104.73953247070312
-103.18772888183594
-104.0712890625
-103.7475357055664
-101.7630386352539
-99.35736846923828
-103.13948822021484
-96.59659576416016
-101.48814392089844
-99.09234619140625
-104.30261993408203
-100.78472137451172
-101.57267761230469
-100.39381408691406
-106.9608383178711
-97.74718475341797
-97.53629302978516
-98.4289321899414
-103.39454650878906
-105.31655883789062
-97.42412567138672
-104.87928009033203
-102.77487182617188
-100.17802429199219
-99.0038070678711
-100.91819763183594
-102.81270599365234
-106.995361328125
-105.71453857421875
-101.94415283203125
-103.10102844238281
-99.1989974975586
-105.03926086425781
-104.29750061035156
-102.40557861328125
-107.13008880615234
-101.88307189941406
-105.0162582397461
-98.97145080566406
-97.03179931640625
-98.96121215820312
-103.13977813720703
-107.87982940673828
-101.88578033447266
-104.28876495361328
-104.74787139892578
-104.4745864868164
-99.02839660644531
-105.12406921386719
-103.97638702392578
-105.0953369140625
-106.82173156738281
-104.4286117553711
-103.04985809326172
-105.43244171142578
-102.50224304199219
-107.37349700927734
-102.29157257080078
-103.31785583496094
-101.96965789794922
-100.32805633544922
-104.95423889160156
-101.97853088378906
-100.20033264160156
-102.42315673828125
-97.10108947753906
-109.48397827148438
-100.91598510742188
-108.24732971191406
-98.44922637939453
-101.69953155517578
-96.69600677490234
-100.8216552734375
-102.00531005859375
-97.17488098144531
-98.72825622558594
-98.57295989990234
-104.42292785644531
-99.24236297607422
-100.51952362060547
-102.86798858642578
-106.26678466796875
-98.20317077636719
-95.69255828857422
-98.79876708984375
-103.05322265625
-102.41983032226562
-101.39552307128906
-99.60023498535156
-96.0835952758789
-108.24050903320312
-99.49282836914062
-99.29084777832031
-102.29560852050781
-100.99569702148438
-99.00163269042969
-98.10042572021484
-99.22019958496094
-109.08675384521484
-96.57679748535156
-100.31526184082031
-102.77555847167969
-101.9455795288086
-107.36019897460938
-103.8174057006836
-104.23719024658203
-97.88987731933594
-98.12495422363281
-97.3757553100586
-108.37238311767578
-97.02822875976562
-97.16722106933594
-103.91448974609375
-102.60957336425781
-96.75922393798828
-101.06484985351562
-105.94463348388672
-97.57730102539062
-101.10775756835938
-101.4035415649414
-96.01739501953125
-95.28591918945312
-105.78983306884766
-99.31265258789062
-104.65289306640625
-96.15826416015625
-99.52765655517578
-96.6377182006836
-103.26285552978516
-99.84445190429688
-104.42393493652344
-101.70021057128906
-100.53114318847656
-103.21602630615234
-98.42074584960938
-105.3934555053711
-91.7127456665039
-100.9013900756836
-98.79425811767578
-101.76445770263672
-96.83728790283203
-97.76923370361328
-102.49083709716797
-96.9766845703125
-105.89993286132812
-102.4342041015625
-99.86642456054688
-107.88933563232422
-102.05113983154297
-104.67232513427734
-102.56040954589844
-105.09636688232422
-96.85348510742188
-102.56969451904297
-99.29088592529297
-108.58790588378906
-92.43084716796875
-99.72272491455078
-105.59228515625
-107.15239715576172
-103.76664733886719
-97.65473175048828
-96.5382080078125
-105.548095703125
-98.9800796508789
-101.8050765991211
-101.6355209350586
-98.40702819824219
-100.4249267578125
-99.52458953857422
-105.02717590332031
-95.51123809814453
-99.46649169921875
-91.57502746582031
-99.88475799560547
-100.3552017211914
-94.82854461669922
-104.81578063964844
-97.32301330566406
-99.06240844726562
-96.04879760742188
-101.57489013671875
-104.76225280761719
-101.84178161621094
-97.00194549560547
-97.55609893798828
-105.39753723144531
-99.54939270019531
-102.68623352050781
-98.02896881103516
-99.79618072509766
-95.9883041381836
-100.41048431396484
-101.62837982177734
-100.03487396240234
-96.51870727539062
-98.3782958984375
-103.64962768554688
-101.39653778076172
-103.48947143554688
-99.48680877685547
-104.03035736083984
-101.9367904663086
-101.2939682006836
-104.81411743164062
-108.77140808105469
-98.60637664794922
-99.732177734375
-98.15647888183594
-97.79710388183594
-99.26814270019531
-103.74211120605469
-98.8431396484375
-101.36476135253906
-99.10855865478516
-101.81280517578125
-101.81924438476562
-96.70279693603516
-102.41714477539062
-100.6797866821289
-105.3792495727539
-97.70793151855469
-98.97864532470703
-99.74899291992188
-101.9520492553711
-101.08671569824219
-106.9021987915039
-105.80412292480469
-99.02494812011719
-101.35902404785156
-103.80838012695312
-98.69947814941406
-101.48188781738281
-105.97880554199219
-101.53514862060547
-94.84672546386719
-104.60026550292969
-106.11038970947266
-97.44300842285156
-100.07929229736328
-98.79696655273438
-108.38716125488281
-103.43317413330078
-105.6723861694336
-96.2252426147461
-101.7342300415039
-99.33191680908203
-103.59259033203125
-102.00391387939453
-102.39787292480469
-104.43870544433594
-103.37319946289062
-100.77745819091797
-104.38013458251953
-102.07160186767578
-96.52803039550781
-103.35472106933594
-106.193603515625
-105.60064697265625
-104.17097473144531
-98.41239166259766
-101.19913482666016
-105.11126708984375
-96.72891998291016
-98.12440490722656
-98.21931457519531
-105.71173095703125
-96.51192474365234
-104.284423828125
-95.67945098876953
-110.40738677978516
-103.44371795654297
-102.15274810791016
-101.7045669555664
-104.90221405029297
-104.36378479003906
-98.26520538330078
-101.44373321533203
-102.71067810058594
-99.80924224853516
-96.45348358154297
-98.20148468017578
-96.22764587402344
-101.2470474243164
-101.34414672851562
-100.67608642578125
-103.32223510742188
-99.00194549560547
-101.99352264404297
-96.74566650390625
-97.80224609375
-106.42276763916016
-106.12556457519531
-100.86907958984375
-102.8543701171875
-105.18154907226562
-103.5350570678711
-98.87733459472656
-97.3692855834961
-100.39218139648438
-97.97284698486328
-102.24371337890625
-100.6053466796875
-96.73152923583984
-99.97225189208984
-99.14000701904297
-107.5577163696289
-104.15776824951172
-101.64962768554688
-99.26567077636719
-101.92935943603516
-99.57417297363281
-99.38692474365234
-101.60245513916016
-98.70625305175781
-97.39314270019531
-101.49312591552734
-96.03578186035156
-98.98808288574219
-104.90995025634766
-101.61933898925781
-99.39971160888672
-105.09925079345703
-101.45804595947266
-102.12223815917969
-106.52494812011719
-99.55748748779297
-97.39509582519531
-102.73307800292969
-104.81795501708984
-100.93435668945312
-96.25323486328125
-107.28643798828125
-103.1688461303711
-105.06354522705078
-106.68951416015625
-102.42179107666016
-100.07598114013672
-95.75951385498047
-100.76703643798828
-98.61277770996094
-97.78712463378906
-100.33760833740234
-101.31979370117188
-110.53791809082031
-103.8957748413086
-107.75102996826172
-106.24205780029297
-100.37271881103516
-98.62395477294922
-103.28240966796875
-99.30321502685547
-99.18666076660156
-103.88336181640625
-98.88443756103516
-104.35682678222656
-99.22022247314453
-96.43074798583984
-101.34896850585938
-107.06315612792969
-101.84185791015625
-100.47801971435547
-104.45051574707031
-102.48397064208984
-103.6911392211914
-98.93641662597656
-99.5536880493164
-103.88067626953125
-96.90166473388672
-96.74195861816406
-106.02664184570312
-103.68534851074219
-104.49296569824219
-103.82168579101562
-102.23807525634766
-100.65601348876953
-104.04309844970703
-104.24195861816406
-101.4418716430664
-99.12303161621094
-99.39533233642578
-103.4903564453125
-102.03324127197266
-98.23582458496094
-103.52175903320312
-94.55321502685547
-99.51944732666016
-104.734619140625
-101.6363525390625
-103.0012435913086
-99.3039321899414
-100.36613464355469
-102.23181915283203
-97.79966735839844
-102.85078430175781
-108.26048278808594
-106.1530990600586
-101.80396270751953
-103.08721923828125
-100.77925872802734
-101.4932861328125
-103.66253662109375
-101.81332397460938
-99.45643615722656
-99.46582794189453
-100.3078842163086
-97.05397033691406
-102.61516571044922
-101.52046203613281
-99.8809585571289
-99.914794921875
-100.08131408691406
-103.58307647705078
-107.84912109375
-98.7598648071289
-101.51545715332031
-104.74407958984375
-99.59859466552734
-104.20738220214844
-98.20907592773438
-102.31037902832031
-104.50387573242188
-95.5230712890625
-100.49178314208984
-106.02281188964844
-101.99799346923828
-100.14081573486328
-102.65592193603516
-104.88400268554688
-96.25109100341797
-102.7082290649414
-102.00827026367188
-95.87144470214844
-98.77174377441406
-102.40618896484375
-100.65106964111328
-99.24199676513672
-105.0057601928711
-102.98563385009766
-103.11580657958984
-98.99485778808594
-100.57849884033203
-105.67779541015625
-104.62493896484375
-100.85230255126953
-97.12359619140625
-102.09469604492188
-97.96531677246094
-99.52613067626953
-101.4988021850586
-104.0965576171875
-96.68951416015625
-106.54053497314453
-99.92295837402344
-103.04320526123047
-95.48442077636719
-101.3787841796875
-97.4554672241211
-99.03377532958984
-102.27262115478516
-93.70384216308594
-101.65929412841797
-105.08515167236328
-100.64240264892578
-99.73963928222656
-106.87928771972656
-108.6597671508789
-97.14602661132812
-99.53292083740234
-106.25651550292969
-104.3673324584961
-97.97783660888672
-104.26058959960938
-100.4354476928711
-102.06592559814453
-98.2721939086914
-101.64175415039062
-102.70121765136719
-103.00495910644531
-97.19890594482422
-100.16449737548828
-105.25227355957031
-95.01065826416016
-94.0925521850586
-97.6991958618164
-98.47523498535156
-102.64623260498047
-99.64176940917969
-100.90335083007812
-104.58495330810547
-101.33084869384766
-99.01549530029297
-101.04811096191406
-99.99564361572266
-102.47835540771484
-103.39353942871094
-105.9273681640625
-95.7821044921875
-98.3528823852539
-100.6109390258789
-106.40070343017578
-101.81351470947266
-101.61865997314453
-99.73184967041016
-99.87110900878906
-102.84249114990234
-96.67948913574219
-97.61260223388672
-102.20252990722656
-101.07144927978516
-102.5538330078125
-102.27796936035156
-105.89134979248047
-101.05300903320312
-103.22831726074219
-103.03768920898438
-100.42057037353516
-102.81727600097656
-102.1467514038086
-105.56302642822266
-100.60807037353516
-97.31854248046875
-97.72180938720703
-103.46521759033203
-106.40798950195312
-102.43614196777344
-96.27849578857422
-102.63509368896484
-103.7811279296875
-105.09142303466797
-100.65328979492188
-101.35572052001953
-97.25836944580078
-103.43923950195312
-100.53746032714844
-102.91545867919922
-100.77574920654297
-101.6344985961914
-99.18844604492188
-96.50257873535156
-93.03627014160156
-103.39083099365234
-103.1618423461914
-104.6561050415039
-102.23587036132812
-104.5019760131836
-97.66778564453125
-100.28262329101562
-106.06523895263672
-97.73590087890625
-106.01370239257812
-101.45863342285156
-102.46676635742188
-96.65442657470703
-98.24620056152344
-103.65420532226562
-100.37368774414062
-99.39308166503906
-101.42987823486328
-100.89362335205078
-102.68609619140625
-96.86389923095703
-101.72840118408203
-100.79088592529297
-103.37557983398438
-105.48981475830078
-105.33583068847656
-100.64741516113281
-100.60377502441406
-97.11991119384766
-105.17741394042969
-96.93601989746094
-108.44933319091797
-101.04092407226562
-105.63948059082031
-97.90676879882812
-98.21147918701172
-100.70630645751953
-99.9246826171875
-101.1278076171875
-104.09171295166016
-104.00694274902344
-103.0724105834961
-99.5624771118164
-104.91632843017578
-98.831787109375
-106.6953125
-105.68683624267578
-106.24488830566406
-100.87336730957031
-107.51707458496094
-100.15870666503906
-104.1728515625
-98.07035064697266
-100.97190856933594
-100.97438049316406
-104.75950622558594
-104.99017333984375
-104.57731628417969
-101.21781158447266
-101.2677230834961
-104.40575408935547
-101.00416564941406
-99.4277114868164
-106.0994644165039
-98.8390884399414
-102.207275390625
-101.59562683105469
-99.40312194824219
-102.10896301269531
-102.16557312011719
-102.78731536865234
-100.36906433105469
-103.34367370605469
-101.5836410522461
-104.2564697265625
-107.82215118408203
-95.7359848022461
-101.60579681396484
-95.5601577758789
-103.18079376220703
-99.81472778320312
-100.05400085449219
-102.49745178222656
-105.12335205078125
-105.46231842041016
-103.69422149658203
-101.2831802368164
-103.95307922363281
-101.72325134277344
-102.2654037475586
