-102.78446960449219
-112.0732650756836
-105.0223617553711
-109.34886169433594
-112.56708526611328
-107.96466827392578
-102.70791625976562
-97.34872436523438
-107.68917846679688
-103.83145141601562
-107.22393798828125
-103.25586700439453
-110.21446228027344
-107.66680145263672
-103.73113250732422
-100.73914337158203
-99.60404968261719
-108.2398910522461
-107.46280670166016
-100.64236450195312
-106.99190521240234
-103.00011444091797
-101.9287338256836
-107.1434097290039
-107.1960220336914
-111.35438537597656
-103.03093719482422
-109.08953857421875
-100.43120574951172
-102.0392074584961
-107.89561462402344
-114.07677459716797
-111.38800048828125
-111.43008422851562
-109.08732604980469
-102.00057983398438
-103.21903228759766
-106.20600891113281
-103.37769317626953
-104.81969451904297
-99.07662963867188
-99.61021423339844
-109.4225082397461
-105.23480224609375
-102.539306640625
-108.49028778076172
-107.86170959472656
-106.90914154052734
-103.8255615234375
-103.6469955444336
-103.44178771972656
-104.43977355957031
-103.29633331298828
-114.49886322021484
-109.35025787353516
-105.18399810791016
-108.78035736083984
-100.94952392578125
-99.15516662597656
-110.44092559814453
-105.25447082519531
-107.94579315185547
-102.27500915527344
-103.27874755859375
-104.64842224121094
-98.43708801269531
-105.65918731689453
-104.50852966308594
-104.63388061523438
-102.43628692626953
-104.9658203125
-103.297607421875
-100.75518798828125
-109.28578186035156
-104.74723052978516
-108.45155334472656
-102.63137817382812
-107.993408203125
-104.29420471191406
-106.17131042480469
-101.78783416748047
-106.80452728271484
-97.62236785888672
-104.68476867675781
-108.90829467773438
-105.44694519042969
-106.78990173339844
-100.82786560058594
-109.3460693359375
-101.54241943359375
-102.44683837890625
-106.70683288574219
-105.82792663574219
-107.94823455810547
-108.07572937011719
-106.35275268554688
-105.99842071533203
-105.913330078125
-105.2509994506836
-104.67437744140625
-106.04051971435547
-96.59556579589844
-108.88618469238281
-106.55280303955078
-101.72893524169922
-111.67920684814453
-106.95892333984375
-97.8167953491211
-103.52493286132812
-97.82901000976562
-107.47010040283203
-95.89268493652344
-104.92070770263672
-99.03606414794922
-104.41718292236328
-102.6350326538086
-104.79238891601562
-102.52481842041016
-104.0429916381836
-98.50275421142578
-111.16826629638672
-105.55087280273438
-104.88786315917969
-102.07440948486328
-96.00177001953125
-109.3868179321289
-103.3372573852539
-98.5025863647461
-105.86363220214844
-105.76874542236328
-98.7129898071289
-107.72825622558594
-100.90187072753906
-104.88788604736328
-99.37821197509766
-103.56904602050781
-101.4781723022461
-105.07276153564453
-104.57795715332031
-102.119140625
-105.3048095703125
-106.98973846435547
-102.43504333496094
-104.35224151611328
-106.51454162597656
-101.77046203613281
-106.01150512695312
-104.51827239990234
-108.63517761230469
-109.01810455322266
-111.1031494140625
-99.72184753417969
-107.88584899902344
-106.46476745605469
-109.75352478027344
-113.49510955810547
-112.47631072998047
-107.7779312133789
-107.90604400634766
-101.49309539794922
-104.6726303100586
-103.20155334472656
-106.88460540771484
-103.3524398803711
-102.0682144165039
-100.96714782714844
-106.08763885498047
-112.69573211669922
-108.75857543945312
-105.24583435058594
-105.53250122070312
-96.34330749511719
-107.33538055419922
-104.59217834472656
-99.04536437988281
-103.51231384277344
-102.85903930664062
-103.10791778564453
-104.78451538085938
-99.6888656616211
-105.87317657470703
-111.71855926513672
-103.36392211914062
-104.0044174194336
-99.06818389892578
-107.32424926757812
-99.47190856933594
-106.45330047607422
-106.4997787475586
-107.61271667480469
-110.04877471923828
-100.26641845703125
-99.786865234375
-107.20046997070312
-101.2412338256836
-106.04873657226562
-104.12069702148438
-108.94657897949219
-99.34479522705078
-105.18231201171875
-101.63616180419922
-102.96858978271484
-103.85787963867188
-99.79108428955078
-103.8607406616211
-106.67383575439453
-110.4542007446289
-101.9127426147461
-96.61566925048828
-107.73085021972656
-103.32471466064453
-105.43838500976562
-102.72087097167969
-111.09219360351562
-104.2955093383789
-105.85102081298828
-105.74491119384766
-103.3367691040039
-106.5057144165039
-101.88931274414062
-100.60917663574219
-109.79879760742188
-103.1571044921875
-109.51457214355469
-107.57695007324219
-107.6296157836914
-108.08741760253906
-107.35028076171875
-109.08606719970703
-107.30720520019531
-111.43760681152344
-114.75232696533203
-108.42198944091797
-106.31395721435547
-108.39834594726562
-100.38334655761719
-106.71488952636719
-108.46681213378906
-108.04584503173828
-104.3900375366211
-107.12305450439453
-105.43949127197266
-107.3037109375
-105.7386474609375
-104.53438568115234
-107.40584564208984
-105.30491638183594
-106.89254760742188
-102.85281372070312
-102.34658813476562
-108.48006439208984
-104.88462829589844
-101.44921112060547
-98.32941436767578
-103.88993835449219
-103.7115478515625
-105.72872161865234
-113.0846176147461
-104.79899597167969
-106.58423614501953
-109.98213195800781
-106.27399444580078
-107.83088684082031
-102.60897827148438
-101.26571655273438
-104.2480239868164
-105.95245361328125
-98.70917510986328
-100.46633911132812
-105.99683380126953
-104.80023956298828
-103.98188018798828
-104.5019302368164
-106.65888977050781
-100.72242736816406
-105.5210189819336
-105.98977661132812
-98.89262390136719
-103.71766662597656
-106.0320053100586
-99.67853546142578
-102.36428833007812
-103.99909973144531
-100.07978057861328
-98.5707015991211
-105.79603576660156
-103.09066009521484
-105.62648010253906
-107.69891357421875
-104.49520874023438
-105.73419952392578
-103.14058685302734
-103.14168548583984
-109.02656555175781
-106.47278594970703
-105.33680725097656
-102.26097106933594
-107.72708129882812
-105.11392211914062
-101.93616485595703
-103.77996063232422
-103.32219696044922
-109.48562622070312
-105.23873138427734
-107.33428192138672
-101.605224609375
-101.37039947509766
-109.59907531738281
-107.07964324951172
-107.00128173828125
-108.15042877197266
-105.68548583984375
-103.04509735107422
-106.75558471679688
-99.95829772949219
-104.94115447998047
-101.75944519042969
-107.141845703125
-103.44377899169922
-104.60707092285156
-104.27867889404297
-111.35297393798828
-100.72196960449219
-100.6453857421875
-101.41284942626953
-106.5744400024414
-108.89918518066406
-101.36758422851562
-107.5291519165039
-104.8696517944336
-104.40975189208984
-102.31363677978516
-103.40438079833984
-107.25875854492188
-110.53760528564453
-109.34741973876953
-104.45258331298828
-104.2084732055664
-100.9786376953125
-107.96617889404297
-110.13268280029297
-106.17787170410156
-108.94612121582031
-104.53099060058594
-107.95946502685547
-102.47187042236328
-100.8722915649414
-101.34984588623047
-105.64706420898438
-112.1018295288086
-106.20877838134766
-106.881103515625
-109.1489028930664
-107.99703216552734
-103.65711212158203
-108.48918151855469
-106.75149536132812
-108.51167297363281
-110.63290405273438
-107.18120574951172
-107.94730377197266
-107.55443572998047
-106.08099365234375
-110.17900085449219
-104.25128936767578
-106.61711883544922
-105.55458068847656
-103.63289642333984
-110.0386962890625
-104.79847717285156
-105.10982513427734
-105.87413024902344
-101.55469512939453
-113.21959686279297
-105.60572814941406
-110.31453704833984
-101.93607330322266
-103.38809967041016
-100.68131256103516
-104.30767059326172
-104.7940673828125
-100.243896484375
-102.01720428466797
-103.26800537109375
-109.02798461914062
-104.76171112060547
-103.98018646240234
-105.14330291748047
-108.70732116699219
-103.02188873291016
-99.61372375488281
-101.06216430664062
-106.71500396728516
-105.67143249511719
-105.06096649169922
-102.11087036132812
-99.29318237304688
-111.06769561767578
-102.23767852783203
-102.52009582519531
-104.25684356689453
-105.50897216796875
-102.70032501220703
-101.39462280273438
-101.81676483154297
-112.39120483398438
-101.40092468261719
-102.83335876464844
-107.84040832519531
-106.8572006225586
-110.89437866210938
-107.20306396484375
-108.0115737915039
-102.15911865234375
-101.15276336669922
-99.57954406738281
-111.51677703857422
-101.58727264404297
-100.68902587890625
-107.18494415283203
-107.10155487060547
-101.16670227050781
-103.45590209960938
-110.08475494384766
-100.78897857666016
-104.25435638427734
-106.5424575805664
-100.6004867553711
-98.76107025146484
-111.05845642089844
-103.25469970703125
-108.21581268310547
-100.14459228515625
-102.70912170410156
-99.54548645019531
-107.54389190673828
-102.35541534423828
-106.53717041015625
-105.28559112548828
-103.61892700195312
-106.56932067871094
-102.54048156738281
-109.00101470947266
-94.87020111083984
-105.40420532226562
-101.4439468383789
-105.92518615722656
-100.6454849243164
-99.77677917480469
-106.99678039550781
-101.77027130126953
-109.22508239746094
-105.06959533691406
-102.91921997070312
-111.49034118652344
-105.97474670410156
-108.71623229980469
-105.34369659423828
-109.16641235351562
-100.22914123535156
-108.3687515258789
-102.85945892333984
-110.88741302490234
-96.87025451660156
-102.15430450439453
-109.19915771484375
-111.91603088378906
-106.25162506103516
-101.35145568847656
-99.02513122558594
-108.8322525024414
-102.67516326904297
-104.50471496582031
-105.56114196777344
-102.31476593017578
-103.26837921142578
-103.08873748779297
-108.7263412475586
-99.45341491699219
-101.84817504882812
-95.1404037475586
-103.07012939453125
-104.23430633544922
-98.06200408935547
-107.02618408203125
-100.75829315185547
-102.4319076538086
-98.04363250732422
-105.5866928100586
-108.20330047607422
-104.1137466430664
-99.64583587646484
-101.26166534423828
-107.40342712402344
-101.49979400634766
-104.87187194824219
-100.5045166015625
-103.07135009765625
-98.696533203125
-104.12732696533203
-104.34195709228516
-103.60272216796875
-99.2907485961914
-100.61825561523438
-105.16986846923828
-103.65557098388672
-106.8182144165039
-101.33358764648438
-105.976806640625
-106.11853790283203
-103.74786376953125
-107.00746154785156
-111.04317474365234
-103.08712768554688
-102.35420227050781
-100.47309112548828
-101.73096466064453
-100.67298126220703
-108.48524475097656
-102.06094360351562
-104.7149658203125
-101.31304168701172
-104.85521697998047
-104.89298248291016
-100.54106903076172
-104.73372650146484
-102.65240478515625
-111.6236801147461
-100.92472839355469
-102.02339935302734
-103.53592681884766
-104.59893035888672
-104.03032684326172
-110.31607055664062
-108.88712310791016
-102.17439270019531
-105.13679504394531
-105.68606567382812
-100.52011108398438
-105.32157135009766
-108.66154479980469
-104.64277648925781
-97.91096496582031
-107.56114959716797
-108.7754135131836
-99.67772674560547
-103.23175048828125
-101.55120086669922
-110.82044219970703
-108.16258239746094
-108.54922485351562
-99.41851806640625
-103.85612487792969
-102.57884216308594
-104.84825134277344
-104.60718536376953
-104.99585723876953
-108.8672103881836
-107.06171417236328
-103.53888702392578
-108.65470886230469
-104.28107452392578
-98.45073699951172
-104.70173645019531
-109.39764404296875
-109.77738952636719
-107.76286315917969
-101.51953887939453
-104.97053527832031
-106.82140350341797
-99.65894317626953
-100.43510437011719
-101.10835266113281
-108.8675308227539
-97.25801086425781
-106.79560852050781
-98.74884796142578
-113.25386047363281
-108.42914581298828
-103.3830795288086
-106.33109283447266
-107.63451385498047
-105.8606948852539
-102.11247253417969
-104.32758331298828
-105.75191497802734
-102.82965850830078
-99.76129150390625
-102.07850646972656
-99.68280792236328
-103.84506225585938
-104.57962799072266
-103.42302703857422
-106.59315490722656
-102.43580627441406
-107.30655670166016
-100.773193359375
-99.60091400146484
-110.41162872314453
-108.38398742675781
-103.28333282470703
-106.40834045410156
-107.56086730957031
-106.92105102539062
-101.33317565917969
-100.21539306640625
-103.97037506103516
-101.4906005859375
-105.09752655029297
-102.45716857910156
-102.34648895263672
-104.19807434082031
-101.08161163330078
-110.59354400634766
-108.95574951171875
-105.34371948242188
-102.00745391845703
-105.751953125
-103.33463287353516
-102.51696014404297
-105.61666870117188
-101.50437927246094
-101.43563842773438
-104.22714233398438
-97.93277740478516
-102.01202392578125
-109.08550262451172
-105.72296905517578
-103.84821319580078
-109.39859008789062
-104.79248046875
-105.78817749023438
-108.68663787841797
-103.44866943359375
-102.5652084350586
-105.2969741821289
-106.11598205566406
-102.73741149902344
-100.45796203613281
-110.6471939086914
-107.68769073486328
-110.12527465820312
-111.50187683105469
-107.06415557861328
-101.57085418701172
-96.61015319824219
-102.84380340576172
-101.51197052001953
-100.7457275390625
-103.19037628173828
-104.11312103271484
-114.84223937988281
-105.51006317138672
-110.66117095947266
-108.08439636230469
-103.95219421386719
-102.4843521118164
-105.79695129394531
-102.24751281738281
-102.48191833496094
-109.56904602050781
-101.22562408447266
-107.94203186035156
-103.48302459716797
-98.30044555664062
-103.91728210449219
-109.71662139892578
-104.28141021728516
-102.96830749511719
-107.64752960205078
-106.17528533935547
-106.0123519897461
-100.72054290771484
-101.2257308959961
-105.97099304199219
-100.93685913085938
-99.5094223022461
-107.59138488769531
-107.24790954589844
-107.088134765625
-108.8499755859375
-105.27899932861328
-102.09681701660156
-105.70755767822266
-108.16218566894531
-103.86320495605469
-102.47905731201172
-101.74372863769531
-106.45983123779297
-104.77050018310547
-101.30097961425781
-104.495361328125
-98.24269104003906
-101.94638061523438
-106.7916030883789
-105.89662170410156
-104.87787628173828
-102.28396606445312
-102.73236846923828
-104.9974365234375
-101.77462005615234
-105.32173919677734
-112.37178039550781
-107.7011489868164
-104.79712677001953
-105.16338348388672
-103.7258529663086
-105.90978240966797
-105.07271575927734
-103.32623291015625
-101.71585845947266
-103.2320327758789
-103.74298095703125
-101.22057342529297
-105.12053680419922
-104.48485565185547
-103.36961364746094
-103.37944793701172
-103.96907043457031
-108.15023040771484
-110.597900390625
-101.21479797363281
-103.24005126953125
-108.11724853515625
-103.55599212646484
-107.96357727050781
-100.93008422851562
-104.41922760009766
-107.68540954589844
-100.71151733398438
-103.329833984375
-108.923583984375
-104.70111083984375
-103.68839263916016
-107.02984619140625
-108.32333374023438
-99.30846405029297
-104.1346435546875
-104.6965103149414
-99.17037200927734
-101.31813049316406
-106.13191223144531
-102.84160614013672
-100.74176788330078
-106.61256408691406
-106.07010650634766
-105.3044662475586
-102.47219848632812
-102.61760711669922
-110.4395980834961
-106.98594665527344
-102.81527709960938
-100.38001251220703
-105.77259063720703
-100.90467834472656
-101.94953918457031
-105.42607116699219
-105.77568817138672
-98.65633392333984
-109.61270141601562
-101.17321014404297
-103.88947296142578
-98.90843963623047
-103.45308685302734
-99.14543151855469
-101.821044921875
-104.05722045898438
-95.80622100830078
-104.1431655883789
-108.54190063476562
-105.56307220458984
-102.34107208251953
-110.8226547241211
-111.10708618164062
-99.81290435791016
-102.61579132080078
-106.9159164428711
-106.26713562011719
-100.23957061767578
-106.72267150878906
-102.76887512207031
-105.1040267944336
-99.43986511230469
-103.5876235961914
-104.62372589111328
-105.28667449951172
-99.11282348632812
-103.15367126464844
-107.7812728881836
-97.7739486694336
-96.67191314697266
-101.54061889648438
-99.61610412597656
-104.60586547851562
-103.35453796386719
-103.42521667480469
-107.8499526977539
-104.7181167602539
-101.74642181396484
-103.36990356445312
-103.81690979003906
-106.40715026855469
-105.16215515136719
-109.63243103027344
-99.87783813476562
-102.65213012695312
-104.17508697509766
-109.35966491699219
-104.78150177001953
-106.46395111083984
-103.34892272949219
-103.39986419677734
-107.05632781982422
-98.71147918701172
-100.02137756347656
-105.82931518554688
-102.61685180664062
-106.57521057128906
-105.31071472167969
-109.78553771972656
-105.84475708007812
-105.86579132080078
-106.02108764648438
-103.20083618164062
-107.2574691772461
-105.07730102539062
-108.44527435302734
-103.86970520019531
-100.30162811279297
-100.06366729736328
-106.55988311767578
-109.65337371826172
-104.6521224975586
-98.86321258544922
-104.67852783203125
-107.27767944335938
-107.73937225341797
-103.229248046875
-103.40809631347656
-101.93687438964844
-106.35778045654297
-103.16624450683594
-103.53286743164062
-103.96253204345703
-104.44844055175781
-102.26372528076172
-102.16482543945312
-96.30498504638672
-105.30085754394531
-106.42069244384766
-107.22627258300781
-105.40403747558594
-106.83898162841797
-100.9769287109375
-103.26555633544922
-108.06430053710938
-100.41857147216797
-108.71273803710938
-104.41816711425781
-105.38935089111328
-99.18058776855469
-100.54057312011719
-104.66153717041016
-104.46009063720703
-101.43136596679688
-105.44461059570312
-103.15260314941406
-104.393310546875
-99.40962982177734
-105.97114562988281
-103.57345581054688
-105.76048278808594
-109.41323852539062
-109.3491439819336
-103.78740692138672
-102.81077575683594
-99.81001281738281
-108.15291595458984
-98.94822692871094
-110.93694305419922
-104.41243743896484
-110.39358520507812
-102.30194854736328
-101.09795379638672
-103.7041015625
-103.51072692871094
-104.59555053710938
-107.81745147705078
-108.37279510498047
-105.39580535888672
-102.61961364746094
-110.12818908691406
-101.57643127441406
-109.64576721191406
-109.86903381347656
-106.80237579345703
-104.7104721069336
-110.56094360351562
-101.50894165039062
-107.51554870605469
-102.49585723876953
-103.29118347167969
-103.32970428466797
-108.0691909790039
-107.00860595703125
-107.55921173095703
-103.94778442382812
-104.15880584716797
-106.75006866455078
-105.76919555664062
-102.62212371826172
-108.64608001708984
-101.84046173095703
-105.55469512939453
-104.6373062133789
-100.87567901611328
-103.67839050292969
-104.90988159179688
-104.54358673095703
-104.0184097290039
-105.59672546386719
-105.35957336425781
-107.4825668334961
-111.08594512939453
-97.19252014160156
-105.07324981689453
-97.51239776611328
-107.01515197753906
-102.04209899902344
-103.79228973388672
-105.82655334472656
-107.7781753540039
-107.68045806884766
-106.54965209960938
-104.89100646972656
-105.97403717041016
-104.5905532836914
-107.33878326416016
