-99.25572967529297
-107.85140991210938
-101.67703247070312
-103.93779754638672
-106.58621215820312
-104.45970153808594
-97.7962417602539
-94.41825103759766
-104.6968765258789
-98.61437225341797
-102.76617431640625
-100.88377380371094
-106.36431121826172
-103.37242126464844
-100.392822265625
-97.74650573730469
-96.17523956298828
-104.5345687866211
-103.07521057128906
-96.65135192871094
-103.29853057861328
-98.99594116210938
-99.7122802734375
-102.64600372314453
-104.39231872558594
-106.91702270507812
-96.50271606445312
-104.32719421386719
-94.95198822021484
-98.8647689819336
-103.72544860839844
-109.40634155273438
-107.24054718017578
-107.55075073242188
-103.82206726074219
-99.09379577636719
-98.9574203491211
-102.89484405517578
-99.70194244384766
-100.66902923583984
-94.48433685302734
-96.30839538574219
-105.42169952392578
-101.07052612304688
-96.62379455566406
-102.81861877441406
-103.568359375
-101.24362182617188
-99.80442810058594
-98.89398193359375
-97.73980712890625
-99.2100601196289
-99.92251586914062
-109.73657989501953
-105.58317565917969
-100.15635681152344
-104.1430892944336
-97.53634643554688
-94.78602600097656
-105.8235855102539
-99.4913101196289
-102.65589141845703
-98.1656723022461
-99.50932312011719
-100.31422424316406
-94.6388168334961
-101.83769989013672
-100.810546875
-101.3805923461914
-99.74755859375
-102.13304138183594
-98.10186767578125
-97.92969512939453
-107.4105224609375
-101.65467071533203
-102.66777801513672
-97.8382568359375
-100.74966430664062
-100.38072204589844
-103.22297668457031
-98.95804595947266
-102.19424438476562
-93.45946502685547
-99.82127380371094
-105.10936737060547
-101.2205810546875
-103.40543365478516
-96.87733459472656
-105.31803131103516
-97.1161880493164
-98.24011993408203
-101.97615814208984
-99.63362884521484
-102.66536712646484
-103.80424499511719
-101.61181640625
-100.53216552734375
-100.7654037475586
-100.83838653564453
-101.95059204101562
-102.10909271240234
-90.8931884765625
-103.72045135498047
-101.9571533203125
-98.97795104980469
-106.41094970703125
-101.71737670898438
-93.69548034667969
-99.34124755859375
-94.50554656982422
-103.01011657714844
-93.51409912109375
-102.81098175048828
-95.51426696777344
-100.78715515136719
-98.54969024658203
-103.73780059814453
-98.49420166015625
-99.60797119140625
-93.6163101196289
-107.33477783203125
-98.08415222167969
-99.83914184570312
-99.65148162841797
-92.59098815917969
-104.43936157226562
-99.30538940429688
-95.50006866455078
-99.64616394042969
-101.67265319824219
-94.09175109863281
-102.82828521728516
-97.46883392333984
-100.40536499023438
-94.91268157958984
-97.95887756347656
-97.5730209350586
-102.503662109375
-101.2332992553711
-97.58435821533203
-101.6242446899414
-104.05921936035156
-99.95064544677734
-101.14112854003906
-102.25577545166016
-98.00953674316406
-100.33216857910156
-101.072998046875
-105.69453430175781
-104.45784759521484
-106.81981658935547
-95.5844497680664
-103.33897399902344
-103.84212493896484
-106.12532043457031
-107.8396987915039
-107.56388092041016
-101.83809661865234
-102.8257064819336
-97.91848754882812
-102.4384765625
-101.58319854736328
-103.68871307373047
-99.05062866210938
-96.32415771484375
-97.14875793457031
-102.07492065429688
-108.90065002441406
-105.77870178222656
-100.88512420654297
-101.36670684814453
-92.76146697998047
-102.4184799194336
-98.81608581542969
-95.77692413330078
-99.92430114746094
-100.57167053222656
-98.78038024902344
-101.47380065917969
-97.07286071777344
-100.83606719970703
-105.22200775146484
-99.90087890625
-100.46106719970703
-95.90556335449219
-102.6683120727539
-97.01522064208984
-103.86384582519531
-102.50628662109375
-102.9579086303711
-105.95069885253906
-97.13182830810547
-97.0130615234375
-103.19966888427734
-98.65154266357422
-101.91799926757812
-98.88935852050781
-102.76482391357422
-103.41280364990234
-101.90303039550781
-99.23113250732422
-99.96778106689453
-100.18968963623047
-97.35867309570312
-100.64395904541016
-102.6415023803711
-107.45590209960938
-98.28233337402344
-94.64903259277344
-103.89321899414062
-98.76651763916016
-100.97502899169922
-100.991455078125
-107.9019775390625
-100.48193359375
-101.50222778320312
-102.82781219482422
-99.5025863647461
-102.70752716064453
-98.29383850097656
-99.217529296875
-105.00884246826172
-99.7026138305664
-105.12608337402344
-102.6707992553711
-103.53511810302734
-104.18607330322266
-103.70353698730469
-103.69819641113281
-103.35275268554688
-106.23919677734375
-109.28058624267578
-103.47801208496094
-103.07756042480469
-103.55034637451172
-97.69538879394531
-104.53910827636719
-104.25360107421875
-103.88421630859375
-101.84760284423828
-103.73945617675781
-102.01390838623047
-102.9045181274414
-101.99052429199219
-100.72246551513672
-101.52142333984375
-100.14372253417969
-103.4166488647461
-99.59856414794922
-98.72464752197266
-102.81029510498047
-100.4344711303711
-97.2064208984375
-94.08139038085938
-98.63467407226562
-98.40718078613281
-101.61508178710938
-109.57575225830078
-99.59950256347656
-102.96350860595703
-105.85444641113281
-102.28916931152344
-105.59610748291016
-98.28062438964844
-96.96781921386719
-100.91258239746094
-101.12098693847656
-96.40325927734375
-98.01029205322266
-101.45335388183594
-101.44156646728516
-100.0580062866211
-140.2634735107422
-103.86603546142578
-98.29037475585938
-102.07475280761719
-103.17017364501953
-95.98191833496094
-100.98945617675781
-103.8798599243164
-96.52860260009766
-101.01887512207031
-101.58627319335938
-98.41036987304688
-96.67417907714844
-102.3906478881836
-100.7770767211914
-105.27835845947266
-104.61521911621094
-102.40499877929688
-103.28585052490234
-99.72200775146484
-99.71946716308594
-105.13125610351562
-103.66841888427734
-101.79590606689453
-100.5176010131836
-104.59185791015625
-101.16094970703125
-97.69338989257812
-101.47384643554688
-101.05706024169922
-104.91891479492188
-102.07771301269531
-102.76007843017578
-99.47140502929688
-96.35723876953125
-103.78404998779297
-102.65586853027344
-103.52983093261719
-104.56013488769531
-101.72957611083984
-98.06159973144531
-102.82377624511719
-96.32798767089844
-101.16402435302734
-98.81758117675781
-102.97685241699219
-100.93274688720703
-101.53754425048828
-100.21963500976562
-106.33106231689453
-97.20140838623047
-96.11500549316406
-97.42495727539062
-103.60301208496094
-103.99887084960938
-98.28933715820312
-103.84562683105469
-101.9025650024414
-100.29299926757812
-98.57139587402344
-100.34768676757812
-103.11041259765625
-105.78843688964844
-106.37850189208984
-101.78180694580078
-100.87882995605469
-98.81236267089844
-105.72930145263672
-104.7008056640625
-102.55978393554688
-105.26850128173828
-101.66695404052734
-104.41085815429688
-97.70035552978516
-97.47484588623047
-99.27051544189453
-101.91925811767578
-106.04928588867188
-101.44583892822266
-104.31266784667969
-104.63114929199219
-102.29237365722656
-98.54175567626953
-104.9349594116211
-102.42696380615234
-104.08189392089844
-104.87215423583984
-103.911376953125
-104.08317565917969
-104.03558349609375
-101.96144104003906
-106.08787536621094
-102.3800048828125
-101.6856689453125
-101.56321716308594
-98.02078247070312
-104.19649505615234
-102.93938446044922
-100.9681396484375
-102.45274353027344
-97.10012817382812
-107.6256332397461
-100.97753143310547
-106.95626831054688
-98.8007583618164
-98.52584838867188
-95.30461883544922
-99.14862060546875
-101.541015625
-96.6522445678711
-97.36643981933594
-98.20845031738281
-104.30134582519531
-100.38320922851562
-101.06830596923828
-101.5567398071289
-106.6014404296875
-98.57669067382812
-96.32768249511719
-97.6943588256836
-100.89270782470703
-101.06733703613281
-101.97970581054688
-98.73967742919922
-95.04678344726562
-105.78943634033203
-98.85870361328125
-99.73143768310547
-100.19725036621094
-98.68792724609375
-99.79002380371094
-97.67640686035156
-99.10865783691406
-107.43614959716797
-96.0291748046875
-100.32349395751953
-103.12120819091797
-102.4835205078125
-105.7815933227539
-102.41220092773438
-103.48074340820312
-97.9175796508789
-98.43073272705078
-96.76940155029297
-108.01091766357422
-97.41529846191406
-96.99473571777344
-102.60315704345703
-103.83653259277344
-97.6773681640625
-100.81759643554688
-105.48382568359375
-94.99308776855469
-100.87255096435547
-101.8836669921875
-96.4829330444336
-95.75847625732422
-106.88758850097656
-99.87744140625
-104.42858123779297
-96.08464813232422
-100.0707015991211
-95.7345199584961
-103.85482025146484
-98.28520965576172
-103.82331848144531
-100.06423950195312
-99.97891998291016
-103.5025863647461
-98.91188049316406
-106.45215606689453
-92.37310791015625
-100.8677749633789
-99.36817932128906
-101.26850891113281
-98.04694366455078
-97.2890625
-102.86436462402344
-98.42528533935547
-106.00852966308594
-101.28500366210938
-100.76438903808594
-106.3455581665039
-101.63148498535156
-104.7780532836914
-101.22624969482422
-105.10597229003906
-96.61201477050781
-102.31075286865234
-99.70708465576172
-106.35255432128906
-92.57633972167969
-98.50962829589844
-106.34825897216797
-106.8985595703125
-102.67374420166016
-98.20045471191406
-95.53964233398438
-102.8021240234375
-98.13470458984375
-100.47845458984375
-101.43009185791016
-99.29676818847656
-100.4113998413086
-98.53067016601562
-104.49506378173828
-94.86294555664062
-98.09728240966797
-92.81705474853516
-99.41873931884766
-100.01225280761719
-93.05377197265625
-104.1609115600586
-97.51586151123047
-98.19416809082031
-96.40385437011719
-99.80133819580078
-103.15977478027344
-99.40951538085938
-96.98262023925781
-96.7060546875
-105.20401763916016
-98.13871002197266
-103.90235900878906
-97.62014770507812
-99.96631622314453
-95.71321868896484
-99.92717742919922
-101.34561920166016
-99.94505310058594
-95.79054260253906
-97.88499450683594
-103.65354919433594
-101.63674926757812
-104.3885498046875
-99.16280364990234
-101.9938735961914
-102.34465026855469
-100.63219451904297
-104.87213897705078
-107.40308380126953
-99.5283203125
-97.71063232421875
-98.38216400146484
-96.92013549804688
-98.29949951171875
-104.91278076171875
-98.23136138916016
-100.53065490722656
-98.02740478515625
-102.29930877685547
-100.8653335571289
-96.37869262695312
-100.31513977050781
-98.85392761230469
-106.30213928222656
-97.26150512695312
-98.41990661621094
-99.30682373046875
-99.93307495117188
-100.66961669921875
-105.54759979248047
-105.85618591308594
-98.79518127441406
-98.59938049316406
-102.27545166015625
-96.94539642333984
-101.16358947753906
-105.93936157226562
-101.5364990234375
-95.44438934326172
-103.94425201416016
-104.07979583740234
-96.75713348388672
-98.98626708984375
-97.27381134033203
-106.04631805419922
-104.21685791015625
-105.23831176757812
-96.13453674316406
-99.39806365966797
-98.81072998046875
-101.02818298339844
-102.21426391601562
-102.23181915283203
-105.51228332519531
-104.47061157226562
-99.5691146850586
-103.14246368408203
-101.05863952636719
-96.20621490478516
-102.97764587402344
-104.91761779785156
-105.36237335205078
-104.34554290771484
-99.32516479492188
-100.72148132324219
-104.5842514038086
-97.64256286621094
-98.30990600585938
-97.11307525634766
-104.7948989868164
-94.39929962158203
-104.44659423828125
-95.78152465820312
-108.55471801757812
-103.0662841796875
-101.15922546386719
-102.47811889648438
-103.70729064941406
-102.87358093261719
-98.7636947631836
-101.11590576171875
-102.24434661865234
-99.56752014160156
-95.3536376953125
-100.2186508178711
-96.54097747802734
-100.91703796386719
-100.18924713134766
-99.00254821777344
-103.3088150024414
-98.30948638916016
-102.56590270996094
-96.87334442138672
-97.1932144165039
-106.17986297607422
-105.7179946899414
-100.85979461669922
-102.63214874267578
-103.58139038085938
-103.57208251953125
-97.36316680908203
-96.98795318603516
-100.2081298828125
-97.00232696533203
-100.83890533447266
-100.79695129394531
-97.186279296875
-100.11459350585938
-98.87068176269531
-107.00746154785156
-104.74461364746094
-100.14949798583984
-98.57881164550781
-101.08969116210938
-99.08023071289062
-97.37908172607422
-100.92269897460938
-97.4602279663086
-96.51950073242188
-101.43051147460938
-96.05826568603516
-98.7826919555664
-104.94279479980469
-101.65129852294922
-99.779296875
-104.09444427490234
-101.43470764160156
-101.08533477783203
-106.00096130371094
-98.93267822265625
-96.42498779296875
-101.47817993164062
-103.06746673583984
-101.35363006591797
-95.67514038085938
-108.00193786621094
-102.30201721191406
-104.63459777832031
-107.6913070678711
-103.10353088378906
-98.11637115478516
-95.30731964111328
-100.1543197631836
-97.3140640258789
-96.27436065673828
-99.12288665771484
-100.89180755615234
-109.66443634033203
-102.58726501464844
-105.93346405029297
-104.26832580566406
-101.37653350830078
-98.66557312011719
-101.97522735595703
-97.78460693359375
-98.5736083984375
-104.33604431152344
-97.27738189697266
-103.12791442871094
-99.51972961425781
-95.12037658691406
-101.01129913330078
-104.8536605834961
-101.06891632080078
-99.09976959228516
-104.39836120605469
-102.55597686767578
-103.12689971923828
-97.20380401611328
-98.70558166503906
-103.92257690429688
-96.31450653076172
-96.87997436523438
-103.734130859375
-104.54243469238281
-102.94195556640625
-104.20597076416016
-101.29421997070312
-99.47579193115234
-104.67053985595703
-102.8789291381836
-99.66809844970703
-98.073974609375
-98.90642547607422
-102.77252197265625
-101.65675354003906
-96.33932495117188
-101.96134948730469
-93.35803985595703
-97.93968963623047
-102.895751953125
-101.63475036621094
-100.86155700683594
-97.77277374267578
-99.9139633178711
-105.6056137084961
-97.83255767822266
-101.3754653930664
-109.47865295410156
-103.72370147705078
-100.85070037841797
-101.51226806640625
-99.91751098632812
-101.31348419189453
-104.0494613647461
-100.14424133300781
-99.21405029296875
-98.63096618652344
-100.10051727294922
-97.15093231201172
-103.01396179199219
-101.27152252197266
-99.2145767211914
-98.42681884765625
-100.46992492675781
-104.6720199584961
-105.63752746582031
-98.03240966796875
-100.5218505859375
-104.52691650390625
-98.82141876220703
-104.49286651611328
-97.74956512451172
-101.46601104736328
-104.12806701660156
-96.52759552001953
-101.14774322509766
-104.24497985839844
-101.06703186035156
-100.71064758300781
-102.47889709472656
-104.21788024902344
-97.5643310546875
-101.30686950683594
-99.78117370605469
-95.35842895507812
-97.73039245605469
-102.86980438232422
-98.9632339477539
-98.13237762451172
-104.67423248291016
-103.05391693115234
-101.6888656616211
-97.38946533203125
-99.06431579589844
-105.24652099609375
-102.7296142578125
-99.14479064941406
-97.32723236083984
-101.56490325927734
-97.19676208496094
-99.04097747802734
-100.73828887939453
-103.88787078857422
-95.2898941040039
-106.27505493164062
-99.14872741699219
-100.71698760986328
-95.75345611572266
-100.69734954833984
-96.79876708984375
-98.4067153930664
-99.4820785522461
-93.67809295654297
-100.91834259033203
-104.80386352539062
-100.38872528076172
-99.08319854736328
-106.33692169189453
-108.31830596923828
-95.82711029052734
-99.13449096679688
-107.03943634033203
-103.56393432617188
-97.67317199707031
-102.60759735107422
-99.38185119628906
-100.93631744384766
-97.16246795654297
-99.96529388427734
-101.40238189697266
-103.75184631347656
-96.96696472167969
-99.71347045898438
-103.88993835449219
-94.57682037353516
-93.02332305908203
-97.27651977539062
-97.71434783935547
-101.38282775878906
-100.01315307617188
-99.84156799316406
-105.66818237304688
-101.61837768554688
-99.4399642944336
-100.86763763427734
-98.78396606445312
-102.28213500976562
-101.78804016113281
-106.19331359863281
-95.1890869140625
-97.60961151123047
-99.59983825683594
-104.71292114257812
-101.40650939941406
-101.26403045654297
-99.13150024414062
-100.43365478515625
-102.59038543701172
-97.81209564208984
-97.05120849609375
-101.17805480957031
-98.97389221191406
-101.09212493896484
-102.99374389648438
-105.7049331665039
-101.99298858642578
-102.90308380126953
-102.97626495361328
-99.9991455078125
-103.15687561035156
-101.54498291015625
-105.23484802246094
-100.16938781738281
-96.47019958496094
-95.45889282226562
-102.93159484863281
-107.28143310546875
-102.61034393310547
-95.94922637939453
-101.8166732788086
-103.46022033691406
-104.69591522216797
-100.57447814941406
-100.362060546875
-97.0972900390625
-101.65892028808594
-100.00050354003906
-101.74929809570312
-100.36112976074219
-101.42109680175781
-99.17723846435547
-97.32186889648438
-92.54676055908203
-101.95069885253906
-102.22655487060547
-102.85042572021484
-100.715576171875
-103.74825286865234
-97.72003173828125
-98.57784271240234
-105.54367065429688
-97.51321411132812
-104.72370147705078
-101.4158935546875
-102.15764617919922
-95.19806671142578
-97.04612731933594
-102.59032440185547
-101.87853240966797
-98.27056121826172
-102.28550720214844
-100.76213836669922
-101.35498046875
-97.270263671875
-101.17302703857422
-101.00234985351562
-102.57052612304688
-105.24540710449219
-105.07305145263672
-99.84911346435547
-99.54268646240234
-96.61782836914062
-103.29975128173828
-95.74848175048828
-106.64382934570312
-100.33049774169922
-104.63902282714844
-97.75120544433594
-98.27960205078125
-98.81800842285156
-99.34378051757812
-99.44491577148438
-103.45901489257812
-103.62294006347656
-102.809326171875
-99.41890716552734
-105.03167724609375
-98.60059356689453
-105.4120101928711
-104.87932586669922
-104.69239807128906
-100.20283508300781
-107.30110931396484
-99.0868148803711
-104.10028076171875
-98.27970886230469
-99.43458557128906
-99.56979370117188
-103.94524383544922
-104.51486206054688
-103.66897583007812
-101.37287902832031
-101.37113189697266
-103.31804656982422
-101.39781188964844
-99.12029266357422
-105.26763153076172
-98.06512451171875
-100.9056625366211
-100.98409271240234
-97.6115493774414
-100.4824447631836
-100.63066864013672
-101.88005828857422
-99.12665557861328
-103.24170684814453
-100.94380187988281
-104.60210418701172
-107.84649658203125
-94.45590209960938
-102.48529815673828
-95.6942138671875
-103.82756042480469
-97.89366149902344
-98.98622131347656
-101.87911987304688
-105.30998229980469
-104.79915618896484
-103.55271911621094
-101.2484130859375
-101.57462310791016
-101.0182876586914
-103.05860900878906
