-100.50631713867188
-110.338134765625
-102.20211029052734
-107.64666748046875
-108.26692199707031
-106.08546447753906
-103.09559631347656
-95.17220306396484
-104.60545349121094
-100.35286712646484
-105.655517578125
-103.27284240722656
-106.38042449951172
-104.99917602539062
-102.6420669555664
-98.79070281982422
-98.13005065917969
-108.7926025390625
-104.3362808227539
-98.22367095947266
-104.75465393066406
-103.02867126464844
-103.6436767578125
-106.13776397705078
-108.09907531738281
-107.10826110839844
-99.84761810302734
-106.306396484375
-97.81954193115234
-101.40283203125
-106.59423065185547
-111.17061614990234
-108.1415023803711
-108.80314636230469
-107.46638488769531
-100.63343048095703
-101.35850524902344
-103.00408935546875
-103.81085205078125
-102.06698608398438
-98.66246795654297
-97.14593505859375
-106.34275817871094
-103.8185806274414
-100.71281433105469
-106.54147338867188
-105.79766082763672
-104.70716094970703
-102.5325927734375
-102.05459594726562
-99.62960815429688
-102.20934295654297
-102.30587005615234
-109.96440887451172
-106.97543334960938
-103.69764709472656
-107.39336395263672
-99.9020004272461
-94.98460388183594
-109.04137420654297
-102.4139404296875
-106.32550048828125
-98.93292236328125
-102.58447265625
-106.27704620361328
-99.1240234375
-104.85128784179688
-105.1440200805664
-102.49530792236328
-101.57180786132812
-105.06637573242188
-100.35237884521484
-101.4433364868164
-109.71759796142578
-101.95832061767578
-105.92024230957031
-100.78788757324219
-104.75928497314453
-103.28500366210938
-108.41752624511719
-100.94390869140625
-102.14027404785156
-96.92170715332031
-105.06072235107422
-107.60211181640625
-104.1640853881836
-104.8111801147461
-98.24298858642578
-105.85015869140625
-101.59776306152344
-102.45320129394531
-103.77445983886719
-103.16925048828125
-104.05342864990234
-106.93214416503906
-103.48165893554688
-104.00493621826172
-104.45457458496094
-102.44213104248047
-102.48009490966797
-106.7403793334961
-94.57318878173828
-105.53477478027344
-105.94525909423828
-100.71339416503906
-108.74515533447266
-105.48082733154297
-97.88240814208984
-102.90663146972656
-98.41405487060547
-105.546630859375
-96.41259765625
-105.25391387939453
-98.91507720947266
-103.12742614746094
-100.39073181152344
-103.76673889160156
-105.32633972167969
-101.0804443359375
-99.42745208740234
-109.88143920898438
-102.94515991210938
-104.93282318115234
-101.67131042480469
-96.32003021240234
-107.4115219116211
-100.74544525146484
-98.59959411621094
-101.44490814208984
-103.09965515136719
-100.76713562011719
-105.898193359375
-98.57332611083984
-102.59627532958984
-97.79338836669922
-101.39869689941406
-100.85839080810547
-103.5585708618164
-103.02584075927734
-103.1259994506836
-107.00604248046875
-104.02429962158203
-98.32283782958984
-101.02196502685547
-106.02105712890625
-101.62543487548828
-105.19738006591797
-103.34989929199219
-106.02262878417969
-105.5007553100586
-108.9054183959961
-99.18965911865234
-108.11158752441406
-105.1925048828125
-107.80545806884766
-110.04232788085938
-109.87611389160156
-102.59265899658203
-106.8513412475586
-99.55504608154297
-102.81214141845703
-102.380859375
-107.11460876464844
-101.35560607910156
-99.07146453857422
-99.40373229980469
-105.77014923095703
-109.6372299194336
-109.57984924316406
-102.13863372802734
-103.8223648071289
-95.15081787109375
-104.81442260742188
-101.7939453125
-98.42391204833984
-103.77094268798828
-100.9527359008789
-99.96734619140625
-103.0806884765625
-99.757080078125
-103.70906066894531
-106.55619812011719
-101.9835205078125
-101.43049621582031
-99.56977844238281
-105.27326202392578
-98.4557113647461
-104.06288146972656
-103.60535430908203
-106.13761901855469
-106.32456970214844
-99.06149291992188
-100.5721435546875
-103.16616821289062
-99.55416107177734
-102.79451751708984
-101.4513168334961
-105.9081039428711
-99.01496124267578
-102.38272094726562
-101.99256896972656
-102.87752532958984
-103.65855407714844
-99.37403106689453
-104.74291229248047
-106.10242462158203
-108.55927276611328
-98.34049987792969
-96.68968963623047
-105.59196472167969
-100.85589599609375
-104.6915283203125
-102.22830963134766
-109.1366958618164
-103.83942413330078
-105.7452392578125
-105.66224670410156
-101.47671508789062
-105.81365203857422
-101.66805267333984
-99.82787322998047
-108.63410949707031
-101.00408172607422
-107.76559448242188
-102.86924743652344
-105.1446304321289
-104.97496032714844
-105.54130554199219
-105.72087097167969
-105.56689453125
-109.51617431640625
-111.50594329833984
-104.79740905761719
-105.50511932373047
-106.1150894165039
-99.13306427001953
-105.34808349609375
-106.1533432006836
-107.21515655517578
-101.67765045166016
-106.72920227050781
-104.41697692871094
-102.96958923339844
-104.1766586303711
-102.41998291015625
-103.2474365234375
-103.88906860351562
-105.07508087158203
-102.07026672363281
-99.42159271240234
-106.34439849853516
-103.51719665527344
-99.56229400634766
-97.13192749023438
-102.46440887451172
-101.97176361083984
-104.91046142578125
-110.88260650634766
-101.6493911743164
-104.76763153076172
-106.96597290039062
-104.44483947753906
-103.3156509399414
-98.50621795654297
-99.81098937988281
-103.31876373291016
-103.55626678466797
-97.70864868164062
-99.51605987548828
-104.60520935058594
-100.70060729980469
-103.43305969238281
-103.18277740478516
-104.4241943359375
-97.55039978027344
-104.01545715332031
-104.66160583496094
-97.90365600585938
-101.91219329833984
-103.57894134521484
-97.47962951660156
-100.71195220947266
-102.72649383544922
-99.04707336425781
-98.42174530029297
-105.27896881103516
-101.53070831298828
-106.95037078857422
-106.16138458251953
-102.73065948486328
-103.92830657958984
-98.86656951904297
-101.6007308959961
-107.04264068603516
-103.95659637451172
-102.38175964355469
-101.43928527832031
-105.78361511230469
-102.84410095214844
-100.89443969726562
-101.74980163574219
-103.01364135742188
-106.93161010742188
-104.02853393554688
-106.755859375
-100.20751953125
-100.53718566894531
-107.31757354736328
-104.70431518554688
-105.9416732788086
-106.19414520263672
-101.57115173339844
-100.26346588134766
-106.67964935302734
-98.64846801757812
-102.4694595336914
-98.78422546386719
-105.68853759765625
-101.89559936523438
-102.76969146728516
-103.2663345336914
-108.51519775390625
-101.08350372314453
-98.6489028930664
-101.39152526855469
-105.54345703125
-107.19507598876953
-100.6952133178711
-105.04704284667969
-104.46630096435547
-104.78456115722656
-101.20977783203125
-102.10824584960938
-105.44841003417969
-108.39381408691406
-106.97955322265625
-102.5693130493164
-104.42436218261719
-102.7479476928711
-109.6588363647461
-108.19561767578125
-103.90169525146484
-106.60894775390625
-102.17925262451172
-107.2856216430664
-101.10870361328125
-99.33079528808594
-100.4207992553711
-103.37139892578125
-109.11415100097656
-103.677978515625
-105.41674041748047
-106.92571258544922
-105.6656494140625
-102.01070404052734
-106.72752380371094
-104.48741149902344
-107.06382751464844
-108.97400665283203
-105.09496307373047
-107.25048065185547
-106.4579849243164
-104.34334564208984
-109.42147064208984
-105.162841796875
-104.83588409423828
-103.53687286376953
-101.51612854003906
-108.19499206542969
-103.99405670166016
-103.32783508300781
-105.73786926269531
-98.19340515136719
-108.8635482788086
-106.13062286376953
-107.40648651123047
-99.57746124267578
-100.8936767578125
-98.88044738769531
-102.76913452148438
-101.7479019165039
-97.50049591064453
-100.48179626464844
-98.30754089355469
-106.66228485107422
-101.89790344238281
-99.70661163330078
-104.84928131103516
-107.11750030517578
-102.2584228515625
-98.3875961303711
-100.42662811279297
-101.95760345458984
-102.1152114868164
-102.28006744384766
-100.40986633300781
-96.68645477294922
-106.4647216796875
-99.13675689697266
-101.93756103515625
-103.20548248291016
-100.89239501953125
-103.86731719970703
-99.1459732055664
-101.17889404296875
-110.58486938476562
-98.14495086669922
-103.90642547607422
-105.42314910888672
-104.91651153564453
-109.55043029785156
-107.08892822265625
-104.53014373779297
-100.50358581542969
-101.93890380859375
-97.82120513916016
-109.46263122558594
-100.2149887084961
-98.90019989013672
-104.77051544189453
-106.38874816894531
-97.54780578613281
-103.18366241455078
-107.53340911865234
-99.4537353515625
-101.04409790039062
-104.12431335449219
-100.07296752929688
-97.53518676757812
-110.02781677246094
-101.23686981201172
-108.37468719482422
-98.01695251464844
-102.54153442382812
-98.51825714111328
-106.65032196044922
-102.29894256591797
-104.71727752685547
-103.52954864501953
-102.85514831542969
-104.98198699951172
-101.7157974243164
-108.70025634765625
-94.41746520996094
-103.01611328125
-100.49951171875
-105.12705993652344
-99.56051635742188
-100.35265350341797
-104.645263671875
-101.91899871826172
-107.63398742675781
-102.26721954345703
-102.07633972167969
-109.59282684326172
-102.23548889160156
-106.33160400390625
-106.01537322998047
-107.64641571044922
-97.73954772949219
-104.24752807617188
-99.20719909667969
-108.54408264160156
-95.11819458007812
-100.39338684082031
-107.92484283447266
-109.2037353515625
-106.04544067382812
-99.71409606933594
-96.24620056152344
-102.83743286132812
-100.35198974609375
-102.79401397705078
-102.68301391601562
-99.7863540649414
-102.06965637207031
-101.02885437011719
-109.40719604492188
-100.08753967285156
-100.82843780517578
-95.20343780517578
-101.38285827636719
-102.15474700927734
-97.41593170166016
-108.22561645507812
-101.86779022216797
-102.24943542480469
-97.70477294921875
-103.95523071289062
-106.88849639892578
-99.95838928222656
-99.10542297363281
-101.05994415283203
-105.94509887695312
-101.4572525024414
-105.53958892822266
-99.34002685546875
-102.42739868164062
-97.8663101196289
-105.6151351928711
-100.94405364990234
-101.89582061767578
-98.92376708984375
-100.47017669677734
-104.41381072998047
-102.70209503173828
-106.29332733154297
-99.89616394042969
-105.74967193603516
-104.57869720458984
-103.17512512207031
-106.62224578857422
-108.44339752197266
-101.30290985107422
-99.59781646728516
-98.39048767089844
-101.28702545166016
-100.45542907714844
-107.41951751708984
-100.48745727539062
-103.6749267578125
-99.25834655761719
-104.59906768798828
-103.18396759033203
-99.20781707763672
-103.19256591796875
-99.82807159423828
-108.7264175415039
-100.08920288085938
-100.07763671875
-101.3073959350586
-103.84942626953125
-103.35485076904297
-107.69486236572266
-107.94725036621094
-100.14339447021484
-101.27982330322266
-103.57525634765625
-99.72489166259766
-102.75074005126953
-108.2616958618164
-103.36686706542969
-98.29987335205078
-105.74881744384766
-106.296630859375
-100.67768859863281
-102.07763671875
-99.5561294555664
-107.29581451416016
-105.57174682617188
-107.54204559326172
-97.87967681884766
-101.5442886352539
-101.25523376464844
-104.85963439941406
-104.40473937988281
-104.88211822509766
-105.26310729980469
-104.8211441040039
-100.65221405029297
-106.1343002319336
-103.09412384033203
-99.13343048095703
-103.03756713867188
-107.34037017822266
-108.83311462402344
-106.49275207519531
-99.01242065429688
-102.10057067871094
-106.40438079833984
-100.86488342285156
-97.28975677490234
-99.87350463867188
-108.19551086425781
-96.00980377197266
-105.86454772949219
-98.50627899169922
-113.69149780273438
-108.01461029052734
-103.29247283935547
-104.62325286865234
-104.24552917480469
-103.59829711914062
-99.75810241699219
-102.70352935791016
-104.15032196044922
-101.92272186279297
-97.61433410644531
-101.73780822753906
-96.56609344482422
-103.18964385986328
-102.11302185058594
-100.59427642822266
-105.24427795410156
-100.75860595703125
-103.1829833984375
-99.32278442382812
-98.75313568115234
-109.9856948852539
-105.00544738769531
-100.99960327148438
-102.75531768798828
-104.20012664794922
-105.14897155761719
-99.0093994140625
-99.88251495361328
-100.83454895019531
-98.49620056152344
-105.39540100097656
-101.75161743164062
-99.14028930664062
-103.33937072753906
-102.18091583251953
-110.57725524902344
-106.96826934814453
-102.69905853271484
-102.29344940185547
-103.41641235351562
-99.85618591308594
-100.91522979736328
-101.89576721191406
-98.86677551269531
-101.14196014404297
-104.07203674316406
-98.04914855957031
-102.63766479492188
-106.40550231933594
-102.6822280883789
-101.50663757324219
-106.6547622680664
-106.29959869384766
-104.54824829101562
-109.45355224609375
-100.76396942138672
-99.42636108398438
-104.23241424560547
-105.00067138671875
-103.10282897949219
-97.96321105957031
-108.72574615478516
-106.02902221679688
-107.49868774414062
-110.18805694580078
-102.7765121459961
-100.70515441894531
-95.56784057617188
-100.8454818725586
-101.04865264892578
-99.65155029296875
-103.27946472167969
-102.27007293701172
-111.54907989501953
-104.27159118652344
-108.87671661376953
-107.7492904663086
-103.06739044189453
-99.21392822265625
-104.90570831298828
-100.6091537475586
-100.60247039794922
-106.88909912109375
-98.74638366699219
-107.25096130371094
-102.32759857177734
-98.10066986083984
-101.44314575195312
-108.49627685546875
-100.73590850830078
-102.13511657714844
-105.68729400634766
-104.74109649658203
-105.25594329833984
-99.93843841552734
-100.73751831054688
-106.35804748535156
-98.21223449707031
-101.01045989990234
-105.44843292236328
-106.40265655517578
-107.888671875
-103.71528625488281
-103.53378295898438
-98.33251190185547
-105.89375305175781
-106.27056884765625
-102.88834381103516
-99.64202880859375
-101.53508758544922
-104.04173278808594
-103.32352447509766
-100.92340850830078
-104.22077941894531
-94.97061920166016
-102.37336730957031
-103.8233642578125
-103.48046112060547
-104.4005126953125
-100.35851287841797
-103.70161437988281
-102.44141387939453
-101.51525115966797
-103.38484191894531
-111.25436401367188
-107.49726867675781
-101.34556579589844
-103.4900894165039
-104.2582778930664
-101.95897674560547
-105.43939971923828
-103.76486206054688
-101.32975769042969
-102.72467803955078
-103.27153778076172
-98.41753387451172
-104.6059341430664
-102.8753433227539
-100.23953247070312
-99.2500991821289
-102.19306945800781
-106.53572845458984
-108.7040786743164
-100.68482208251953
-102.51070404052734
-105.32188415527344
-103.3885498046875
-106.41211700439453
-99.7440185546875
-103.47737884521484
-105.93505096435547
-98.8344497680664
-101.3382568359375
-106.1406021118164
-104.02562713623047
-102.65328216552734
-103.88172912597656
-106.16896057128906
-98.63611602783203
-103.88931274414062
-103.1770248413086
-98.49978637695312
-101.2823257446289
-104.72090911865234
-99.76219940185547
-100.19346618652344
-105.73795318603516
-103.07859802246094
-102.74513244628906
-101.82512664794922
-101.5982437133789
-106.09196472167969
-104.378173828125
-103.57050323486328
-99.15039825439453
-102.5794906616211
-97.85265350341797
-102.37063598632812
-103.91739654541016
-104.6001968383789
-99.39970397949219
-107.04519653320312
-99.9031982421875
-102.99859619140625
-96.95935821533203
-103.01773071289062
-98.41793823242188
-101.06074523925781
-103.39790344238281
-95.95085906982422
-102.83814239501953
-107.04954528808594
-100.82782745361328
-99.22845458984375
-108.5610580444336
-110.2572021484375
-98.4981918334961
-99.62664031982422
-108.7675552368164
-106.7542495727539
-98.2245101928711
-105.56428527832031
-100.51744079589844
-103.28901672363281
-99.96026611328125
-101.11257934570312
-104.4503402709961
-106.1165771484375
-98.99010467529297
-104.39608001708984
-104.90470123291016
-98.55672454833984
-95.01793670654297
-100.03335571289062
-99.13493347167969
-102.212158203125
-100.82373046875
-104.05867767333984
-108.51358032226562
-105.21737670898438
-101.68128204345703
-105.51708984375
-102.20884704589844
-103.80989074707031
-103.19718170166016
-107.86097717285156
-98.73765563964844
-103.84696197509766
-101.89080047607422
-106.20773315429688
-103.19575500488281
-104.35755157470703
-102.62420654296875
-101.13826751708984
-107.59814453125
-96.75223541259766
-101.0676498413086
-102.7447738647461
-102.36506652832031
-103.35823822021484
-102.19351196289062
-107.30489349365234
-103.61902618408203
-104.85260772705078
-105.36990356445312
-101.93246459960938
-103.77235412597656
-101.4106674194336
-104.42823028564453
-101.55450439453125
-97.91696166992188
-98.87783813476562
-104.68141174316406
-111.04954528808594
-103.24927520751953
-98.01494598388672
-102.86173248291016
-105.48470306396484
-105.95640563964844
-103.3088607788086
-101.38152313232422
-103.9189453125
-104.42149353027344
-101.66793823242188
-101.08578491210938
-103.42295837402344
-102.8185806274414
-99.45759582519531
-100.02964782714844
-96.98278045654297
-103.06119537353516
-105.05448913574219
-103.86613464355469
-105.9937973022461
-105.79058074951172
-99.63574981689453
-101.98778533935547
-104.61209869384766
-100.00084686279297
-108.09576416015625
-101.60350799560547
-104.27684020996094
-97.38136291503906
-99.59066772460938
-103.77745056152344
-102.20653533935547
-101.95345306396484
-103.925537109375
-100.97962951660156
-103.90098571777344
-98.92064666748047
-103.23338317871094
-102.26580810546875
-102.37821197509766
-107.03619384765625
-107.4439926147461
-100.9627685546875
-101.79130554199219
-97.83857727050781
-108.13407897949219
-96.74266052246094
-109.54690551757812
-102.76698303222656
-107.49849700927734
-100.12200164794922
-97.90522003173828
-101.8086166381836
-101.17496490478516
-102.7227554321289
-104.6484603881836
-106.87174224853516
-104.14038848876953
-100.29698944091797
-105.36962127685547
-102.93558502197266
-106.89412689208984
-107.07978820800781
-104.36996459960938
-103.32273864746094
-107.4916000366211
-101.87116241455078
-104.6556625366211
-100.00447082519531
-102.34170532226562
-103.48785400390625
-104.88478088378906
-105.27767944335938
-104.78404998779297
-104.28636169433594
-100.95745849609375
-107.7899398803711
-102.06474304199219
-100.91130065917969
-107.2214584350586
-98.55323791503906
-105.61300659179688
-103.05625915527344
-99.5744400024414
-103.57746887207031
-103.26382446289062
-101.64789581298828
-101.4981689453125
-106.77783203125
-105.47364044189453
-104.01199340820312
-108.01380920410156
-95.9267349243164
-105.69325256347656
-97.0693130493164
-104.99461364746094
-98.1562271118164
-100.13941955566406
-103.60240173339844
-103.06105041503906
-106.78475189208984
-105.96005249023438
-101.82762145996094
-104.75764465332031
-103.98933410644531
-108.3160629272461
