-98.89938354492188
-107.86249542236328
-100.48788452148438
-104.89022827148438
-107.59040069580078
-105.98029327392578
-101.73578643798828
-92.65032196044922
-103.15447235107422
-98.79973602294922
-103.23524475097656
-100.59024810791016
-105.01882934570312
-102.50359344482422
-100.44064331054688
-96.5559310913086
-97.17840576171875
-106.89350128173828
-102.42989349365234
-97.66139221191406
-101.89205169677734
-100.04461669921875
-100.36155700683594
-104.38880157470703
-105.74836730957031
-104.98947143554688
-98.67899322509766
-103.72472381591797
-98.06622314453125
-99.09959411621094
-104.1129379272461
-111.05986022949219
-106.27057647705078
-106.0345458984375
-106.49527740478516
-98.25235748291016
-99.1253890991211
-101.71676635742188
-103.33596801757812
-101.28269958496094
-96.86490631103516
-96.0111083984375
-104.5364761352539
-101.96768188476562
-98.16345977783203
-103.00747680664062
-103.99312591552734
-104.26793670654297
-102.20870971679688
-99.44734191894531
-99.7193374633789
-100.88995361328125
-99.52511596679688
-109.04290771484375
-105.1197738647461
-102.39802551269531
-104.14836120605469
-98.75685119628906
-93.8692398071289
-105.98534393310547
-100.23855590820312
-102.94764709472656
-96.99800109863281
-100.18350219726562
-103.28121185302734
-96.4669189453125
-100.92680358886719
-102.49372863769531
-100.65926361083984
-97.89269256591797
-102.76837158203125
-98.41461181640625
-99.3533706665039
-106.7007064819336
-100.28494262695312
-103.02102661132812
-98.5212173461914
-102.57434844970703
-100.47019958496094
-104.90402221679688
-99.5042953491211
-101.77900695800781
-96.22666931152344
-102.28032684326172
-106.11783599853516
-101.46844482421875
-103.26226806640625
-97.2844467163086
-103.61788940429688
-97.52278137207031
-99.02486419677734
-100.5716323852539
-101.42328643798828
-103.12664031982422
-105.18681335449219
-100.00479125976562
-102.16270446777344
-102.40248107910156
-101.3453369140625
-99.96182250976562
-103.12574768066406
-94.6748046875
-103.64864349365234
-103.81498718261719
-98.45359802246094
-106.11643981933594
-102.1118392944336
-96.19538116455078
-101.71221923828125
-94.91085815429688
-103.83177185058594
-94.9437484741211
-102.20650482177734
-96.51918029785156
-99.80292510986328
-97.9996337890625
-101.40655517578125
-102.96929931640625
-98.23988342285156
-98.55451965332031
-108.05085754394531
-101.56669616699219
-102.90440368652344
-98.89116668701172
-92.66974639892578
-104.7658462524414
-98.43680572509766
-95.80819702148438
-100.4090576171875
-99.95282745361328
-97.05548095703125
-102.8003158569336
-95.458984375
-100.2512435913086
-94.81591033935547
-97.51940155029297
-99.04838562011719
-102.68791198730469
-101.21832275390625
-99.42074584960938
-102.93226623535156
-101.5965576171875
-97.84358215332031
-98.86827087402344
-104.09174346923828
-99.3270263671875
-101.93024444580078
-101.19607543945312
-103.5690689086914
-103.27545928955078
-107.8778076171875
-96.9863510131836
-104.14222717285156
-103.16326904296875
-104.51789855957031
-108.05815887451172
-106.60272979736328
-102.10193634033203
-104.55340576171875
-98.45712280273438
-100.43515014648438
-98.93075561523438
-105.69281005859375
-99.52689361572266
-98.30936431884766
-98.42610168457031
-103.46367645263672
-106.84500885009766
-106.63382720947266
-100.2657699584961
-102.29297637939453
-92.9738998413086
-101.70378875732422
-101.11087799072266
-97.68763732910156
-101.768310546875
-100.95529174804688
-98.91295623779297
-101.6194076538086
-98.76976776123047
-100.62408447265625
-105.74250793457031
-101.22513580322266
-100.0622329711914
-97.91805267333984
-102.28927612304688
-97.29779815673828
-102.73796844482422
-100.92098999023438
-103.63945770263672
-105.01164245605469
-98.26820373535156
-98.68997955322266
-102.24220275878906
-98.7308578491211
-101.60577392578125
-99.42294311523438
-104.17635345458984
-97.6987533569336
-101.66244506835938
-98.89561462402344
-100.62753295898438
-101.78910064697266
-96.09957122802734
-103.09553527832031
-104.47814178466797
-106.3089828491211
-96.86494445800781
-94.67501068115234
-103.15213012695312
-100.6301498413086
-102.887939453125
-99.87303161621094
-107.59020233154297
-99.95764923095703
-103.7237777709961
-103.06024169921875
-99.36548614501953
-104.46063995361328
-98.49179077148438
-97.96844482421875
-107.343017578125
-98.92984771728516
-106.59795379638672
-100.96040344238281
-104.38264465332031
-104.00161743164062
-103.2647933959961
-104.29537963867188
-105.0107192993164
-108.45735931396484
-110.52291870117188
-103.40520477294922
-102.55684661865234
-104.29063415527344
-96.06014251708984
-103.65228271484375
-104.82563018798828
-103.68108367919922
-99.99755859375
-105.24472045898438
-101.70057678222656
-101.74925231933594
-102.8858871459961
-101.70447540283203
-101.46139526367188
-101.19973754882812
-102.32135772705078
-100.01043701171875
-98.03047180175781
-104.0428695678711
-100.60655212402344
-97.50236511230469
-95.58902740478516
-99.97138977050781
-99.70384979248047
-102.20945739746094
-108.54967498779297
-99.10625457763672
-102.09312438964844
-104.14848327636719
-101.50450134277344
-101.0749282836914
-96.7069320678711
-98.65673828125
-102.60327911376953
-102.13320922851562
-95.26937103271484
-98.07709503173828
-102.47731018066406
-100.72654724121094
-101.13390350341797
-101.01025390625
-105.50083923339844
-95.78800964355469
-101.41790008544922
-102.08345794677734
-96.5757827758789
-100.21586608886719
-102.32552337646484
-94.6285400390625
-98.99508666992188
-101.91146087646484
-98.92940521240234
-95.70925903320312
-103.22103118896484
-98.93010711669922
-104.02754211425781
-103.3331298828125
-100.874755859375
-102.53963470458984
-95.29473114013672
-99.68277740478516
-106.0493392944336
-102.55928802490234
-101.08563232421875
-98.69550323486328
-104.36096954345703
-102.14891052246094
-98.58628845214844
-99.71737670898438
-102.15071105957031
-105.58692932128906
-102.41355895996094
-105.29276275634766
-97.53334045410156
-99.42542266845703
-105.53475189208984
-102.31255340576172
-103.12390899658203
-105.01008605957031
-99.53616333007812
-98.30997467041016
-103.49578094482422
-97.22222900390625
-100.4219741821289
-96.50924682617188
-104.81332397460938
-100.66004180908203
-101.43089294433594
-101.99930572509766
-107.59263610839844
-98.69229888916016
-96.60795593261719
-98.12757110595703
-103.0250015258789
-105.57785034179688
-98.59891510009766
-104.27934265136719
-102.14556121826172
-102.81401824951172
-99.70164489746094
-100.72113037109375
-102.52127075195312
-106.42388916015625
-103.29867553710938
-99.83951568603516
-102.2092514038086
-98.49992370605469
-107.75674438476562
-106.38837432861328
-101.64054107666016
-104.80406188964844
-98.63275146484375
-105.87921905517578
-98.84615325927734
-98.26588439941406
-99.89246368408203
-101.67255401611328
-107.6611328125
-101.9693832397461
-100.61807250976562
-104.3615493774414
-104.23737335205078
-98.764892578125
-105.00460052490234
-103.02022552490234
-105.32661437988281
-107.57723236083984
-102.95571899414062
-104.68257904052734
-103.90552520751953
-101.48365783691406
-107.69795227050781
-104.1201400756836
-102.92494201660156
-102.64988708496094
-100.68028259277344
-107.008056640625
-102.54816436767578
-100.31952667236328
-103.59449768066406
-95.36590576171875
-107.08627319335938
-103.15216827392578
-104.41010284423828
-97.46849060058594
-98.33064270019531
-96.23411560058594
-100.02826690673828
-100.02167510986328
-96.38925170898438
-99.08456420898438
-96.64222717285156
-104.33995056152344
-100.69409942626953
-97.60636901855469
-101.39207458496094
-104.93982696533203
-99.77864837646484
-96.63490295410156
-98.19791412353516
-100.64837646484375
-99.99085998535156
-100.66883087158203
-98.86243438720703
-94.24057006835938
-104.82440948486328
-97.9176254272461
-99.11262512207031
-101.24380493164062
-99.01213836669922
-101.95405578613281
-97.78102111816406
-99.89331817626953
-107.5948257446289
-95.64916229248047
-101.3318862915039
-102.9218978881836
-103.16078186035156
-107.00553131103516
-103.2329330444336
-104.0551528930664
-97.89641571044922
-99.27302551269531
-95.2997817993164
-107.06343078613281
-97.99128723144531
-97.14190673828125
-104.31257629394531
-103.77320098876953
-96.77783966064453
-101.39127349853516
-105.27131652832031
-96.4588851928711
-100.00028228759766
-100.4438705444336
-98.59993743896484
-96.53250885009766
-107.85938262939453
-97.70948791503906
-106.68476104736328
-95.70578002929688
-100.19788360595703
-96.62210083007812
-104.77527618408203
-100.6054916381836
-103.41439819335938
-100.46977996826172
-100.86039733886719
-102.38036346435547
-100.54003143310547
-106.67888641357422
-94.07437896728516
-99.59185791015625
-98.548828125
-101.84441375732422
-97.65934753417969
-98.79082489013672
-102.06710052490234
-100.61840057373047
-105.20556640625
-101.03675079345703
-99.48100280761719
-106.31101989746094
-101.08236694335938
-103.8527603149414
-103.42830657958984
-105.93124389648438
-97.09019470214844
-102.34980773925781
-97.00537109375
-107.20622253417969
-94.59581756591797
-98.87947845458984
-105.7099380493164
-106.13584899902344
-103.43595886230469
-96.48011779785156
-96.3506851196289
-101.95484161376953
-99.6810073852539
-101.59909057617188
-100.43991088867188
-97.73464965820312
-99.16614532470703
-99.23456573486328
-107.74476623535156
-98.31352233886719
-99.18431854248047
-91.94368743896484
-98.63835906982422
-100.80044555664062
-95.27677154541016
-105.1688461303711
-100.70631408691406
-100.08660888671875
-95.13977813720703
-101.24173736572266
-103.23754119873047
-98.96260833740234
-96.8541488647461
-97.95410919189453
-105.13414001464844
-99.54794311523438
-105.1122055053711
-98.82450103759766
-100.03434753417969
-94.73860931396484
-101.49887084960938
-99.38118743896484
-99.97122192382812
-96.84919738769531
-97.4906234741211
-102.26476287841797
-100.60086059570312
-103.3856430053711
-99.26898193359375
-104.1825942993164
-102.64329528808594
-101.30034637451172
-103.7430419921875
-105.79005432128906
-99.38998413085938
-98.06631469726562
-96.85513305664062
-98.69718170166016
-99.77152252197266
-104.8401870727539
-99.61992645263672
-102.73926544189453
-97.22821807861328
-102.72799682617188
-102.06383514404297
-97.24170684814453
-102.4502944946289
-98.95076751708984
-106.57186126708984
-99.70418548583984
-96.55296325683594
-98.82557678222656
-100.4638671875
-101.15413665771484
-105.29000091552734
-105.05191802978516
-98.8544692993164
-99.70172882080078
-101.70291137695312
-98.70113372802734
-100.90682983398438
-105.33570098876953
-100.86992645263672
-95.48819732666016
-102.77130126953125
-104.30999755859375
-98.53767395019531
-99.88310241699219
-99.21138763427734
-106.3522720336914
-104.67887878417969
-105.08757781982422
-95.60737609863281
-99.48186492919922
-100.195556640625
-101.75150299072266
-102.33221435546875
-101.01461029052734
-104.00228118896484
-103.57319641113281
-99.66886901855469
-104.48239135742188
-102.56170654296875
-97.11530303955078
-102.54441833496094
-105.72488403320312
-107.76998138427734
-103.63948822021484
-96.6561279296875
-100.6461181640625
-105.9263687133789
-98.25695037841797
-97.04017639160156
-98.50924682617188
-106.75352478027344
-94.34435272216797
-104.48915100097656
-96.67440032958984
-109.82708740234375
-106.86968994140625
-100.98783111572266
-102.982421875
-102.8338851928711
-103.14851379394531
-98.07465362548828
-100.30425262451172
-102.91459655761719
-100.42860412597656
-96.62325286865234
-100.99362182617188
-95.21302795410156
-101.80872344970703
-100.47895812988281
-99.45869445800781
-105.16647338867188
-99.17562866210938
-102.93131256103516
-98.01885986328125
-97.56262969970703
-106.35859680175781
-104.47410583496094
-101.01773834228516
-101.43246459960938
-102.81380462646484
-103.62380981445312
-96.65387725830078
-98.64337921142578
-100.05148315429688
-96.83790588378906
-103.09834289550781
-101.00799560546875
-97.74099731445312
-101.40070343017578
-98.77932739257812
-108.61018371582031
-105.06476593017578
-101.8549575805664
-100.78067016601562
-102.1269302368164
-99.63653564453125
-99.5759048461914
-100.24115753173828
-97.6037368774414
-98.61127471923828
-100.728759765625
-98.42424011230469
-99.78297424316406
-105.51303100585938
-100.69596862792969
-100.59272766113281
-105.4285659790039
-103.46866607666016
-102.85264587402344
-105.46334838867188
-98.92826080322266
-98.60559844970703
-102.61917877197266
-104.04105377197266
-99.98653411865234
-95.56623840332031
-105.89385223388672
-104.46802520751953
-104.79814147949219
-107.53861999511719
-99.29310607910156
-97.97152709960938
-93.6839828491211
-99.43218231201172
-99.57377624511719
-98.49404907226562
-100.99712371826172
-99.21530151367188
-108.56167602539062
-102.68375396728516
-107.08787536621094
-105.79730987548828
-99.87384796142578
-97.68827056884766
-102.02061462402344
-97.92988586425781
-99.00057983398438
-105.43294525146484
-97.15428161621094
-103.70604705810547
-100.35365295410156
-97.444091796875
-99.84089660644531
-106.15612030029297
-99.53511047363281
-100.70011901855469
-104.24507904052734
-101.95750427246094
-103.28296661376953
-97.84547424316406
-99.12348175048828
-104.58721923828125
-96.77030944824219
-99.35598754882812
-103.2245101928711
-103.83993530273438
-106.94035339355469
-102.54473114013672
-101.38878631591797
-97.65101623535156
-105.08029174804688
-104.07830810546875
-99.80855560302734
-99.34283447265625
-99.98947143554688
-103.57725524902344
-100.41970825195312
-99.56182098388672
-103.69512939453125
-92.27970123291016
-99.50944519042969
-102.18605041503906
-102.55325317382812
-103.08905029296875
-98.03878021240234
-102.42487335205078
-101.7114486694336
-97.8980712890625
-101.57496643066406
-108.70211791992188
-104.52133178710938
-100.4886474609375
-101.75737762451172
-102.04208374023438
-99.56124877929688
-103.83113861083984
-102.51631927490234
-100.13726043701172
-99.96282196044922
-101.3481674194336
-97.89411163330078
-102.3502197265625
-100.77156829833984
-98.0106430053711
-97.74171447753906
-99.64402770996094
-104.16571807861328
-107.82859802246094
-99.83990478515625
-101.15084838867188
-105.3651351928711
-101.25567626953125
-104.3089599609375
-98.12891387939453
-101.72799682617188
-104.22412872314453
-97.4043960571289
-99.96177673339844
-105.67625427246094
-101.29263305664062
-101.63834381103516
-102.45152282714844
-104.25001525878906
-96.9678955078125
-102.12711334228516
-101.76390075683594
-96.66260528564453
-99.39227294921875
-102.89280700683594
-98.33281707763672
-98.0955581665039
-103.43130493164062
-101.32264709472656
-100.01115417480469
-99.18869018554688
-100.16441345214844
-103.75695037841797
-102.3519058227539
-99.9015884399414
-98.2710189819336
-101.0877914428711
-96.06271362304688
-100.92019653320312
-100.69902038574219
-102.79582214355469
-98.53990936279297
-105.01732635498047
-98.566162109375
-100.73805236816406
-96.47295379638672
-101.3912353515625
-97.2044677734375
-98.7195816040039
-102.6824722290039
-93.83792877197266
-101.50547790527344
-105.18022155761719
-97.75752258300781
-98.47469329833984
-105.93275451660156
-108.18893432617188
-98.19252014160156
-98.86096954345703
-107.23809814453125
-104.12265014648438
-96.02262115478516
-103.15715026855469
-99.67910766601562
-101.1451416015625
-97.75066375732422
-101.43899536132812
-104.30780029296875
-103.34833526611328
-95.61187744140625
-101.6858901977539
-102.99629974365234
-97.0827407836914
-93.24638366699219
-97.65741729736328
-98.99803924560547
-100.52233123779297
-98.48546600341797
-102.6551742553711
-107.06964111328125
-102.50484466552734
-98.54817962646484
-102.8116683959961
-99.81543731689453
-103.11624145507812
-102.11764526367188
-105.20370483398438
-96.51898193359375
-101.74949645996094
-99.27262115478516
-104.00070190429688
-101.99823760986328
-103.54158782958984
-100.02958679199219
-98.07890319824219
-104.50199127197266
-94.59087371826172
-98.5742416381836
-101.12943267822266
-100.4969253540039
-101.85535430908203
-100.70209503173828
-104.9509048461914
-101.46223449707031
-101.9548110961914
-104.68194580078125
-99.95073699951172
-102.35517120361328
-100.60769653320312
-103.18276977539062
-100.18191528320312
-97.44692993164062
-96.75733184814453
-103.9540023803711
-109.3297348022461
-101.77617645263672
-96.18974304199219
-100.35755157470703
-104.04127502441406
-104.41256713867188
-102.8426513671875
-99.82952117919922
-101.81858825683594
-103.88206481933594
-101.90543365478516
-100.0415267944336
-102.2739028930664
-100.75027465820312
-98.1187515258789
-98.06253814697266
-97.29248046875
-100.39813995361328
-104.52210998535156
-101.97749328613281
-102.1017074584961
-102.2541732788086
-97.531494140625
-100.02116394042969
-102.95911407470703
-98.04436492919922
-106.43983459472656
-99.72136688232422
-102.36679077148438
-94.87794494628906
-96.72928619384766
-103.10405731201172
-100.38249969482422
-99.22367095947266
-101.23304748535156
-99.53741455078125
-102.0578842163086
-97.73445129394531
-101.40528869628906
-101.15508270263672
-100.16462707519531
-105.96131896972656
-105.01951599121094
-99.6661376953125
-101.20719909667969
-95.59391784667969
-105.30655670166016
-94.39029693603516
-107.12212371826172
-100.167236328125
-104.66680908203125
-99.61014556884766
-95.05716705322266
-98.7042007446289
-98.94053649902344
-101.09931945800781
-103.14874267578125
-106.12501525878906
-102.8956069946289
-99.04825592041016
-103.18003845214844
-99.72699737548828
-105.67570495605469
-105.41712951660156
-102.74321746826172
-101.12613677978516
-106.70745849609375
-98.76744079589844
-103.076416015625
-96.91975402832031
-100.3288803100586
-100.61859893798828
-101.9013900756836
-102.46199035644531
-104.27560424804688
-101.59012603759766
-98.7686538696289
-105.12074279785156
-100.09249114990234
-99.27130889892578
-104.55206298828125
-97.54418182373047
-103.92318725585938
-102.20418548583984
-97.0940170288086
-101.76331329345703
-102.11475372314453
-99.7034683227539
-99.20206451416016
-103.821533203125
-104.02893829345703
-102.2027587890625
-106.62352752685547
-93.6839599609375
-103.6273193359375
-94.07521057128906
-103.92847442626953
-95.84480285644531
-98.61727142333984
-101.64981842041016
-102.68801879882812
-104.06167602539062
-103.83970642089844
-100.57796478271484
-102.43232727050781
-101.21688842773438
-106.57562255859375
