-98.50778198242188
-110.13790893554688
-101.90733337402344
-106.78437805175781
-107.5670166015625
-106.65595245361328
-101.51251220703125
-94.0389175415039
-105.28277587890625
-98.95397186279297
-104.1497802734375
-101.76072692871094
-105.60706329345703
-104.79661560058594
-99.82804870605469
-97.39134979248047
-97.04769134521484
-108.20075225830078
-103.78230285644531
-99.4800796508789
-101.87840270996094
-99.78762817382812
-102.26776885986328
-105.61253356933594
-106.6196517944336
-106.7572250366211
-99.55674743652344
-105.48381805419922
-97.45037078857422
-99.27767181396484
-103.58448028564453
-111.0887451171875
-108.00133514404297
-105.79219055175781
-106.8504867553711
-99.29420471191406
-100.52422332763672
-103.07270812988281
-103.81619262695312
-102.00782775878906
-98.22621154785156
-96.36450958251953
-104.50888061523438
-103.2263412475586
-100.03299713134766
-105.60462951660156
-105.50382995605469
-104.85798645019531
-102.57086944580078
-101.97029876708984
-100.82754516601562
-102.5728988647461
-100.94886779785156
-109.22647857666016
-106.99462127685547
-104.21138763427734
-106.18779754638672
-99.10740661621094
-94.09333038330078
-106.30796813964844
-101.24812316894531
-106.16709899902344
-99.25096130371094
-102.0221939086914
-104.95396423339844
-98.15228271484375
-103.38941955566406
-104.15510559082031
-102.06429290771484
-100.35740661621094
-103.7317123413086
-99.23613739013672
-100.95233917236328
-107.48046112060547
-102.0279541015625
-104.82304382324219
-99.86387634277344
-104.53280639648438
-101.83033752441406
-107.95793151855469
-100.66749572753906
-103.95038604736328
-97.6560287475586
-102.837646484375
-108.17706298828125
-102.9451904296875
-102.6606216430664
-97.71507263183594
-103.56382751464844
-100.05716705322266
-101.16890716552734
-101.19605255126953
-101.52734375
-102.32859802246094
-106.129150390625
-101.65076446533203
-101.20233154296875
-102.68588256835938
-101.09740447998047
-103.36893463134766
-104.65652465820312
-94.27057647705078
-104.28588104248047
-103.3759536743164
-99.4891128540039
-108.037353515625
-103.97523498535156
-96.20658111572266
-101.13450622558594
-97.51667022705078
-103.95462799072266
-95.54292297363281
-103.10501861572266
-97.34571838378906
-101.43720245361328
-99.3504867553711
-103.4533462524414
-103.11988830566406
-97.99776458740234
-98.86207580566406
-108.01082611083984
-101.52713012695312
-103.48017883300781
-100.33404541015625
-94.11612701416016
-105.6672592163086
-100.07119750976562
-96.96739196777344
-100.596923828125
-102.88384246826172
-98.7522201538086
-104.35655975341797
-97.67207336425781
-101.35140991210938
-96.91413879394531
-100.11799621582031
-99.98389434814453
-103.0384750366211
-101.32754516601562
-101.01634216308594
-104.51534271240234
-102.115966796875
-97.37052154541016
-99.81670379638672
-105.74165344238281
-99.2454605102539
-103.16096496582031
-101.69402313232422
-106.01844787597656
-104.39844512939453
-108.4882583618164
-97.9502944946289
-105.68818664550781
-104.54530334472656
-106.7492446899414
-110.84440612792969
-108.72480010986328
-103.15864562988281
-105.87564086914062
-99.65003204345703
-101.91410064697266
-100.88762664794922
-105.91510009765625
-102.39436340332031
-98.18627166748047
-98.32467651367188
-104.4745864868164
-109.47756958007812
-107.01966857910156
-101.37055206298828
-103.77884674072266
-95.10623168945312
-102.94847869873047
-102.12503051757812
-98.50619506835938
-102.26306915283203
-101.85660552978516
-100.28450775146484
-102.51228332519531
-98.72723388671875
-102.56501770019531
-106.80802917480469
-102.35216522216797
-100.82078552246094
-98.08528900146484
-104.47957611083984
-97.37068939208984
-104.7369155883789
-102.27903747558594
-104.31723022460938
-106.2350082397461
-98.86856079101562
-99.24040222167969
-103.14559173583984
-99.2683334350586
-102.29719543457031
-100.76554870605469
-105.19962310791016
-98.9377212524414
-102.9952621459961
-99.67445373535156
-101.2345962524414
-101.99458312988281
-96.9363784790039
-105.21711730957031
-105.87733459472656
-107.95516967773438
-97.906494140625
-95.68163299560547
-104.71179962158203
-101.98489379882812
-104.7488784790039
-101.32835388183594
-109.4616928100586
-101.7654037475586
-107.09552001953125
-103.97264099121094
-100.74365234375
-105.98837280273438
-99.71875
-99.63539123535156
-108.36431884765625
-100.89381408691406
-106.133544921875
-103.22520446777344
-103.98531341552734
-104.68111419677734
-105.25928497314453
-105.13534545898438
-106.93424987792969
-109.21498107910156
-111.32518005371094
-104.25633239746094
-105.04544067382812
-104.98834991455078
-97.89864349365234
-104.46978759765625
-107.24542236328125
-105.56847381591797
-100.06291961669922
-105.15447235107422
-104.26470947265625
-102.45677947998047
-103.32289123535156
-102.34034729003906
-102.86660766601562
-103.3326187133789
-104.61894226074219
-101.04947662353516
-99.53504943847656
-104.63290405273438
-102.3553466796875
-99.36732482910156
-96.68265533447266
-100.92599487304688
-100.20191192626953
-103.31430053710938
-110.4298324584961
-101.77159881591797
-104.0195083618164
-105.80315399169922
-103.10542297363281
-102.12308502197266
-98.13534545898438
-99.12483978271484
-102.0853500366211
-103.57075500488281
-95.8250961303711
-98.11308288574219
-103.47410583496094
-100.20428466796875
-102.0827407836914
-102.74776458740234
-105.47884368896484
-95.82659149169922
-102.59143829345703
-103.21939849853516
-96.98402404785156
-101.76490020751953
-103.06442260742188
-96.73341369628906
-101.26083374023438
-102.04920959472656
-98.62812042236328
-96.34626770019531
-104.17095184326172
-100.09036254882812
-105.26199340820312
-105.10387420654297
-101.20321655273438
-102.02005767822266
-96.10893249511719
-99.95626068115234
-105.81488800048828
-103.46298217773438
-102.8366928100586
-100.05673217773438
-105.35765075683594
-104.33405303955078
-99.1607666015625
-100.44217681884766
-101.46173858642578
-106.06714630126953
-103.09648895263672
-105.9568099975586
-98.5872802734375
-100.17757415771484
-106.57321166992188
-104.08509063720703
-105.53316497802734
-105.91740417480469
-100.10299682617188
-101.6486587524414
-104.79779052734375
-97.89202880859375
-101.50692749023438
-98.00882720947266
-105.65185546875
-101.34133911132812
-103.04386901855469
-101.41035461425781
-108.09835815429688
-98.57891082763672
-98.04434967041016
-99.66890716552734
-103.65727996826172
-104.70518493652344
-99.70054626464844
-103.76838684082031
-102.82177734375
-103.55489349365234
-100.75261688232422
-102.03596496582031
-104.32455444335938
-108.30445098876953
-105.74898529052734
-101.24901580810547
-103.3922119140625
-101.11860656738281
-109.14517211914062
-107.69220733642578
-101.9779281616211
-105.77149963378906
-99.99061584472656
-106.16777038574219
-100.572021484375
-97.9798812866211
-98.88850402832031
-102.46903228759766
-109.88031768798828
-104.54973602294922
-103.30728149414062
-106.30668640136719
-104.69517517089844
-100.65260314941406
-107.1414794921875
-104.62161254882812
-104.80532836914062
-109.12478637695312
-103.99864196777344
-106.8991470336914
-105.84794616699219
-102.6172866821289
-107.76738739013672
-105.27510833740234
-104.09796905517578
-101.78446960449219
-101.3580322265625
-107.59321594238281
-103.33162689208984
-101.22867584228516
-104.84956359863281
-97.5014877319336
-109.1462173461914
-104.38934326171875
-106.31694793701172
-99.33732604980469
-98.82170867919922
-97.94386291503906
-100.35821533203125
-101.01242065429688
-96.75837707519531
-99.57582092285156
-98.3890151977539
-105.74213409423828
-101.89112854003906
-98.25559997558594
-103.69007873535156
-106.32948303222656
-101.7612533569336
-96.79647064208984
-99.92852783203125
-101.32088470458984
-100.40733337402344
-101.18009185791016
-98.95880889892578
-96.22913360595703
-104.58623504638672
-98.16825103759766
-100.79685974121094
-101.84465789794922
-99.41252136230469
-103.68944549560547
-98.4021224975586
-100.5849609375
-108.34130859375
-96.87554931640625
-102.12551879882812
-102.72096252441406
-104.55805969238281
-107.59938049316406
-104.3082046508789
-104.40868377685547
-99.27366638183594
-100.58631896972656
-97.29704284667969
-108.70785522460938
-98.8614501953125
-98.58511352539062
-103.58358001708984
-105.60556030273438
-96.5103530883789
-102.91470336914062
-107.76710510253906
-98.0850601196289
-100.27268981933594
-102.36360168457031
-99.07930755615234
-96.79761505126953
-109.46619415283203
-98.85307312011719
-108.19851684570312
-96.22116088867188
-102.31566619873047
-96.96566772460938
-104.9780502319336
-100.2665786743164
-103.90010070800781
-101.18463897705078
-100.547119140625
-104.33002471923828
-101.04710388183594
-108.26215362548828
-93.50977325439453
-102.0849609375
-99.76686096191406
-103.48104095458984
-97.82818603515625
-99.41259002685547
-103.11467742919922
-101.57217407226562
-106.29462432861328
-101.51277160644531
-102.21214294433594
-109.62052917480469
-102.0633773803711
-105.25800323486328
-104.51803588867188
-107.26731872558594
-97.7064208984375
-103.24736022949219
-98.40016174316406
-109.59095764160156
-94.916748046875
-100.24549865722656
-106.36921691894531
-107.17308807373047
-104.74943542480469
-97.14867401123047
-96.93378448486328
-102.16309356689453
-100.01900482177734
-102.233154296875
-102.90374755859375
-98.31941223144531
-100.80323791503906
-100.8586196899414
-107.48442077636719
-98.130126953125
-100.27023315429688
-94.08538818359375
-100.30804443359375
-101.53985595703125
-97.0499267578125
-106.56764221191406
-100.72090148925781
-100.7524642944336
-97.29423522949219
-103.34210205078125
-105.31192779541016
-100.94619750976562
-98.7092056274414
-98.580322265625
-106.40941619873047
-100.15889739990234
-105.02925872802734
-99.02056884765625
-101.4255142211914
-96.60405731201172
-102.64981842041016
-101.3971176147461
-103.77422332763672
-99.3659896850586
-99.50761413574219
-103.22327423095703
-100.9982681274414
-104.36045837402344
-98.6352310180664
-105.61223602294922
-104.13166809082031
-101.31819915771484
-103.92487335205078
-107.64990997314453
-101.21434783935547
-100.03813934326172
-97.32431030273438
-99.65758514404297
-100.85045623779297
-106.6011734008789
-99.02316284179688
-103.1883773803711
-98.19408416748047
-103.26312255859375
-101.81474304199219
-97.553466796875
-104.2165298461914
-98.85706329345703
-108.0080337524414
-98.97264099121094
-98.02980041503906
-99.2899169921875
-102.5291976928711
-101.97826385498047
-105.55847930908203
-106.08869171142578
-99.31578826904297
-100.08966827392578
-103.93521118164062
-98.59271240234375
-102.57852935791016
-106.52225494384766
-103.59461975097656
-96.60853576660156
-105.29730224609375
-104.93646240234375
-99.98143005371094
-101.09363555908203
-99.11585998535156
-106.84832000732422
-104.99378204345703
-107.00735473632812
-98.90667724609375
-102.1207046508789
-100.68683624267578
-103.64720916748047
-104.58259582519531
-103.1009750366211
-104.13290405273438
-103.77549743652344
-102.27728271484375
-107.03074645996094
-103.96047973632812
-97.2525863647461
-102.79015350341797
-106.79749298095703
-108.44180297851562
-105.2079849243164
-97.12480163574219
-101.88990020751953
-106.00411987304688
-100.71156311035156
-96.89888000488281
-99.42871856689453
-106.98590850830078
-96.51321411132812
-104.31770324707031
-97.40242004394531
-112.12498474121094
-107.3070068359375
-102.71737670898438
-103.41658020019531
-103.32160949707031
-103.73285675048828
-98.56414031982422
-101.82015228271484
-103.32551574707031
-102.08641052246094
-96.6546630859375
-100.06062316894531
-95.78874969482422
-103.56552124023438
-101.88475799560547
-100.35786437988281
-105.3388442993164
-100.58177185058594
-102.46331024169922
-100.1956558227539
-97.39048767089844
-109.13314819335938
-105.11572265625
-101.40982818603516
-102.49642944335938
-101.74222564697266
-104.12020111083984
-98.85791778564453
-98.53900146484375
-99.4337387084961
-98.34104919433594
-105.2341079711914
-100.88603973388672
-99.52838134765625
-101.59142303466797
-100.2676010131836
-110.28955841064453
-105.4191665649414
-101.42671966552734
-100.87039947509766
-102.49827575683594
-98.78734588623047
-99.99087524414062
-101.47818756103516
-96.78868865966797
-100.02854919433594
-102.12968444824219
-98.19512939453125
-100.62224578857422
-105.64418029785156
-102.77723693847656
-101.72611236572266
-105.86165618896484
-103.57002258300781
-103.76101684570312
-107.31498718261719
-99.74237823486328
-98.46315002441406
-103.74072265625
-105.20435333251953
-102.11537170410156
-97.24382019042969
-108.00337219238281
-105.11004638671875
-105.95854187011719
-109.40628051757812
-101.64214324951172
-99.33187866210938
-95.19136810302734
-100.77243041992188
-100.47644805908203
-98.97390747070312
-103.07626342773438
-102.1932601928711
-109.37614440917969
-101.9168930053711
-108.06474304199219
-107.5386962890625
-100.43487548828125
-99.2052230834961
-103.00421905517578
-98.89946746826172
-100.22767639160156
-105.29389190673828
-98.95834350585938
-105.99456787109375
-101.23141479492188
-98.14986419677734
-100.13085174560547
-106.42860412597656
-100.44320678710938
-101.8309097290039
-105.09001159667969
-102.8880615234375
-105.25624084472656
-98.50220489501953
-99.0302734375
-104.75660705566406
-96.8808364868164
-100.43653106689453
-104.6039047241211
-103.80541229248047
-107.32718658447266
-103.02576446533203
-104.1221923828125
-97.94170379638672
-106.0528564453125
-105.6275405883789
-102.57334899902344
-100.17276000976562
-101.58616638183594
-102.56944274902344
-103.6702651977539
-100.0154800415039
-105.09392547607422
-94.68428802490234
-101.62788391113281
-103.2365493774414
-103.33496856689453
-104.7038803100586
-99.1187515258789
-102.4963607788086
-102.6125717163086
-98.84839630126953
-103.20819854736328
-111.17948913574219
-105.90714263916016
-101.16034698486328
-102.31636047363281
-103.0934829711914
-102.6405029296875
-104.72803497314453
-102.77603149414062
-100.26026153564453
-100.4609603881836
-102.61998748779297
-97.74261474609375
-103.5787582397461
-102.39598846435547
-100.44821166992188
-99.8761978149414
-101.25447845458984
-104.95568084716797
-108.67999267578125
-100.1906967163086
-101.17182159423828
-105.63594818115234
-102.9776611328125
-105.98362731933594
-98.77365112304688
-104.2591323852539
-105.76972198486328
-97.64697265625
-101.31354522705078
-106.4923095703125
-102.87979125976562
-101.91072845458984
-103.81270599365234
-104.84635162353516
-98.49420928955078
-103.57567596435547
-102.07038116455078
-97.53303527832031
-101.66383361816406
-105.33576202392578
-99.54017639160156
-98.86227416992188
-104.69849395751953
-102.5647964477539
-101.69819641113281
-101.34336853027344
-101.72283172607422
-104.38206481933594
-103.91521453857422
-103.02626037597656
-97.94393157958984
-101.86507415771484
-97.0992660522461
-101.40394592285156
-102.06826782226562
-104.63780212402344
-98.92570495605469
-105.86483764648438
-98.62591552734375
-102.04727935791016
-96.40039825439453
-103.78467559814453
-97.62433624267578
-100.07182312011719
-103.87261962890625
-95.14157104492188
-102.87244415283203
-106.18463897705078
-99.47102355957031
-98.07875061035156
-107.80619049072266
-109.88391876220703
-98.43842315673828
-98.94564056396484
-108.23258209228516
-107.29373931884766
-97.54796600341797
-104.25138854980469
-100.12921905517578
-101.8638687133789
-98.72388458251953
-101.18950653076172
-105.4957046508789
-106.3742446899414
-96.39717102050781
-102.56455993652344
-103.61386108398438
-98.28729248046875
-94.9698715209961
-98.94924926757812
-99.19794464111328
-101.05599975585938
-101.61015319824219
-104.16576385498047
-107.85858154296875
-104.41605377197266
-100.92180633544922
-103.02133178710938
-101.3297348022461
-103.43199157714844
-101.93616485595703
-106.44677734375
-98.49408721923828
-103.81216430664062
-101.17780303955078
-106.15692138671875
-102.31151580810547
-103.73609924316406
-100.86917877197266
-99.37079620361328
-105.48956298828125
-96.18111419677734
-101.56526184082031
-102.71039581298828
-102.2208480834961
-103.58397674560547
-100.21922302246094
-107.63900756835938
-103.81874084472656
-104.06546783447266
-105.96343994140625
-102.25428771972656
-104.3102035522461
-101.26901245117188
-103.34162139892578
-101.09770202636719
-98.06861877441406
-98.30941009521484
-104.00163269042969
-108.95789337158203
-102.64261627197266
-96.30891418457031
-101.77174377441406
-104.28174591064453
-105.03422546386719
-103.37940979003906
-101.0426254272461
-101.37974548339844
-105.41230010986328
-100.76045227050781
-100.15373992919922
-102.96700286865234
-101.1937026977539
-98.63693237304688
-98.58203887939453
-97.5030517578125
-101.98155212402344
-104.58819580078125
-103.08331298828125
-104.17960357666016
-102.47018432617188
-98.95614624023438
-101.0095443725586
-103.64556121826172
-99.10062408447266
-107.51416015625
-101.15573120117188
-102.77320861816406
-96.7317123413086
-97.95565032958984
-104.02942657470703
-102.00164031982422
-100.42591857910156
-102.34469604492188
-101.68677520751953
-104.35613250732422
-98.23661804199219
-102.09119415283203
-101.8043212890625
-104.05654907226562
-107.64763641357422
-106.54727172851562
-101.68266296386719
-102.5350570678711
-97.09696197509766
-107.9275131225586
-96.3954086303711
-108.89204406738281
-102.53546142578125
-105.43167877197266
-100.090087890625
-97.0126724243164
-101.06631469726562
-100.81897735595703
-101.71175384521484
-104.11531066894531
-106.6221694946289
-104.55448150634766
-100.60033416748047
-105.24578094482422
-102.38690948486328
-105.338623046875
-107.13277435302734
-104.0160903930664
-103.48786926269531
-106.89874267578125
-100.53155517578125
-102.82156372070312
-99.34854125976562
-101.99227905273438
-102.35591125488281
-105.20231628417969
-103.60961151123047
-105.28759002685547
-103.07301330566406
-100.40574645996094
-106.00653839111328
-101.46163177490234
-100.72737121582031
-105.85215759277344
-97.35208892822266
-104.87503814697266
-102.91649627685547
-98.17996215820312
-102.68595123291016
-102.93229675292969
-100.94866943359375
-101.38358306884766
-105.62226104736328
-105.51406860351562
-103.79869079589844
-107.1522445678711
-94.594970703125
-104.22785949707031
-95.4085693359375
-106.30921936035156
-96.81173706054688
-98.76154327392578
-102.54520416259766
-102.73641204833984
-104.19326782226562
-105.74271392822266
-102.00529479980469
-102.9876937866211
-103.0366439819336
-107.62672424316406
