-110.14893341064453
-120.44146728515625
-110.40426635742188
-117.71050262451172
-118.10955047607422
-114.40315246582031
-111.74259185791016
-104.29438018798828
-115.67518615722656
-107.87759399414062
-116.88005828857422
-112.11443328857422
-116.52056884765625
-114.10005950927734
-111.32733917236328
-107.03511810302734
-108.22346496582031
-118.95987701416016
-113.9875717163086
-106.82220458984375
-114.94419860839844
-110.30574798583984
-112.41383361816406
-114.17378234863281
-116.69732666015625
-116.84391784667969
-108.86453247070312
-116.214599609375
-107.11144256591797
-108.96466064453125
-115.04867553710938
-121.70015716552734
-118.20854949951172
-120.45793151855469
-116.0350341796875
-107.59142303466797
-108.91638946533203
-110.89179229736328
-112.86624908447266
-111.76848602294922
-106.64371490478516
-107.0501708984375
-116.19361877441406
-113.49878692626953
-109.71052551269531
-117.6388168334961
-115.1100845336914
-113.51152038574219
-112.3831787109375
-112.1414794921875
-108.07836151123047
-111.79989624023438
-111.56585693359375
-121.42430877685547
-116.72186279296875
-112.55754089355469
-116.43578338623047
-109.08496856689453
-102.52996063232422
-117.17793273925781
-110.727783203125
-114.7726058959961
-107.25838470458984
-111.78305053710938
-115.08087921142578
-106.28729248046875
-112.80729675292969
-113.46803283691406
-112.17538452148438
-108.80807495117188
-111.90278625488281
-107.21930694580078
-109.99517059326172
-119.09616088867188
-109.5537109375
-115.38648223876953
-108.69799041748047
-114.32978057861328
-111.23788452148438
-118.84636688232422
-109.29487609863281
-112.63878631591797
-106.59012603759766
-112.2390365600586
-115.86759185791016
-111.78340911865234
-114.24209594726562
-106.6628646850586
-114.4071273803711
-109.3839111328125
-111.08193969726562
-112.52635955810547
-112.29600524902344
-111.28451538085938
-115.70668029785156
-110.37577056884766
-112.82479095458984
-111.84941864013672
-111.85546875
-111.02984619140625
-114.51189422607422
-101.71231079101562
-114.69198608398438
-116.59888458251953
-109.33953094482422
-117.61534118652344
-114.53121948242188
-107.08367156982422
-112.66856384277344
-106.29881286621094
-114.65562438964844
-102.82086944580078
-113.0634765625
-108.26712036132812
-109.73138427734375
-108.0927963256836
-113.04930877685547
-112.15571594238281
-108.61680603027344
-107.1541976928711
-118.48748779296875
-112.61044311523438
-112.85613250732422
-108.30538177490234
-103.94044494628906
-115.63774871826172
-109.25321960449219
-105.45021057128906
-109.05464935302734
-111.0468521118164
-108.06719207763672
-113.96112060546875
-106.18305969238281
-111.67656707763672
-105.62806701660156
-109.64041137695312
-107.92537689208984
-111.85453796386719
-109.66157531738281
-110.14522552490234
-113.32001495361328
-113.51958465576172
-107.50767517089844
-109.59452056884766
-113.66531372070312
-108.6343765258789
-113.3700942993164
-111.89356231689453
-115.05886840820312
-113.85358428955078
-119.22360229492188
-106.2999267578125
-115.45718383789062
-113.9332275390625
-116.0087661743164
-118.301513671875
-118.11504364013672
-113.8060531616211
-116.07288360595703
-108.20020294189453
-109.42290496826172
-110.42691802978516
-114.4757080078125
-111.01371765136719
-106.83240509033203
-108.54093170166016
-115.02073669433594
-117.66661071777344
-115.88611602783203
-111.08671569824219
-112.76532745361328
-101.77577209472656
-114.2133560180664
-110.07808685302734
-105.92913818359375
-111.53115844726562
-109.17543029785156
-108.31690979003906
-109.92770385742188
-106.80024719238281
-109.7236099243164
-116.07625579833984
-109.92472076416016
-107.78103637695312
-105.41203308105469
-111.82284545898438
-106.30203247070312
-112.37315368652344
-111.44038391113281
-113.7869873046875
-114.62664031982422
-105.60595703125
-106.5151138305664
-110.56957244873047
-106.56021118164062
-112.27220153808594
-109.3069839477539
-113.12454223632812
-107.22074127197266
-110.18124389648438
-107.97554779052734
-108.8111801147461
-111.9879379272461
-105.1310806274414
-111.8509521484375
-115.18643188476562
-115.36065673828125
-105.59069061279297
-103.58224487304688
-113.51811981201172
-108.42552947998047
-111.16089630126953
-111.79927062988281
-117.2829818725586
-110.73210144042969
-113.66520690917969
-112.86085510253906
-108.62651824951172
-113.54837036132812
-109.14879608154297
-105.57148742675781
-115.66526794433594
-107.56170654296875
-115.9622802734375
-110.90516662597656
-112.97130584716797
-111.67723083496094
-114.17007446289062
-114.0567398071289
-113.62053680419922
-118.53019714355469
-120.04782104492188
-111.98980712890625
-112.8344955444336
-113.77873229980469
-103.89514923095703
-113.80815124511719
-112.64667510986328
-114.25785827636719
-109.01527404785156
-113.72836303710938
-111.20633697509766
-111.04207611083984
-113.3288345336914
-111.13113403320312
-111.62255859375
-112.68321228027344
-112.10446166992188
-109.80038452148438
-106.63006591796875
-113.33470153808594
-111.53905487060547
-107.52877044677734
-104.36181640625
-110.43743133544922
-109.23704528808594
-112.36357879638672
-120.29537200927734
-109.75817108154297
-113.82469177246094
-114.20291137695312
-111.9167251586914
-110.76130676269531
-106.23835754394531
-108.53243255615234
-113.18770599365234
-110.98595428466797
-104.98403930664062
-106.29820251464844
-111.28282165527344
-108.52782440185547
-111.21442413330078
-110.20745849609375
-113.07310485839844
-104.09260559082031
-110.8194580078125
-111.88555908203125
-103.44709014892578
-109.48712158203125
-111.54069519042969
-104.27474212646484
-108.0905532836914
-111.09355163574219
-105.6749496459961
-105.40145111083984
-113.43052673339844
-107.61555480957031
-112.81355285644531
-111.82144165039062
-109.27576446533203
-111.59245300292969
-106.8681411743164
-110.06459045410156
-113.4214859008789
-111.05003356933594
-110.70712280273438
-108.96159362792969
-113.56717681884766
-110.94480895996094
-108.12969207763672
-109.47245025634766
-109.71671295166016
-114.79685974121094
-111.74990844726562
-116.04695129394531
-106.40798950195312
-107.89193725585938
-114.40003967285156
-111.91873168945312
-112.6098403930664
-113.52279663085938
-108.33668518066406
-108.90349578857422
-113.32133483886719
-105.94729614257812
-108.78913879394531
-106.276611328125
-114.34184265136719
-108.32958221435547
-109.35395812988281
-110.89446258544922
-115.80010986328125
-106.22208404541016
-104.22554016113281
-109.47398376464844
-113.73033905029297
-114.11807250976562
-105.25198364257812
-113.32138061523438
-111.24275970458984
-110.55412292480469
-106.34732818603516
-109.13917541503906
-111.80299377441406
-116.44876098632812
-115.13092041015625
-108.12699890136719
-111.14584350585938
-109.34385681152344
-116.0752182006836
-114.74950408935547
-111.17352294921875
-114.06969451904297
-108.56526184082031
-113.76234436035156
-107.7155990600586
-105.48806762695312
-107.9344253540039
-109.48403930664062
-117.04496765136719
-111.01271057128906
-113.29618072509766
-115.17596435546875
-113.73251342773438
-107.22403717041016
-114.84053802490234
-111.4471435546875
-113.87779235839844
-116.63179016113281
-113.10050201416016
-114.49915313720703
-113.07683563232422
-110.64420318603516
-116.2877426147461
-111.89545440673828
-111.21283721923828
-110.14944458007812
-108.19950103759766
-115.3943099975586
-110.20515441894531
-108.85871887207031
-113.21036529541016
-103.43766021728516
-118.02758026123047
-111.10243225097656
-114.55569458007812
-105.4063949584961
-107.45771789550781
-103.66134643554688
-108.31651306152344
-108.88739013671875
-104.84516906738281
-107.20062255859375
-104.75265502929688
-112.97032165527344
-109.34557342529297
-106.55168151855469
-111.5098876953125
-114.57095336914062
-109.55628204345703
-105.412841796875
-106.828857421875
-109.18851470947266
-109.18265533447266
-109.15705108642578
-107.72126770019531
-101.36238098144531
-114.49810028076172
-104.82706451416016
-110.1964111328125
-108.80079650878906
-107.14408111572266
-108.92000579833984
-104.80433654785156
-107.1280288696289
-117.37653350830078
-104.68211364746094
-109.39830780029297
-111.21147918701172
-110.49598693847656
-116.42147827148438
-112.7489242553711
-112.28341674804688
-106.92719268798828
-107.40602111816406
-104.26802062988281
-118.22661590576172
-105.19508361816406
-104.31875610351562
-112.1089096069336
-111.82532501220703
-103.29505157470703
-110.34728240966797
-115.5704345703125
-105.72647857666016
-108.23287200927734
-112.53721618652344
-105.66024017333984
-103.85609436035156
-115.88998413085938
-106.04004669189453
-116.69326782226562
-102.91751098632812
-108.81705474853516
-104.28543090820312
-114.07967376708984
-108.23974609375
-111.87184143066406
-110.1465072631836
-108.04684448242188
-110.91710662841797
-108.49378204345703
-114.31391143798828
-100.48566436767578
-109.60133361816406
-105.18218231201172
-110.433349609375
-107.32673645019531
-106.4990005493164
-110.50120544433594
-109.04041290283203
-113.43733978271484
-108.51630401611328
-107.22161102294922
-115.33379364013672
-109.35553741455078
-112.78485870361328
-111.84905242919922
-115.28457641601562
-104.959228515625
-110.17646026611328
-107.29631805419922
-117.34406280517578
-102.36125183105469
-107.73263549804688
-114.0601806640625
-115.79264068603516
-111.06985473632812
-105.05182647705078
-102.98777770996094
-109.88280487060547
-105.49879455566406
-107.12285614013672
-109.1414566040039
-105.6925277709961
-106.9744644165039
-108.7540512084961
-114.49736022949219
-105.4344482421875
-107.82463836669922
-99.6055908203125
-107.69126892089844
-108.6176528930664
-103.50995635986328
-114.52153015136719
-106.3292236328125
-109.48189544677734
-104.03511047363281
-110.85696411132812
-112.02070617675781
-106.7363510131836
-104.92301177978516
-106.50144958496094
-113.92984771728516
-105.76997375488281
-111.55189514160156
-105.38365173339844
-108.5527114868164
-101.6919937133789
-108.62666320800781
-108.14927673339844
-109.29588317871094
-104.77619171142578
-105.26820373535156
-110.5528335571289
-109.47139739990234
-113.5315170288086
-106.10298919677734
-110.88571166992188
-111.64411926269531
-109.49656677246094
-112.55866241455078
-114.27432250976562
-106.54437255859375
-106.61117553710938
-104.82942962646484
-107.17980194091797
-106.91033935546875
-113.09452819824219
-106.86285400390625
-109.95787811279297
-104.49405670166016
-109.93197631835938
-109.90023803710938
-105.5680923461914
-109.633056640625
-107.97891235351562
-114.91169738769531
-105.57537841796875
-104.55754089355469
-107.44160461425781
-111.32905578613281
-109.08938598632812
-114.87974548339844
-114.04840087890625
-106.66814422607422
-108.15071105957031
-109.04065704345703
-106.25790405273438
-109.46699523925781
-113.42475891113281
-109.38215637207031
-102.5107421875
-111.2957763671875
-111.61170959472656
-106.095458984375
-108.86531829833984
-106.11226654052734
-113.54280853271484
-112.09086608886719
-113.65198516845703
-104.63300323486328
-107.42756652832031
-109.21383666992188
-111.92253112792969
-111.09686279296875
-108.91446685791016
-109.82186126708984
-109.86979675292969
-108.24179077148438
-113.16877746582031
-110.6267318725586
-105.0025405883789
-110.12348937988281
-115.68875885009766
-116.272216796875
-111.95974731445312
-104.5675277709961
-108.10655212402344
-113.10610961914062
-106.29893493652344
-104.19510650634766
-106.52828216552734
-113.91990661621094
-101.79119873046875
-112.9205093383789
-104.46078491210938
-119.30812072753906
-114.33674621582031
-108.59928894042969
-110.95061492919922
-110.71868133544922
-110.70952606201172
-105.64800262451172
-108.80728912353516
-110.48661804199219
-109.23670959472656
-102.71920776367188
-107.61884307861328
-101.66898345947266
-108.96983337402344
-108.5246353149414
-107.06999206542969
-111.65397644042969
-107.3073959350586
-110.83287811279297
-104.94145202636719
-103.08335876464844
-114.8642807006836
-111.21195983886719
-106.28699493408203
-109.96101379394531
-109.70823669433594
-110.39662170410156
-103.84793853759766
-105.50129699707031
-107.71797180175781
-104.87255096435547
-111.49662017822266
-108.1753158569336
-105.08283996582031
-108.7020034790039
-107.78155517578125
-117.429931640625
-110.51737976074219
-108.2174072265625
-106.15029907226562
-109.03921508789062
-105.19078063964844
-107.66626739501953
-107.73707580566406
-106.18199157714844
-106.6790771484375
-109.1762924194336
-104.10809326171875
-108.96267700195312
-113.00518798828125
-110.15264892578125
-108.43729400634766
-112.50381469726562
-112.12090301513672
-108.96340942382812
-115.64534759521484
-105.92286682128906
-104.83551025390625
-110.12208557128906
-111.63802337646484
-108.11111450195312
-102.41435241699219
-114.65583801269531
-111.65974426269531
-114.25374603271484
-116.99352264404297
-108.07752227783203
-107.62944793701172
-100.28308868408203
-104.49667358398438
-106.94622802734375
-107.64869689941406
-109.68317413330078
-106.84146118164062
-117.67235565185547
-108.93162536621094
-115.96615600585938
-114.21739959716797
-106.7048110961914
-104.84368133544922
-110.92950439453125
-105.26338195800781
-105.62931060791016
-113.90205383300781
-105.29574584960938
-115.19393920898438
-108.45227813720703
-102.39407348632812
-106.89936065673828
-114.45857238769531
-108.21053314208984
-107.50835418701172
-111.4298095703125
-109.43864440917969
-111.67076110839844
-107.49201965332031
-104.30152130126953
-112.96189880371094
-104.0544662475586
-105.59432983398438
-111.27818298339844
-112.10828399658203
-113.01119995117188
-110.3750991821289
-109.61752319335938
-105.1699447631836
-112.26393127441406
-112.8944091796875
-105.91932678222656
-105.33899688720703
-106.69578552246094
-110.10257720947266
-110.1775894165039
-106.63314056396484
-111.28437042236328
-99.70515441894531
-106.31012725830078
-109.55815124511719
-110.27371215820312
-111.20896911621094
-105.11993408203125
-109.23055267333984
-109.11541748046875
-105.16040802001953
-108.51960754394531
-117.1187515258789
-114.06520080566406
-106.682373046875
-108.06829071044922
-109.06648254394531
-105.8282241821289
-110.50911712646484
-109.88507843017578
-106.48690795898438
-108.6240005493164
-110.39436340332031
-103.33834075927734
-111.18294525146484
-108.04228210449219
-104.97588348388672
-105.30804443359375
-107.11284637451172
-111.56304931640625
-115.7293930053711
-105.94546508789062
-107.04558563232422
-112.18655395507812
-109.30583190917969
-112.08319091796875
-104.30506134033203
-109.60088348388672
-109.58333587646484
-103.30302429199219
-106.8748779296875
-114.14419555664062
-108.65007019042969
-109.13298034667969
-110.02677917480469
-113.58557891845703
-102.79537200927734
-109.97306060791016
-107.77474212646484
-102.96514129638672
-107.72586059570312
-108.52809143066406
-105.39398193359375
-104.21085357666016
-111.2684097290039
-108.6180191040039
-108.58438873291016
-106.80093383789062
-107.61476135253906
-110.27172088623047
-109.35939025878906
-107.64154052734375
-104.79859161376953
-107.26663970947266
-102.6262435913086
-108.68193054199219
-108.21221160888672
-110.56139373779297
-104.64640045166016
-111.43543243408203
-105.04222869873047
-108.76315307617188
-101.61571502685547
-108.05889129638672
-104.37396240234375
-104.49777221679688
-108.14282989501953
-99.66868591308594
-108.32706451416016
-112.5403823852539
-105.95814514160156
-105.07038116455078
-113.26666259765625
-117.82501220703125
-105.38716125488281
-104.56505584716797
-111.36256408691406
-112.99330139160156
-103.38908386230469
-109.73528289794922
-105.18949890136719
-107.35655975341797
-104.19763946533203
-106.4869613647461
-111.53158569335938
-111.4073257446289
-101.89080810546875
-108.04759979248047
-110.16786193847656
-102.040771484375
-98.74897766113281
-106.43939971923828
-104.59014892578125
-107.83553314208984
-106.81609344482422
-111.74543762207031
-115.26362609863281
-110.88691711425781
-106.49227905273438
-110.45731353759766
-107.34355163574219
-110.1019515991211
-109.52008056640625
-111.86344909667969
-104.13436889648438
-110.1303939819336
-106.8836898803711
-112.28142547607422
-107.65655517578125
-109.87737274169922
-106.28884887695312
-106.13201141357422
-111.37541961669922
-103.16827392578125
-106.41268920898438
-108.35718536376953
-107.40251159667969
-108.34255981445312
-106.68730926513672
-114.26311492919922
-108.2276382446289
-109.31925964355469
-110.28389739990234
-106.92913818359375
-109.64251708984375
-105.43511962890625
-109.26533508300781
-107.18186950683594
-105.31314086914062
-103.94204711914062
-112.1869125366211
-115.76545715332031
-109.16321563720703
-103.2741470336914
-107.75679016113281
-111.57356262207031
-110.78682708740234
-108.66059112548828
-105.3792953491211
-107.07441711425781
-110.45413970947266
-107.69275665283203
-105.98062896728516
-109.31890106201172
-107.57862091064453
-104.32907104492188
-105.56377410888672
-101.68405151367188
-107.18930053710938
-111.20397186279297
-109.20478820800781
-109.59111022949219
-109.3386001586914
-104.32372283935547
-105.40544891357422
-110.1390151977539
-105.15922546386719
-111.49293518066406
-106.75555419921875
-108.50379180908203
-101.7017593383789
-103.23379516601562
-109.46870422363281
-106.51156616210938
-105.37535858154297
-108.62165069580078
-106.72158813476562
-108.49526977539062
-104.02717590332031
-106.6930160522461
-108.4737319946289
-107.93301391601562
-111.53695678710938
-112.86767578125
-106.15318298339844
-107.03421020507812
-100.79821014404297
-112.58805084228516
-100.69293212890625
-115.07039642333984
-108.45317840576172
-113.05281829833984
-105.08052825927734
-102.97714233398438
-107.3516616821289
-106.7821273803711
-107.69501495361328
-111.04224395751953
-112.6592025756836
-108.51774597167969
-105.06527709960938
-110.44512176513672
-108.03999328613281
-111.7547836303711
-113.26773071289062
-109.77713012695312
-109.76542663574219
-112.9836654663086
-106.104736328125
-109.27220153808594
-104.32241821289062
-107.01602935791016
-107.36416625976562
-111.57684326171875
-108.80717468261719
-110.80894470214844
-108.84666442871094
-105.78192901611328
-111.64148712158203
-106.3284683227539
-104.70050048828125
-111.43694305419922
-103.43182373046875
-110.07687377929688
-106.8541030883789
-103.2594223022461
-107.70166015625
-109.74877166748047
-106.73368835449219
-106.58657836914062
-110.87520599365234
-110.28111267089844
-108.83212280273438
-114.38199615478516
-99.56051635742188
-108.94567108154297
-101.63229370117188
-110.44054412841797
-103.4490966796875
-104.05278015136719
-109.38482666015625
-109.15264129638672
-111.935791015625
-110.64857482910156
-108.95289611816406
-108.75528717041016
-109.7297592163086
-111.64785766601562
