-97.23597717285156
-108.07884216308594
-100.75398254394531
-105.58163452148438
-107.58567810058594
-103.69078826904297
-100.4354476928711
-92.8993148803711
-103.20128631591797
-98.0950698852539
-102.7794189453125
-100.56317138671875
-104.6324462890625
-102.3675765991211
-98.73776245117188
-96.6279296875
-97.85832214355469
-106.85832214355469
-101.99697875976562
-96.95819854736328
-103.2953109741211
-100.71427917480469
-102.07061004638672
-103.58194732666016
-107.43355560302734
-105.50821685791016
-99.68856048583984
-104.15113067626953
-95.89031982421875
-100.0916748046875
-103.94803619384766
-109.22595977783203
-106.42054748535156
-105.73197174072266
-105.19834899902344
-96.68164825439453
-98.11538696289062
-101.11526489257812
-102.37772369384766
-101.35330200195312
-95.74227142333984
-95.94902801513672
-103.91619110107422
-102.19427490234375
-97.52555084228516
-103.609130859375
-103.16590118408203
-103.49925231933594
-100.90919494628906
-99.7589340209961
-98.30667114257812
-99.3984375
-100.75401306152344
-107.23405456542969
-105.83074951171875
-102.23802947998047
-104.13114166259766
-97.58416748046875
-93.36327362060547
-105.1836166381836
-99.10067749023438
-103.669921875
-96.97421264648438
-99.83512878417969
-103.78471374511719
-96.84983825683594
-101.38904571533203
-102.3096694946289
-100.0804672241211
-99.60985565185547
-102.1014404296875
-98.68976593017578
-98.35796356201172
-106.52452087402344
-99.7109146118164
-103.11474609375
-97.65870666503906
-102.23509216308594
-99.84691619873047
-104.29617309570312
-100.67347717285156
-101.32695007324219
-95.32565307617188
-103.21479797363281
-105.39102172851562
-101.84117126464844
-102.26705169677734
-96.04176330566406
-103.99897003173828
-97.89635467529297
-100.71629333496094
-100.79594421386719
-101.0374755859375
-102.90176391601562
-104.43448638916016
-100.3930892944336
-100.92499542236328
-101.21466064453125
-100.00257110595703
-100.37000274658203
-104.64916229248047
-94.03443145751953
-103.63138580322266
-103.55635070800781
-98.81389617919922
-106.36552429199219
-102.59552764892578
-95.77332305908203
-101.31586456298828
-96.44497680664062
-103.55655670166016
-94.05848693847656
-101.7137451171875
-95.80119323730469
-100.04859161376953
-98.14334869384766
-102.1444320678711
-103.02748107910156
-98.13683319091797
-97.37476348876953
-107.55571746826172
-102.7872314453125
-101.08731079101562
-98.39656829833984
-92.5649185180664
-104.72608184814453
-98.90754699707031
-96.07142639160156
-100.88968658447266
-100.54550170898438
-97.08378601074219
-105.39999389648438
-97.6061019897461
-100.1386489868164
-94.98178100585938
-98.27316284179688
-98.44783020019531
-101.58695983886719
-99.50196838378906
-98.73619842529297
-103.04912567138672
-101.5213851928711
-98.1459732055664
-97.66172790527344
-103.29155731201172
-98.09519958496094
-102.42837524414062
-100.98335266113281
-105.32890319824219
-103.95947265625
-107.417724609375
-96.70375061035156
-104.71685791015625
-102.89077758789062
-105.0743408203125
-109.1884994506836
-107.29449462890625
-100.90081024169922
-105.15766143798828
-98.28543090820312
-100.87989807128906
-100.80130767822266
-104.2216567993164
-100.56671905517578
-98.38263702392578
-98.69114685058594
-103.32659912109375
-107.0666275024414
-104.99195098876953
-99.90491485595703
-102.72579193115234
-92.41381072998047
-101.97882843017578
-101.06592559814453
-97.72217559814453
-101.60432434082031
-100.46858978271484
-98.32325744628906
-101.23411560058594
-97.04203796386719
-101.40833282470703
-105.95455169677734
-101.39684295654297
-100.28710174560547
-97.00177001953125
-103.22026824951172
-95.92977905273438
-101.90956115722656
-100.75635528564453
-103.40128326416016
-104.18683624267578
-97.06250762939453
-99.26292419433594
-101.92924499511719
-97.71003723144531
-101.6261978149414
-99.02691650390625
-104.12322998046875
-98.04415130615234
-100.77932739257812
-98.95510864257812
-100.37934875488281
-101.37995147705078
-95.57401275634766
-102.34706115722656
-103.79974365234375
-106.50101470947266
-97.05235290527344
-95.08953857421875
-103.07560729980469
-99.86689758300781
-102.96619415283203
-99.71781158447266
-106.85292053222656
-99.84278869628906
-103.94657135009766
-101.94876098632812
-98.41907501220703
-104.41383361816406
-98.74752044677734
-98.18460083007812
-105.70466613769531
-99.06928253173828
-106.30010986328125
-101.25702667236328
-102.46586608886719
-104.14622497558594
-102.79463195800781
-103.66355895996094
-105.40575408935547
-107.96183013916016
-109.61804962158203
-102.91185760498047
-102.71094512939453
-102.93235778808594
-96.21996307373047
-103.14283752441406
-103.62467956542969
-103.22914123535156
-99.22518157958984
-105.50257873535156
-101.60881805419922
-101.42689514160156
-101.33216857910156
-99.3747329711914
-101.29568481445312
-100.18131256103516
-104.138671875
-98.99905395507812
-95.94699096679688
-103.1319580078125
-102.07991027832031
-97.55513763427734
-93.74134826660156
-99.08920288085938
-99.23468780517578
-100.79531860351562
-109.048828125
-99.0012435913086
-101.87156677246094
-104.53569030761719
-101.8963623046875
-101.25236511230469
-95.77595520019531
-98.44083404541016
-103.53559112548828
-102.80609130859375
-94.17193603515625
-97.51101684570312
-102.15081024169922
-98.75702667236328
-100.86141204833984
-100.26358795166016
-103.64234161376953
-95.60574340820312
-102.12422943115234
-102.10552978515625
-95.30345153808594
-99.70875549316406
-101.5248031616211
-94.89918518066406
-99.42780303955078
-100.32760620117188
-98.33592224121094
-96.4529037475586
-104.27698516845703
-98.93682098388672
-104.24530792236328
-104.02164459228516
-100.70684814453125
-101.02774810791016
-97.14863586425781
-99.11114501953125
-105.39630889892578
-101.50537109375
-103.00395202636719
-99.78582000732422
-103.87921905517578
-101.25579071044922
-98.966064453125
-100.43214416503906
-102.31600952148438
-105.8647232055664
-102.88121032714844
-104.39893341064453
-98.26431274414062
-99.28135681152344
-105.00740051269531
-102.30841827392578
-104.14947509765625
-104.00235748291016
-100.20044708251953
-98.88921356201172
-103.69686889648438
-97.1678695678711
-100.52894592285156
-96.45982360839844
-104.6015625
-99.99427795410156
-101.4015884399414
-100.01060485839844
-107.07288360595703
-97.68650817871094
-97.9438247680664
-98.08781433105469
-102.692138671875
-104.95156860351562
-96.73263549804688
-103.98424530029297
-101.66273498535156
-102.16046905517578
-98.481689453125
-99.78545379638672
-103.1149673461914
-105.05020904541016
-104.98223114013672
-101.07522583007812
-101.9753189086914
-99.3488998413086
-107.87141418457031
-104.343994140625
-101.36581420898438
-104.53759002685547
-99.5777816772461
-104.96639251708984
-97.82318878173828
-97.91690063476562
-98.59230041503906
-102.15690612792969
-106.65681457519531
-102.11131286621094
-102.37322998046875
-105.39217376708984
-104.0229263305664
-99.2506103515625
-104.9583740234375
-103.63456726074219
-104.009033203125
-106.86128234863281
-102.667724609375
-105.11808776855469
-102.89676666259766
-102.0570068359375
-106.79353332519531
-104.05467224121094
-102.43704223632812
-102.79791259765625
-100.23777770996094
-106.19635009765625
-102.04920196533203
-100.0260238647461
-103.31851196289062
-95.81527709960938
-106.8338394165039
-101.60009002685547
-106.14090728759766
-97.849853515625
-98.60436248779297
-96.97467041015625
-100.73782348632812
-99.1478500366211
-96.56724548339844
-98.60285949707031
-96.99920654296875
-103.59075927734375
-99.36302947998047
-97.83390045166016
-103.2959213256836
-104.635009765625
-99.96277618408203
-95.88201141357422
-96.57775115966797
-100.77174377441406
-99.12596893310547
-100.60865783691406
-98.16973114013672
-94.95751953125
-105.63470458984375
-98.11175537109375
-98.55900573730469
-99.70380401611328
-99.64549255371094
-101.35758972167969
-97.12657928466797
-99.35990905761719
-106.2113265991211
-97.12596130371094
-100.88412475585938
-102.54255676269531
-102.23113250732422
-105.95281219482422
-103.12399291992188
-102.24685668945312
-98.8171157836914
-99.7236099243164
-95.2778549194336
-107.4705581665039
-97.6518325805664
-96.96923065185547
-101.74658203125
-103.54898834228516
-96.44468688964844
-100.87834167480469
-104.7458724975586
-97.32160186767578
-98.87376403808594
-100.62211608886719
-97.42388916015625
-96.18633270263672
-106.85566711425781
-97.89679718017578
-106.32962036132812
-95.75443267822266
-100.69046020507812
-96.61890411376953
-103.21041870117188
-100.098876953125
-102.59938049316406
-100.3092041015625
-99.6916275024414
-102.19113159179688
-100.37419891357422
-105.53983306884766
-92.37528991699219
-99.8794174194336
-97.53439331054688
-101.73796844482422
-96.98320007324219
-98.22563934326172
-102.29998779296875
-100.79076385498047
-105.85102844238281
-99.80182647705078
-99.94560241699219
-107.12947082519531
-100.91236877441406
-105.87191772460938
-103.49713134765625
-105.15612030029297
-97.41024780273438
-102.37227630615234
-96.9275131225586
-107.81460571289062
-93.89997100830078
-99.2718276977539
-105.47775268554688
-105.8199462890625
-102.37203979492188
-96.54454803466797
-95.93656921386719
-100.6978988647461
-98.85691833496094
-99.5762939453125
-101.81831359863281
-97.25148010253906
-99.18569946289062
-100.24348449707031
-106.26553344726562
-97.22256469726562
-98.2640609741211
-93.20975494384766
-98.81249237060547
-100.88113403320312
-95.58589172363281
-106.12102508544922
-100.08868408203125
-100.04310607910156
-95.33802795410156
-101.0172119140625
-103.88790130615234
-99.351806640625
-96.17393493652344
-97.1060562133789
-104.9749755859375
-99.60243225097656
-103.49402618408203
-98.1935806274414
-100.7446060180664
-94.68793487548828
-100.92182922363281
-100.01573181152344
-99.9186019897461
-97.12348175048828
-97.02645111083984
-101.54792785644531
-100.59300994873047
-103.13009643554688
-98.33769989013672
-103.58120727539062
-102.1058578491211
-101.40872955322266
-104.34941864013672
-105.37797546386719
-99.68205261230469
-97.79827117919922
-96.89323425292969
-99.21194458007812
-97.92461395263672
-104.62672424316406
-98.33063507080078
-102.09520721435547
-97.9293212890625
-103.1600570678711
-101.53507995605469
-97.1521224975586
-101.9925765991211
-98.77323913574219
-106.81953430175781
-97.77161407470703
-96.48283386230469
-98.09800720214844
-101.2606430053711
-100.7206039428711
-105.89366149902344
-106.54906463623047
-97.21874237060547
-98.3620376586914
-101.83586883544922
-97.99202728271484
-101.29216766357422
-105.06227111816406
-101.34981536865234
-94.45948791503906
-103.77645874023438
-105.25018310546875
-97.71450805664062
-100.91018676757812
-97.56529235839844
-104.93216705322266
-102.9708023071289
-105.66954040527344
-95.99772644042969
-99.30879211425781
-99.9411392211914
-102.72969818115234
-103.4003677368164
-101.53147888183594
-102.8216552734375
-102.71119689941406
-99.8234634399414
-104.57404327392578
-102.06536865234375
-97.54578399658203
-101.67252349853516
-104.83273315429688
-107.41705322265625
-104.07325744628906
-96.89031982421875
-101.04701232910156
-104.10877990722656
-98.38636016845703
-95.19744110107422
-97.02481079101562
-105.97483825683594
-94.90949249267578
-103.76777648925781
-96.69638061523438
-109.6832504272461
-105.03221893310547
-101.57561492919922
-103.17936706542969
-103.37640380859375
-101.30728149414062
-97.92383575439453
-101.0416030883789
-102.40303039550781
-100.96099090576172
-94.71214294433594
-101.11283111572266
-95.12691497802734
-101.72420501708984
-101.19336700439453
-99.74065399169922
-103.73601531982422
-98.23458099365234
-100.94406127929688
-97.89080810546875
-98.14344787597656
-107.08345031738281
-104.43397521972656
-99.55442810058594
-99.77252960205078
-101.29532623291016
-102.43048095703125
-96.98243713378906
-98.27595520019531
-98.65420532226562
-95.58126068115234
-103.15953063964844
-100.39263153076172
-97.27748107910156
-100.91106414794922
-99.73316955566406
-108.50373840332031
-103.6457290649414
-100.23187255859375
-99.78186798095703
-102.13328552246094
-98.01087188720703
-99.66932678222656
-100.67838287353516
-97.25824737548828
-98.34912872314453
-100.87977600097656
-98.5245361328125
-100.03231811523438
-103.7812271118164
-102.09199523925781
-99.71505737304688
-104.60575103759766
-103.5067367553711
-101.69173431396484
-105.0405044555664
-98.34117126464844
-97.915283203125
-103.21549987792969
-103.36394500732422
-100.51976013183594
-94.91456604003906
-106.77993774414062
-103.65654754638672
-104.3267593383789
-107.55646514892578
-99.82268524169922
-98.46290588378906
-93.79591369628906
-98.89326477050781
-99.68677520751953
-98.05541229248047
-100.85519409179688
-99.01887512207031
-108.6673583984375
-102.99945831298828
-107.36390686035156
-105.64408874511719
-99.92047119140625
-99.28018188476562
-100.88130187988281
-98.36726379394531
-99.74208068847656
-104.58409118652344
-97.66471099853516
-104.22225952148438
-99.85315704345703
-97.03278350830078
-100.63533020019531
-106.7292709350586
-99.91635131835938
-100.45052337646484
-104.09445190429688
-101.5501708984375
-104.12422943115234
-97.97882843017578
-98.6515884399414
-104.01025390625
-96.87757873535156
-100.24056243896484
-104.3651351928711
-103.82671356201172
-106.56324768066406
-102.91412353515625
-101.35127258300781
-96.99473571777344
-104.0616455078125
-103.6011734008789
-100.07072448730469
-99.33968353271484
-98.80075073242188
-102.89323425292969
-101.20629119873047
-98.22750854492188
-102.67858123779297
-93.2588119506836
-100.87260437011719
-102.24494171142578
-102.65141296386719
-102.24495697021484
-98.67558288574219
-101.73008728027344
-101.3309326171875
-98.178955078125
-102.84623718261719
-108.3459243774414
-103.86820220947266
-99.77326202392578
-102.1701431274414
-102.91407012939453
-100.76112365722656
-103.2331314086914
-101.46700286865234
-99.31278991699219
-99.33549499511719
-102.0859603881836
-97.29373931884766
-102.533447265625
-100.80296325683594
-98.23914337158203
-97.27045440673828
-100.5551528930664
-103.77857208251953
-106.53961944580078
-98.58148193359375
-100.31932067871094
-104.14738464355469
-101.2950439453125
-103.73831939697266
-96.97200012207031
-101.98355102539062
-103.61229705810547
-97.26536560058594
-100.0764389038086
-105.46849822998047
-101.80330657958984
-100.43116760253906
-101.990234375
-105.03297424316406
-96.37782287597656
-100.9768295288086
-100.67915344238281
-96.09522247314453
-100.39036560058594
-102.95919036865234
-98.35247802734375
-97.74683380126953
-103.9100341796875
-99.67306518554688
-100.73975372314453
-99.34172821044922
-100.83807373046875
-103.21377563476562
-101.76385498046875
-101.40846252441406
-98.41199493408203
-100.11799621582031
-96.22285461425781
-99.56169891357422
-99.9696044921875
-101.79695129394531
-97.6443862915039
-104.59314727783203
-99.4035415649414
-101.73507690429688
-95.45764923095703
-102.43319702148438
-97.26347351074219
-98.4483413696289
-101.13007354736328
-94.15723419189453
-100.85931396484375
-105.46598052978516
-98.06837463378906
-97.68033599853516
-106.0643081665039
-107.79048156738281
-97.00630187988281
-97.97077941894531
-105.95889282226562
-105.91334533691406
-95.42652893066406
-102.67147064208984
-98.65576934814453
-101.25220489501953
-98.05055236816406
-100.04216766357422
-103.31255340576172
-105.7245101928711
-96.38716888427734
-102.103759765625
-102.56513977050781
-96.92920684814453
-93.28042602539062
-97.92373657226562
-97.40797424316406
-100.37271118164062
-99.75874328613281
-103.36361694335938
-106.8776626586914
-103.21664428710938
-99.70695495605469
-102.61187744140625
-100.25684356689453
-101.5390396118164
-101.31198120117188
-104.63367462158203
-95.5201187133789
-102.71983337402344
-101.4227294921875
-103.83269500732422
-100.19351196289062
-101.58574676513672
-100.15475463867188
-98.82474517822266
-104.55327606201172
-95.31681823730469
-98.20552825927734
-101.67800903320312
-100.954345703125
-101.34398651123047
-101.44476318359375
-104.75145721435547
-102.7220230102539
-103.53748321533203
-104.78797912597656
-100.16079711914062
-103.1464614868164
-100.22444915771484
-102.35143280029297
-99.99862670898438
-95.8309555053711
-96.38862609863281
-103.47901916503906
-108.5377197265625
-102.21673583984375
-95.9769515991211
-100.3904800415039
-103.77184295654297
-103.06981658935547
-101.89208221435547
-100.56283569335938
-99.64122009277344
-103.11630249023438
-100.32586669921875
-100.4644546508789
-101.81713104248047
-101.06529998779297
-97.37710571289062
-97.8280258178711
-96.11385345458984
-100.68795013427734
-104.17743682861328
-100.84141540527344
-102.99175262451172
-101.79710388183594
-98.51546478271484
-98.43843078613281
-102.56010437011719
-98.39556121826172
-106.6853256225586
-99.83168029785156
-102.03369140625
-96.63843536376953
-97.88583374023438
-103.11895751953125
-101.20567321777344
-99.15144348144531
-102.73876190185547
-99.47270202636719
-102.64875030517578
-97.83807373046875
-102.07351684570312
-101.49022674560547
-100.73516082763672
-105.43327331542969
-105.20696258544922
-100.16230010986328
-101.40432739257812
-95.95391845703125
-105.86741638183594
-95.91825103759766
-107.28337860107422
-101.14088439941406
-105.32493591308594
-98.3088607788086
-95.306884765625
-101.07919311523438
-99.22179412841797
-101.13215637207031
-101.72654724121094
-105.237060546875
-101.84471130371094
-99.58841705322266
-104.3651123046875
-100.30657958984375
-105.35934448242188
-105.70951843261719
-102.96682739257812
-102.01376342773438
-105.86180877685547
-99.28012084960938
-101.43016815185547
-97.07910919189453
-100.50570678710938
-101.4549560546875
-102.16126251220703
-102.9698257446289
-104.1633071899414
-102.6168212890625
-100.39781188964844
-105.0245590209961
-100.23406219482422
-99.2605209350586
-104.3486328125
-96.38806915283203
-104.21538543701172
-101.79844665527344
-97.71501159667969
-100.81127166748047
-101.6759033203125
-98.9054946899414
-100.95919799804688
-103.61885070800781
-105.3552017211914
-102.15518188476562
-107.02913665771484
-94.01930236816406
-102.95133209228516
-95.79991149902344
-103.88400268554688
-97.48164367675781
-98.76590728759766
-101.31510162353516
-101.5167236328125
-103.81413269042969
-103.5615005493164
-100.99844360351562
-102.18579864501953
-101.59498596191406
-103.7866439819336
