-105.5384292602539
-115.44404602050781
-106.33677673339844
-111.38743591308594
-113.19776153564453
-110.95381927490234
-106.68511199951172
-98.83934020996094
-108.85820007324219
-105.01969909667969
-110.49281311035156
-105.90948486328125
-111.46978759765625
-109.33065032958984
-106.3879165649414
-102.6500244140625
-103.58686065673828
-112.32398986816406
-109.53477478027344
-104.04467010498047
-108.27690124511719
-106.12149047851562
-107.62088012695312
-109.88951873779297
-111.73435974121094
-111.37752532958984
-104.93157958984375
-111.45419311523438
-101.98172760009766
-104.40921020507812
-110.17179870605469
-116.02334594726562
-112.55290222167969
-113.76913452148438
-111.18647766113281
-102.80543518066406
-105.42938995361328
-107.05580139160156
-108.93804168701172
-105.78504943847656
-102.3971176147461
-101.24483489990234
-111.33403778076172
-108.2738265991211
-103.94122314453125
-111.55875396728516
-110.02133178710938
-108.6832275390625
-106.54441833496094
-106.83330535888672
-105.19178009033203
-107.98648071289062
-105.86836242675781
-115.15673828125
-110.50904846191406
-108.22213745117188
-110.96774291992188
-102.9046401977539
-99.00418090820312
-113.86420440673828
-105.99664306640625
-109.7286376953125
-102.35637664794922
-107.79881286621094
-110.53167724609375
-103.1173095703125
-107.87741088867188
-108.27916717529297
-108.36042785644531
-105.35871887207031
-107.70045471191406
-105.28154754638672
-104.7334213256836
-113.82621002197266
-105.96878814697266
-110.74339294433594
-105.16746520996094
-110.06592559814453
-106.59130096435547
-112.77494812011719
-105.10749053955078
-107.43238067626953
-102.2872543334961
-107.81103515625
-111.27792358398438
-106.30830383300781
-108.59174346923828
-100.67935943603516
-108.93782806396484
-104.83653259277344
-107.43919372558594
-107.16493225097656
-107.75241088867188
-108.4820556640625
-110.6180648803711
-106.96709442138672
-107.96294403076172
-107.9691390991211
-106.98606872558594
-107.14346313476562
-109.0522232055664
-97.565673828125
-110.33097076416016
-111.56094360351562
-104.81986999511719
-113.86527252197266
-109.22723388671875
-101.83128356933594
-107.30860900878906
-101.89619445800781
-108.97388458251953
-99.44446563720703
-108.00003051757812
-101.75084686279297
-105.62391662597656
-104.56198120117188
-108.42811584472656
-108.0811996459961
-104.29840850830078
-104.1675033569336
-113.70298767089844
-106.70410919189453
-108.24784851074219
-104.60824584960938
-99.32626342773438
-111.00308227539062
-105.43274688720703
-101.2376480102539
-105.45338439941406
-108.17436981201172
-103.52631378173828
-109.02320861816406
-101.37672424316406
-106.31836700439453
-100.8713150024414
-104.83458709716797
-103.42388916015625
-108.22608947753906
-107.2505111694336
-106.66279602050781
-109.34273529052734
-108.8821029663086
-102.41790008544922
-106.60365295410156
-110.9109878540039
-104.55497741699219
-108.38602447509766
-107.17705535888672
-110.20405578613281
-111.4715576171875
-114.86219024658203
-102.00634765625
-111.31070709228516
-109.67582702636719
-111.10306549072266
-115.15874481201172
-113.27651977539062
-108.96500396728516
-112.15160369873047
-104.27375030517578
-106.80905151367188
-106.66410064697266
-111.89934539794922
-106.53933715820312
-102.1340560913086
-103.5790023803711
-108.7772216796875
-114.70484924316406
-113.1078109741211
-107.8406982421875
-108.93453216552734
-96.88423156738281
-108.9859848022461
-106.55858612060547
-103.28866577148438
-108.43269348144531
-106.09418487548828
-104.62120056152344
-106.8323974609375
-103.44400787353516
-106.65022277832031
-111.57105255126953
-106.73970031738281
-106.13017272949219
-102.25961303710938
-107.84359741210938
-102.51092529296875
-109.54843139648438
-106.59567260742188
-109.66250610351562
-111.3128890991211
-104.093505859375
-104.39427947998047
-107.54041290283203
-102.99324035644531
-107.79908752441406
-105.57344818115234
-109.65353393554688
-103.32499694824219
-106.2502670288086
-104.49723052978516
-106.02659606933594
-107.53408813476562
-102.9093246459961
-107.8801498413086
-112.1651382446289
-110.2516860961914
-102.28687286376953
-100.22254180908203
-108.99527740478516
-105.72002410888672
-108.19510650634766
-108.12660217285156
-114.14810180664062
-106.44010925292969
-109.83232116699219
-109.03592681884766
-104.12805938720703
-109.43211364746094
-104.4675064086914
-103.03990936279297
-112.57122039794922
-103.75580596923828
-113.12106323242188
-107.7107162475586
-109.48951721191406
-109.06220245361328
-109.16187286376953
-109.80413055419922
-111.5549545288086
-115.27780151367188
-116.90682220458984
-108.92095184326172
-108.74127197265625
-111.4283447265625
-102.2830810546875
-109.75755310058594
-110.7987289428711
-110.95417022705078
-106.53057098388672
-110.13184356689453
-108.64201354980469
-106.83914184570312
-108.62675476074219
-106.8319091796875
-106.83133697509766
-106.9847412109375
-108.45555877685547
-105.64671325683594
-103.4378662109375
-108.23201751708984
-106.74291229248047
-103.3460922241211
-100.37837982177734
-105.64158630371094
-103.5617446899414
-107.97201538085938
-114.07425689697266
-106.46827697753906
-109.13297271728516
-110.09953308105469
-107.47163391113281
-106.7918701171875
-102.82737731933594
-104.7681884765625
-108.72559356689453
-107.11042022705078
-99.89281463623047
-101.86636352539062
-107.63487243652344
-105.52055358886719
-106.72594451904297
-105.8425521850586
-109.04683685302734
-100.31452178955078
-107.793701171875
-108.98075103759766
-100.76428985595703
-105.65910339355469
-108.18867492675781
-100.42243194580078
-105.79533386230469
-105.91224670410156
-102.15172576904297
-101.74018859863281
-110.08489227294922
-104.65592193603516
-109.43975830078125
-107.8367919921875
-106.88995361328125
-107.36380767822266
-102.77877044677734
-105.99256134033203
-112.68900299072266
-108.20848846435547
-108.72193145751953
-104.9619140625
-109.00353240966797
-108.41222381591797
-104.61448669433594
-105.52473449707031
-107.33320617675781
-110.30225372314453
-107.87024688720703
-112.22359466552734
-102.9613037109375
-105.18531799316406
-112.55352020263672
-108.52825927734375
-109.15225219726562
-111.41600799560547
-106.14027404785156
-105.65852355957031
-110.06503295898438
-103.19808959960938
-105.1929931640625
-103.55541229248047
-111.09657287597656
-105.81787109375
-107.03258514404297
-107.82522583007812
-113.55805206298828
-102.88106536865234
-102.52091217041016
-106.84748840332031
-110.18704223632812
-112.16141510009766
-102.88721466064453
-109.93568420410156
-108.49532318115234
-107.80123138427734
-105.3810806274414
-106.34963989257812
-109.5078125
-113.20492553710938
-111.57093048095703
-106.45419311523438
-107.8709716796875
-105.17485046386719
-113.1085433959961
-112.11239624023438
-107.67488098144531
-110.25942993164062
-106.10194396972656
-110.74459075927734
-104.83334350585938
-103.3633804321289
-105.37691497802734
-106.5843276977539
-113.57872009277344
-109.07860565185547
-109.42736053466797
-112.33582305908203
-109.6209945678711
-105.05719757080078
-111.8937759399414
-109.50778198242188
-110.79228973388672
-113.31468963623047
-108.14170837402344
-110.21241760253906
-109.31019592285156
-107.08050537109375
-113.18479919433594
-108.28410339355469
-108.22689819335938
-107.32173156738281
-105.61447143554688
-111.62535858154297
-106.84352111816406
-106.18012237548828
-110.16838073730469
-101.14685821533203
-113.87257385253906
-109.15473937988281
-110.92732238769531
-103.51324462890625
-104.59902954101562
-102.06098937988281
-104.8531265258789
-104.9511489868164
-101.64459228515625
-104.05619812011719
-102.97830200195312
-109.72721862792969
-105.28117370605469
-103.98389434814453
-108.1302719116211
-111.09361267089844
-107.12506103515625
-101.33940124511719
-104.24102783203125
-106.20882415771484
-106.74472045898438
-105.71500396728516
-103.01588439941406
-99.53277587890625
-111.15371704101562
-102.54041290283203
-105.7574691772461
-105.57572174072266
-105.35711669921875
-106.2301254272461
-101.48119354248047
-104.03395080566406
-113.88289642333984
-101.218017578125
-107.27050018310547
-108.43301391601562
-109.00790405273438
-112.87337493896484
-108.07485961914062
-108.51969909667969
-102.9142837524414
-104.839599609375
-101.05548095703125
-114.52255249023438
-103.19308471679688
-103.0379867553711
-109.37871551513672
-109.5264892578125
-100.57860565185547
-105.80779266357422
-113.91937255859375
-102.20487976074219
-104.87908935546875
-107.43517303466797
-103.61982727050781
-102.24504852294922
-113.34806823730469
-103.30673217773438
-112.17504119873047
-100.51846313476562
-106.09723663330078
-100.96649932861328
-111.50482177734375
-104.38169860839844
-109.1815185546875
-107.19155883789062
-105.10013580322266
-107.9306411743164
-106.03954315185547
-110.76973724365234
-96.95711517333984
-106.24668884277344
-103.3228988647461
-108.53238677978516
-103.96328735351562
-104.24140930175781
-107.19709014892578
-105.35584259033203
-111.19869232177734
-106.49825286865234
-105.47303009033203
-113.20562744140625
-106.92818450927734
-110.1554183959961
-110.11930847167969
-110.81837463378906
-102.24415588378906
-106.16838073730469
-103.07166290283203
-113.39553833007812
-99.55118560791016
-105.19267272949219
-111.50059509277344
-112.02565002441406
-108.86004638671875
-102.85333251953125
-101.45236206054688
-106.04901885986328
-103.17861938476562
-106.02250671386719
-106.6211929321289
-103.42926025390625
-104.66398620605469
-104.46669006347656
-112.23091125488281
-101.9041748046875
-105.01297760009766
-98.47471618652344
-104.0336685180664
-105.49240112304688
-101.54019927978516
-111.05814361572266
-105.1155014038086
-106.04759979248047
-100.38711547851562
-107.30155181884766
-109.11257934570312
-103.9159164428711
-101.50910186767578
-103.0631332397461
-108.94111633300781
-103.79216766357422
-109.70172882080078
-102.1479263305664
-104.73318481445312
-99.67858123779297
-105.61153411865234
-105.40695190429688
-105.90608215332031
-101.88661193847656
-103.47933959960938
-107.7223129272461
-106.62437438964844
-109.33256530761719
-102.92772674560547
-107.48138427734375
-107.43050384521484
-106.2252426147461
-110.23807525634766
-111.60769653320312
-103.93929290771484
-102.80815124511719
-102.70198059082031
-104.26609802246094
-103.97259521484375
-111.5412826538086
-103.43980407714844
-107.40508270263672
-101.78082275390625
-107.52001953125
-106.282958984375
-102.39440155029297
-106.53581237792969
-103.8911361694336
-113.54632568359375
-103.58133697509766
-103.98432922363281
-103.70082092285156
-107.16680145263672
-106.95073699951172
-112.39749908447266
-111.75092315673828
-104.05448913574219
-105.22920227050781
-106.40380096435547
-103.18390655517578
-106.05419921875
-110.33505249023438
-107.11028289794922
-99.69212341308594
-107.8130111694336
-110.02449798583984
-101.41815948486328
-106.04025268554688
-103.93070983886719
-112.04005432128906
-108.71810150146484
-110.2442626953125
-101.14788055419922
-105.78501892089844
-105.94786071777344
-108.38125610351562
-108.91514587402344
-107.18473052978516
-108.25579833984375
-107.23648071289062
-106.25492858886719
-111.41395568847656
-108.26893615722656
-102.18479919433594
-107.7794189453125
-111.99910736083984
-113.12451934814453
-109.10650634765625
-101.48111724853516
-106.10941314697266
-111.43727111816406
-103.71109771728516
-101.75894927978516
-103.25808715820312
-112.27208709716797
-98.03120422363281
-109.03854370117188
-100.70653533935547
-116.28558349609375
-111.52145385742188
-105.4344482421875
-107.2802505493164
-108.19296264648438
-106.1761703491211
-104.63744354248047
-106.24254608154297
-108.06273651123047
-105.7392578125
-99.65505981445312
-106.42668914794922
-100.0059814453125
-107.56082916259766
-105.51583099365234
-104.82136535644531
-108.6543197631836
-104.2524185180664
-107.41891479492188
-102.9419174194336
-101.96903991699219
-113.0401382446289
-109.24434661865234
-104.7973861694336
-106.66752624511719
-106.87479400634766
-108.06058502197266
-102.79264831542969
-102.50499725341797
-104.48751831054688
-101.97293090820312
-108.58124542236328
-106.28387451171875
-102.03073120117188
-106.33134460449219
-105.41384887695312
-115.00125885009766
-109.54302215576172
-104.51915740966797
-104.18264770507812
-107.89846801757812
-103.29114532470703
-104.659912109375
-105.1409912109375
-102.31502532958984
-103.52720642089844
-107.17086791992188
-102.46155548095703
-106.25422668457031
-110.51596069335938
-107.23117065429688
-106.61775207519531
-111.51203155517578
-108.5936050415039
-106.23367309570312
-112.38124084472656
-104.96868133544922
-102.74645233154297
-108.66806030273438
-109.05362701416016
-106.28157806396484
-100.39836120605469
-112.20408630371094
-109.45634460449219
-111.34317779541016
-113.65520477294922
-105.58545684814453
-103.45929718017578
-98.35000610351562
-104.27955627441406
-104.78456115722656
-104.8820571899414
-106.69485473632812
-105.10745239257812
-114.29158020019531
-105.28831481933594
-113.26016235351562
-110.95051574707031
-105.58989715576172
-102.27184295654297
-108.36441802978516
-103.08039855957031
-104.03592681884766
-109.9010238647461
-102.8604736328125
-110.81385040283203
-106.81918334960938
-100.35435485839844
-104.82980346679688
-109.91607666015625
-104.73069763183594
-106.18070983886719
-109.0782470703125
-106.8449478149414
-108.92575073242188
-103.60897827148438
-103.40478515625
-110.73011016845703
-101.9355239868164
-104.00870513916016
-110.63719177246094
-109.6202163696289
-111.16276550292969
-107.9151382446289
-107.45967102050781
-102.68670654296875
-109.52030944824219
-109.20511627197266
-103.18290710449219
-103.12709045410156
-104.21434783935547
-107.23503875732422
-107.41773223876953
-104.84281158447266
-108.60230255126953
-97.79910278320312
-105.25827026367188
-107.03843688964844
-107.86808013916016
-107.94038391113281
-103.1174545288086
-106.91072845458984
-105.65464782714844
-103.07935333251953
-106.81559753417969
-114.39570617675781
-110.1364974975586
-103.96871948242188
-107.04165649414062
-107.88814544677734
-104.35159301757812
-108.69780731201172
-107.24566650390625
-104.16644287109375
-104.98777770996094
-106.93370819091797
-103.17985534667969
-107.74755859375
-105.96202087402344
-102.27278900146484
-102.2521743774414
-105.4383316040039
-109.45710754394531
-111.85942840576172
-104.06466674804688
-105.59278106689453
-110.77085876464844
-107.13740539550781
-110.2839584350586
-102.3995590209961
-108.603759765625
-108.26471710205078
-100.8814697265625
-106.16743469238281
-112.96821594238281
-106.66863250732422
-106.64282989501953
-107.27809143066406
-110.2447280883789
-101.19661712646484
-106.83793640136719
-105.48493957519531
-101.0848617553711
-105.64990234375
-106.14110565185547
-104.01082611083984
-103.25148010253906
-108.72471618652344
-106.07939147949219
-107.10798645019531
-105.13982391357422
-106.68251037597656
-107.61524963378906
-107.4164810180664
-106.4872817993164
-103.43352508544922
-106.09547424316406
-100.66960144042969
-106.27686309814453
-106.13855743408203
-107.14527893066406
-102.23971557617188
-111.0161361694336
-104.44096374511719
-106.74890899658203
-100.58348846435547
-106.82500457763672
-102.40806579589844
-104.40364837646484
-106.88438415527344
-97.06319427490234
-107.28611755371094
-111.14924621582031
-103.00245666503906
-101.9857177734375
-111.30970764160156
-113.9537582397461
-102.52701568603516
-102.7481689453125
-110.00936126708984
-111.42631530761719
-101.21668243408203
-108.89861297607422
-103.01564025878906
-105.1454849243164
-102.73267364501953
-103.23790740966797
-108.84667205810547
-108.20319366455078
-99.57421112060547
-106.18550109863281
-107.70387268066406
-101.33024597167969
-97.8728256225586
-102.60499572753906
-102.9797592163086
-105.5195083618164
-104.62066650390625
-107.39844512939453
-112.53058624267578
-109.38815307617188
-103.5597915649414
-108.56146240234375
-106.33602142333984
-107.16483306884766
-106.40595245361328
-109.8581771850586
-101.58352661132812
-107.59746551513672
-104.39065551757812
-110.66181945800781
-107.00889587402344
-107.69593811035156
-104.55409240722656
-102.8573226928711
-110.6915512084961
-99.88007354736328
-103.74592590332031
-105.9499282836914
-103.9517593383789
-106.93756103515625
-104.62321472167969
-112.42324829101562
-105.78590393066406
-108.57493591308594
-108.6817626953125
-105.10240173339844
-107.73684692382812
-104.47583770751953
-106.73359680175781
-104.68562316894531
-100.9750747680664
-102.42753601074219
-108.52752685546875
-112.76673889160156
-107.0103759765625
-100.71182250976562
-106.60173797607422
-109.72415924072266
-108.2069091796875
-107.2582778930664
-105.73795318603516
-105.6078872680664
-107.75215911865234
-106.65782928466797
-104.93849182128906
-106.47874450683594
-105.81582641601562
-102.12859344482422
-103.29962921142578
-99.90287017822266
-105.9986801147461
-109.22913360595703
-108.14379119873047
-108.55267333984375
-108.33697509765625
-102.37095642089844
-104.69266510009766
-107.57681274414062
-104.15540313720703
-111.53968048095703
-105.50601959228516
-107.0421371459961
-100.7568130493164
-102.29534149169922
-107.88980865478516
-104.74683380126953
-104.27391815185547
-106.42060852050781
-104.4772720336914
-107.01669311523438
-102.27656555175781
-105.67670440673828
-107.41625213623047
-106.65865325927734
-109.69237518310547
-110.3678207397461
-104.28540802001953
-104.7579574584961
-99.822265625
-111.2146224975586
-99.79190063476562
-112.47891235351562
-105.60902404785156
-110.65982818603516
-103.81043243408203
-100.8467025756836
-106.77151489257812
-104.9864730834961
-106.29352569580078
-107.2098617553711
-111.5428695678711
-107.55169677734375
-103.82878112792969
-109.79204559326172
-105.10467529296875
-110.01189422607422
-110.50563049316406
-106.64525604248047
-107.61781311035156
-112.0024642944336
-104.21417236328125
-107.43595123291016
-101.91102600097656
-106.6724853515625
-105.36521911621094
-108.24568176269531
-108.16146850585938
-108.25424194335938
-105.96363830566406
-103.9571304321289
-109.94872283935547
-104.861572265625
-102.71765899658203
-108.68092346191406
-101.06289672851562
-109.57158660888672
-104.46275329589844
-102.81304168701172
-105.46000671386719
-106.79788208007812
-104.67803955078125
-105.25212097167969
-108.9629898071289
-108.0531997680664
-106.82994079589844
-112.56865692138672
-97.4172592163086
-107.14967346191406
-98.8888168334961
-108.45430755615234
-100.7320556640625
-103.23941802978516
-107.33924865722656
-107.27564239501953
-108.87451934814453
-109.1360855102539
-106.36666107177734
-107.83375549316406
-106.8800277709961
-108.8902587890625
