-103.45027160644531
-113.40873718261719
-106.13013458251953
-110.08426666259766
-110.46186065673828
-108.14449310302734
-105.7801513671875
-97.3039779663086
-107.9658203125
-102.716064453125
-108.72020721435547
-105.3167495727539
-109.11322021484375
-107.32178497314453
-105.1538314819336
-102.43858337402344
-101.53890228271484
-110.8907241821289
-106.89978790283203
-101.8333740234375
-108.09125518798828
-105.01089477539062
-105.79972076416016
-107.03235626220703
-111.35199737548828
-110.25981903076172
-101.8688735961914
-108.99417114257812
-101.15726470947266
-104.15077209472656
-109.47225189208984
-115.6290283203125
-109.91645050048828
-111.49596405029297
-110.44792175292969
-101.92620086669922
-103.43905639648438
-106.64358520507812
-107.27536010742188
-103.57945251464844
-99.38191223144531
-98.96562194824219
-109.15528106689453
-106.1775894165039
-102.30699920654297
-109.97876739501953
-108.1360855102539
-107.58125305175781
-105.58991241455078
-105.44547271728516
-101.89820098876953
-104.8569107055664
-103.91008758544922
-113.3824691772461
-109.92850494384766
-105.78791809082031
-109.24095916748047
-101.65826416015625
-96.67134857177734
-111.7982177734375
-104.60968780517578
-109.29237365722656
-100.85346984863281
-105.72132110595703
-108.6699447631836
-101.77143859863281
-106.13921356201172
-107.12600708007812
-106.31502532958984
-102.88587188720703
-106.15026092529297
-101.53936767578125
-102.45407104492188
-111.4944839477539
-104.98809814453125
-108.02713012695312
-103.60216522216797
-107.19068908691406
-105.5158462524414
-111.46028137207031
-103.20409393310547
-106.8966293334961
-100.9498291015625
-106.30809783935547
-109.0121078491211
-106.56106567382812
-106.32603454589844
-100.0552978515625
-107.91409301757812
-103.81954956054688
-105.05804443359375
-105.10112762451172
-104.88501739501953
-106.2330322265625
-109.39585876464844
-104.72640991210938
-106.69314575195312
-106.23382568359375
-105.03568267822266
-106.18037414550781
-107.808837890625
-97.54922485351562
-108.73924255371094
-109.45201873779297
-102.9408187866211
-111.73979187011719
-106.85749816894531
-100.26264190673828
-104.92355346679688
-100.61398315429688
-108.23793029785156
-98.35259246826172
-107.25111389160156
-100.05083465576172
-104.84320831298828
-103.54952239990234
-106.1034927368164
-106.21827697753906
-102.19639587402344
-100.88733673095703
-112.82410430908203
-105.57145690917969
-106.93354797363281
-103.92851257324219
-97.61869812011719
-108.87861633300781
-103.63703155517578
-100.13505554199219
-104.15965270996094
-104.79606628417969
-101.25221252441406
-107.93844604492188
-100.0238265991211
-105.28890228271484
-98.56757354736328
-103.31478881835938
-101.5235824584961
-107.53488159179688
-105.85507202148438
-104.39219665527344
-107.97614288330078
-107.61060333251953
-101.37474060058594
-103.63423156738281
-108.6595458984375
-103.35227966308594
-106.60420989990234
-105.13744354248047
-109.76250457763672
-109.30469512939453
-112.92448425292969
-101.61994171142578
-110.99539947509766
-107.96066284179688
-109.29521942138672
-111.46882629394531
-112.63130950927734
-106.89173889160156
-109.54517364501953
-102.97736358642578
-105.23637390136719
-104.88543701171875
-110.14401245117188
-104.71195983886719
-101.1181869506836
-102.83203887939453
-108.50955200195312
-111.64276123046875
-109.98777770996094
-104.36677551269531
-107.16768646240234
-97.45440673828125
-105.81478118896484
-104.2361068725586
-101.66695404052734
-106.38471221923828
-103.85221099853516
-103.24427032470703
-105.09718322753906
-101.54827117919922
-105.24563598632812
-110.10722351074219
-104.76495361328125
-103.96910095214844
-100.0119400024414
-107.49002075195312
-100.27877807617188
-106.39290618896484
-105.48552703857422
-107.23741912841797
-108.35851287841797
-100.97239685058594
-102.23765563964844
-106.55277252197266
-103.38855743408203
-105.46129608154297
-102.79371643066406
-106.86129760742188
-102.01275634765625
-105.07331085205078
-101.96992492675781
-104.40178680419922
-104.99090576171875
-101.2856674194336
-105.91136169433594
-108.2712631225586
-108.70003509521484
-100.28133392333984
-98.27796173095703
-107.84474182128906
-103.03890991210938
-107.30155181884766
-105.03414916992188
-111.28961944580078
-104.44341278076172
-108.70205688476562
-107.671630859375
-102.57768249511719
-107.36045837402344
-102.24690246582031
-102.28907775878906
-110.27821350097656
-102.6516342163086
-110.2631607055664
-105.94392395019531
-107.62947082519531
-107.5679702758789
-107.06230163574219
-107.6487808227539
-109.56888580322266
-112.46691131591797
-114.02936553955078
-106.68145751953125
-107.2880630493164
-108.87031555175781
-100.44071197509766
-107.58312225341797
-107.85783386230469
-109.32121276855469
-104.71045684814453
-109.50244140625
-106.57156372070312
-105.7135009765625
-106.75505828857422
-105.16551971435547
-106.43170166015625
-105.46688079833984
-106.72636413574219
-104.08914184570312
-102.54774475097656
-108.08732604980469
-106.91472625732422
-101.48739624023438
-99.63555908203125
-104.56097412109375
-102.98290252685547
-106.72737121582031
-112.95826721191406
-104.45219421386719
-106.96142578125
-109.23497009277344
-104.6644287109375
-104.47955322265625
-101.6935806274414
-103.16522979736328
-106.70442199707031
-105.76875305175781
-98.45707702636719
-101.79044342041016
-106.12799835205078
-104.01628875732422
-105.9253158569336
-105.20707702636719
-106.98509979248047
-98.86249542236328
-105.56979370117188
-107.18009185791016
-99.03311920166016
-105.01899719238281
-105.54578399658203
-98.70867156982422
-104.11279296875
-104.30282592773438
-101.61406707763672
-99.06744384765625
-107.58899688720703
-103.63874053955078
-107.62777709960938
-108.51408386230469
-105.10005187988281
-105.8942642211914
-100.68580627441406
-103.43936920166016
-108.5319595336914
-106.71172332763672
-105.47146606445312
-103.46449279785156
-106.96324920654297
-105.98129272460938
-103.48223114013672
-104.2909927368164
-104.41926574707031
-108.70630645751953
-106.10133361816406
-109.76241302490234
-101.04261016845703
-102.95123291015625
-109.49996948242188
-107.16664123535156
-107.40583038330078
-108.25586700439453
-104.06181335449219
-103.7106704711914
-108.04349517822266
-101.17720031738281
-103.81647491455078
-100.67068481445312
-109.1185531616211
-103.86874389648438
-104.24516296386719
-105.60208129882812
-110.81600952148438
-102.84257507324219
-100.5802001953125
-104.57644653320312
-107.76124572753906
-109.80619812011719
-102.15824890136719
-107.67720794677734
-105.25565338134766
-106.89410400390625
-103.06591796875
-103.34976196289062
-106.43907928466797
-110.826416015625
-109.31036376953125
-104.59912109375
-106.62738037109375
-103.84416961669922
-111.0078125
-111.767333984375
-105.33878326416016
-109.63135528564453
-104.74531555175781
-110.06417083740234
-102.05256652832031
-100.64118194580078
-102.32518768310547
-105.29340362548828
-112.15694427490234
-107.8988037109375
-105.69099426269531
-109.6157455444336
-107.66976928710938
-103.94207763671875
-109.71343994140625
-106.81481170654297
-108.09049987792969
-111.79446411132812
-108.03752136230469
-109.83265686035156
-106.5633544921875
-105.42281341552734
-111.23356628417969
-107.00404357910156
-106.34441375732422
-104.92459869384766
-104.12701416015625
-111.1302261352539
-106.28585815429688
-104.75120544433594
-107.44083404541016
-99.60700988769531
-112.71807861328125
-105.82762145996094
-109.16927337646484
-101.326416015625
-102.47205352783203
-100.93299865722656
-103.28620147705078
-104.06733703613281
-99.96491241455078
-101.7889175415039
-100.56895446777344
-108.29093933105469
-104.40204620361328
-102.69091033935547
-107.02857208251953
-109.69734191894531
-104.34153747558594
-98.9442367553711
-100.8056640625
-105.33242797851562
-104.44966888427734
-105.04402160644531
-101.54624938964844
-98.93478393554688
-108.97555541992188
-100.76853942871094
-104.01542663574219
-103.80155944824219
-102.58492279052734
-105.55313110351562
-100.81182861328125
-102.79289245605469
-112.7919692993164
-98.9811782836914
-105.6971664428711
-105.85408782958984
-106.81026458740234
-111.09994506835938
-107.78843688964844
-107.6058120727539
-102.64306640625
-103.54280090332031
-100.50768280029297
-113.68140411376953
-102.21469116210938
-100.15155029296875
-107.18766784667969
-108.20082092285156
-100.15438079833984
-105.59224700927734
-110.55194091796875
-100.96115112304688
-104.0837631225586
-105.58918762207031
-103.33309173583984
-100.95732879638672
-111.55228424072266
-102.06948852539062
-111.65047454833984
-99.25090789794922
-104.55646514892578
-99.82991027832031
-108.98921203613281
-103.83477783203125
-106.40751647949219
-106.19049072265625
-104.04595947265625
-106.4902572631836
-103.88719177246094
-108.98268127441406
-97.02429962158203
-104.16381072998047
-102.68402862548828
-105.74213409423828
-102.78067016601562
-103.23834228515625
-106.64694213867188
-103.63248443603516
-108.81598663330078
-104.05729675292969
-104.26145935058594
-111.18289947509766
-106.2359619140625
-108.72215270996094
-107.32574462890625
-109.17243194580078
-100.19589233398438
-105.11292266845703
-101.77498626708984
-112.53529357910156
-96.82827758789062
-102.30823516845703
-109.18225860595703
-109.78935241699219
-107.90717315673828
-101.18022155761719
-99.56732177734375
-105.9502944946289
-101.72368621826172
-105.15406036376953
-104.51727294921875
-101.37642669677734
-103.26757049560547
-103.51031494140625
-110.69164276123047
-101.07185363769531
-102.67378997802734
-97.78453826904297
-103.2726058959961
-103.7080078125
-98.28956604003906
-109.46125793457031
-103.25569152832031
-103.92825317382812
-99.34521484375
-106.15070343017578
-107.25288391113281
-102.75255584716797
-100.83656311035156
-102.19221496582031
-108.81497955322266
-101.53932189941406
-107.88265228271484
-101.47996520996094
-103.0721664428711
-98.63921356201172
-104.39732360839844
-103.31111145019531
-105.03873443603516
-101.0162353515625
-101.93887329101562
-105.77080535888672
-105.891357421875
-108.68637084960938
-102.13802337646484
-107.2052230834961
-106.95088958740234
-103.6751480102539
-107.657958984375
-111.25819396972656
-103.70745086669922
-101.47522735595703
-100.44316864013672
-101.7005615234375
-102.88125610351562
-109.67717742919922
-103.44194030761719
-105.62931060791016
-102.20658111572266
-107.33985900878906
-105.68389129638672
-101.41963958740234
-105.94221496582031
-102.60779571533203
-110.98711395263672
-101.80464172363281
-102.3892593383789
-102.98180389404297
-104.31319427490234
-104.50145721435547
-109.54741668701172
-109.34451293945312
-101.97775268554688
-104.52043914794922
-106.58563232421875
-101.8304672241211
-105.11299896240234
-109.82962799072266
-105.88198852539062
-99.52556610107422
-109.00910186767578
-108.417724609375
-102.03546905517578
-104.8670883178711
-102.45626068115234
-110.12110900878906
-107.71072387695312
-109.97750091552734
-101.69661712646484
-104.26277923583984
-103.52685546875
-106.56797790527344
-107.22172546386719
-105.76703643798828
-106.99813842773438
-107.5052261352539
-104.47554779052734
-109.12396240234375
-105.68936920166016
-101.23149108886719
-106.85904693603516
-109.96648406982422
-111.66582489013672
-108.35969543457031
-100.7180404663086
-104.02605438232422
-107.87450408935547
-101.56632232666016
-100.07505798339844
-101.28155517578125
-110.71498107910156
-99.04457092285156
-108.08504486083984
-100.67691802978516
-114.02200317382812
-110.5081787109375
-105.7834701538086
-106.4178237915039
-107.53164672851562
-104.87255096435547
-101.41485595703125
-105.72644805908203
-106.3144302368164
-104.54962921142578
-98.69269561767578
-104.09738159179688
-97.83487701416016
-105.79549407958984
-104.26348876953125
-102.93606567382812
-107.13126373291016
-102.16263580322266
-106.03718566894531
-102.12873077392578
-101.27185821533203
-112.06251525878906
-106.94550323486328
-102.97216033935547
-104.865478515625
-104.8896713256836
-107.81388854980469
-100.0472640991211
-100.89187622070312
-103.18498992919922
-100.07164764404297
-105.76824188232422
-105.03736877441406
-102.6935806274414
-104.41812133789062
-103.1219253540039
-112.34207916259766
-107.15621948242188
-104.13719177246094
-103.34295654296875
-106.10263061523438
-102.80998992919922
-103.489990234375
-104.0192642211914
-101.53948211669922
-101.82223510742188
-105.6893310546875
-102.10945129394531
-103.74397277832031
-108.37512969970703
-104.53522491455078
-104.7796859741211
-109.06153106689453
-107.92306518554688
-105.67696380615234
-112.01360321044922
-102.6563720703125
-101.43128204345703
-106.2354507446289
-108.18643188476562
-104.10638427734375
-99.80170440673828
-111.2308578491211
-108.318359375
-109.98359680175781
-112.61369323730469
-104.0137939453125
-103.3183822631836
-98.06106567382812
-101.54380798339844
-103.49856567382812
-102.58802795410156
-105.5276870727539
-104.1556167602539
-113.3455581665039
-105.28074645996094
-111.97801971435547
-110.43128204345703
-103.27777862548828
-102.53626251220703
-105.92340087890625
-102.15306854248047
-101.65496063232422
-110.4190902709961
-101.56600952148438
-109.8898696899414
-105.64532470703125
-99.10945892333984
-103.74691772460938
-109.5265884399414
-104.96109008789062
-105.20289611816406
-106.7577133178711
-105.4532699584961
-107.9752197265625
-102.70426940917969
-102.38663482666016
-108.81127166748047
-99.72456359863281
-102.31218719482422
-107.56533813476562
-107.66683959960938
-110.4776382446289
-107.45169067382812
-105.1292953491211
-101.26922607421875
-108.74544525146484
-108.384033203125
-102.3145751953125
-101.68403625488281
-103.04039001464844
-105.3174819946289
-106.76822662353516
-102.4346923828125
-106.90523529052734
-95.95487976074219
-103.81245422363281
-104.75215911865234
-106.80013275146484
-107.09935760498047
-102.35661315917969
-106.11356353759766
-104.82466888427734
-102.46066284179688
-105.30211639404297
-112.89390563964844
-110.6036376953125
-103.39047241210938
-106.3813705444336
-105.4920425415039
-104.58441162109375
-107.44012451171875
-106.35009765625
-104.06087493896484
-103.31549072265625
-106.78287506103516
-100.86145782470703
-107.25696563720703
-105.63555145263672
-103.0611343383789
-101.7926025390625
-103.91985321044922
-108.41325378417969
-111.8885726928711
-103.3805923461914
-104.52195739746094
-107.46299743652344
-106.19877624511719
-107.7562255859375
-101.23624420166016
-104.61336517333984
-107.77246856689453
-100.03910827636719
-104.20101165771484
-110.48794555664062
-104.41458129882812
-106.26040649414062
-106.88633728027344
-108.3889389038086
-100.68009948730469
-106.71170806884766
-103.45819091796875
-99.47909545898438
-103.67975616455078
-106.4165267944336
-102.2696762084961
-101.77102661132812
-108.47689056396484
-105.86000061035156
-104.4666976928711
-103.3076400756836
-105.02279663085938
-106.74916076660156
-105.8859634399414
-104.92713165283203
-102.84058380126953
-104.94856262207031
-100.63809204101562
-104.48222351074219
-104.72974395751953
-106.24525451660156
-101.670166015625
-109.00640869140625
-102.77310943603516
-105.99414825439453
-98.97103881835938
-104.67989349365234
-98.884033203125
-103.70458221435547
-106.12211608886719
-96.57067108154297
-103.73395538330078
-109.32485961914062
-101.64067840576172
-101.66715240478516
-108.89861297607422
-113.16181945800781
-101.76754760742188
-100.67509460449219
-109.09504699707031
-108.7693862915039
-99.78012084960938
-106.98551177978516
-102.63518524169922
-104.00666809082031
-102.10381317138672
-103.52810668945312
-108.9648208618164
-108.31024932861328
-100.07229614257812
-104.92974853515625
-107.42469787597656
-100.63697052001953
-96.10603332519531
-101.79876708984375
-101.78948211669922
-103.89026641845703
-102.65450286865234
-106.29766082763672
-110.90656280517578
-107.68374633789062
-104.01663970947266
-106.34610748291016
-103.63970184326172
-107.49040985107422
-106.04537963867188
-108.40924072265625
-99.75927734375
-105.8544921875
-104.33544158935547
-109.23384094238281
-104.96977996826172
-106.53099060058594
-103.95768737792969
-102.95355987548828
-108.21125030517578
-98.2828369140625
-103.6795883178711
-105.353271484375
-103.36438751220703
-105.15560913085938
-103.49134063720703
-108.92997741699219
-103.87401580810547
-106.56414031982422
-107.2796630859375
-104.01298522949219
-106.34527587890625
-103.23040771484375
-105.39511108398438
-105.07613372802734
-100.96761322021484
-100.41761016845703
-107.17242431640625
-111.85012817382812
-106.70689392089844
-98.97332000732422
-105.63977813720703
-108.4443588256836
-109.51995086669922
-105.58402252197266
-103.48931884765625
-104.20321655273438
-108.7086410522461
-104.53501892089844
-102.98843383789062
-105.32472229003906
-105.797119140625
-101.55072784423828
-101.85731506347656
-98.90198516845703
-104.9127197265625
-108.15132904052734
-106.3266372680664
-107.15665435791016
-106.38836669921875
-100.86663818359375
-103.3843994140625
-107.49907684326172
-103.7546157836914
-109.31492614746094
-104.59477996826172
-106.10253143310547
-98.74861907958984
-101.12508392333984
-107.23361206054688
-104.41707611083984
-103.67237854003906
-105.01002502441406
-102.73326110839844
-106.49669647216797
-100.07386016845703
-104.73429870605469
-104.81673431396484
-104.09872436523438
-107.42716217041016
-110.7625961303711
-104.03385925292969
-104.45446014404297
-98.922607421875
-109.29334259033203
-99.26870727539062
-110.18888092041016
-104.22687530517578
-107.6697006225586
-102.56729125976562
-99.04644012451172
-103.48719787597656
-103.1046371459961
-105.55127716064453
-107.2054672241211
-110.01687622070312
-105.03153228759766
-102.802001953125
-107.96956634521484
-105.56555938720703
-108.69229125976562
-109.62457275390625
-106.29220581054688
-105.08822631835938
-110.89312744140625
-104.4776840209961
-107.94723510742188
-101.31448364257812
-104.043701171875
-105.68771362304688
-107.72444152832031
-107.53988647460938
-108.58445739746094
-106.25895690917969
-103.7009048461914
-108.73648834228516
-104.25308990478516
-103.14685821533203
-108.07140350341797
-100.52210998535156
-107.84555053710938
-106.060302734375
-100.39237976074219
-105.53063201904297
-105.53230285644531
-104.30559539794922
-103.80220031738281
-107.45169830322266
-106.99626159667969
-106.08967590332031
-110.96100616455078
-97.14720153808594
-107.12810516357422
-98.85089111328125
-107.53341674804688
-100.39513397216797
-101.80128479003906
-106.39716339111328
-105.63662719726562
-107.82276153564453
-106.80485534667969
-104.20796203613281
-106.9744873046875
-107.27152252197266
-110.0865249633789
