-101.6629409790039
-111.69438171386719
-103.80368041992188
-108.82411193847656
-109.86856079101562
-107.34200286865234
-103.61549377441406
-95.73038482666016
-106.23733520507812
-102.21407318115234
-106.93335723876953
-103.11112976074219
-108.66895294189453
-106.41476440429688
-102.81706237792969
-100.15034484863281
-99.2365951538086
-110.54377746582031
-106.25069427490234
-100.07846069335938
-105.93274688720703
-103.2992935180664
-104.57827758789062
-106.72229766845703
-109.4961929321289
-109.6215591430664
-101.59596252441406
-108.23988342285156
-99.81110382080078
-101.92560577392578
-107.63996887207031
-113.14896392822266
-110.07844543457031
-109.8868408203125
-108.8141098022461
-101.262939453125
-101.8738021850586
-104.4465560913086
-104.6750717163086
-103.95146942138672
-99.48210906982422
-98.9766616821289
-107.09973907470703
-104.48611450195312
-101.15377807617188
-108.63030242919922
-106.61351013183594
-105.67008972167969
-104.3283462524414
-105.10433959960938
-101.61370086669922
-104.6993637084961
-104.50837707519531
-111.8609619140625
-108.99246978759766
-105.5688247680664
-108.06544494628906
-101.43731689453125
-96.38398742675781
-109.03546905517578
-104.09598541259766
-107.53350830078125
-101.74749755859375
-103.80914306640625
-107.54293823242188
-100.20183563232422
-104.7019271850586
-105.14386749267578
-103.0469970703125
-102.11286926269531
-104.7462387084961
-102.10635375976562
-102.01361083984375
-110.56649017333984
-104.15129852294922
-106.46038055419922
-101.92115020751953
-106.55709838867188
-102.56645965576172
-108.38818359375
-102.17804718017578
-105.27201843261719
-98.76118469238281
-105.3768081665039
-109.06803894042969
-103.85698699951172
-106.74954223632812
-98.1426773071289
-107.28923034667969
-101.92179870605469
-103.35673522949219
-104.73489379882812
-105.33683013916016
-105.29505157470703
-109.06986999511719
-104.44773864746094
-105.6998062133789
-105.14656829833984
-103.7741928100586
-104.56597137451172
-106.8422622680664
-96.14979553222656
-107.7539291381836
-106.4100112915039
-102.25699615478516
-110.67003631591797
-106.86268615722656
-99.94935607910156
-103.04351806640625
-98.70106506347656
-104.88734436035156
-97.22207641601562
-105.35750579833984
-99.27748107910156
-102.92237854003906
-102.67578125
-104.64745330810547
-105.03372192382812
-100.72676849365234
-101.25801086425781
-111.44098663330078
-105.51805114746094
-105.31565856933594
-103.14725494384766
-96.95925903320312
-108.93428802490234
-102.19645690917969
-98.94895935058594
-103.25955963134766
-104.55210876464844
-101.0865249633789
-106.89248657226562
-99.31163024902344
-105.05230712890625
-98.67621612548828
-102.16000366210938
-102.18539428710938
-104.98145294189453
-103.4518051147461
-103.91165924072266
-106.43722534179688
-104.92742156982422
-100.69575500488281
-102.05207061767578
-106.70735931396484
-102.03824615478516
-106.28443145751953
-103.97552490234375
-108.53643035888672
-108.14385223388672
-110.68658447265625
-100.07795715332031
-108.47052764892578
-106.82655334472656
-108.41149139404297
-111.4495620727539
-111.71990203857422
-106.89431762695312
-109.45760345458984
-101.23502349853516
-104.6490707397461
-103.0497055053711
-108.18177795410156
-103.64033508300781
-101.14348602294922
-101.47740173339844
-106.50364685058594
-111.45391082763672
-108.87353515625
-104.36796569824219
-104.8377914428711
-96.93746185302734
-106.4036865234375
-104.35765838623047
-100.81778717041016
-104.43417358398438
-103.16950988769531
-102.09246826171875
-104.37987518310547
-100.51698303222656
-103.3555679321289
-108.18756866455078
-103.61112213134766
-102.3005142211914
-100.15135192871094
-105.63141632080078
-98.86341857910156
-105.2606430053711
-103.77607727050781
-106.57388305664062
-108.61195373535156
-100.81758880615234
-101.0833740234375
-105.06864929199219
-100.72331237792969
-104.63087463378906
-102.7854995727539
-106.95684051513672
-99.56293487548828
-103.57252502441406
-102.94975280761719
-102.38636779785156
-104.8188247680664
-99.39349365234375
-104.94268798828125
-106.6747817993164
-108.16863250732422
-100.07444763183594
-97.00817108154297
-107.00874328613281
-102.63179016113281
-105.80304718017578
-102.98031616210938
-109.59327697753906
-104.09400177001953
-107.77538299560547
-106.83151245117188
-101.16061401367188
-106.02346801757812
-102.06082916259766
-100.19457244873047
-110.3526382446289
-102.24518585205078
-110.53338623046875
-104.25749969482422
-106.78987884521484
-106.70744323730469
-107.10000610351562
-107.9409408569336
-108.43090057373047
-111.15632629394531
-114.30864715576172
-106.864501953125
-108.72261810302734
-108.27767181396484
-99.69624328613281
-105.5549087524414
-108.78620147705078
-108.36153411865234
-102.79312896728516
-107.58161926269531
-104.44188690185547
-104.06986236572266
-105.9815673828125
-104.8893051147461
-105.03167724609375
-104.6271743774414
-104.53192901611328
-103.42295837402344
-100.6412124633789
-106.67292022705078
-104.75000762939453
-100.76681518554688
-97.74935913085938
-103.56827545166016
-102.87091064453125
-104.92860412597656
-111.50389099121094
-103.66860961914062
-106.17520904541016
-107.42511749267578
-105.16525268554688
-105.22048950195312
-99.7379150390625
-100.59979248046875
-105.00381469726562
-104.43610382080078
-98.01659393310547
-100.60845947265625
-104.50202178955078
-102.7199935913086
-104.47473907470703
-104.71577453613281
-107.33638000488281
-98.31366729736328
-104.67866516113281
-104.74327850341797
-97.72434997558594
-103.90577697753906
-105.0632553100586
-98.91870880126953
-103.26065826416016
-104.61129760742188
-100.2539291381836
-99.74688720703125
-105.95718383789062
-101.99613189697266
-106.97649383544922
-106.82013702392578
-104.01383972167969
-105.08352661132812
-99.56379699707031
-102.86419677734375
-108.47765350341797
-105.21930694580078
-105.21714782714844
-101.78939819335938
-107.99576568603516
-104.89234161376953
-102.64677429199219
-103.35078430175781
-105.42034149169922
-107.13902282714844
-105.45764923095703
-108.9729995727539
-100.86602783203125
-102.53813171386719
-107.88764190673828
-105.1759033203125
-106.5341796875
-108.27597045898438
-103.57363891601562
-103.19117736816406
-106.92830657958984
-100.59585571289062
-103.40013122558594
-100.75422668457031
-109.01237487792969
-104.30537414550781
-105.00960540771484
-104.75615692138672
-109.1770248413086
-101.65003967285156
-101.21418762207031
-103.6607666015625
-106.0892333984375
-108.08786010742188
-99.38190460205078
-106.33200073242188
-106.70722961425781
-105.2710189819336
-102.3082046508789
-104.23657989501953
-106.46375274658203
-109.4203109741211
-108.30097961425781
-102.7491683959961
-105.62904357910156
-102.22134399414062
-109.94564056396484
-111.05577087402344
-103.49894714355469
-108.49674987792969
-103.19320678710938
-108.87034606933594
-102.22102355957031
-101.1085433959961
-102.33696746826172
-104.2274398803711
-111.7110366821289
-105.46595764160156
-105.85984802246094
-109.15771484375
-108.5779800415039
-103.87399291992188
-108.1619873046875
-106.39889526367188
-108.69448852539062
-109.3578872680664
-105.34696197509766
-108.4175033569336
-106.44239807128906
-105.4337387084961
-111.53131866455078
-107.24958038330078
-106.36376953125
-104.69849395751953
-103.23795318603516
-110.8941879272461
-106.34895324707031
-104.1424789428711
-106.58319091796875
-98.77510833740234
-110.79124450683594
-106.12894439697266
-108.88326263427734
-100.8159408569336
-102.79993438720703
-99.92718505859375
-103.249267578125
-103.21334075927734
-98.80266571044922
-101.98314666748047
-100.54103088378906
-107.21278381347656
-102.09935760498047
-101.20581817626953
-104.70478057861328
-108.81211853027344
-105.08407592773438
-98.19231414794922
-99.79010772705078
-104.57481384277344
-103.62772369384766
-103.4979019165039
-100.76786804199219
-97.90336608886719
-108.7847900390625
-100.98981475830078
-103.00131225585938
-102.8001480102539
-103.02346801757812
-104.70191955566406
-100.61702728271484
-102.1578598022461
-110.61043548583984
-99.58696746826172
-104.80201721191406
-105.156982421875
-105.56388854980469
-110.48908996582031
-106.83808135986328
-106.59104919433594
-101.43769073486328
-103.36698913574219
-98.56563568115234
-112.75994873046875
-101.56071472167969
-100.0670166015625
-107.15766906738281
-107.84172058105469
-99.43241119384766
-104.94013214111328
-109.72049713134766
-99.76668548583984
-103.17262268066406
-104.41038513183594
-100.52283477783203
-99.90660095214844
-111.9409408569336
-102.38417053222656
-110.19287872314453
-98.89165496826172
-102.97952270507812
-99.87691497802734
-107.28936767578125
-102.30619812011719
-105.26719665527344
-104.55327606201172
-102.88737487792969
-105.98131561279297
-103.57118225097656
-109.95557403564453
-95.05694580078125
-102.13492584228516
-101.3647689819336
-105.66915130615234
-102.09921264648438
-101.81480407714844
-105.48829650878906
-103.1889877319336
-109.07890319824219
-103.61672973632812
-102.86353302001953
-110.98777770996094
-104.43645477294922
-108.32288360595703
-107.20616912841797
-108.81524658203125
-100.52229309082031
-106.89070892333984
-102.67085266113281
-110.84114837646484
-96.76974487304688
-102.57733917236328
-109.71273803710938
-110.44017028808594
-105.31705474853516
-99.60009765625
-98.93403625488281
-103.62505340576172
-100.99005126953125
-103.5973892211914
-104.22915649414062
-101.32804870605469
-102.66007232666016
-101.83351135253906
-110.11546325683594
-100.11640167236328
-102.35192108154297
-95.84294128417969
-102.34774780273438
-103.4193344116211
-97.84225463867188
-109.26081848144531
-102.66790771484375
-103.92139434814453
-97.92325592041016
-104.54431915283203
-107.12815856933594
-102.26398468017578
-99.60551452636719
-100.87356567382812
-108.37922668457031
-101.49745178222656
-107.47624969482422
-100.8459243774414
-104.17001342773438
-98.08094787597656
-103.8687744140625
-102.93418884277344
-103.7784194946289
-99.64436340332031
-100.60115814208984
-104.94799041748047
-103.74651336669922
-106.64498901367188
-100.86278533935547
-105.79752349853516
-106.1176986694336
-104.33866119384766
-105.973876953125
-108.65567016601562
-102.41461944580078
-101.37591552734375
-98.84722137451172
-101.4132080078125
-100.97364044189453
-108.94575500488281
-101.31102752685547
-104.99874877929688
-99.69889831542969
-105.51177978515625
-103.17173767089844
-100.21232604980469
-104.68339538574219
-101.97259521484375
-109.74889373779297
-100.81258392333984
-99.81775665283203
-102.30157470703125
-104.2685775756836
-103.95882415771484
-108.87347412109375
-108.04541778564453
-101.3389663696289
-102.82597351074219
-104.91783142089844
-100.76294708251953
-103.59363555908203
-108.04228210449219
-104.51798248291016
-98.4092025756836
-105.8731689453125
-107.16316223144531
-101.67382049560547
-104.2213134765625
-101.58053588867188
-109.50991821289062
-106.57123565673828
-108.35548400878906
-100.25143432617188
-103.44850158691406
-103.08898162841797
-106.3842544555664
-106.32844543457031
-104.15142822265625
-106.47689819335938
-105.74430084228516
-103.19475555419922
-107.48371124267578
-104.46039581298828
-100.39309692382812
-104.67249298095703
-109.41817474365234
-110.08256530761719
-106.71493530273438
-98.91985321044922
-105.08615112304688
-107.88412475585938
-101.72998046875
-98.9391860961914
-101.79765319824219
-109.69032287597656
-98.93426513671875
-106.84288024902344
-99.2188491821289
-114.69092559814453
-111.10746002197266
-104.1433334350586
-105.18516540527344
-106.1217041015625
-103.87721252441406
-101.57023620605469
-103.4134292602539
-105.86878204345703
-102.44613647460938
-98.9314193725586
-103.63290405273438
-96.8624267578125
-104.87674713134766
-104.00273895263672
-100.75186157226562
-106.04553985595703
-102.1048355102539
-104.71711730957031
-100.9153823852539
-100.17008972167969
-112.35138702392578
-107.26351928710938
-102.080810546875
-104.12890625
-104.38499450683594
-106.18630981445312
-100.7772445678711
-100.28694915771484
-102.50215148925781
-99.86869049072266
-107.21671295166016
-104.1079330444336
-100.87552642822266
-103.57500457763672
-103.80117797851562
-111.96987915039062
-106.58306121826172
-103.75274658203125
-102.34854888916016
-104.26322937011719
-100.72321319580078
-103.48816680908203
-103.22917175292969
-99.45985412597656
-100.74650573730469
-104.6535415649414
-100.31512451171875
-102.9384536743164
-108.61170959472656
-104.699951171875
-103.86860656738281
-108.7047119140625
-106.98025512695312
-105.45397186279297
-109.37246704101562
-101.00434112548828
-100.4610366821289
-105.72408294677734
-106.91854858398438
-103.0873031616211
-98.93926239013672
-109.22149658203125
-107.5029067993164
-108.8976058959961
-111.46572875976562
-103.30938720703125
-101.60464477539062
-96.50260925292969
-101.557861328125
-102.36392211914062
-102.07064056396484
-104.08979034423828
-102.51852416992188
-112.72567749023438
-104.25383758544922
-111.70748901367188
-108.97154235839844
-102.90261840820312
-99.79212951660156
-106.61944580078125
-100.96631622314453
-101.32923126220703
-108.56293487548828
-101.99700164794922
-108.4316635131836
-104.70396423339844
-99.29413604736328
-103.07186889648438
-109.39724731445312
-102.41861724853516
-103.85956573486328
-105.58345031738281
-104.23967742919922
-106.15481567382812
-99.90147399902344
-100.99698638916016
-107.38407897949219
-99.59732055664062
-101.85077667236328
-106.7437973022461
-107.56570434570312
-108.69422149658203
-105.43094635009766
-104.41300964355469
-100.13236999511719
-107.60464477539062
-108.27304077148438
-101.86779022216797
-101.68797302246094
-101.69564819335938
-104.44705200195312
-104.62490844726562
-101.61349487304688
-105.60950469970703
-96.90496826171875
-102.90754699707031
-104.13813018798828
-106.07850646972656
-106.49337005615234
-101.56170654296875
-104.46296691894531
-103.87026977539062
-100.7720718383789
-103.9915771484375
-113.33928680419922
-108.67462158203125
-102.28546142578125
-104.35672760009766
-104.30607604980469
-103.07996368408203
-107.07440185546875
-104.3230972290039
-101.85499572753906
-103.08912658691406
-104.6911849975586
-100.48794555664062
-106.67732238769531
-104.79643249511719
-101.57906341552734
-100.83501434326172
-103.6911392211914
-107.3854751586914
-110.9603500366211
-102.05241394042969
-102.35761260986328
-106.44015502929688
-105.1861801147461
-107.23611450195312
-100.20909881591797
-104.85860443115234
-106.29618072509766
-100.31517028808594
-103.26233673095703
-107.60443878173828
-105.34876251220703
-104.52273559570312
-104.88932037353516
-107.0922622680664
-98.81755065917969
-103.9620590209961
-103.69515228271484
-98.54485321044922
-102.73387908935547
-105.4667739868164
-101.53601837158203
-99.96382904052734
-106.92759704589844
-104.5887680053711
-104.68783569335938
-102.4088134765625
-103.55268859863281
-106.876708984375
-105.5579605102539
-104.50182342529297
-101.43802642822266
-103.09945678710938
-98.7091293334961
-103.62874603271484
-104.58658599853516
-105.23150634765625
-100.80950927734375
-107.75341033935547
-101.40277099609375
-104.98322296142578
-97.97687530517578
-103.87224578857422
-99.33329010009766
-101.97594451904297
-104.83119201660156
-96.79918670654297
-105.09384155273438
-108.36138916015625
-101.32318115234375
-101.044677734375
-109.65274047851562
-111.06498718261719
-100.12360382080078
-102.24343872070312
-107.76182556152344
-107.93033599853516
-100.03142547607422
-105.99144744873047
-101.95637512207031
-104.50480651855469
-100.7606430053711
-103.6881103515625
-106.4172134399414
-107.55073547363281
-98.29015350341797
-104.85618591308594
-107.02230072021484
-100.09369659423828
-96.3630142211914
-101.13050842285156
-99.85005950927734
-102.88467407226562
-102.00666046142578
-105.9468002319336
-109.74043273925781
-106.17292022705078
-102.08311462402344
-104.68596649169922
-103.32108306884766
-105.20108032226562
-104.94902801513672
-108.13984680175781
-100.31771850585938
-104.83297729492188
-103.6540298461914
-107.96703338623047
-102.71791076660156
-105.3479995727539
-102.81343078613281
-101.7955322265625
-107.27032470703125
-97.42164611816406
-102.20697021484375
-104.69972229003906
-102.84065246582031
-105.36180114746094
-103.54009246826172
-109.543701171875
-104.62970733642578
-106.8546142578125
-106.74552154541016
-103.59001922607422
-105.85713958740234
-103.34120178222656
-104.62499237060547
-103.33231353759766
-99.88922119140625
-99.82146453857422
-107.2151107788086
-111.19091033935547
-104.4660415649414
-98.08692932128906
-103.26495361328125
-107.29645538330078
-107.27784729003906
-105.22148895263672
-102.21150207519531
-104.99098205566406
-107.08526611328125
-104.71807098388672
-101.13543701171875
-103.93350219726562
-104.07249450683594
-101.30074310302734
-100.84735107421875
-98.2110595703125
-103.5084228515625
-107.33663177490234
-105.0086669921875
-106.80477905273438
-105.27030181884766
-101.16365051269531
-102.42626190185547
-105.0210952758789
-100.61351013183594
-108.32484436035156
-102.44595336914062
-104.7834701538086
-99.14807891845703
-99.11128234863281
-105.82984161376953
-102.8191909790039
-102.69556427001953
-105.18614196777344
-102.77116394042969
-104.33708190917969
-99.16999053955078
-104.19013214111328
-103.22917175292969
-103.2754135131836
-107.86795806884766
-108.00785064697266
-104.16862487792969
-103.58222961425781
-97.61852264404297
-108.89260864257812
-99.47705078125
-111.25376892089844
-104.36817169189453
-108.5874252319336
-102.06047058105469
-99.3984146118164
-104.11422729492188
-102.4634780883789
-103.86543273925781
-106.1749038696289
-109.6124038696289
-105.37519836425781
-101.79643249511719
-107.31317901611328
-103.55516815185547
-108.50983428955078
-110.25057220458984
-105.222412109375
-104.04446411132812
-110.30538177490234
-103.3067398071289
-105.82363891601562
-101.82691192626953
-103.50887298583984
-103.95780181884766
-105.891357421875
-106.56031799316406
-107.46246337890625
-105.02019500732422
-103.35253143310547
-108.31306457519531
-104.88333129882812
-101.27531433105469
-107.19698333740234
-99.41089630126953
-108.2547836303711
-104.4937973022461
-100.93766784667969
-105.63066101074219
-105.48152160644531
-103.86517333984375
-104.16668701171875
-106.94182586669922
-108.17644500732422
-105.83438873291016
-109.5929946899414
-95.66191101074219
-106.42355346679688
-97.8871078491211
-106.91792297363281
-99.808349609375
-102.25133514404297
-104.84593963623047
-106.17327117919922
-107.30914306640625
-106.73967742919922
-103.77561950683594
-106.98568725585938
-105.7049789428711
-109.01642608642578
