-98.24259185791016
-108.17305755615234
-101.57776641845703
-105.6855239868164
-107.9281234741211
-106.3346176147461
-100.22486877441406
-95.35055541992188
-103.93429565429688
-98.15201568603516
-103.59147644042969
-101.37955474853516
-105.26985168457031
-103.30616760253906
-100.09214782714844
-97.94452667236328
-96.74388122558594
-107.62772369384766
-102.56060028076172
-97.85511779785156
-101.58657836914062
-100.99028015136719
-102.043701171875
-103.52496337890625
-106.8174057006836
-106.63883209228516
-98.9312744140625
-104.98866271972656
-97.26608276367188
-99.56294250488281
-104.64212799072266
-111.36444854736328
-107.2794189453125
-107.03116607666016
-105.85066986083984
-97.969970703125
-99.83655548095703
-103.32438659667969
-103.17288208007812
-101.02938842773438
-96.93029022216797
-96.92643737792969
-105.9175796508789
-102.01958465576172
-98.57008361816406
-104.87887573242188
-104.97151947021484
-104.35431671142578
-103.10306549072266
-101.27661895751953
-99.03199768066406
-100.59505462646484
-100.93535614013672
-108.9951171875
-106.72383880615234
-102.49163055419922
-105.25619506835938
-98.60778045654297
-93.72808837890625
-107.17731475830078
-100.5371322631836
-105.68125915527344
-97.12091827392578
-101.52737426757812
-105.06437683105469
-96.6053466796875
-102.77388763427734
-104.45159149169922
-101.95797729492188
-98.924072265625
-103.06707000732422
-99.378173828125
-100.4143295288086
-106.7065658569336
-100.28797912597656
-104.01318359375
-100.10072326660156
-104.5305404663086
-101.8150863647461
-105.68656158447266
-100.0389175415039
-102.26283264160156
-96.04483032226562
-101.5943374633789
-107.36963653564453
-102.39818572998047
-103.91007995605469
-97.12464904785156
-104.77860260009766
-99.26133728027344
-101.6742935180664
-102.73766326904297
-102.1687240600586
-103.37886047363281
-106.43612670898438
-101.44462585449219
-101.55319213867188
-102.46353912353516
-101.6972885131836
-102.63818359375
-104.33599090576172
-93.37385559082031
-104.50432586669922
-104.08847045898438
-100.10254669189453
-107.72538757324219
-104.21969604492188
-97.5152359008789
-102.02693176269531
-96.81344604492188
-104.08509063720703
-94.98299407958984
-103.05509185791016
-97.83609008789062
-99.5957260131836
-98.98527526855469
-102.29470825195312
-103.26736450195312
-98.51399230957031
-97.40193176269531
-108.11849212646484
-101.3009262084961
-102.74225616455078
-99.5986557006836
-93.80106353759766
-106.11799621582031
-99.3714599609375
-97.08087921142578
-101.1989974975586
-101.45067596435547
-99.46272277832031
-104.23088073730469
-97.28458404541016
-100.72274017333984
-96.50846862792969
-99.77671813964844
-98.93621063232422
-102.83592987060547
-102.17052459716797
-100.1630630493164
-104.75834655761719
-103.03498077392578
-98.23765563964844
-100.04837036132812
-104.02690887451172
-98.9346923828125
-103.71988677978516
-100.94450378417969
-105.72479248046875
-103.87106323242188
-108.09651184082031
-98.5111312866211
-104.25517272949219
-103.125244140625
-105.04515075683594
-108.77276611328125
-107.77991485595703
-102.19945526123047
-105.78262329101562
-99.37657165527344
-101.28002166748047
-100.33377838134766
-106.4072265625
-101.74018096923828
-98.74124145507812
-98.40597534179688
-104.91181945800781
-108.3839111328125
-106.39324188232422
-100.9662857055664
-102.81078338623047
-94.15528869628906
-103.21501922607422
-101.1429672241211
-98.70706176757812
-102.70352935791016
-101.00590515136719
-99.0907974243164
-101.74095916748047
-97.81783294677734
-101.56221771240234
-106.90533447265625
-102.10708618164062
-100.99143981933594
-97.90373992919922
-102.84767150878906
-97.41825103759766
-104.41117858886719
-101.12431335449219
-104.1722183227539
-105.22032928466797
-97.87883758544922
-98.64883422851562
-102.39249420166016
-98.8626937866211
-102.44450378417969
-101.36406707763672
-103.63133239746094
-98.53419494628906
-102.9478988647461
-101.0164794921875
-102.16986846923828
-103.05536651611328
-97.82140350341797
-103.67144012451172
-103.97794342041016
-106.5705337524414
-97.01887512207031
-96.96240234375
-104.38729095458984
-101.04331970214844
-103.92700958251953
-101.5765380859375
-107.97837829589844
-101.16908264160156
-105.62178039550781
-102.73163604736328
-100.13288879394531
-104.30601501464844
-99.47834014892578
-98.62113952636719
-107.30538940429688
-99.13250732421875
-106.33506774902344
-101.1635971069336
-103.69474029541016
-104.02021026611328
-104.15003967285156
-102.9511947631836
-105.05984497070312
-108.13462829589844
-111.45632934570312
-104.07405090332031
-103.82066345214844
-104.15372467041016
-97.62849426269531
-103.92174530029297
-103.96932220458984
-103.45807647705078
-100.15208435058594
-105.1821517944336
-101.80548095703125
-101.25259399414062
-103.63719940185547
-101.6510238647461
-103.21629333496094
-102.36858367919922
-103.57728576660156
-101.27011108398438
-97.13817596435547
-104.14205932617188
-101.82099151611328
-98.54539489746094
-94.94380950927734
-102.26002502441406
-100.06917572021484
-102.7924575805664
-109.74600219726562
-100.1860580444336
-102.89714050292969
-105.59114837646484
-102.05427551269531
-102.6895751953125
-96.62994384765625
-99.44047546386719
-103.03765106201172
-103.07369995117188
-95.06327819824219
-98.28996276855469
-102.64170837402344
-99.65328216552734
-102.52494812011719
-101.85282135009766
-103.54918670654297
-96.14279174804688
-103.68087005615234
-102.92129516601562
-96.50494384765625
-100.37369537353516
-102.33942413330078
-96.25904846191406
-99.35993194580078
-100.89933013916016
-98.1838150024414
-96.78150939941406
-104.55110931396484
-100.12393188476562
-104.69319152832031
-105.48200225830078
-101.3880615234375
-103.97638702392578
-97.06208801269531
-100.83871459960938
-106.10900115966797
-103.89363098144531
-103.17438507080078
-101.69835662841797
-104.40959930419922
-103.00394439697266
-98.94263458251953
-101.3334732055664
-102.0552749633789
-105.37461853027344
-102.2905044555664
-106.28335571289062
-99.63753509521484
-99.69682312011719
-105.64033508300781
-104.49141693115234
-104.78433227539062
-105.76512908935547
-100.40058135986328
-99.51387023925781
-105.27621459960938
-97.27191162109375
-101.47509002685547
-97.75770568847656
-105.40750122070312
-101.29061126708984
-102.91165161132812
-102.74396514892578
-107.67901611328125
-99.10384368896484
-98.98457336425781
-99.32289123535156
-103.88323974609375
-106.00927734375
-98.79837799072266
-104.92193603515625
-103.73541259765625
-103.29207611083984
-100.21475982666016
-101.4653091430664
-104.52257537841797
-108.16206359863281
-106.15567016601562
-101.79255676269531
-103.77177429199219
-100.60059356689453
-107.94590759277344
-106.53045654296875
-102.89563751220703
-105.59098815917969
-100.88191223144531
-106.68568420410156
-101.0654067993164
-98.70154571533203
-100.86715698242188
-103.33334350585938
-109.44048309326172
-103.63459777832031
-102.26170349121094
-106.35200500488281
-104.61048889160156
-101.3609619140625
-106.26748657226562
-102.81478118896484
-105.20794677734375
-109.1493911743164
-103.2696762084961
-105.8716812133789
-103.17635345458984
-103.16277313232422
-109.04499053955078
-103.93155670166016
-103.9241714477539
-102.79536437988281
-100.97383880615234
-106.0246353149414
-101.806640625
-101.61085510253906
-105.33988189697266
-96.6052017211914
-108.77677154541016
-104.47084045410156
-105.51615905761719
-99.1947021484375
-98.85108947753906
-97.19841766357422
-100.61608123779297
-101.53250885009766
-96.858154296875
-99.36883544921875
-99.09022521972656
-106.18069458007812
-100.22199249267578
-98.40503692626953
-104.09735107421875
-106.96595001220703
-101.19822692871094
-96.89904022216797
-98.89895629882812
-101.9609603881836
-100.51771545410156
-102.12976837158203
-99.35628509521484
-94.97539520263672
-104.80927276611328
-99.11695861816406
-101.1799545288086
-101.96485137939453
-100.75433349609375
-102.6800537109375
-98.10376739501953
-100.28983306884766
-108.56512451171875
-97.11421203613281
-102.31753540039062
-102.48359680175781
-103.78327941894531
-108.01168823242188
-103.15151977539062
-102.53157806396484
-99.77245330810547
-100.0560073852539
-96.12210845947266
-108.77391815185547
-99.05083465576172
-98.22888946533203
-103.72958374023438
-105.10183715820312
-96.00347900390625
-102.31981658935547
-108.2031021118164
-97.4338607788086
-99.20869445800781
-102.84075927734375
-99.2060546875
-97.62553405761719
-108.57491302490234
-100.93789672851562
-107.80305480957031
-96.54541778564453
-101.97512817382812
-97.43865203857422
-104.62570190429688
-100.69432067871094
-103.9545669555664
-101.9607162475586
-100.11016082763672
-102.55589294433594
-100.52015686035156
-107.15704345703125
-94.49535369873047
-100.47262573242188
-99.9638671875
-103.94108581542969
-98.01626586914062
-99.99308776855469
-103.2615737915039
-100.09423828125
-105.42027282714844
-101.68441772460938
-101.30769348144531
-107.99202728271484
-101.52095031738281
-106.50276947021484
-104.0542221069336
-106.11127471923828
-98.13333892822266
-103.16973114013672
-99.03564453125
-109.70673370361328
-95.31170654296875
-99.53202819824219
-107.47622680664062
-107.8239517211914
-104.00505828857422
-98.31729888916016
-96.6600341796875
-101.77618408203125
-100.98741149902344
-101.0743637084961
-102.15963745117188
-98.40474700927734
-101.07482147216797
-99.8585433959961
-108.41484069824219
-98.66744232177734
-98.5226821899414
-92.24304962158203
-99.87151336669922
-101.14763641357422
-95.99837493896484
-105.06449127197266
-100.7414779663086
-101.56800079345703
-96.21305847167969
-102.69906616210938
-104.44986724853516
-101.03682708740234
-98.36723327636719
-98.8214340209961
-104.14452362060547
-99.24996185302734
-105.68702697753906
-99.9371337890625
-101.26420593261719
-96.91175079345703
-102.53008270263672
-100.70004272460938
-102.31539916992188
-98.1856689453125
-98.77597045898438
-103.95745849609375
-102.28707122802734
-103.13050079345703
-99.75559997558594
-104.55935668945312
-102.9373779296875
-102.31829071044922
-104.69488525390625
-106.75183868408203
-99.73192596435547
-99.00919342041016
-98.21024322509766
-99.82401275634766
-99.25330352783203
-106.6751480102539
-99.87755584716797
-104.19749450683594
-98.59613800048828
-102.08879089355469
-102.49959564208984
-97.7208480834961
-102.22445678710938
-99.3031234741211
-107.88117218017578
-99.49930572509766
-98.33128356933594
-100.04293823242188
-101.4847183227539
-101.32223510742188
-106.62850189208984
-106.9853744506836
-99.34996032714844
-99.4171142578125
-103.17716217041016
-98.71226501464844
-101.7842788696289
-107.17008209228516
-101.5892105102539
-96.33888244628906
-104.828369140625
-105.76957702636719
-98.54361724853516
-101.115478515625
-98.51045227050781
-108.32290649414062
-105.11495971679688
-106.46786499023438
-97.70203399658203
-100.58094024658203
-101.81697845458984
-104.68289947509766
-103.92472839355469
-102.49862670898438
-103.9019775390625
-104.00889587402344
-101.63157653808594
-105.68704223632812
-103.55242156982422
-97.76415252685547
-103.93311309814453
-106.38572692871094
-107.43055725097656
-104.37281036376953
-96.82395935058594
-101.2279052734375
-105.06421661376953
-98.94196319580078
-96.96098327636719
-99.43212890625
-106.31859588623047
-95.81021118164062
-104.04481506347656
-97.91798400878906
-111.39785766601562
-106.31665802001953
-102.25884246826172
-102.82840728759766
-104.10590362548828
-101.79178619384766
-99.14474487304688
-102.34526824951172
-101.49942779541016
-100.228271484375
-96.58296203613281
-99.23064422607422
-95.97602844238281
-103.18762969970703
-100.7984619140625
-100.52294921875
-103.0499496459961
-99.46526336669922
-102.06465911865234
-98.42777252197266
-98.23785400390625
-107.96605682373047
-105.34986114501953
-100.75123596191406
-102.65850067138672
-102.13741302490234
-104.55158233642578
-98.54521179199219
-98.9326400756836
-98.47621154785156
-97.37349700927734
-105.02593231201172
-101.75117492675781
-98.85343933105469
-101.82674407958984
-100.46624755859375
-110.25237274169922
-104.73155212402344
-100.98107147216797
-100.05974578857422
-103.03694915771484
-99.09205627441406
-101.81717681884766
-101.17069244384766
-97.88274383544922
-99.40270233154297
-102.6301498413086
-97.47317504882812
-101.9731674194336
-105.18305206298828
-102.59210968017578
-101.64631652832031
-104.84735870361328
-103.4393081665039
-102.4917984008789
-106.42298126220703
-98.93458557128906
-99.19816589355469
-103.58692169189453
-104.76152038574219
-101.8895034790039
-95.9441146850586
-107.3582992553711
-104.77904510498047
-105.70365905761719
-108.89195251464844
-101.7894287109375
-99.54122924804688
-95.08245849609375
-99.728271484375
-99.18740844726562
-98.82820892333984
-102.18717956542969
-101.27650451660156
-109.09475708007812
-103.09527587890625
-107.41122436523438
-106.83541107177734
-100.2337875366211
-98.7090072631836
-102.86705780029297
-97.90642547607422
-100.89933776855469
-105.34861755371094
-98.2201919555664
-105.98847198486328
-100.73316955566406
-98.06221008300781
-100.81917572021484
-106.33692169189453
-100.34669494628906
-101.55813598632812
-104.61383819580078
-102.92082977294922
-105.60179138183594
-97.85759735107422
-99.98335266113281
-106.09805297851562
-96.25918579101562
-100.5141830444336
-104.565673828125
-104.44429016113281
-106.0679931640625
-103.0103530883789
-101.69357299804688
-97.58953857421875
-105.43069458007812
-105.0516357421875
-100.61050415039062
-98.9808120727539
-99.32068634033203
-102.43812561035156
-101.76853942871094
-99.58024597167969
-104.69770812988281
-94.3688735961914
-100.34906768798828
-101.613525390625
-104.48090362548828
-104.20172882080078
-99.6595458984375
-102.94313049316406
-101.61442565917969
-99.26329803466797
-101.62092590332031
-109.51448059082031
-105.92680358886719
-100.55770874023438
-102.31084442138672
-102.53334045410156
-101.46092987060547
-103.75129699707031
-102.43598175048828
-100.26517486572266
-101.5766372680664
-102.0731430053711
-97.76206970214844
-103.33763122558594
-103.0753173828125
-99.7245101928711
-97.96383666992188
-101.4706802368164
-103.49618530273438
-108.37938690185547
-99.80023193359375
-99.6092529296875
-104.57373046875
-102.66213989257812
-106.732421875
-96.61937713623047
-102.86091613769531
-104.48516082763672
-97.69508361816406
-100.42748260498047
-105.5896224975586
-102.4454574584961
-102.35514831542969
-103.52991485595703
-105.3247299194336
-97.82466125488281
-102.65010833740234
-102.57054901123047
-97.1777114868164
-100.51420593261719
-104.26948547363281
-100.18806457519531
-98.76432037353516
-104.35395050048828
-102.3131332397461
-101.66240692138672
-99.69955444335938
-101.95620727539062
-103.76558685302734
-104.59577941894531
-102.53607177734375
-97.96957397460938
-101.56903076171875
-96.09192657470703
-101.61460876464844
-102.18336486816406
-102.88347625732422
-97.71981811523438
-104.80284881591797
-99.26373291015625
-102.30982971191406
-95.88697052001953
-102.0134048461914
-96.90210723876953
-100.36054992675781
-103.54642486572266
-94.01656341552734
-102.10316467285156
-106.25409698486328
-99.8641128540039
-98.94535827636719
-106.06465148925781
-108.77335357666016
-97.42316436767578
-99.50846862792969
-106.32642364501953
-105.73507690429688
-98.38877868652344
-103.81137084960938
-98.95643615722656
-101.99020385742188
-98.31729125976562
-100.22868347167969
-104.08126068115234
-105.5897445678711
-96.2343521118164
-103.08256530761719
-103.39380645751953
-97.7645034790039
-94.50322723388672
-99.9274673461914
-97.84468078613281
-101.75157165527344
-100.33599090576172
-103.71898651123047
-107.84661865234375
-103.2527847290039
-99.33013153076172
-103.71328735351562
-100.33451080322266
-102.96063232421875
-102.6281967163086
-106.87713623046875
-97.48387145996094
-102.72442626953125
-100.58682250976562
-106.40764617919922
-102.56582641601562
-103.03995513916016
-100.0732650756836
-101.1740493774414
-105.61154174804688
-95.70489501953125
-100.32969665527344
-102.18563079833984
-100.74485778808594
-103.12329864501953
-102.52875518798828
-107.45475769042969
-102.3890380859375
-104.05284881591797
-104.4154052734375
-101.13037109375
-101.9747314453125
-101.20063018798828
-102.64400482177734
-100.43644714355469
-97.57625579833984
-97.4427719116211
-104.00743865966797
-108.19916534423828
-102.73411560058594
-96.67546081542969
-100.96876525878906
-103.63838958740234
-104.11683654785156
-102.57441711425781
-99.29420471191406
-101.80339813232422
-104.4334716796875
-101.2198257446289
-99.89250183105469
-102.77392578125
-102.35157012939453
-97.87348175048828
-98.79048156738281
-95.72785186767578
-101.42431640625
-103.94979095458984
-102.50677490234375
-104.06565856933594
-102.31729888916016
-98.03977966308594
-100.37278747558594
-102.6850357055664
-99.31656646728516
-107.11528778076172
-100.25807189941406
-102.64636993408203
-96.676513671875
-98.19292449951172
-102.685302734375
-100.71420288085938
-100.24917602539062
-103.09481811523438
-99.81983947753906
-103.41859436035156
-99.02690124511719
-102.479736328125
-102.72113800048828
-101.94872283935547
-106.68144989013672
-105.67424011230469
-100.60308074951172
-101.14564514160156
-97.45613861083984
-106.84171295166016
-96.6854476928711
-108.2458267211914
-100.74491119384766
-106.26724243164062
-98.15973663330078
-96.44430541992188
-100.673828125
-99.52605438232422
-101.56153106689453
-103.89688110351562
-106.93191528320312
-102.70034790039062
-99.71649169921875
-104.04816436767578
-101.19731140136719
-104.62458038330078
-106.40029907226562
-103.67078399658203
-102.43866729736328
-107.5513687133789
-100.03484344482422
-102.68218231201172
-98.0596923828125
-102.11506652832031
-101.47457122802734
-103.48526000976562
-103.45472717285156
-104.72077941894531
-103.30691528320312
-100.05195617675781
-107.09349822998047
-101.50585174560547
-99.37947845458984
-104.74239349365234
-97.21047973632812
-105.23853302001953
-100.93778991699219
-98.67182159423828
-103.2516098022461
-101.5847396850586
-100.55831909179688
-100.8656234741211
-105.49845886230469
-105.12052917480469
-103.55184173583984
-107.18637084960938
-94.79611206054688
-104.22805786132812
-95.58451080322266
-104.65827941894531
-96.37577819824219
-98.28875732421875
-103.36587524414062
-102.85108947753906
-104.45240020751953
-104.26981353759766
-101.6967544555664
-103.46534729003906
-103.01359558105469
-107.05488586425781
