-99.8467025756836
-109.9131851196289
-102.91500854492188
-109.04943084716797
-109.30195617675781
-107.16555786132812
-103.05701446533203
-95.93846130371094
-106.261962890625
-101.369140625
-106.10137176513672
-103.01349639892578
-107.25819396972656
-106.18708038330078
-102.58836364746094
-100.2931900024414
-99.47064971923828
-110.19766235351562
-105.36325073242188
-100.25653076171875
-104.7297592163086
-103.04405975341797
-103.96240234375
-105.74622344970703
-108.02327728271484
-108.27375030517578
-101.4892578125
-107.38111877441406
-99.21700286865234
-101.03407287597656
-106.62120819091797
-113.86099243164062
-109.3881607055664
-110.1931381225586
-108.99349212646484
-100.53370666503906
-101.36540985107422
-103.9909896850586
-104.85460662841797
-102.29638671875
-99.44241333007812
-97.66574096679688
-105.9153060913086
-104.78009796142578
-100.71759796142578
-106.6689224243164
-106.30928039550781
-106.08487701416016
-103.51586151123047
-103.56842803955078
-101.14056396484375
-103.14090728759766
-101.40422821044922
-111.94904327392578
-108.90019226074219
-104.22859191894531
-106.70121765136719
-99.94696044921875
-94.76412963867188
-109.5278549194336
-102.8653335571289
-106.40684509277344
-98.89774322509766
-103.4688949584961
-107.55504608154297
-99.8150405883789
-104.74847412109375
-105.6944808959961
-103.91453552246094
-101.69104766845703
-104.72795104980469
-101.83512115478516
-101.97013854980469
-109.37098693847656
-102.35490417480469
-106.13533782958984
-101.46986389160156
-105.49066162109375
-103.77490997314453
-108.3963851928711
-102.33028411865234
-105.08582305908203
-98.0450210571289
-104.99349212646484
-108.17474365234375
-103.91792297363281
-105.43277740478516
-99.41229248046875
-105.44149780273438
-101.62874603271484
-103.65396118164062
-103.8188705444336
-103.53809356689453
-104.63338470458984
-106.58553314208984
-102.02694702148438
-103.35987091064453
-103.35502624511719
-103.11238861083984
-103.48798370361328
-104.93778991699219
-95.19085693359375
-106.52979278564453
-106.32191467285156
-101.91181945800781
-108.3485336303711
-105.48279571533203
-98.46744537353516
-103.18026733398438
-97.64019775390625
-105.0180435180664
-96.6452865600586
-105.63726806640625
-99.77565002441406
-103.51048278808594
-100.57437896728516
-104.99832153320312
-105.5418930053711
-99.9411849975586
-99.6673355102539
-110.17620849609375
-103.68497467041016
-104.9228744506836
-101.72842407226562
-96.35240173339844
-108.05377960205078
-102.37113189697266
-99.23068237304688
-102.9775161743164
-103.05216979980469
-100.0088882446289
-104.94305419921875
-97.40746307373047
-103.18553161621094
-97.90127563476562
-100.83780670166016
-101.39021301269531
-104.76005554199219
-102.92385864257812
-102.55230712890625
-106.51028442382812
-105.5157470703125
-100.24773406982422
-100.97244262695312
-106.35774230957031
-101.3351821899414
-105.61555480957031
-103.67195129394531
-107.67115020751953
-107.06314086914062
-109.35443115234375
-97.60799407958984
-107.43669128417969
-107.10111999511719
-107.40121459960938
-110.74365997314453
-111.01091766357422
-104.71888732910156
-107.14805603027344
-100.61980438232422
-103.01569366455078
-102.62274169921875
-107.80368041992188
-102.21049499511719
-100.53626251220703
-100.81050109863281
-106.28267669677734
-109.92974853515625
-108.98719787597656
-103.16181945800781
-103.6877212524414
-95.08796691894531
-105.50492095947266
-102.95144653320312
-98.80156707763672
-104.07953643798828
-103.41265106201172
-100.6124496459961
-104.9712905883789
-99.6605224609375
-103.49154663085938
-109.04927825927734
-103.16683959960938
-102.50340270996094
-100.13175964355469
-105.86759185791016
-99.42207336425781
-106.17193603515625
-103.4164810180664
-105.91846466064453
-107.19413757324219
-99.97907257080078
-102.0313949584961
-103.99104309082031
-100.04974365234375
-103.60447692871094
-101.80730438232422
-107.09465789794922
-100.53555297851562
-103.46375274658203
-102.12593078613281
-103.29061126708984
-105.00242614746094
-99.52200317382812
-105.43567657470703
-106.87162017822266
-107.05774688720703
-99.5259780883789
-97.24588012695312
-105.09089660644531
-102.46797180175781
-104.81145477294922
-103.24227905273438
-110.4551773071289
-102.70796966552734
-108.92671203613281
-106.40018463134766
-101.52296447753906
-106.67922973632812
-101.15615844726562
-101.1820068359375
-109.92164611816406
-101.40457153320312
-109.14723205566406
-104.12200927734375
-105.81925201416016
-106.23353576660156
-106.090576171875
-107.14056396484375
-107.65727233886719
-110.58535766601562
-112.83997344970703
-105.296875
-107.00540161132812
-106.67375183105469
-98.54791259765625
-106.88663482666016
-106.90705871582031
-107.68423461914062
-101.47135925292969
-106.66961669921875
-104.52558898925781
-104.02684783935547
-105.42552185058594
-104.29500579833984
-105.07086944580078
-104.82917022705078
-105.49285125732422
-102.54740142822266
-99.93501281738281
-106.40508270263672
-104.49295806884766
-99.24668884277344
-97.31819915771484
-103.33049774169922
-101.79927062988281
-104.02084350585938
-110.77178955078125
-102.58763122558594
-105.26175689697266
-108.14775085449219
-103.12562561035156
-104.48912048339844
-99.49250793457031
-99.84101104736328
-103.87362670898438
-103.77598571777344
-97.07423400878906
-100.15864562988281
-103.32740783691406
-102.22403717041016
-104.55804443359375
-102.6513442993164
-105.70757293701172
-97.28890228271484
-103.96145629882812
-104.68175506591797
-97.92929077148438
-103.37606811523438
-104.2740249633789
-97.39039611816406
-101.51412200927734
-102.37840270996094
-99.54434204101562
-99.1968994140625
-105.28870391845703
-100.38311767578125
-106.19001770019531
-105.8581314086914
-103.09550476074219
-102.75123596191406
-97.68477630615234
-102.06393432617188
-107.41352844238281
-104.27234649658203
-104.7278060913086
-102.29100036621094
-105.84236145019531
-103.75193786621094
-101.65747833251953
-103.4827651977539
-104.11416625976562
-107.18866729736328
-104.27542877197266
-108.3338623046875
-99.3265380859375
-100.66609954833984
-107.97457885742188
-104.97136688232422
-105.81184387207031
-106.31050109863281
-103.26253509521484
-101.88468933105469
-106.42657470703125
-98.91812133789062
-102.7448959350586
-99.5298843383789
-107.66260528564453
-102.8505859375
-104.6362075805664
-102.77017974853516
-108.34780883789062
-100.6688461303711
-99.35140228271484
-101.74031066894531
-106.45204162597656
-108.52633666992188
-99.55123138427734
-105.19450378417969
-105.38553619384766
-104.4778823852539
-101.06183624267578
-102.67093658447266
-104.99812316894531
-108.99446105957031
-106.05339050292969
-103.39851379394531
-104.88668823242188
-101.53060150146484
-109.97551727294922
-109.88326263427734
-104.22063446044922
-107.68206024169922
-102.64716339111328
-107.88229370117188
-101.78516387939453
-99.3323974609375
-101.63536071777344
-103.43675231933594
-110.65169525146484
-105.55477905273438
-104.41920471191406
-108.73867797851562
-106.60661315917969
-101.43522644042969
-107.29647064208984
-106.07940673828125
-106.87626647949219
-108.99815368652344
-105.09588623046875
-107.03401184082031
-105.53590393066406
-103.75772094726562
-109.22005462646484
-104.75336456298828
-105.53034973144531
-104.34832763671875
-102.51087951660156
-108.19747924804688
-104.54534912109375
-103.58403015136719
-106.09188079833984
-97.00418853759766
-109.31302642822266
-104.3481216430664
-108.96837615966797
-99.49252319335938
-100.75761413574219
-99.159423828125
-101.86833190917969
-102.05474853515625
-97.98750305175781
-101.62385559082031
-99.66334533691406
-107.18946838378906
-102.68559265136719
-99.65036010742188
-103.88312530517578
-107.38375854492188
-103.32910919189453
-98.29774475097656
-100.31781005859375
-103.66471862792969
-102.70088195800781
-103.18882751464844
-100.98583984375
-98.78433990478516
-108.28673553466797
-99.99132537841797
-102.70391845703125
-102.92802429199219
-101.76473236083984
-103.33684539794922
-99.66552734375
-101.37521362304688
-109.91783142089844
-98.46424865722656
-103.83161926269531
-105.47400665283203
-105.2913818359375
-109.37474060058594
-106.56884765625
-104.9213638305664
-100.46102905273438
-102.08563995361328
-97.5636978149414
-111.39482879638672
-100.0854263305664
-99.9678726196289
-106.394287109375
-106.76142883300781
-97.92269897460938
-103.80073547363281
-107.15620422363281
-99.74127197265625
-101.34439086914062
-104.77476501464844
-100.31410217285156
-99.34552764892578
-110.18678283691406
-100.18309020996094
-108.72415161132812
-97.4679183959961
-102.8746109008789
-99.19220733642578
-106.3582534790039
-102.55699920654297
-106.02661895751953
-105.18016052246094
-102.64749145507812
-106.0601577758789
-101.64319610595703
-108.27574920654297
-96.61638641357422
-102.65171813964844
-100.64321899414062
-104.96442413330078
-100.85234069824219
-102.33573150634766
-103.8478775024414
-102.31076049804688
-107.27110290527344
-103.69695281982422
-102.60916137695312
-110.58576965332031
-103.90763092041016
-107.14613342285156
-106.75995635986328
-107.31224822998047
-100.40202331542969
-104.39334869384766
-100.03714752197266
-110.64602661132812
-96.96072387695312
-101.26806640625
-107.97465515136719
-108.83499908447266
-105.62413787841797
-98.46928405761719
-99.5135726928711
-103.72721862792969
-101.69840240478516
-102.01155090332031
-102.98234558105469
-100.32379913330078
-101.24581146240234
-102.0129165649414
-109.4319076538086
-101.10546875
-101.7729721069336
-94.64533996582031
-102.10091400146484
-102.73512268066406
-98.50076293945312
-108.2260971069336
-102.87012481689453
-102.7011947631836
-98.73341369628906
-103.89322662353516
-105.62398529052734
-101.16696166992188
-99.97167205810547
-100.67231750488281
-106.88124084472656
-101.90619659423828
-106.15611267089844
-101.0765151977539
-102.52110290527344
-97.79214477539062
-103.9958724975586
-103.25041961669922
-104.24288940429688
-99.92591857910156
-99.43700408935547
-104.58345031738281
-103.6036605834961
-105.30938720703125
-99.50739288330078
-106.44156646728516
-104.33253479003906
-102.72866821289062
-105.6433334350586
-108.20648193359375
-101.4883804321289
-100.60877227783203
-99.1152572631836
-100.54208374023438
-101.40440368652344
-109.21311950683594
-100.71710968017578
-103.32887268066406
-99.15515899658203
-104.35848999023438
-104.04660034179688
-99.21287536621094
-103.40694427490234
-100.37224578857422
-109.09461975097656
-101.39972686767578
-99.56666564941406
-101.4461669921875
-104.10543823242188
-103.40489196777344
-107.37570190429688
-108.1007080078125
-100.92867279052734
-100.87883758544922
-103.68218231201172
-100.1651840209961
-103.09333801269531
-107.46293640136719
-103.31391906738281
-99.1628189086914
-105.80726623535156
-106.74313354492188
-100.20001220703125
-102.38700866699219
-101.33451080322266
-108.75221252441406
-106.5981674194336
-108.027587890625
-99.38195037841797
-103.4900894165039
-102.00301361083984
-106.29344940185547
-106.00080871582031
-103.89195251464844
-105.12852478027344
-105.58567810058594
-102.65258026123047
-106.6260757446289
-105.46815490722656
-99.47503662109375
-104.83300018310547
-108.85787963867188
-110.2947769165039
-106.90303802490234
-98.32564544677734
-101.6675033569336
-107.47666931152344
-101.36782836914062
-97.73292541503906
-101.37174224853516
-108.27339172363281
-98.07008361816406
-106.24620819091797
-99.15637969970703
-112.9380874633789
-108.94459533691406
-103.6340560913086
-104.39580535888672
-104.35002899169922
-105.3990249633789
-99.78436279296875
-103.7999038696289
-105.06643676757812
-102.02274322509766
-97.01634979248047
-103.06941986083984
-97.60169219970703
-104.37197875976562
-102.65127563476562
-101.36669158935547
-105.03975677490234
-101.27528381347656
-103.47509002685547
-98.615966796875
-98.8030014038086
-110.02069091796875
-106.86739349365234
-102.11588287353516
-104.22699737548828
-105.48251342773438
-105.16421508789062
-99.33654022216797
-100.67842864990234
-101.49381256103516
-99.62699127197266
-106.61121368408203
-103.56288146972656
-98.47473907470703
-103.32551574707031
-102.97859191894531
-112.1502685546875
-105.7735595703125
-103.65257263183594
-101.45951843261719
-104.75544738769531
-100.19630432128906
-101.83331298828125
-103.01416015625
-100.16669464111328
-100.66192626953125
-102.81250762939453
-99.09300994873047
-102.54199981689453
-107.10638427734375
-103.8206787109375
-102.8814468383789
-107.87593078613281
-106.04407501220703
-104.55767059326172
-109.36760711669922
-100.2750244140625
-99.43640899658203
-104.30732727050781
-106.62306213378906
-103.46421813964844
-98.3568344116211
-108.21351623535156
-106.42478942871094
-107.94931030273438
-110.8393783569336
-103.19981384277344
-100.29813385009766
-97.11595916748047
-101.92766571044922
-101.13792419433594
-100.07990264892578
-103.28073120117188
-102.65780639648438
-109.79515075683594
-104.33354949951172
-110.74332427978516
-107.5352783203125
-102.65997314453125
-101.68382263183594
-103.93348693847656
-100.24811553955078
-102.00180053710938
-108.29280090332031
-101.087890625
-106.59974670410156
-103.33599090576172
-98.28150177001953
-101.40789794921875
-109.56834411621094
-102.2940673828125
-103.68999481201172
-106.98946380615234
-104.8438949584961
-107.19860076904297
-100.30863189697266
-100.55940246582031
-107.21382904052734
-99.28478240966797
-101.84565734863281
-107.16331481933594
-106.01545715332031
-109.18524932861328
-104.42847442626953
-103.67779541015625
-100.2288589477539
-106.83065795898438
-107.98445892333984
-101.71276092529297
-101.2569351196289
-102.41876220703125
-104.11528015136719
-102.68952178955078
-100.99166870117188
-106.0997314453125
-95.81193542480469
-101.92417907714844
-105.41395568847656
-106.27033996582031
-105.19703674316406
-101.67121124267578
-103.9295883178711
-103.28702545166016
-100.82229614257812
-104.50598907470703
-111.1550064086914
-107.68875122070312
-102.08279418945312
-103.1800765991211
-104.36396026611328
-102.28302764892578
-105.95687866210938
-104.09541320800781
-102.8211898803711
-102.62165069580078
-104.23458099365234
-99.12287139892578
-106.25321197509766
-103.74966430664062
-99.39605712890625
-99.51073455810547
-102.17240142822266
-106.25250244140625
-109.63387298583984
-99.8966293334961
-102.49755096435547
-106.68940734863281
-104.7840347290039
-107.32378387451172
-99.53235626220703
-104.47676086425781
-106.84431457519531
-98.2789077758789
-103.00598907470703
-108.12409973144531
-103.34378051757812
-103.18141174316406
-104.60275268554688
-106.30955505371094
-97.762451171875
-104.75577545166016
-103.55502319335938
-98.5461654663086
-101.06382751464844
-104.82660675048828
-100.77751159667969
-100.4093246459961
-105.42951965332031
-104.05070495605469
-102.58578491210938
-102.55277252197266
-102.50287628173828
-107.03366088867188
-104.69606018066406
-102.6815414428711
-100.00178527832031
-102.1768798828125
-98.49871826171875
-102.66228485107422
-103.58662414550781
-105.26671600341797
-100.25989532470703
-108.26282501220703
-100.07890319824219
-103.76795196533203
-96.92630767822266
-104.45436096191406
-98.5002670288086
-101.96026611328125
-104.5033950805664
-96.3686294555664
-103.35750579833984
-108.36451721191406
-99.98442077636719
-100.42864990234375
-108.32484436035156
-110.89366912841797
-99.21094512939453
-100.00938415527344
-107.02774810791016
-107.81336975097656
-97.7005386352539
-104.10360717773438
-101.94923400878906
-103.88461303710938
-100.56900787353516
-101.48235321044922
-105.61497497558594
-107.23573303222656
-98.26599884033203
-104.6920166015625
-104.84884643554688
-99.713623046875
-95.42375183105469
-100.26415252685547
-100.0168685913086
-104.28419494628906
-102.20111846923828
-104.96815490722656
-109.1536865234375
-106.07416534423828
-101.524658203125
-104.14891815185547
-102.49275207519531
-104.79936218261719
-104.05464935302734
-107.53089904785156
-98.2870864868164
-104.21028900146484
-101.74308776855469
-106.56526184082031
-103.13300323486328
-104.62028503417969
-102.79104614257812
-100.75228118896484
-106.15682220458984
-97.6795654296875
-100.61376953125
-103.09349822998047
-103.09259796142578
-105.33617401123047
-103.059814453125
-107.36767578125
-103.2918701171875
-104.98118591308594
-106.2857666015625
-101.59473419189453
-105.11904907226562
-101.89444732666016
-105.08982849121094
-101.36966705322266
-98.57645416259766
-100.21661376953125
-105.76976013183594
-110.44033813476562
-104.17277526855469
-98.75982666015625
-103.90238952636719
-106.54664611816406
-105.88229370117188
-104.36648559570312
-101.8685073852539
-102.48074340820312
-104.57112884521484
-103.32096862792969
-101.29940795898438
-104.69378662109375
-102.2687759399414
-100.08771514892578
-99.49713897705078
-97.34212493896484
-103.24663543701172
-105.72740173339844
-104.96369171142578
-105.15652465820312
-104.42599487304688
-99.92327880859375
-100.68324279785156
-103.59720611572266
-100.644775390625
-108.90153503417969
-101.52562713623047
-105.23448944091797
-97.31633758544922
-99.74851989746094
-104.74722290039062
-101.44422912597656
-102.48279571533203
-106.07948303222656
-101.42845153808594
-105.00715637207031
-99.40845489501953
-102.9898452758789
-104.24070739746094
-104.10920715332031
-106.73440551757812
-107.39614868164062
-101.88172149658203
-102.14033508300781
-97.20809936523438
-108.59819793701172
-97.14833068847656
-110.64128875732422
-102.21340942382812
-108.73814392089844
-101.47325134277344
-97.22435760498047
-102.47064208984375
-100.60943603515625
-102.0283203125
-104.87122344970703
-108.17475128173828
-105.34322357177734
-101.0750503540039
-106.50922393798828
-103.14043426513672
-107.75257873535156
-107.76945495605469
-105.02943420410156
-103.6556625366211
-108.76287078857422
-101.44967651367188
-104.73450469970703
-98.81720733642578
-104.00817108154297
-103.82714080810547
-105.61158752441406
-105.1625747680664
-105.97692108154297
-104.57614135742188
-101.83900451660156
-107.8707046508789
-102.54900360107422
-101.54529571533203
-107.45616149902344
-99.27459716796875
-106.64329528808594
-103.58341979980469
-99.56092834472656
-103.5326156616211
-103.86717987060547
-102.49150085449219
-102.04470825195312
-106.05403900146484
-106.45938873291016
-105.1183090209961
-108.48625946044922
-96.51277160644531
-105.40762329101562
-96.95443725585938
-104.88744354248047
-98.27733612060547
-101.0746078491211
-104.74752807617188
-104.9742202758789
-106.46617889404297
-106.27098846435547
-103.52771759033203
-104.99166107177734
-105.0530014038086
-109.19413757324219
