-97.07394409179688
-107.35525512695312
-101.17774200439453
-104.41803741455078
-105.64456939697266
-102.81257629394531
-99.878662109375
-93.021728515625
-103.7042236328125
-98.32748413085938
-102.75223541259766
-100.71665954589844
-104.04093170166016
-102.4772720336914
-99.9515151977539
-95.7431640625
-96.77495574951172
-105.21347045898438
-101.81031036376953
-96.87603759765625
-101.55634307861328
-99.65418243408203
-100.89015197753906
-103.5089340209961
-106.56492614746094
-104.27604675292969
-97.53742218017578
-103.64691162109375
-94.88893127441406
-97.7240982055664
-102.83116149902344
-109.17557525634766
-105.67964935302734
-104.77122497558594
-105.63666534423828
-96.05139923095703
-98.97382354736328
-101.35420227050781
-101.75435638427734
-100.7493667602539
-95.80870819091797
-94.71390533447266
-102.06495666503906
-100.44271087646484
-97.7037124633789
-103.08610534667969
-103.65234375
-104.09517669677734
-102.3957290649414
-99.29319763183594
-97.81578826904297
-100.17110443115234
-99.40191650390625
-108.6829605102539
-104.78627014160156
-102.40422058105469
-103.7645034790039
-98.30262756347656
-92.66365814208984
-105.31475830078125
-99.93738555908203
-103.71853637695312
-96.37599182128906
-100.28511810302734
-103.65567016601562
-95.05447387695312
-102.4715805053711
-101.8739013671875
-100.2481689453125
-98.69490051269531
-101.91038513183594
-97.15210723876953
-99.81878662109375
-106.1397933959961
-100.34178161621094
-103.62877655029297
-99.45572662353516
-102.37135314941406
-99.80117797851562
-105.61693572998047
-98.97161865234375
-100.43633270263672
-95.65385437011719
-101.38749694824219
-106.19793701171875
-102.13462829589844
-101.513671875
-95.95918273925781
-102.92218017578125
-97.93862915039062
-99.87248229980469
-101.1622085571289
-100.12564849853516
-101.72319793701172
-104.49530029296875
-99.88619232177734
-100.9273452758789
-102.42774200439453
-99.2825927734375
-101.33270263671875
-102.29017639160156
-94.0815200805664
-104.05029296875
-103.88845825195312
-98.7525405883789
-106.2287826538086
-101.68793487548828
-96.15061950683594
-100.56770324707031
-95.72885131835938
-103.18840026855469
-94.97445678710938
-102.27748107910156
-96.32476806640625
-99.3113784790039
-97.05480194091797
-102.41725158691406
-101.66541290283203
-97.5038833618164
-96.64151000976562
-108.2715072631836
-99.62709045410156
-102.49996948242188
-99.48992919921875
-92.38519287109375
-104.1917724609375
-100.08558654785156
-96.12291717529297
-99.340087890625
-100.05570220947266
-97.33805084228516
-103.31644439697266
-96.8023681640625
-100.32769012451172
-95.64392852783203
-98.23051452636719
-98.27528381347656
-101.03009796142578
-100.84471893310547
-99.84007263183594
-103.25126647949219
-101.59357452392578
-96.96502685546875
-98.17798614501953
-103.52565002441406
-97.44152069091797
-101.52761840820312
-101.87890625
-104.75150299072266
-103.0378189086914
-106.2060546875
-96.32203674316406
-103.42018127441406
-103.04126739501953
-104.24147033691406
-108.98247528076172
-106.36177825927734
-101.14120483398438
-104.27462768554688
-96.78915405273438
-100.59786224365234
-99.38597869873047
-105.36792755126953
-100.6949234008789
-96.66339874267578
-97.4654769897461
-103.71649932861328
-107.5704116821289
-107.29351043701172
-99.92274475097656
-101.70269012451172
-93.09558868408203
-100.31919860839844
-101.29124450683594
-97.22168731689453
-102.5449447631836
-101.39376831054688
-98.85781860351562
-100.94866180419922
-98.2270278930664
-100.65108489990234
-105.31684875488281
-100.11244201660156
-99.66302490234375
-97.67425537109375
-102.7834701538086
-95.48229217529297
-102.3692398071289
-101.02534484863281
-103.63540649414062
-104.3652114868164
-97.66303253173828
-98.76720428466797
-101.56070709228516
-98.30984497070312
-101.20384216308594
-99.5501937866211
-102.75172424316406
-97.44509887695312
-101.65593719482422
-98.89461517333984
-99.67477416992188
-102.00178527832031
-96.47770690917969
-103.5019760131836
-103.7347640991211
-105.09017181396484
-97.2514877319336
-94.24674987792969
-103.99774169921875
-98.54957580566406
-102.37088775634766
-100.42194366455078
-107.97219848632812
-100.53133392333984
-103.38297271728516
-102.62515258789062
-98.9930419921875
-103.13848114013672
-99.05577087402344
-97.543212890625
-105.89578247070312
-99.83078002929688
-106.0584716796875
-101.06587982177734
-102.3704605102539
-103.74957275390625
-103.65592193603516
-101.51042938232422
-103.62007141113281
-108.5257568359375
-109.33191680908203
-102.95350646972656
-103.52787017822266
-103.11111450195312
-95.75520324707031
-103.06234741210938
-103.60530090332031
-104.53427124023438
-99.74089050292969
-104.6711196899414
-102.21626281738281
-99.99281311035156
-100.87052917480469
-100.80863189697266
-101.94671630859375
-101.34607696533203
-102.54344177246094
-99.02567291259766
-97.23394775390625
-103.06925964355469
-101.66991424560547
-96.13803100585938
-93.71981048583984
-100.41622161865234
-99.17227935791016
-101.87420654296875
-108.82324981689453
-98.42267608642578
-100.76203918457031
-103.08262634277344
-101.3475570678711
-102.30155181884766
-96.67452239990234
-98.22676086425781
-102.53055572509766
-100.67374420166016
-94.16207885742188
-97.89529418945312
-101.57486724853516
-98.51636505126953
-101.53826904296875
-101.2164535522461
-103.88025665283203
-95.08049011230469
-101.13631439208984
-101.45149993896484
-94.70996856689453
-99.2392807006836
-101.05850219726562
-93.86659240722656
-98.07927703857422
-100.57762145996094
-97.4059066772461
-95.71156311035156
-103.19975280761719
-100.11122131347656
-104.60712432861328
-103.70668029785156
-99.87824249267578
-100.89190673828125
-96.17271423339844
-99.18999481201172
-104.38226318359375
-102.41069030761719
-101.1904296875
-99.6982421875
-104.34517669677734
-102.05677032470703
-98.33348846435547
-100.4476089477539
-101.96436309814453
-103.69513702392578
-101.68363952636719
-104.50837707519531
-98.26173400878906
-97.84693145751953
-103.66312408447266
-102.16214752197266
-103.38368225097656
-102.80613708496094
-99.3648910522461
-98.99949645996094
-103.43032836914062
-95.99735260009766
-100.52494049072266
-96.75601959228516
-103.95701599121094
-101.24433898925781
-101.1563720703125
-101.13404083251953
-107.03145599365234
-98.678466796875
-96.77071380615234
-98.84258270263672
-102.18733215332031
-104.50732421875
-97.24224853515625
-102.38902282714844
-103.2097396850586
-101.80547332763672
-98.53369140625
-99.22450256347656
-102.62351989746094
-105.30494689941406
-104.37535858154297
-101.2763671875
-102.25146484375
-99.89572143554688
-107.97723388671875
-105.44242095947266
-100.44627380371094
-105.11209106445312
-99.89476013183594
-106.74154663085938
-99.2784194946289
-98.0138931274414
-99.30664825439453
-102.2408447265625
-107.17825317382812
-102.25289154052734
-101.81143188476562
-104.95943450927734
-105.00003051757812
-100.31268310546875
-104.71110534667969
-101.91508483886719
-104.1307144165039
-107.5883560180664
-102.86882019042969
-104.74720001220703
-102.06257629394531
-100.8756103515625
-105.76692199707031
-103.1982650756836
-102.21482849121094
-102.00777435302734
-99.56732940673828
-104.90977478027344
-101.69514465332031
-100.18439483642578
-102.50028228759766
-95.56341552734375
-108.15283203125
-102.01029205322266
-104.48453521728516
-97.64193725585938
-98.19731140136719
-96.42870330810547
-99.2343521118164
-100.20808410644531
-95.29446411132812
-99.09607696533203
-97.50547790527344
-103.9033203125
-98.60655212402344
-97.9793472290039
-103.12693786621094
-105.05245971679688
-98.85015106201172
-96.221435546875
-97.8485107421875
-101.03764343261719
-100.66554260253906
-100.1551742553711
-98.46898651123047
-95.069580078125
-104.396240234375
-97.48978424072266
-99.57325744628906
-100.6040267944336
-99.0646743774414
-101.38684844970703
-96.4501953125
-99.1512222290039
-107.32498168945312
-95.41452026367188
-101.2302474975586
-102.0135726928711
-101.72632598876953
-105.57425689697266
-103.40638732910156
-102.74363708496094
-97.8001937866211
-100.04814147949219
-95.66183471679688
-107.43185424804688
-98.66767120361328
-96.23031616210938
-102.36067962646484
-102.70193481445312
-94.98809051513672
-102.31900024414062
-105.14559936523438
-96.57292175292969
-99.10546112060547
-102.21818542480469
-97.4901123046875
-95.9408950805664
-107.69144439697266
-98.255126953125
-105.37854766845703
-94.91194152832031
-99.61381530761719
-97.62970733642578
-103.93620300292969
-100.31660461425781
-103.56043243408203
-101.53561401367188
-100.08834075927734
-102.04197692871094
-99.31977844238281
-106.50837707519531
-92.48947143554688
-99.94660949707031
-98.77942657470703
-101.77435302734375
-98.28302764892578
-99.84457397460938
-102.02970886230469
-98.95736694335938
-105.4698257446289
-99.6495590209961
-99.14578247070312
-106.82677459716797
-101.04499816894531
-105.27143859863281
-103.65684509277344
-105.0136947631836
-96.61644744873047
-101.44467163085938
-97.23363494873047
-107.60201263427734
-93.21149444580078
-98.96891021728516
-105.14105987548828
-105.66146087646484
-102.21875
-95.21379852294922
-95.95830535888672
-100.05506896972656
-98.47220611572266
-100.58894348144531
-100.77137756347656
-97.25187683105469
-99.95087432861328
-99.65280151367188
-105.9951171875
-97.1981430053711
-98.43022918701172
-93.03288269042969
-100.34048461914062
-100.13443756103516
-93.97734069824219
-104.65860748291016
-100.09660339355469
-99.86851501464844
-94.63819885253906
-101.53463745117188
-103.69149780273438
-98.53868103027344
-96.93521881103516
-98.33403778076172
-104.26558685302734
-99.07808685302734
-103.63301086425781
-97.70276641845703
-100.66741943359375
-95.48992919921875
-101.18489074707031
-98.95906829833984
-99.78857421875
-96.02833557128906
-97.63751983642578
-102.52520751953125
-100.65221405029297
-103.76385498046875
-98.75846862792969
-103.65985870361328
-102.35244750976562
-101.27052307128906
-102.82372283935547
-105.47203063964844
-98.10259246826172
-98.77043151855469
-96.85112762451172
-96.95209503173828
-98.3871841430664
-104.46304321289062
-97.52685546875
-101.7273178100586
-96.75135803222656
-103.02688598632812
-100.84393310546875
-97.24370574951172
-103.25738525390625
-98.65703582763672
-105.51593017578125
-97.71099853515625
-95.73188781738281
-99.43617248535156
-101.19682312011719
-100.55672454833984
-104.98509979248047
-104.86270141601562
-99.17013549804688
-99.05484771728516
-100.62899780273438
-97.73539733886719
-99.56073760986328
-104.96604919433594
-100.91397094726562
-95.46572875976562
-103.7024154663086
-104.31969451904297
-98.09408569335938
-99.64659118652344
-98.29989624023438
-105.27622985839844
-103.13178253173828
-105.45843505859375
-96.05135345458984
-99.37348175048828
-98.64871978759766
-102.50550842285156
-102.65483856201172
-100.83483123779297
-102.86468505859375
-102.47686004638672
-100.921630859375
-104.42727661132812
-103.63582611083984
-96.73055267333984
-100.90118408203125
-104.04963684082031
-107.31885528564453
-103.47432708740234
-95.33361053466797
-100.20132446289062
-102.96817016601562
-98.42826843261719
-95.71809387207031
-98.18914794921875
-104.85153198242188
-95.11811065673828
-104.07791900634766
-97.72501373291016
-109.51543426513672
-106.13008117675781
-101.2878646850586
-102.62226867675781
-102.77889251708984
-101.6641616821289
-96.98995971679688
-102.20242309570312
-102.415283203125
-99.56723022460938
-95.06453704833984
-100.39369201660156
-95.22777557373047
-100.75189971923828
-99.692138671875
-98.57392120361328
-103.7808609008789
-97.81546020507812
-100.67191314697266
-98.87623596191406
-97.02588653564453
-106.61892700195312
-103.47135925292969
-99.46648406982422
-100.45265197753906
-101.6794662475586
-103.3412094116211
-97.38861083984375
-97.21129608154297
-98.45343017578125
-96.37996673583984
-103.79752349853516
-100.34838104248047
-96.75341033935547
-100.94529724121094
-98.70600891113281
-107.35989379882812
-102.93544006347656
-99.21296691894531
-100.20323944091797
-101.8972396850586
-97.57361602783203
-98.66326141357422
-100.00607299804688
-97.4583511352539
-96.80197143554688
-100.59727478027344
-97.33721160888672
-100.13031768798828
-104.98755645751953
-100.94002532958984
-99.92070007324219
-105.07011413574219
-103.70906066894531
-102.22056579589844
-106.50389862060547
-97.962890625
-97.97650909423828
-102.54983520507812
-103.04077911376953
-100.7785415649414
-96.27655029296875
-105.08808135986328
-103.40530395507812
-105.33845520019531
-107.47763061523438
-100.00426483154297
-97.94564819335938
-93.53325653076172
-97.39926147460938
-98.96214294433594
-97.60936737060547
-101.35652160644531
-99.19971466064453
-107.66543579101562
-102.43090057373047
-107.75825500488281
-104.32654571533203
-99.49581909179688
-97.84683990478516
-102.27978515625
-96.23883056640625
-98.73613739013672
-103.54827880859375
-98.33441925048828
-103.71060180664062
-101.28077697753906
-97.42992401123047
-99.87532043457031
-105.49456787109375
-99.04286193847656
-99.8179702758789
-102.81652069091797
-101.41944122314453
-103.76685333251953
-96.69004821777344
-98.26994323730469
-104.47491455078125
-95.67578125
-98.6658935546875
-103.01692199707031
-102.87930297851562
-105.40494537353516
-101.34504699707031
-101.69883728027344
-97.45402526855469
-102.8252182006836
-104.09589385986328
-100.31311798095703
-97.98163604736328
-98.87095642089844
-101.25748443603516
-100.43937683105469
-98.41830444335938
-102.44815826416016
-92.53194427490234
-99.27336120605469
-101.39962005615234
-101.52755737304688
-102.5909652709961
-98.8514175415039
-102.23976135253906
-101.52125549316406
-97.89134979248047
-101.68912506103516
-108.36971282958984
-106.88066101074219
-99.48249816894531
-100.68624877929688
-101.54492950439453
-99.89634704589844
-103.71810913085938
-101.8041000366211
-99.10965728759766
-98.94596099853516
-101.77249908447266
-97.32218170166016
-102.71356964111328
-100.82139587402344
-98.6047134399414
-98.30004119873047
-100.47724914550781
-104.15606689453125
-107.76517486572266
-98.59593963623047
-99.48760223388672
-104.76254272460938
-101.20650482177734
-103.31838989257812
-98.30326080322266
-102.32965850830078
-104.19481658935547
-97.82732391357422
-100.25772094726562
-105.4332275390625
-101.78495788574219
-100.30695343017578
-102.32294464111328
-104.33788299560547
-95.95423889160156
-102.20298767089844
-100.90711212158203
-96.37994384765625
-99.57852172851562
-102.1487808227539
-96.81016540527344
-98.91352081298828
-104.01406860351562
-100.397216796875
-101.7060546875
-98.78858947753906
-100.39036560058594
-103.40615844726562
-101.37093353271484
-101.01580047607422
-97.86031341552734
-100.78608703613281
-95.8535385131836
-99.94359588623047
-101.06224060058594
-101.14340209960938
-97.44390869140625
-104.60804748535156
-98.35652160644531
-102.54590606689453
-95.42570495605469
-101.57445526123047
-96.32736206054688
-100.2835693359375
-102.00225067138672
-94.7558822631836
-101.69022369384766
-105.10858154296875
-98.24433898925781
-98.74685668945312
-106.50013732910156
-107.73432922363281
-96.25245666503906
-98.37218475341797
-105.34652709960938
-104.20711517333984
-95.80309295654297
-102.03170013427734
-99.19589233398438
-101.925048828125
-96.92567443847656
-99.76011657714844
-104.37389373779297
-104.06891632080078
-96.02926635742188
-100.36315155029297
-103.54791259765625
-97.02268981933594
-94.02328491210938
-97.7820053100586
-97.77872467041016
-100.78267669677734
-99.21578979492188
-102.08863830566406
-105.5418930053711
-102.79143524169922
-99.30705261230469
-101.43559265136719
-99.9461669921875
-101.2772445678711
-101.42281341552734
-104.68303680419922
-96.35803985595703
-101.38793182373047
-100.17596435546875
-103.844482421875
-100.93186950683594
-102.84528350830078
-100.35123443603516
-98.43556213378906
-104.08484649658203
-94.39022064208984
-99.86027526855469
-101.056640625
-100.04331970214844
-101.24768829345703
-100.4884033203125
-104.25993347167969
-102.66250610351562
-103.00114440917969
-104.59437561035156
-100.40335845947266
-102.11043548583984
-100.29560852050781
-101.76647186279297
-100.26773071289062
-96.15548706054688
-96.17921447753906
-103.32942962646484
-107.68379974365234
-101.8717269897461
-95.04740142822266
-100.2952651977539
-102.47972869873047
-104.31758117675781
-102.72798156738281
-99.51520538330078
-100.45185089111328
-103.5236587524414
-100.7936019897461
-100.03590393066406
-101.14971160888672
-100.69654083251953
-96.85572814941406
-96.73065948486328
-95.66622924804688
-102.04872131347656
-104.003662109375
-101.57266235351562
-102.1489486694336
-101.16293334960938
-97.27627563476562
-98.90690612792969
-102.92542266845703
-97.81006622314453
-105.05548858642578
-99.23727416992188
-102.03146362304688
-95.60907745361328
-96.35572052001953
-101.93272399902344
-100.0980224609375
-100.52448272705078
-101.00568389892578
-99.55794525146484
-102.14930725097656
-97.48377227783203
-101.87039947509766
-100.45956420898438
-101.4863510131836
-104.77499389648438
-104.6865234375
-99.63135528564453
-99.60517883300781
-94.31381225585938
-104.89673614501953
-95.33101654052734
-108.73048400878906
-100.10369110107422
-104.29137420654297
-98.85690307617188
-95.07440185546875
-99.3716812133789
-98.39970397949219
-100.57523345947266
-102.19355010986328
-104.80181121826172
-103.20982360839844
-98.09452819824219
-103.60437774658203
-99.3592529296875
-103.6208267211914
-105.58507537841797
-102.78132629394531
-101.24374389648438
-105.30821228027344
-97.18333435058594
-102.821044921875
-96.88033294677734
-100.11509704589844
-99.71675872802734
-102.38650512695312
-102.16007995605469
-103.99424743652344
-101.75615692138672
-99.32774353027344
-105.1858901977539
-100.28700256347656
-98.52460479736328
-103.99064636230469
-96.43717193603516
-103.45293426513672
-101.19157409667969
-98.23258972167969
-102.01514434814453
-101.32754516601562
-98.77889251708984
-99.8211441040039
-105.05309295654297
-103.39112854003906
-101.2349624633789
-106.12323760986328
-93.53667449951172
-102.92420959472656
-93.82540893554688
-103.374267578125
-96.77220153808594
-97.29908752441406
-100.98172760009766
-102.4721908569336
-103.92706298828125
-103.52197265625
-100.29556274414062
-103.36306762695312
-101.82293701171875
-104.07012939453125
