-98.18584442138672
-108.12248992919922
-101.72390747070312
-106.28816223144531
-107.10517120361328
-105.72251892089844
-100.75117492675781
-94.34944152832031
-104.87736511230469
-98.14523315429688
-103.52810668945312
-101.30087280273438
-105.34940338134766
-103.68280029296875
-99.83646392822266
-98.17757415771484
-99.0940170288086
-107.4465560913086
-103.7384262084961
-98.50845336914062
-104.53462982177734
-102.21231842041016
-101.55191040039062
-105.07390594482422
-107.64057159423828
-106.24759674072266
-98.59321594238281
-104.83706665039062
-96.21206665039062
-99.27052307128906
-104.44512939453125
-109.77684783935547
-107.33444213867188
-107.00916290283203
-107.4690170288086
-97.36190032958984
-100.105712890625
-101.69763946533203
-103.39250183105469
-101.62602996826172
-97.33782196044922
-96.57826232910156
-104.19512176513672
-101.3406753540039
-98.37628936767578
-104.72810363769531
-104.8857650756836
-104.77923583984375
-101.83024597167969
-102.33290100097656
-98.19100189208984
-101.76148986816406
-100.82940673828125
-109.58336639404297
-105.8689193725586
-102.9841079711914
-105.95355224609375
-98.26234436035156
-93.85332489013672
-108.18502044677734
-100.32711029052734
-104.20174407958984
-97.07234191894531
-101.12899017333984
-104.19745635986328
-97.013916015625
-101.92010498046875
-102.2415542602539
-101.30729675292969
-99.77753448486328
-103.59637451171875
-99.54256439208984
-99.13018798828125
-107.14568328857422
-101.37831115722656
-103.9569320678711
-99.73336791992188
-104.15033721923828
-102.39733123779297
-105.41029357910156
-99.76770782470703
-102.21876525878906
-96.02522277832031
-102.60604858398438
-106.23533630371094
-102.35932159423828
-103.36856079101562
-98.6583251953125
-104.51405334472656
-99.6871566772461
-101.0337142944336
-102.2715072631836
-101.35852813720703
-102.19925689697266
-105.69528198242188
-102.30723571777344
-101.99652099609375
-102.74073028564453
-100.7705078125
-101.7152328491211
-104.19232177734375
-93.45012664794922
-104.41435241699219
-104.7437515258789
-100.09352111816406
-107.42237854003906
-104.1498794555664
-97.64778900146484
-101.50157928466797
-96.39248657226562
-103.3637924194336
-94.87525939941406
-103.52893829345703
-97.67349243164062
-100.12336730957031
-98.95082092285156
-101.46378326416016
-103.41236877441406
-98.21591186523438
-96.60198974609375
-108.00464630126953
-101.748291015625
-101.91909790039062
-99.43289184570312
-93.25808715820312
-104.65596008300781
-99.1623764038086
-96.58512878417969
-100.60304260253906
-100.9806900024414
-98.71611785888672
-104.0742416381836
-97.17363739013672
-100.87008666992188
-96.11231231689453
-99.30133819580078
-99.34982299804688
-102.68153381347656
-101.25089263916016
-99.41464233398438
-103.18533325195312
-101.7805404663086
-98.36790466308594
-98.49299621582031
-104.34732818603516
-98.85250091552734
-102.91220092773438
-101.60259246826172
-105.21849060058594
-104.31365966796875
-107.86366271972656
-97.43355560302734
-104.2453842163086
-104.63072204589844
-105.47867584228516
-108.47965240478516
-108.27621459960938
-102.37178039550781
-104.35331726074219
-98.31089782714844
-101.1742935180664
-100.65723419189453
-104.21549224853516
-101.67591094970703
-98.95597076416016
-97.58740997314453
-103.37010955810547
-108.55001831054688
-107.12539672851562
-102.0683364868164
-101.67660522460938
-93.95719909667969
-102.31604766845703
-101.59525299072266
-98.55855560302734
-101.99034881591797
-101.28624725341797
-98.24833679199219
-102.2383804321289
-98.7899398803711
-100.97618103027344
-106.81552124023438
-100.90901184082031
-100.07426452636719
-97.80552673339844
-103.32703399658203
-97.05145263671875
-103.5009765625
-102.24015808105469
-104.35853576660156
-104.71086120605469
-98.33153533935547
-99.02980041503906
-101.81827545166016
-99.15604400634766
-101.23629760742188
-100.38420104980469
-103.7610855102539
-97.69853973388672
-101.65778350830078
-99.8005142211914
-101.34683227539062
-101.2746353149414
-97.21067810058594
-103.76112365722656
-104.3087387084961
-106.08818817138672
-98.14241027832031
-94.33338928222656
-103.34025573730469
-99.31929779052734
-103.39956665039062
-100.7713623046875
-107.16719055175781
-100.82023620605469
-104.14636993408203
-102.9078598022461
-98.5218505859375
-104.76802825927734
-100.08722686767578
-97.73808288574219
-106.68083190917969
-99.62181091308594
-106.11857604980469
-102.17965698242188
-103.11663055419922
-103.42343139648438
-105.53117370605469
-102.80809020996094
-105.01758575439453
-109.19147491455078
-110.83395385742188
-103.67464447021484
-103.37583923339844
-105.4687271118164
-95.64483642578125
-103.45794677734375
-105.65995025634766
-104.36663818359375
-100.36974334716797
-105.43362426757812
-101.25799560546875
-102.06098175048828
-102.9175796508789
-100.69263458251953
-100.44807434082031
-101.4571304321289
-103.9115219116211
-99.26122283935547
-97.98526000976562
-102.63954162597656
-101.76677703857422
-98.2239761352539
-94.43788146972656
-102.0892562866211
-99.69746398925781
-102.28910064697266
-109.49282836914062
-100.27944946289062
-103.2135009765625
-105.7516098022461
-102.58992004394531
-102.33413696289062
-96.84832763671875
-98.50698852539062
-102.97901916503906
-102.43408966064453
-95.58122253417969
-97.31031036376953
-103.56938171386719
-99.41180419921875
-101.59068298339844
-101.26828002929688
-104.0344009399414
-97.85597229003906
-102.22686004638672
-102.66557312011719
-96.02029418945312
-99.95767974853516
-102.87802124023438
-96.38368225097656
-99.99320220947266
-101.5482177734375
-97.40165710449219
-96.45509338378906
-103.67607879638672
-99.98580169677734
-103.29003143310547
-104.69950866699219
-100.72956848144531
-101.85533142089844
-96.88055419921875
-99.99845123291016
-106.36921691894531
-101.80770111083984
-102.0555419921875
-100.60348510742188
-104.67354583740234
-102.9923324584961
-99.61327362060547
-100.53297424316406
-102.37223052978516
-104.6428451538086
-102.58057403564453
-105.0314712524414
-98.39169311523438
-99.99830627441406
-105.0197525024414
-103.2186279296875
-104.11544036865234
-105.57292175292969
-100.17009735107422
-99.61734771728516
-104.48332214355469
-97.73258209228516
-101.23860931396484
-97.80936431884766
-105.51353454589844
-102.02462768554688
-102.3266830444336
-102.01778411865234
-107.68656921386719
-98.50127410888672
-98.36793518066406
-100.2459487915039
-103.10484313964844
-105.67813110351562
-98.92452239990234
-104.49400329589844
-103.1190414428711
-102.13030242919922
-100.03176879882812
-100.73241424560547
-104.16304016113281
-107.15676879882812
-105.05130004882812
-101.30802917480469
-103.91302490234375
-100.73826599121094
-107.9201889038086
-107.64295196533203
-102.32379150390625
-106.5893325805664
-100.80583953857422
-106.1190185546875
-99.03034973144531
-98.62960815429688
-98.79341125488281
-101.79214477539062
-108.0528564453125
-103.0573501586914
-102.1289291381836
-106.4476089477539
-103.7861557006836
-99.62818908691406
-106.16801452636719
-103.44590759277344
-105.13191223144531
-108.82746887207031
-104.8973388671875
-105.47344970703125
-104.1319351196289
-102.54663848876953
-107.56058502197266
-103.64873504638672
-102.81181335449219
-103.72329711914062
-99.318603515625
-106.6402359008789
-102.46944427490234
-101.07111358642578
-104.82483673095703
-95.24066925048828
-108.27982330322266
-103.83558654785156
-105.76197052001953
-98.73704528808594
-99.71414184570312
-97.17391967773438
-100.99219512939453
-100.55846405029297
-96.76286315917969
-100.72388458251953
-97.06462097167969
-104.75094604492188
-100.5298080444336
-98.38534545898438
-103.1346664428711
-107.10564422607422
-100.70077514648438
-97.00609588623047
-98.04981231689453
-102.74882507324219
-100.44091796875
-102.17609405517578
-98.90867614746094
-95.94332885742188
-105.19789123535156
-98.0435791015625
-100.9510726928711
-102.12305450439453
-99.49024963378906
-102.2231674194336
-97.09347534179688
-100.44886779785156
-108.33325958251953
-96.1160888671875
-103.12030029296875
-102.87545013427734
-103.73258972167969
-107.74639129638672
-103.52397155761719
-104.10832214355469
-99.08604431152344
-100.25922393798828
-97.21983337402344
-108.70337677001953
-100.13038635253906
-98.20361328125
-103.57780456542969
-105.56951141357422
-96.76380157470703
-102.42979431152344
-106.9200439453125
-98.3578872680664
-100.50691986083984
-102.05489349365234
-99.03694915771484
-97.19708251953125
-108.20610809326172
-100.21304321289062
-107.38121032714844
-96.06170654296875
-100.35612487792969
-97.01109313964844
-105.48284912109375
-100.46914672851562
-102.99633026123047
-102.40426635742188
-100.38877868652344
-103.43553161621094
-100.00468444824219
-106.10374450683594
-93.63667297363281
-100.26180267333984
-98.92779541015625
-102.66617584228516
-98.51876068115234
-99.32942199707031
-102.6292495727539
-100.08490753173828
-105.35066223144531
-101.10670471191406
-100.48194122314453
-107.08819580078125
-102.02202606201172
-106.25350189208984
-103.98747253417969
-105.83879089355469
-96.39990234375
-102.0781021118164
-97.8631820678711
-109.40531921386719
-94.92244720458984
-99.5029296875
-106.23211669921875
-107.19819641113281
-103.89390563964844
-96.61682891845703
-96.74369812011719
-100.71887969970703
-99.5602798461914
-101.3080825805664
-101.82620239257812
-98.1783676147461
-100.35826110839844
-100.4856948852539
-107.2151107788086
-98.35234069824219
-98.99689483642578
-92.39846801757812
-99.30583190917969
-100.23127746582031
-95.64678955078125
-105.23574829101562
-100.77558135986328
-100.39109802246094
-96.47283935546875
-102.53665924072266
-104.73220825195312
-99.01007080078125
-97.82783508300781
-98.37447357177734
-105.12982177734375
-99.76329040527344
-104.28193664550781
-98.81053161621094
-101.14932250976562
-94.434326171875
-102.35655212402344
-100.555419921875
-101.72246551513672
-97.11329650878906
-98.57559967041016
-102.0126724243164
-100.98628997802734
-103.82098388671875
-99.34577178955078
-104.11333465576172
-103.17896270751953
-101.99762725830078
-105.57942962646484
-106.0412368774414
-100.11087036132812
-99.83293914794922
-97.87720489501953
-99.797119140625
-99.50300598144531
-105.65364837646484
-99.67620086669922
-103.33447265625
-96.9621810913086
-103.08214569091797
-101.73855590820312
-98.36891174316406
-104.3769302368164
-99.0168228149414
-107.21806335449219
-99.44480895996094
-96.9112319946289
-98.859619140625
-101.92898559570312
-102.10675811767578
-106.38140106201172
-106.8774185180664
-99.08025360107422
-99.39521789550781
-102.31023406982422
-98.5980453491211
-101.41194915771484
-105.44395446777344
-102.9363021850586
-95.91747283935547
-104.29063415527344
-103.97360229492188
-98.63092041015625
-101.20874786376953
-98.1343994140625
-106.26634216308594
-104.93104553222656
-105.2331314086914
-97.51673126220703
-100.9042739868164
-99.84487915039062
-103.81620025634766
-102.63490295410156
-101.44416809082031
-102.75607299804688
-104.40113830566406
-100.99383544921875
-104.54170989990234
-102.87408447265625
-97.3999252319336
-101.3975830078125
-105.84579467773438
-108.40718078613281
-105.14840698242188
-96.45097351074219
-100.09230041503906
-104.24818420410156
-100.35226440429688
-96.33805084228516
-98.77950286865234
-106.19169616699219
-95.62213134765625
-104.97278594970703
-97.08464813232422
-110.59772491455078
-107.09748840332031
-101.58430480957031
-102.64004516601562
-102.88716125488281
-101.66168212890625
-98.32140350341797
-102.0920639038086
-103.67259979248047
-100.03376770019531
-95.48056030273438
-100.71680450439453
-95.64832305908203
-101.92732238769531
-100.37086486816406
-99.86043548583984
-103.88621520996094
-99.39717102050781
-103.36492156982422
-98.61405944824219
-98.40331268310547
-108.94986724853516
-105.10692596435547
-100.3881607055664
-101.20547485351562
-101.54901123046875
-103.11909484863281
-97.16928100585938
-98.48689270019531
-98.4189453125
-96.40731811523438
-104.49454498291016
-101.20742797851562
-97.8282241821289
-102.35452270507812
-100.24418640136719
-110.27495574951172
-103.62815856933594
-99.6163558959961
-100.12958526611328
-102.51300811767578
-98.2505111694336
-100.0562973022461
-101.41324615478516
-97.85492706298828
-97.80419921875
-102.13240814208984
-99.4562759399414
-100.11874389648438
-105.48748779296875
-102.45704650878906
-102.2080307006836
-105.45494842529297
-104.48932647705078
-102.8148422241211
-106.33493041992188
-98.8392105102539
-98.36516571044922
-103.45490264892578
-104.49250793457031
-101.69409942626953
-96.5229721069336
-107.1199722290039
-105.21174621582031
-106.36931610107422
-107.265380859375
-100.705810546875
-98.73324584960938
-93.93639373779297
-99.28714752197266
-100.39457702636719
-98.53471374511719
-102.16563415527344
-100.78086853027344
-110.48945617675781
-102.79403686523438
-108.8526611328125
-107.40531158447266
-100.41299438476562
-99.20951843261719
-103.11611938476562
-98.9393310546875
-99.13018798828125
-105.72209930419922
-97.89064025878906
-104.17222595214844
-101.65359497070312
-97.64965057373047
-101.29458618164062
-106.00241088867188
-100.35657501220703
-101.46269989013672
-104.21498107910156
-101.33284759521484
-104.4678726196289
-98.08439636230469
-99.54769134521484
-105.08512878417969
-95.39891815185547
-100.11388397216797
-105.7060546875
-104.20510864257812
-106.37258911132812
-102.69627380371094
-101.86856079101562
-98.320068359375
-103.98619079589844
-104.07256317138672
-100.26480865478516
-99.93226623535156
-101.73389434814453
-101.73177337646484
-102.14615631103516
-99.21600341796875
-102.97386169433594
-93.99727630615234
-100.60699462890625
-101.91915130615234
-103.12444305419922
-103.22354888916016
-99.76068115234375
-102.46568298339844
-101.38502502441406
-99.37319946289062
-101.5113754272461
-108.62442016601562
-106.05941772460938
-100.5572738647461
-102.5110855102539
-101.35651397705078
-101.74800109863281
-104.4177474975586
-101.82380676269531
-100.0245590209961
-100.7501220703125
-103.07533264160156
-96.85069274902344
-103.94444274902344
-101.24922943115234
-98.56097412109375
-98.42031860351562
-100.80513000488281
-104.3028564453125
-107.5029296875
-99.54228973388672
-101.23339080810547
-103.80323791503906
-100.51214599609375
-105.0483169555664
-98.1344985961914
-101.35026550292969
-103.42208099365234
-96.96553802490234
-100.79367065429688
-105.2197036743164
-102.05970764160156
-102.16740417480469
-102.74197387695312
-106.26432037353516
-95.7706527709961
-101.80479431152344
-100.2816390991211
-96.42030334472656
-99.81661224365234
-102.85770416259766
-98.962646484375
-99.1755599975586
-104.0510025024414
-100.62493896484375
-101.72500610351562
-100.03558349609375
-101.00255584716797
-104.28811645507812
-101.84630584716797
-100.94859313964844
-98.84575653076172
-101.23802947998047
-97.61837005615234
-100.57365417480469
-101.58102416992188
-103.90254974365234
-98.54222106933594
-104.0828857421875
-98.90768432617188
-101.76789855957031
-96.33869171142578
-102.578857421875
-97.45481872558594
-101.40764617919922
-103.0382308959961
-93.4396743774414
-102.92474365234375
-106.34109497070312
-99.3513412475586
-98.66929626464844
-106.82772064208984
-109.19303131103516
-98.79239654541016
-97.55369567871094
-105.39677429199219
-105.32074737548828
-96.49275207519531
-102.79412078857422
-99.82530212402344
-102.06646728515625
-98.70498657226562
-99.84407806396484
-104.22400665283203
-105.31974792480469
-96.7255859375
-102.30004119873047
-103.47016906738281
-98.09873962402344
-94.49697875976562
-99.53244018554688
-99.71321105957031
-101.1885986328125
-100.33721160888672
-103.33367156982422
-106.77686309814453
-102.878173828125
-100.00421905517578
-102.16822814941406
-101.8428955078125
-103.08859252929688
-102.51036834716797
-106.32915496826172
-97.38040161132812
-102.11767578125
-100.64167022705078
-105.40563201904297
-101.37295532226562
-103.17362213134766
-99.81443786621094
-98.71002197265625
-104.32876586914062
-95.52728271484375
-100.05963897705078
-102.80416107177734
-100.92306518554688
-103.14280700683594
-101.26563262939453
-106.05215454101562
-102.29073333740234
-104.49510192871094
-104.18157196044922
-99.73574829101562
-102.66400146484375
-101.20011901855469
-101.50032806396484
-100.52623748779297
-98.10535430908203
-97.57514953613281
-103.78739929199219
-109.08401489257812
-103.34683227539062
-96.41785430908203
-102.32183837890625
-103.38932037353516
-104.20375061035156
-102.86328125
-100.13311767578125
-101.19735717773438
-104.31243896484375
-100.34485626220703
-100.22016143798828
-102.65103149414062
-101.64068603515625
-98.1047592163086
-98.26509094238281
-96.36827087402344
-101.3980712890625
-104.28279876708984
-102.54415893554688
-103.02518463134766
-103.60043334960938
-97.57330322265625
-100.18790435791016
-103.37477111816406
-98.56354522705078
-106.41217803955078
-101.20610046386719
-103.11143493652344
-95.92567443847656
-97.63114929199219
-101.84198760986328
-101.8375015258789
-100.32170867919922
-102.14414978027344
-100.73272705078125
-101.98861694335938
-98.46123504638672
-101.3777084350586
-102.06808471679688
-100.82154846191406
-105.1791000366211
-105.34929656982422
-100.67369079589844
-102.40642547607422
-97.2332534790039
-105.85376739501953
-95.50279235839844
-108.63419342041016
-100.95087432861328
-106.5518569946289
-99.7877197265625
-96.16677856445312
-99.86329650878906
-99.74191284179688
-101.73812866210938
-103.48088073730469
-105.46298217773438
-102.9469985961914
-99.5739517211914
-105.11809539794922
-100.86434173583984
-104.12274932861328
-105.77503204345703
-103.54362487792969
-102.63043212890625
-106.12520599365234
-100.56218719482422
-101.70812225341797
-96.4007339477539
-101.9373550415039
-102.25413513183594
-102.7830581665039
-103.72847747802734
-104.90374755859375
-102.0784683227539
-100.26979064941406
-104.82662200927734
-100.91940307617188
-100.32524108886719
-106.60091400146484
-98.07877349853516
-104.78453063964844
-101.59829711914062
-99.10252380371094
-101.80126953125
-102.3756332397461
-100.40901947021484
-101.08170318603516
-104.16947174072266
-103.964599609375
-102.14364624023438
-107.99320220947266
-93.64269256591797
-104.31353759765625
-95.87455749511719
-104.16337585449219
-97.89863586425781
-98.446533203125
-101.77618408203125
-102.38504791259766
-105.31552124023438
-104.88837432861328
-101.39453887939453
-102.99214935302734
-102.3133544921875
-107.05319213867188
