-98.49116516113281
-107.13224792480469
-99.92792510986328
-104.80244445800781
-106.10154724121094
-104.18731689453125
-100.56626892089844
-93.9664306640625
-103.714111328125
-99.08076477050781
-103.58150482177734
-100.9588851928711
-104.53890991210938
-103.54378509521484
-100.2249984741211
-97.52710723876953
-96.60344696044922
-107.01486206054688
-102.65452575683594
-97.27377319335938
-101.76073455810547
-99.98521423339844
-101.67761993408203
-104.60090637207031
-106.59182739257812
-105.33065795898438
-99.21224212646484
-104.75788879394531
-96.1108169555664
-99.59465026855469
-104.6611099243164
-110.55680084228516
-106.53482818603516
-105.93334197998047
-105.36994171142578
-97.7327651977539
-99.19447326660156
-101.24771881103516
-103.2596664428711
-100.95726776123047
-97.03221130371094
-95.59002685546875
-104.6231918334961
-101.19803619384766
-97.30457305908203
-104.5208969116211
-105.32897186279297
-103.40858459472656
-101.71416473388672
-101.62274169921875
-98.5710220336914
-101.23753356933594
-99.77813720703125
-109.7742691040039
-106.74663543701172
-102.34931182861328
-105.95652770996094
-98.09806060791016
-93.7205810546875
-107.87405395507812
-100.85486602783203
-104.26602172851562
-96.9446792602539
-100.74624633789062
-104.12429809570312
-96.01888275146484
-102.54387664794922
-103.30778503417969
-100.91940307617188
-99.43164825439453
-102.30754852294922
-100.73556518554688
-99.52471923828125
-105.82283782958984
-101.49528503417969
-103.5011215209961
-99.94537353515625
-103.57865142822266
-101.13743591308594
-105.51046752929688
-100.21187591552734
-101.83702850341797
-96.8037109375
-101.15995788574219
-105.76518249511719
-102.62454223632812
-103.56791687011719
-97.09434509277344
-104.4479751586914
-99.64738464355469
-101.08036041259766
-102.20879364013672
-101.06696319580078
-101.48786163330078
-105.33963775634766
-99.87480163574219
-102.4049301147461
-101.70542907714844
-101.02604675292969
-103.0361328125
-103.59648895263672
-93.27635955810547
-102.84347534179688
-102.89213562011719
-99.36266326904297
-107.09596252441406
-103.15769958496094
-96.92713928222656
-101.09417724609375
-95.71281433105469
-103.44482421875
-93.92582702636719
-103.82109069824219
-96.9876708984375
-100.08348846435547
-98.0895004272461
-101.39753723144531
-102.66752624511719
-97.55908203125
-96.96956634521484
-107.44036865234375
-102.06826782226562
-101.74565887451172
-99.293701171875
-93.49356079101562
-105.27720642089844
-99.15130615234375
-96.42426300048828
-100.57537078857422
-102.03846740722656
-97.18353271484375
-104.10787963867188
-95.95637512207031
-100.53763580322266
-95.66156005859375
-98.35258483886719
-97.39190673828125
-102.44689178466797
-100.661376953125
-99.09051513671875
-102.6592025756836
-102.83045959472656
-97.67488098144531
-98.21832275390625
-104.83171081542969
-98.66146850585938
-102.15062713623047
-101.01866149902344
-103.84969329833984
-103.2832260131836
-107.8724136352539
-97.11553192138672
-103.93072509765625
-103.31816864013672
-105.14372253417969
-109.14469146728516
-107.85344696044922
-102.40293884277344
-104.1672134399414
-98.05947875976562
-100.38890838623047
-100.20553588867188
-105.26191711425781
-100.78933715820312
-98.3294906616211
-97.65296936035156
-105.3031005859375
-107.6385498046875
-106.15559387207031
-100.2748031616211
-102.2044906616211
-93.29638671875
-102.52629852294922
-102.34207153320312
-98.37775421142578
-102.12709045410156
-101.60576629638672
-99.2995834350586
-100.6780776977539
-96.89029693603516
-102.28321838378906
-105.66333770751953
-100.2367172241211
-99.45104217529297
-98.2030258178711
-102.5645751953125
-96.39244079589844
-102.71730041503906
-101.30010986328125
-102.8426513671875
-104.93061828613281
-98.79345703125
-98.0051498413086
-102.75206756591797
-97.94503784179688
-101.43846893310547
-101.03968048095703
-104.81730651855469
-98.485107421875
-102.97193145751953
-100.42993927001953
-101.16423797607422
-101.35106658935547
-96.19474029541016
-103.4700927734375
-103.7855453491211
-105.27385711669922
-96.66122436523438
-94.65935516357422
-103.22332000732422
-99.77500915527344
-103.00979614257812
-100.21206665039062
-107.01011657714844
-101.78707885742188
-103.05916595458984
-103.64237213134766
-99.16044616699219
-103.75971984863281
-100.20194244384766
-99.03376770019531
-107.00727844238281
-99.15077209472656
-106.43243408203125
-102.24136352539062
-103.35004425048828
-103.54894256591797
-103.95606994628906
-104.49260711669922
-105.51325225830078
-109.09422302246094
-110.50830841064453
-103.08198547363281
-103.46267700195312
-104.64471435546875
-96.27607727050781
-104.19407653808594
-104.59893035888672
-104.13813781738281
-99.39419555664062
-105.57901000976562
-102.13606262207031
-100.5030746459961
-103.37629699707031
-100.49584197998047
-102.13282012939453
-102.52529907226562
-103.09458923339844
-99.05965423583984
-98.06625366210938
-103.39755249023438
-101.91236114501953
-97.64305877685547
-94.46924591064453
-101.1373519897461
-99.2662353515625
-102.79309844970703
-108.73857116699219
-99.06312561035156
-101.48936462402344
-105.39129638671875
-101.38561248779297
-102.56300354003906
-96.87435150146484
-98.5559310913086
-102.45431518554688
-103.07689666748047
-94.41464233398438
-98.20489501953125
-102.15032958984375
-99.60675811767578
-101.84174346923828
-101.68240356445312
-103.72795104980469
-95.95826721191406
-101.4932632446289
-102.89926147460938
-97.14203643798828
-99.29691314697266
-101.67520904541016
-96.04899597167969
-99.36611938476562
-101.82613372802734
-97.88676452636719
-96.50088500976562
-104.25212860107422
-100.13643646240234
-104.77738189697266
-104.0784683227539
-100.69048309326172
-102.58000946044922
-97.10294342041016
-99.7727279663086
-106.20740509033203
-102.66573333740234
-102.26467895507812
-100.16584014892578
-104.38016510009766
-102.02503204345703
-98.1746597290039
-101.49271392822266
-102.28977966308594
-104.51763153076172
-102.12118530273438
-106.71958923339844
-99.27790069580078
-99.16935729980469
-105.58320617675781
-103.11793518066406
-104.32392883300781
-103.51007080078125
-100.11486053466797
-98.73889923095703
-104.09976196289062
-97.22005462646484
-100.90120697021484
-97.30305480957031
-105.21673583984375
-101.2870101928711
-102.33694458007812
-101.33509826660156
-107.16583251953125
-99.3445053100586
-97.53450775146484
-99.56573486328125
-103.7569808959961
-105.21842193603516
-97.84695434570312
-104.34336853027344
-103.57833862304688
-103.1052474975586
-99.52127075195312
-100.86810302734375
-103.64329528808594
-107.15872192382812
-106.01127624511719
-100.39741516113281
-102.6813735961914
-100.32893371582031
-107.99356842041016
-105.69624328613281
-101.34712982177734
-105.59642028808594
-100.39054107666016
-105.15516662597656
-99.9308090209961
-98.69087982177734
-98.2049560546875
-101.98155975341797
-108.28264617919922
-101.91366577148438
-102.09831237792969
-105.961181640625
-104.50838470458984
-99.29109191894531
-107.1458969116211
-102.77392578125
-103.89200592041016
-106.99825286865234
-102.22926330566406
-105.23818969726562
-103.44694519042969
-102.51339721679688
-107.54962158203125
-104.16114807128906
-102.72097778320312
-102.48822784423828
-101.00047302246094
-105.78237915039062
-103.784423828125
-101.42093658447266
-103.09927368164062
-96.85938262939453
-107.65074157714844
-102.91268920898438
-105.27806091308594
-97.66475677490234
-99.28498840332031
-97.35313415527344
-99.66456604003906
-100.67973327636719
-95.97442626953125
-98.38600158691406
-98.22691345214844
-104.2380599975586
-99.69654083251953
-98.06901550292969
-102.31916046142578
-105.69087982177734
-99.85953521728516
-97.46328735351562
-99.01058197021484
-101.18400573730469
-99.3701171875
-100.02734375
-97.81255340576172
-95.3562240600586
-104.4746322631836
-97.846435546875
-98.99293518066406
-101.1240005493164
-99.8500747680664
-102.9346694946289
-97.35944366455078
-99.51453399658203
-107.31314086914062
-95.7376480102539
-101.40748596191406
-102.88433074951172
-103.81571197509766
-106.6325454711914
-103.86068725585938
-103.22576904296875
-98.3951644897461
-99.1769027709961
-95.39210510253906
-108.53713989257812
-99.3737564086914
-96.53905487060547
-102.37509155273438
-104.23310852050781
-95.8484115600586
-102.47879028320312
-105.50865936279297
-97.877197265625
-99.03768920898438
-101.54301452636719
-97.92191314697266
-96.88611602783203
-107.9434585571289
-98.55609893798828
-107.63551330566406
-96.20083618164062
-101.37935638427734
-96.42277526855469
-104.27445220947266
-99.48556518554688
-102.45250701904297
-101.30017852783203
-99.72196197509766
-102.67168426513672
-101.12507629394531
-106.46479797363281
-93.25238037109375
-101.539306640625
-98.92476654052734
-101.77621459960938
-97.54047393798828
-99.53056335449219
-103.15609741210938
-100.60025787353516
-104.7525405883789
-100.50106811523438
-99.7554702758789
-107.50890350341797
-102.14220428466797
-105.5396957397461
-104.40200805664062
-105.59463500976562
-96.22513580322266
-102.36347961425781
-96.85503387451172
-107.88441467285156
-92.72457122802734
-100.26422119140625
-104.86418151855469
-106.83129119873047
-103.53157043457031
-96.31795501708984
-97.77886962890625
-101.37940216064453
-98.70374298095703
-101.03782653808594
-100.25910186767578
-98.07648468017578
-99.75306701660156
-100.42349243164062
-108.14768981933594
-97.81588745117188
-99.41779327392578
-93.54710388183594
-99.83058166503906
-99.93453216552734
-94.66063690185547
-106.27136993408203
-98.95437622070312
-99.83014678955078
-96.52445983886719
-102.32881927490234
-104.14698028564453
-99.76557922363281
-97.484130859375
-98.90198516845703
-105.14618682861328
-98.49581909179688
-104.65296936035156
-98.20579528808594
-100.46015930175781
-95.69358825683594
-101.7136001586914
-99.94715118408203
-101.1353988647461
-96.8069076538086
-98.3993148803711
-103.84780883789062
-101.50751495361328
-103.9753189086914
-98.53913879394531
-103.24124908447266
-104.08771514892578
-101.53530883789062
-104.19417572021484
-106.81422424316406
-100.91461181640625
-98.94086456298828
-96.90045928955078
-99.96428680419922
-100.5673599243164
-105.3305435180664
-98.77022552490234
-102.47809600830078
-96.87187957763672
-103.21160125732422
-102.70939636230469
-97.36470031738281
-102.77534484863281
-99.4462890625
-107.37001037597656
-97.91602325439453
-99.43294525146484
-99.70832824707031
-101.098388671875
-101.73723602294922
-105.6529541015625
-105.38705444335938
-99.492431640625
-100.21122741699219
-102.14823913574219
-97.6064224243164
-101.615966796875
-105.25395202636719
-101.53524017333984
-95.75497436523438
-103.4383544921875
-104.43170928955078
-98.27921295166016
-101.23916625976562
-98.59341430664062
-105.222412109375
-103.58907318115234
-105.64639282226562
-96.06140899658203
-99.43415832519531
-100.11835479736328
-102.48127746582031
-103.7552719116211
-101.93077087402344
-102.66000366210938
-103.75294494628906
-101.7256088256836
-105.18128204345703
-101.87163543701172
-97.94338989257812
-102.41826629638672
-105.25808715820312
-106.7713394165039
-103.93412017822266
-96.3167953491211
-100.8333511352539
-104.25328826904297
-98.1971206665039
-96.87574768066406
-98.2171859741211
-107.71369934082031
-94.837158203125
-103.5062484741211
-97.0427474975586
-111.1330795288086
-106.68441772460938
-102.31489562988281
-102.34664154052734
-101.99103546142578
-102.55389404296875
-98.23756408691406
-100.90847778320312
-102.32526397705078
-100.61326599121094
-96.35600280761719
-100.54560852050781
-96.01110076904297
-103.15972900390625
-100.49842834472656
-100.54492950439453
-104.28496551513672
-99.35004425048828
-101.78109741210938
-98.85283660888672
-97.528076171875
-107.55033111572266
-103.9870376586914
-101.1027603149414
-101.89427185058594
-101.42711639404297
-104.71012878417969
-98.00324249267578
-98.27239227294922
-99.68865203857422
-96.90723419189453
-104.96841430664062
-101.11546325683594
-97.69084167480469
-102.35662078857422
-100.33472442626953
-109.79010009765625
-103.34197998046875
-100.73123931884766
-100.9953842163086
-102.02259826660156
-98.45594024658203
-99.46430206298828
-100.9432373046875
-96.87191772460938
-98.69597625732422
-101.78466796875
-98.31206512451172
-99.28205871582031
-105.33281707763672
-101.57706451416016
-101.29537200927734
-104.34190368652344
-103.86162567138672
-101.760009765625
-106.90252685546875
-98.44481658935547
-98.90343475341797
-102.37755584716797
-104.31116485595703
-102.074462890625
-95.69438171386719
-106.48241424560547
-104.53479766845703
-105.6420669555664
-109.12702178955078
-102.09149932861328
-98.3396987915039
-93.45086669921875
-99.14016723632812
-99.53629302978516
-98.92230224609375
-101.85234832763672
-99.93975830078125
-108.87549591064453
-101.567626953125
-106.31100463867188
-105.964111328125
-99.74432373046875
-98.40221405029297
-102.70706176757812
-97.67430114746094
-101.1123275756836
-105.5086441040039
-98.97610473632812
-105.0771255493164
-101.00959777832031
-97.36339569091797
-100.87294006347656
-106.72084045410156
-100.53284454345703
-99.9569320678711
-105.27517700195312
-101.57027435302734
-104.8533935546875
-97.36357116699219
-99.61510467529297
-104.70613861083984
-97.8172607421875
-100.30175018310547
-105.1532974243164
-104.51908874511719
-106.30502319335938
-103.28517150878906
-102.46895599365234
-98.4559097290039
-104.60575103759766
-104.68413543701172
-99.68922424316406
-98.91034698486328
-99.6297378540039
-101.97098541259766
-101.64563751220703
-98.56051635742188
-105.26164245605469
-93.65798950195312
-99.41041564941406
-101.52989196777344
-103.73163604736328
-104.00777435302734
-98.86083221435547
-102.47062683105469
-102.71005249023438
-98.69184112548828
-102.1812515258789
-110.15687561035156
-105.07185363769531
-101.0451431274414
-101.96515655517578
-101.99504089355469
-100.8647689819336
-104.65093994140625
-101.7605972290039
-99.85226440429688
-100.37057495117188
-102.2619857788086
-97.46925354003906
-103.15113067626953
-101.00984191894531
-98.88439178466797
-97.56568145751953
-100.77976989746094
-104.71243286132812
-107.21070098876953
-98.96403503417969
-100.89225006103516
-104.89342498779297
-102.7123794555664
-105.55272674560547
-97.06939697265625
-101.49369049072266
-104.66169738769531
-97.25143432617188
-101.3606948852539
-104.1442642211914
-102.75804901123047
-100.88433074951172
-102.7387466430664
-104.41688537597656
-95.84749603271484
-101.4630355834961
-99.94587707519531
-96.17224884033203
-99.74916076660156
-102.40440368652344
-99.52362060546875
-99.53421783447266
-104.10027313232422
-101.1853256225586
-101.59231567382812
-99.71468353271484
-101.203125
-103.13397979736328
-102.42060852050781
-101.03192901611328
-97.25587463378906
-102.24079895019531
-96.50508880615234
-101.00772857666016
-100.73906707763672
-103.61033630371094
-97.63182067871094
-105.02912902832031
-98.74290466308594
-102.04127502441406
-95.2299575805664
-101.50773620605469
-97.34754180908203
-100.49455261230469
-102.98114013671875
-93.8427734375
-101.74006652832031
-105.00971984863281
-98.518310546875
-98.71839904785156
-107.08179473876953
-109.84556579589844
-97.33845520019531
-99.22354888916016
-106.01934051513672
-105.35926055908203
-96.51316833496094
-103.70670318603516
-99.72267150878906
-101.91902160644531
-97.56070709228516
-100.07070922851562
-103.95349884033203
-105.13868713378906
-97.53539276123047
-101.95061492919922
-102.857177734375
-97.73499298095703
-94.94172668457031
-98.07928466796875
-97.50128936767578
-100.75614166259766
-100.49604797363281
-103.11912536621094
-107.26253509521484
-102.45883178710938
-99.66664123535156
-102.88198852539062
-101.28762817382812
-103.169921875
-101.27174377441406
-106.94023895263672
-97.85981750488281
-102.67327880859375
-100.30422973632812
-105.55445098876953
-101.64459991455078
-102.34661865234375
-99.50714874267578
-99.67994689941406
-105.15931701660156
-95.47811889648438
-99.27340698242188
-100.3760986328125
-101.61102294921875
-101.51045989990234
-101.12606048583984
-105.89051818847656
-101.66864776611328
-103.17662048339844
-104.5452880859375
-102.14362335205078
-102.04875183105469
-99.98474884033203
-102.2003402709961
-100.62230682373047
-97.62522888183594
-97.67186737060547
-104.84051513671875
-108.42105102539062
-101.60408782958984
-95.56315612792969
-101.19790649414062
-103.75362396240234
-105.88835144042969
-101.58919525146484
-99.6160659790039
-101.19105529785156
-102.97019958496094
-100.59566497802734
-100.6421127319336
-101.7063980102539
-101.03914642333984
-97.92204284667969
-98.70454406738281
-96.18167114257812
-101.63584899902344
-103.95487213134766
-102.52710723876953
-102.69862365722656
-102.9238052368164
-99.14848327636719
-100.83705139160156
-103.26927947998047
-97.90644836425781
-105.79071807861328
-99.80796813964844
-102.30973052978516
-95.8949203491211
-98.10453796386719
-102.63029479980469
-99.81861114501953
-99.43690490722656
-103.05779266357422
-100.26750183105469
-101.93303680419922
-96.5914077758789
-102.91242218017578
-102.14757537841797
-99.72496032714844
-105.82777404785156
-105.00212860107422
-100.3963623046875
-101.3909912109375
-97.25064086914062
-105.43074798583984
-95.0036849975586
-107.79437255859375
-101.34162139892578
-105.7109146118164
-98.8686752319336
-94.94549560546875
-99.553955078125
-98.38035583496094
-101.846435546875
-100.98845672607422
-106.06481170654297
-102.41437530517578
-98.59654998779297
-104.17393493652344
-100.92096710205078
-105.187255859375
-105.36809539794922
-103.73747253417969
-102.12020111083984
-107.1947021484375
-100.09088134765625
-102.61201477050781
-97.97711181640625
-101.11801147460938
-101.7160873413086
-102.1747817993164
-103.96678161621094
-104.11090850830078
-102.17054748535156
-99.24222564697266
-105.3808364868164
-100.51873779296875
-99.07736206054688
-105.30684661865234
-96.79737091064453
-104.68594360351562
-101.85645294189453
-97.1076431274414
-102.41980743408203
-102.8506088256836
-99.42391967773438
-100.7348861694336
-104.85607147216797
-104.76986694335938
-101.94850158691406
-106.81600952148438
-93.77128601074219
-103.85645294189453
-95.4471664428711
-105.22515869140625
-97.48167419433594
-98.58158874511719
-102.21959686279297
-102.50016784667969
-104.31549072265625
-103.6873550415039
-101.35352325439453
-104.53272247314453
-102.36637115478516
-106.58955383300781
