-555.4014282226562
-499.8849792480469
-408.8521728515625
-334.692626953125
-314.8099670410156
-292.9473571777344
-256.8428955078125
-234.56683349609375
-238.1986846923828
-228.0331573486328
-232.07875061035156
-228.7388153076172
-228.10964965820312
-235.02333068847656
-218.9916229248047
-212.20481872558594
-211.1500244140625
-217.32858276367188
-212.94947814941406
-208.94781494140625
-218.79962158203125
-208.95529174804688
-210.6649627685547
-221.91629028320312
-225.6953125
-215.8635711669922
-201.65512084960938
-219.24301147460938
-211.46063232421875
-211.8258819580078
-216.68609619140625
-208.83706665039062
-219.14488220214844
-211.12551879882812
-209.34225463867188
-207.53598022460938
-206.035888671875
-202.84170532226562
-198.40383911132812
-207.9139862060547
-196.98065185546875
-197.02633666992188
-204.80059814453125
-203.09677124023438
-196.4158935546875
-207.02078247070312
-204.4783935546875
-202.04025268554688
-200.39169311523438
-199.04525756835938
-195.52011108398438
-199.4845733642578
-200.81326293945312
-212.28701782226562
-206.49349975585938
-200.3545379638672
-203.82691955566406
-193.2967987060547
-184.22488403320312
-208.1138916015625
-194.8546600341797
-199.97950744628906
-186.33303833007812
-192.37594604492188
-195.57247924804688
-179.88461303710938
-197.06321716308594
-193.82589721679688
-191.03201293945312
-185.79652404785156
-183.40362548828125
-184.2127227783203
-183.11468505859375
-196.1989288330078
-181.95147705078125
-182.42987060546875
-177.0455322265625
-183.96446228027344
-171.97650146484375
-185.26905822753906
-174.68800354003906
-183.51504516601562
-164.39141845703125
-182.75833129882812
-177.61573791503906
-173.4766387939453
-179.71543884277344
-164.52005004882812
-176.0331268310547
-164.24391174316406
-169.16213989257812
-169.5753631591797
-170.03282165527344
-170.1713104248047
-172.3980712890625
-164.5059051513672
-164.2344207763672
-169.55776977539062
-163.17262268066406
-165.294677734375
-168.28488159179688
-150.48666381835938
-169.27210998535156
-167.39117431640625
-159.89187622070312
-170.17123413085938
-166.93653869628906
-155.94300842285156
-159.2096405029297
-152.84693908691406
-164.15206909179688
-149.88955688476562
-162.51947021484375
-154.47276306152344
-158.54869079589844
-156.50111389160156
-162.5461883544922
-160.7973175048828
-157.43455505371094
-155.39260864257812
-165.6927490234375
-156.81459045410156
-158.80331420898438
-154.5469207763672
-145.83660888671875
-161.08187866210938
-149.77088928222656
-153.6554718017578
-158.73129272460938
-156.58645629882812
-144.00990295410156
-160.25418090820312
-147.30496215820312
-158.34873962402344
-150.3675994873047
-156.922607421875
-150.778076171875
-157.1212158203125
-156.60671997070312
-154.90809631347656
-156.04940795898438
-156.42111206054688
-152.5099334716797
-152.08132934570312
-155.41793823242188
-154.00576782226562
-153.4661865234375
-152.40863037109375
-155.62319946289062
-157.2484130859375
-162.85122680664062
-147.19386291503906
-156.25428771972656
-152.9160614013672
-157.9479522705078
-159.71600341796875
-161.84722900390625
-153.46328735351562
-156.37977600097656
-144.63827514648438
-146.76397705078125
-148.99656677246094
-152.15081787109375
-148.38613891601562
-144.0897216796875
-145.10787963867188
-154.6574249267578
-156.85552978515625
-152.16409301757812
-144.53941345214844
-149.99594116210938
-134.58566284179688
-152.0178985595703
-149.44973754882812
-140.31678771972656
-146.88038635253906
-143.6472625732422
-142.36659240722656
-149.56768798828125
-140.01174926757812
-144.83665466308594
-150.04852294921875
-146.8998565673828
-146.04556274414062
-137.29598999023438
-148.7982177734375
-139.256103515625
-149.4827117919922
-147.86917114257812
-145.14321899414062
-149.3236083984375
-139.39662170410156
-138.28062438964844
-145.26832580566406
-137.38116455078125
-147.68511962890625
-142.10853576660156
-149.03826904296875
-137.76235961914062
-144.6363983154297
-138.5747528076172
-141.04525756835938
-142.95199584960938
-138.23289489746094
-143.98617553710938
-143.88427734375
-146.82899475097656
-136.9665985107422
-134.05307006835938
-146.81341552734375
-140.46304321289062
-142.05255126953125
-140.35910034179688
-151.068603515625
-143.45225524902344
-143.79498291015625
-141.65391540527344
-138.364501953125
-144.66751098632812
-138.60357666015625
-133.6988983154297
-146.81173706054688
-136.33026123046875
-149.48057556152344
-140.8985137939453
-142.85308837890625
-142.84915161132812
-142.6494140625
-141.38768005371094
-144.2870635986328
-151.1011962890625
-147.82937622070312
-142.3533935546875
-144.12008666992188
-141.1249542236328
-133.1026153564453
-144.22418212890625
-141.4141845703125
-142.97779846191406
-135.2358856201172
-141.597900390625
-135.67893981933594
-139.90870666503906
-137.6983642578125
-136.73716735839844
-134.1715545654297
-138.9402618408203
-137.70880126953125
-135.54855346679688
-131.42514038085938
-139.605224609375
-138.05421447753906
-136.13311767578125
-130.32752990722656
-135.90231323242188
-135.65785217285156
-136.62744140625
-147.93060302734375
-133.9344482421875
-141.07431030273438
-141.07659912109375
-136.3114013671875
-138.41175842285156
-130.59518432617188
-131.16189575195312
-136.19204711914062
-136.79388427734375
-127.98466491699219
-129.6312713623047
-134.2311553955078
-133.60240173339844
-137.4781036376953
-134.74020385742188
-137.07861328125
-128.00173950195312
-132.16696166992188
-134.4918975830078
-125.06291961669922
-134.42449951171875
-136.94961547851562
-128.2341766357422
-131.52029418945312
-135.95269775390625
-130.4208221435547
-128.53082275390625
-134.3180694580078
-127.94998168945312
-137.3336944580078
-135.34915161132812
-134.0022430419922
-133.3922119140625
-127.17965698242188
-132.9799041748047
-135.72056579589844
-133.4540252685547
-130.98170471191406
-131.76296997070312
-134.8565673828125
-134.03518676757812
-127.96597290039062
-130.92678833007812
-130.15782165527344
-137.49964904785156
-132.20985412597656
-137.454833984375
-126.70899963378906
-127.98384857177734
-135.89443969726562
-135.47938537597656
-134.64581298828125
-135.35061645507812
-126.07614135742188
-131.67286682128906
-132.8599395751953
-124.7829818725586
-130.24075317382812
-126.14167022705078
-135.0904998779297
-128.31365966796875
-128.58404541015625
-133.21542358398438
-136.981201171875
-124.26943969726562
-123.22815704345703
-128.3057098388672
-136.53570556640625
-135.40989685058594
-125.05391693115234
-137.73329162597656
-131.12188720703125
-130.21070861816406
-126.83262634277344
-129.10977172851562
-129.41888427734375
-135.00904846191406
-136.167236328125
-127.84742736816406
-128.86245727539062
-127.63092041015625
-136.98843383789062
-135.02560424804688
-131.72657775878906
-131.64854431152344
-127.64586639404297
-131.6464080810547
-125.61771392822266
-126.5735092163086
-124.8119888305664
-128.44827270507812
-135.36993408203125
-130.6792449951172
-132.61962890625
-132.3856658935547
-131.55911254882812
-125.19583892822266
-131.6923828125
-128.44589233398438
-132.36412048339844
-135.1360626220703
-130.1783905029297
-131.54562377929688
-131.8666534423828
-128.43006896972656
-133.98695373535156
-130.71109008789062
-127.22603607177734
-128.54598999023438
-126.51382446289062
-131.3092498779297
-128.3759002685547
-126.83238220214844
-129.13882446289062
-120.67434692382812
-138.16604614257812
-129.44210815429688
-129.7002410888672
-123.35655212402344
-123.77794647216797
-119.70545196533203
-127.47947692871094
-126.99064636230469
-122.32655334472656
-123.30703735351562
-121.60897827148438
-129.8784637451172
-125.79137420654297
-122.01229095458984
-127.43524169921875
-133.58567810058594
-122.34437561035156
-120.58287048339844
-121.70526885986328
-126.64840698242188
-125.07281494140625
-124.8934097290039
-121.96979522705078
-117.50628662109375
-132.0717315673828
-120.04307556152344
-124.61287689208984
-124.91300964355469
-122.09151458740234
-126.18531799316406
-119.78079986572266
-121.23565673828125
-134.29051208496094
-119.91596984863281
-123.4564437866211
-126.75007629394531
-126.95136260986328
-132.875732421875
-128.61538696289062
-128.06822204589844
-121.2427749633789
-120.18994903564453
-119.22245788574219
-134.2397918701172
-120.59245300292969
-121.18231964111328
-125.92806243896484
-127.56454467773438
-118.56328582763672
-125.01779174804688
-129.7150115966797
-119.39363861083984
-123.64611053466797
-125.45297241210938
-120.2601547241211
-118.24636840820312
-131.00192260742188
-120.53411102294922
-130.54342651367188
-119.06897735595703
-121.35930633544922
-118.4373550415039
-128.80638122558594
-123.49467468261719
-123.98388671875
-127.20669555664062
-122.48088836669922
-126.30549621582031
-122.37535095214844
-128.4622802734375
-114.05757141113281
-123.5613784790039
-119.88356018066406
-124.01947021484375
-119.3501205444336
-119.35758972167969
-124.78445434570312
-120.74848175048828
-126.75967407226562
-122.89891815185547
-119.89421081542969
-131.5260772705078
-123.81539154052734
-128.2959747314453
-124.83370208740234
-128.2657470703125
-116.19731140136719
-122.71508026123047
-119.71674346923828
-132.6390380859375
-115.33202362060547
-122.33946990966797
-128.33192443847656
-129.5089111328125
-125.4605484008789
-115.76187896728516
-114.50064086914062
-123.39682006835938
-119.89366912841797
-119.6944351196289
-121.4190902709961
-118.63651275634766
-119.96883392333984
-120.06732940673828
-128.27560424804688
-117.62718963623047
-119.32238006591797
-111.26521301269531
-120.47080993652344
-122.21675109863281
-113.5353012084961
-127.53594207763672
-118.01246643066406
-122.3232650756836
-114.99223327636719
-123.49966430664062
-122.64867401123047
-118.95269012451172
-116.26128387451172
-119.89542388916016
-125.3939208984375
-116.95158386230469
-123.34703826904297
-116.03279113769531
-120.73359680175781
-112.93740844726562
-119.77928161621094
-117.15487670898438
-118.41341400146484
-117.0743637084961
-115.42070770263672
-122.3157958984375
-119.7463150024414
-123.14981842041016
-116.47449493408203
-123.19963073730469
-122.83853912353516
-123.06978607177734
-124.36466979980469
-126.58575439453125
-117.41400146484375
-116.84577941894531
-115.15361022949219
-118.4400405883789
-117.40668487548828
-124.86548614501953
-117.92765045166016
-121.39657592773438
-116.94178771972656
-120.14698028564453
-121.38619232177734
-117.92410278320312
-119.73110961914062
-119.02694702148438
-126.4371109008789
-116.17528533935547
-117.262451171875
-121.28580474853516
-121.3790512084961
-120.06547546386719
-126.71284484863281
-127.01348114013672
-117.33477020263672
-120.25226593017578
-118.97761535644531
-117.984375
-119.4896011352539
-124.28302001953125
-119.20674896240234
-111.08531951904297
-122.88394927978516
-123.87773132324219
-115.30152130126953
-119.63129425048828
-116.52820587158203
-126.20161437988281
-122.59265899658203
-125.2482681274414
-113.77568817138672
-119.17266082763672
-118.9874496459961
-122.43154907226562
-121.32532501220703
-119.93978881835938
-120.91510009765625
-121.03900909423828
-119.39627838134766
-124.14553833007812
-119.35270690917969
-115.28059387207031
-120.88819122314453
-126.66504669189453
-125.42378997802734
-123.98980712890625
-113.33265686035156
-116.57818603515625
-124.77513122558594
-114.71308135986328
-114.77413940429688
-115.59772491455078
-123.91343688964844
-110.25541687011719
-123.09496307373047
-113.82099151611328
-129.94911193847656
-124.67134857177734
-119.11140441894531
-120.23564910888672
-118.9675521850586
-119.5365219116211
-116.58253479003906
-117.72648620605469
-118.7120132446289
-118.70648956298828
-110.43917846679688
-117.13562774658203
-111.04535675048828
-119.99171447753906
-118.9419937133789
-115.0020980834961
-122.30322265625
-115.5620346069336
-120.29607391357422
-113.28668212890625
-111.76518249511719
-125.0326919555664
-121.77067565917969
-116.58646392822266
-119.8887939453125
-119.16583251953125
-119.79421997070312
-113.03545379638672
-114.28899383544922
-116.82120513916016
-113.67373657226562
-121.0169448852539
-117.6724853515625
-113.19438934326172
-118.22010040283203
-117.42329406738281
-126.59269714355469
-120.50703430175781
-117.25651550292969
-115.6455078125
-117.56073760986328
-114.16410827636719
-117.96516418457031
-117.33216094970703
-114.6492691040039
-113.77725982666016
-117.99903106689453
-113.99910736083984
-116.53729248046875
-123.13459014892578
-119.98197937011719
-118.26131439208984
-122.50770568847656
-119.82756805419922
-117.88031768798828
-122.78102111816406
-116.69869232177734
-112.51473236083984
-118.78387451171875
-121.7394790649414
-117.8976821899414
-111.35909271240234
-122.0568618774414
-121.18854522705078
-124.5148696899414
-124.7744140625
-117.39016723632812
-116.65713500976562
-108.75616455078125
-114.45188903808594
-115.10026550292969
-113.89506530761719
-118.36270141601562
-117.176513671875
-125.86107635498047
-118.28779602050781
-126.11044311523438
-122.5103759765625
-115.52334594726562
-111.42118835449219
-119.1980972290039
-113.5489730834961
-112.78919219970703
-123.08258819580078
-112.11796569824219
-121.49794006347656
-115.38653564453125
-110.12106323242188
-114.1767807006836
-123.16419219970703
-116.14154815673828
-115.86797332763672
-119.28192138671875
-117.625
-120.8756103515625
-113.28410339355469
-112.15235137939453
-119.73468017578125
-111.9579086303711
-113.44970703125
-120.19282531738281
-121.17561340332031
-121.71585083007812
-119.75682830810547
-118.51457977294922
-114.17512512207031
-118.6567611694336
-119.48319244384766
-112.17720031738281
-113.70103454589844
-112.42310333251953
-116.5494384765625
-116.6904296875
-114.25003051757812
-118.18659973144531
-106.54610443115234
-113.16946411132812
-116.4576187133789
-117.32887268066406
-118.50471496582031
-112.77135467529297
-115.32904815673828
-116.87034606933594
-113.14836883544922
-114.8850326538086
-126.0783920288086
-119.91434478759766
-114.18997192382812
-115.90193939208984
-116.28189086914062
-113.52631378173828
-118.17115020751953
-115.42129516601562
-114.59117889404297
-116.21625518798828
-117.04537963867188
-111.26873779296875
-118.19186401367188
-114.46102142333984
-112.24065399169922
-113.19886779785156
-114.50614929199219
-116.45687866210938
-124.12765502929688
-113.57398986816406
-114.24083709716797
-119.69690704345703
-116.94993591308594
-119.4862060546875
-110.84718322753906
-115.78929138183594
-117.1581039428711
-109.74650573730469
-113.55020904541016
-122.30914306640625
-115.8477783203125
-115.75542449951172
-116.945556640625
-119.88798522949219
-108.6657485961914
-115.61837768554688
-114.38003540039062
-108.7056655883789
-113.5144271850586
-116.779541015625
-112.61195373535156
-109.15113830566406
-118.69939422607422
-115.91630554199219
-116.83035278320312
-112.61578369140625
-114.56781768798828
-115.95985412597656
-117.70889282226562
-113.89717864990234
-112.31900024414062
-114.93934631347656
-109.58364868164062
-115.41477966308594
-116.22220611572266
-116.73101806640625
-110.70561981201172
-119.95280456542969
-111.82723236083984
-115.34049224853516
-110.84239959716797
-113.86135864257812
-109.73821258544922
-113.22344970703125
-112.4869155883789
-106.81556701660156
-115.69288635253906
-117.56065368652344
-112.87700653076172
-113.45604705810547
-120.6396484375
-124.59904479980469
-111.5953598022461
-110.63700103759766
-119.94458770751953
-119.61117553710938
-110.55550384521484
-115.25534057617188
-113.55076599121094
-114.69639587402344
-111.35321044921875
-113.40545654296875
-117.71708679199219
-118.39559936523438
-108.60078430175781
-115.30449676513672
-116.82328033447266
-108.0201644897461
-104.62997436523438
-111.31901550292969
-111.12753295898438
-113.59953308105469
-112.13994598388672
-117.50028228759766
-121.12495422363281
-116.02391815185547
-111.99322509765625
-117.00289154052734
-114.21295166015625
-116.32502746582031
-116.15951538085938
-118.83160400390625
-108.68434143066406
-114.38898468017578
-114.4051513671875
-119.36445617675781
-113.4518814086914
-114.8492660522461
-113.53480529785156
-111.71734619140625
-118.03092193603516
-108.42660522460938
-112.68192291259766
-116.32487487792969
-112.20547485351562
-116.45274353027344
-114.06464385986328
-120.17769622802734
-114.34336853027344
-116.42404174804688
-116.197509765625
-113.19914245605469
-116.05818176269531
-111.13581085205078
-116.16234588623047
-112.03617095947266
-109.47249603271484
-108.56221008300781
-117.81876373291016
-121.755615234375
-115.49274444580078
-107.59215545654297
-115.36285400390625
-117.41848754882812
-117.5413818359375
-115.15274047851562
-112.30573272705078
-110.70262908935547
-116.53255462646484
-113.01477813720703
-112.6352310180664
-114.51273345947266
-111.60509490966797
-109.85592651367188
-110.74513244628906
-106.8220443725586
-113.68350982666016
-117.93424224853516
-115.03998565673828
-115.6844711303711
-116.03932189941406
-110.18042755126953
-110.68839263916016
-117.93355560302734
-110.94236755371094
-118.8883056640625
-113.58599853515625
-113.42799377441406
-107.24661254882812
-109.81538391113281
-114.0863265991211
-113.00464630126953
-109.94783020019531
-113.24039459228516
-112.8027572631836
-113.5911865234375
-109.75675964355469
-112.89842224121094
-113.54517364501953
-114.25897216796875
-115.92305755615234
-119.97972106933594
-111.85009002685547
-113.1545181274414
-106.61032104492188
-119.59038543701172
-105.28035736083984
-120.87596893310547
-112.80264282226562
-118.98706817626953
-110.78165435791016
-108.65768432617188
-112.84090423583984
-112.08930969238281
-112.543701171875
-117.57282257080078
-117.76374053955078
-113.82047271728516
-110.9719009399414
-117.2211685180664
-112.87240600585938
-118.16973114013672
-117.22805786132812
-113.82542419433594
-114.53113555908203
-118.94345092773438
-110.74127197265625
-114.37248992919922
-109.90201568603516
-113.6180191040039
-112.76264190673828
-117.14170837402344
-116.47386169433594
-115.99748229980469
-114.11900329589844
-111.66389465332031
-118.25119018554688
-112.58985900878906
-111.31915283203125
-117.41639709472656
-108.25450134277344
-117.49473571777344
-112.57784271240234
-109.32137298583984
-114.02110290527344
-113.77584838867188
-112.44246673583984
-111.4840316772461
-117.44910430908203
-114.41680145263672
-114.87847900390625
-121.04924011230469
-105.55540466308594
-114.8521957397461
-105.1743392944336
-116.00146484375
-108.67343139648438
-109.49376678466797
-114.50121307373047
-115.23413848876953
-116.6340103149414
-115.73837280273438
-112.42779541015625
-114.29386901855469
-114.5322494506836
-116.53262329101562
