-98.9223403930664
-108.86014556884766
-102.17943572998047
-107.6510009765625
-108.31066131591797
-107.0011978149414
-102.16695404052734
-94.57539367675781
-105.33462524414062
-99.56338500976562
-105.86483764648438
-101.34346008300781
-107.26697540283203
-104.73970794677734
-101.99109649658203
-97.75288391113281
-97.52719116210938
-109.59112548828125
-103.68241119384766
-98.96550750732422
-103.96952056884766
-101.50211334228516
-102.11261749267578
-105.7021255493164
-106.87421417236328
-106.69970703125
-99.20745849609375
-106.46873474121094
-98.06400299072266
-100.35749053955078
-105.03704833984375
-112.1898422241211
-108.39128112792969
-107.68428802490234
-107.11894989013672
-97.98206329345703
-100.4664306640625
-103.59137725830078
-104.16642761230469
-101.97972869873047
-98.7915267944336
-96.70991516113281
-105.63658142089844
-103.74605560302734
-99.21910858154297
-106.51705169677734
-106.28260040283203
-105.10186767578125
-102.6634521484375
-103.43919372558594
-101.36285400390625
-103.07207489013672
-101.84989929199219
-110.06620788574219
-106.77495574951172
-103.14143371582031
-106.67688751220703
-99.7322769165039
-94.3397445678711
-107.84146881103516
-101.6882553100586
-105.2237319946289
-99.0975570678711
-102.8119125366211
-106.23200988769531
-97.98622131347656
-103.56585693359375
-103.61255645751953
-101.42593383789062
-100.29901123046875
-103.03353881835938
-100.67897033691406
-101.20506286621094
-108.44965362548828
-101.59583282470703
-105.24767303466797
-101.71887969970703
-103.98260498046875
-102.42927551269531
-105.84440612792969
-100.76627349853516
-102.6701889038086
-98.03023529052734
-103.04737854003906
-107.0764389038086
-103.96853637695312
-103.42994689941406
-98.55060577392578
-105.18043518066406
-99.72184753417969
-101.67160034179688
-103.75858306884766
-103.37777709960938
-103.5810317993164
-105.41081237792969
-101.68682861328125
-102.22100830078125
-102.56807708740234
-102.21591186523438
-103.59150695800781
-104.80955505371094
-95.48422241210938
-105.70392608642578
-105.47440338134766
-100.51123046875
-108.36780548095703
-104.58428955078125
-97.46497344970703
-102.0968017578125
-97.70295715332031
-105.32307434082031
-96.89860534667969
-105.0983657836914
-98.06477355957031
-100.60009002685547
-99.3993148803711
-102.39030456542969
-103.38700103759766
-99.48233795166016
-98.49545288085938
-109.06297302246094
-102.40435028076172
-104.46587371826172
-100.65991973876953
-94.43890380859375
-106.58905792236328
-101.16041564941406
-97.0978012084961
-101.65186309814453
-102.58638763427734
-99.68513488769531
-104.1762466430664
-98.1871109008789
-102.19263458251953
-96.1978988647461
-99.81230163574219
-99.5672836303711
-104.17123413085938
-102.90678405761719
-101.53085327148438
-104.88196563720703
-104.011474609375
-99.21138000488281
-100.59215545654297
-104.9905776977539
-100.4636459350586
-102.76441955566406
-103.13843536376953
-105.47118377685547
-105.00465393066406
-107.93412780761719
-98.32219696044922
-106.84605407714844
-104.50926971435547
-105.62107849121094
-110.33686828613281
-109.0482177734375
-104.18724060058594
-106.2939682006836
-100.4402084350586
-102.08773803710938
-100.92552185058594
-106.86216735839844
-103.20564270019531
-97.56584930419922
-99.25251770019531
-104.86553955078125
-108.46971130371094
-107.73400115966797
-101.69644927978516
-104.15673828125
-94.78114318847656
-103.80340576171875
-101.84439086914062
-98.64441680908203
-103.20895385742188
-102.08199310302734
-100.46675109863281
-102.84384155273438
-98.93331146240234
-102.14112854003906
-107.09636688232422
-102.047119140625
-101.45746612548828
-99.86238861083984
-104.40238189697266
-98.25131225585938
-104.98827362060547
-102.12617492675781
-104.5866928100586
-106.75160217285156
-98.74889373779297
-99.14595794677734
-103.6600341796875
-100.23493194580078
-103.38117980957031
-101.80154418945312
-105.17416381835938
-98.6529312133789
-103.12824249267578
-101.59989929199219
-101.14450073242188
-102.10832214355469
-96.84374237060547
-103.91388702392578
-106.155517578125
-107.05297088623047
-98.3108139038086
-95.99990844726562
-105.3832778930664
-101.5801010131836
-103.019775390625
-101.96363067626953
-109.86283874511719
-102.33096313476562
-105.4075698852539
-103.96817779541016
-100.64283752441406
-106.0868911743164
-100.54437255859375
-99.4419174194336
-108.74674224853516
-99.88351440429688
-107.07769775390625
-103.04138946533203
-104.35138702392578
-105.18616485595703
-105.34159851074219
-105.32526397705078
-106.53768920898438
-110.98625183105469
-112.52943420410156
-104.53758239746094
-104.61697387695312
-105.3228530883789
-97.43731689453125
-105.0638198852539
-106.32614135742188
-104.71934509277344
-101.84980773925781
-106.28974151611328
-103.11691284179688
-102.4154281616211
-103.96122741699219
-102.79643249511719
-103.1832504272461
-103.83020782470703
-105.36772918701172
-101.6508560180664
-99.50457000732422
-105.31019592285156
-103.4197006225586
-99.82829284667969
-95.83879089355469
-101.66583251953125
-101.38208770751953
-102.86553955078125
-110.6585464477539
-101.72846984863281
-104.39905548095703
-106.21817779541016
-104.3438720703125
-102.95509338378906
-98.2193374633789
-101.34703063964844
-104.65021514892578
-103.379150390625
-96.02449035644531
-98.05828857421875
-103.10543060302734
-100.99525451660156
-102.21380615234375
-102.3664321899414
-105.85012817382812
-97.7618408203125
-102.26577758789062
-104.14436340332031
-96.30607604980469
-101.16087341308594
-103.58660888671875
-96.16079711914062
-101.35324096679688
-102.8360824584961
-99.48648834228516
-96.79473876953125
-104.73454284667969
-100.17892456054688
-105.82850646972656
-105.66014099121094
-101.98539733886719
-103.059326171875
-97.9885482788086
-101.01750946044922
-105.83374786376953
-103.58262634277344
-102.73391723632812
-100.79072570800781
-105.40171813964844
-102.40371704101562
-100.44507598876953
-101.11668395996094
-102.4884033203125
-106.29090881347656
-103.58747100830078
-106.31549072265625
-99.1631088256836
-99.78302001953125
-106.28268432617188
-103.09925079345703
-105.24160766601562
-105.59104919433594
-101.07339477539062
-100.51463317871094
-105.4306640625
-97.55928802490234
-102.11248779296875
-98.38839721679688
-105.53448486328125
-102.15689086914062
-103.55232238769531
-102.49070739746094
-108.56512451171875
-99.95541381835938
-99.2060546875
-101.09199523925781
-104.56055450439453
-105.97229766845703
-99.32965087890625
-105.63787841796875
-104.88371276855469
-102.73542785644531
-100.03431701660156
-102.5304183959961
-104.67202758789062
-107.68637084960938
-105.27373504638672
-101.2988052368164
-103.78630828857422
-100.8480453491211
-109.2457046508789
-108.15388488769531
-102.12903594970703
-106.2217025756836
-101.5074462890625
-106.20841979980469
-100.31300354003906
-98.88029479980469
-100.14082336425781
-102.77352905273438
-108.68486785888672
-103.57810974121094
-103.19869232177734
-106.20175170898438
-104.5973892211914
-101.15506744384766
-105.78842163085938
-104.06826782226562
-105.8719482421875
-109.08379364013672
-102.83837127685547
-105.6218032836914
-104.02639770507812
-103.06059265136719
-108.66754150390625
-103.82093048095703
-103.79052734375
-103.65107727050781
-100.17953491210938
-106.90419006347656
-102.75980377197266
-102.56075286865234
-105.76571655273438
-97.40799713134766
-109.00519561767578
-103.40374755859375
-105.80143737792969
-98.86717987060547
-100.31134033203125
-99.43208312988281
-101.31388092041016
-100.60345458984375
-97.45977783203125
-100.85904693603516
-99.02542877197266
-105.56553649902344
-101.95207977294922
-99.54229736328125
-102.39417266845703
-107.50035095214844
-102.37159729003906
-97.51408386230469
-99.08568572998047
-101.6388168334961
-101.65721130371094
-101.03562927246094
-99.33592987060547
-96.25138092041016
-105.97257995605469
-99.7929458618164
-102.05024719238281
-102.54930114746094
-100.42439270019531
-103.55906677246094
-99.51959228515625
-99.6303939819336
-109.58406066894531
-97.57939147949219
-103.98331451416016
-103.05490112304688
-103.9467544555664
-107.18927001953125
-105.10952758789062
-105.3133544921875
-99.42073059082031
-101.28946685791016
-97.63445281982422
-108.47370910644531
-99.73641967773438
-98.66064453125
-103.81428527832031
-105.06015014648438
-96.19483947753906
-103.28784942626953
-107.33329772949219
-97.7942123413086
-101.66975402832031
-103.46045684814453
-100.36460876464844
-97.62619018554688
-108.59309387207031
-100.48847961425781
-109.91329193115234
-96.38603973388672
-102.53070068359375
-97.78193664550781
-105.68414306640625
-100.06585693359375
-104.56641387939453
-101.15782928466797
-101.24472045898438
-104.5004653930664
-102.10459899902344
-107.40653228759766
-94.39322662353516
-100.0392074584961
-100.60599517822266
-104.63744354248047
-101.56036376953125
-100.56253814697266
-104.16047668457031
-100.90690612792969
-107.32097625732422
-101.93275451660156
-102.50777435302734
-109.87604522705078
-101.94900512695312
-106.86903381347656
-105.17821502685547
-107.23674774169922
-97.17376708984375
-104.96128845214844
-97.7240982055664
-108.94534301757812
-94.51416778564453
-100.14522552490234
-107.87773895263672
-107.79487609863281
-103.32499694824219
-97.39507293701172
-97.89804077148438
-102.68389129638672
-101.0030517578125
-102.17678833007812
-100.8104476928711
-98.24783325195312
-100.22390747070312
-99.51712799072266
-106.81744384765625
-98.48362731933594
-100.23931884765625
-93.81626892089844
-99.494140625
-101.66852569580078
-96.41357421875
-107.69743347167969
-100.95590209960938
-100.8940658569336
-96.56571197509766
-104.25164031982422
-104.90022277832031
-100.11723327636719
-98.43881225585938
-98.83846282958984
-105.79008483886719
-101.6633071899414
-105.5849380493164
-99.360107421875
-100.5111083984375
-96.92644500732422
-102.92167663574219
-101.33206176757812
-102.02841186523438
-97.74309539794922
-98.96102905273438
-102.72455596923828
-102.75473022460938
-104.42015075683594
-100.3084716796875
-104.4312744140625
-103.93054962158203
-101.58271789550781
-104.77459716796875
-106.99149322509766
-100.84742736816406
-100.12481689453125
-98.18791198730469
-100.03178405761719
-101.9704360961914
-106.2397689819336
-100.2838134765625
-103.5632095336914
-99.1434097290039
-103.35758972167969
-103.14044189453125
-98.89710235595703
-103.48735046386719
-99.49296569824219
-108.00471496582031
-99.5936050415039
-99.14923858642578
-100.1993408203125
-102.7565689086914
-101.14265441894531
-107.42254638671875
-106.94821166992188
-99.93482208251953
-102.03571319580078
-103.7990493774414
-98.732421875
-101.56493377685547
-107.3184814453125
-103.06484985351562
-97.14212799072266
-104.69194030761719
-105.92127990722656
-99.18406677246094
-101.8667221069336
-99.04107666015625
-106.81843566894531
-105.10669708251953
-107.40653991699219
-98.44480895996094
-101.43738555908203
-100.8632583618164
-105.00751495361328
-104.04527282714844
-103.15814208984375
-104.42196655273438
-104.0882568359375
-102.40965270996094
-105.61876678466797
-103.39969635009766
-97.78192901611328
-103.08915710449219
-107.0494155883789
-108.3835678100586
-104.66328430175781
-98.58504486083984
-102.1586685180664
-106.04801940917969
-100.41109466552734
-98.38247680664062
-100.09314727783203
-106.78598022460938
-96.35027313232422
-106.54212188720703
-98.50162506103516
-111.4852294921875
-106.84488677978516
-102.8354263305664
-103.95760345458984
-105.0111312866211
-102.7512435913086
-99.04399108886719
-103.16787719726562
-104.12069702148438
-102.0791244506836
-97.61610412597656
-101.79307556152344
-97.51374053955078
-104.06674194335938
-101.9281234741211
-100.71743774414062
-105.24109649658203
-100.69392395019531
-103.36399841308594
-98.87557220458984
-97.98265838623047
-108.92281341552734
-105.32228088378906
-102.92168426513672
-102.60894012451172
-103.12420654296875
-104.18940734863281
-99.71392822265625
-98.36285400390625
-100.65769958496094
-98.10045623779297
-105.23348999023438
-102.29344177246094
-99.05482482910156
-102.61847686767578
-101.27149200439453
-110.5068359375
-106.01315307617188
-102.6763916015625
-102.03006744384766
-104.12629699707031
-98.89143371582031
-102.0205307006836
-101.44132995605469
-98.24250793457031
-100.16808319091797
-102.70938110351562
-99.6451416015625
-102.66746520996094
-107.47105407714844
-102.93461608886719
-102.2076416015625
-107.59414672851562
-105.14852142333984
-104.27787780761719
-108.83902740478516
-100.08795166015625
-98.35626983642578
-104.04752349853516
-104.13188934326172
-100.9572525024414
-97.1148452758789
-107.49445343017578
-105.94829559326172
-106.47093200683594
-109.38471221923828
-102.52759552001953
-99.06818389892578
-95.11094665527344
-101.38056945800781
-100.63581848144531
-99.58131408691406
-102.89215850830078
-102.021484375
-108.87513732910156
-103.21830749511719
-109.22638702392578
-107.50668334960938
-102.43629455566406
-99.42984771728516
-104.19734954833984
-99.47760009765625
-101.06688690185547
-106.550048828125
-98.37682342529297
-107.53599548339844
-101.41635131835938
-97.90522003173828
-101.414794921875
-107.75273895263672
-101.5354995727539
-102.23181915283203
-104.9815902709961
-103.10352325439453
-105.2325210571289
-98.69970703125
-100.0589828491211
-104.13069915771484
-96.60575866699219
-100.18051147460938
-106.21623229980469
-105.22370147705078
-106.53475189208984
-102.90225982666016
-102.2238998413086
-99.33514404296875
-105.10231018066406
-105.84622192382812
-100.66793823242188
-99.94279479980469
-99.41536712646484
-103.2564926147461
-102.1883544921875
-100.19491577148438
-104.87725830078125
-93.92575073242188
-100.82614135742188
-103.09842681884766
-103.49107360839844
-104.71452331542969
-100.26544952392578
-102.8802261352539
-101.79395294189453
-99.83032989501953
-103.93326568603516
-110.74591827392578
-107.16679382324219
-100.65523529052734
-103.81129455566406
-103.77902221679688
-101.8421859741211
-105.58052062988281
-103.63563537597656
-101.14019012451172
-101.58528900146484
-104.34029388427734
-98.85964965820312
-104.28593444824219
-102.78924560546875
-100.01026916503906
-99.26021575927734
-102.99166870117188
-105.84913635253906
-108.28668212890625
-99.26031494140625
-101.5476303100586
-106.4239273071289
-102.21476745605469
-106.19371795654297
-98.63299560546875
-102.5316390991211
-105.09822845458984
-98.50332641601562
-101.73198699951172
-106.67557525634766
-102.23839569091797
-103.69941711425781
-103.69536590576172
-106.1658706665039
-98.72615814208984
-103.20259857177734
-102.27098846435547
-98.11344909667969
-100.58331298828125
-104.53886413574219
-100.2435302734375
-99.1600570678711
-106.34129333496094
-103.25051879882812
-103.18185424804688
-101.00016784667969
-103.05927276611328
-105.34404754638672
-103.4945297241211
-102.64574432373047
-100.32915496826172
-102.17036437988281
-98.5645980834961
-102.57809448242188
-101.97501373291016
-103.62980651855469
-98.22013092041016
-106.76193237304688
-98.99317932128906
-102.2367935180664
-96.71336364746094
-103.26227569580078
-97.58909606933594
-100.92559814453125
-103.9964828491211
-95.15966796875
-102.88129425048828
-105.68927001953125
-98.06581115722656
-98.9664535522461
-106.5770492553711
-110.60515594482422
-98.76122283935547
-99.56610107421875
-106.36974334716797
-106.16188049316406
-97.43842315673828
-104.16344451904297
-100.12232971191406
-101.86280822753906
-97.92640686035156
-100.6458969116211
-105.22425842285156
-105.87071990966797
-98.3607177734375
-103.0427474975586
-103.67411804199219
-98.03242492675781
-95.42237091064453
-100.57759857177734
-98.35767364501953
-101.9688720703125
-100.73696899414062
-104.11871337890625
-107.64261627197266
-103.90215301513672
-100.70393371582031
-103.15821075439453
-102.50077819824219
-104.10003662109375
-102.25365447998047
-106.65065002441406
-98.9557876586914
-103.33939361572266
-101.18190002441406
-108.27684783935547
-101.93501281738281
-103.78750610351562
-100.68433380126953
-100.53700256347656
-105.61982727050781
-96.39806365966797
-100.90254211425781
-102.159912109375
-102.25773620605469
-103.91072845458984
-102.68306732177734
-108.00959014892578
-102.18830871582031
-105.37804412841797
-105.96337890625
-102.32794189453125
-104.31520080566406
-101.759033203125
-103.281982421875
-102.29303741455078
-98.62184143066406
-98.98177337646484
-105.42754364013672
-110.36665344238281
-104.20984649658203
-98.02222442626953
-102.35723876953125
-105.48599243164062
-105.58438110351562
-102.46649932861328
-100.82527160644531
-101.88233947753906
-105.60301208496094
-102.26856994628906
-101.67169189453125
-102.77230072021484
-102.64594268798828
-99.65612030029297
-98.53352355957031
-97.7010726928711
-102.81228637695312
-105.20281219482422
-104.21331787109375
-105.00830078125
-103.77369689941406
-98.4602279663086
-101.2674560546875
-103.53949737548828
-99.88504791259766
-107.26241302490234
-100.25997161865234
-102.63616180419922
-96.94984436035156
-98.71499633789062
-102.68985748291016
-102.11488342285156
-100.54779815673828
-104.12847137451172
-100.93511962890625
-103.447021484375
-98.59388732910156
-102.27305603027344
-103.43347930908203
-102.26725006103516
-106.60470581054688
-105.39989471435547
-100.78736114501953
-101.22142028808594
-96.30691528320312
-106.97732543945312
-95.64341735839844
-108.416015625
-101.99671936035156
-106.16849517822266
-100.17623901367188
-96.28691864013672
-101.67181396484375
-100.93437957763672
-101.7250747680664
-102.91603088378906
-105.9643783569336
-102.73892974853516
-100.80438232421875
-106.13958740234375
-101.73750305175781
-106.96891021728516
-107.66757202148438
-104.3462905883789
-102.69324493408203
-107.95598602294922
-100.6278076171875
-104.6720199584961
-99.10289001464844
-102.98263549804688
-101.64737701416016
-104.58402252197266
-104.15685272216797
-105.31330871582031
-104.09942626953125
-101.42704772949219
-106.7311782836914
-101.50778198242188
-99.77521514892578
-106.09071350097656
-98.04700469970703
-105.7933578491211
-102.41104888916016
-99.25
-103.194580078125
-103.64166259765625
-100.55699157714844
-101.5233383178711
-105.12409973144531
-105.17230987548828
-104.36043548583984
-108.8560791015625
-95.21508026123047
-104.48111724853516
-96.44519805908203
-105.99533081054688
-97.74149322509766
-99.80023956298828
-103.224609375
-103.50140380859375
-106.17606353759766
-105.43885803222656
-103.01718139648438
-105.11344146728516
-104.2636489868164
-107.32491302490234
