537.1878662109375
532.3316650390625
526.1682739257812
521.0742797851562
516.9978637695312
512.0921020507812
506.82977294921875
500.60223388671875
497.83489990234375
490.9318542480469
485.4088439941406
478.3475036621094
475.0325622558594
471.1965637207031
460.7458801269531
455.6953430175781
445.30096435546875
441.25885009765625
431.97967529296875
424.3651428222656
416.72491455078125
404.93695068359375
394.94464111328125
390.8498840332031
390.67059326171875
370.3960876464844
352.574951171875
345.92913818359375
334.79876708984375
321.44610595703125
318.61395263671875
303.557373046875
304.84521484375
280.1871337890625
280.74884033203125
267.5735168457031
258.73468017578125
247.87071228027344
242.06495666503906
246.78515625
223.90977478027344
227.27500915527344
230.6313934326172
226.75088500976562
217.06739807128906
225.50025939941406
232.4796600341797
230.06163024902344
222.35562133789062
222.72935485839844
220.20013427734375
225.58843994140625
230.99282836914062
245.36619567871094
235.08773803710938
224.80612182617188
228.08547973632812
217.32427978515625
206.16729736328125
241.04373168945312
214.93060302734375
227.84133911132812
215.32913208007812
214.05482482910156
219.31797790527344
199.50889587402344
225.02340698242188
222.7157745361328
222.92593383789062
223.43418884277344
216.9367218017578
213.56158447265625
211.46669006347656
225.07534790039062
213.22459411621094
211.86529541015625
202.87283325195312
218.09671020507812
204.72152709960938
218.80677795410156
210.777587890625
227.5962677001953
194.64962768554688
218.65805053710938
220.012939453125
208.5982208251953
221.85568237304688
207.4048614501953
215.20709228515625
201.892822265625
212.8554229736328
206.1066131591797
205.5932159423828
219.86398315429688
211.052001953125
203.78207397460938
205.61068725585938
216.26434326171875
204.17556762695312
215.14822387695312
214.04246520996094
195.034912109375
209.069580078125
201.8409423828125
202.32591247558594
218.24380493164062
219.30516052246094
197.3844451904297
202.6116943359375
193.06674194335938
202.83056640625
195.55963134765625
205.2904815673828
193.99766540527344
208.0865936279297
203.92193603515625
208.8643035888672
210.90394592285156
193.0776824951172
198.404541015625
207.38980102539062
205.1007843017578
205.599609375
198.8859100341797
191.08847045898438
217.77401733398438
194.38368225097656
194.9018096923828
208.12367248535156
204.33377075195312
181.90399169921875
201.09051513671875
188.31591796875
202.53323364257812
187.86260986328125
199.8307647705078
193.83934020996094
204.07171630859375
200.65243530273438
199.37677001953125
204.0321044921875
198.91522216796875
201.1449432373047
197.4970703125
207.3096466064453
193.9538116455078
200.83465576171875
198.72775268554688
199.4213409423828
201.96868896484375
206.0407257080078
192.61337280273438
197.93572998046875
194.07479858398438
202.2047576904297
204.1652374267578
204.0901336669922
197.24160766601562
201.5041046142578
189.09884643554688
195.85316467285156
199.81382751464844
192.33651733398438
191.632080078125
185.03872680664062
191.0564422607422
201.53526306152344
206.1791229248047
205.8062744140625
179.0308380126953
186.08004760742188
182.71102905273438
192.0039520263672
194.6336669921875
184.2463836669922
193.72166442871094
191.79222106933594
186.6224365234375
192.65533447265625
177.03994750976562
193.48220825195312
192.73898315429688
185.26327514648438
185.49346923828125
176.15174865722656
189.68484497070312
175.65687561035156
190.8086395263672
187.45574951171875
184.5774688720703
192.36598205566406
178.38706970214844
184.4464111328125
181.36083984375
175.45443725585938
189.24818420410156
178.56300354003906
190.59141540527344
176.8274688720703
187.38211059570312
174.57701110839844
179.95889282226562
177.80882263183594
175.29962158203125
187.80203247070312
184.7087860107422
189.8695068359375
171.92791748046875
169.1214141845703
185.5227508544922
180.06785583496094
186.01797485351562
180.0582733154297
189.77976989746094
185.00747680664062
183.3524169921875
181.32252502441406
179.17100524902344
186.6656494140625
183.5794677734375
170.29583740234375
184.20257568359375
178.09466552734375
190.4312286376953
182.7539520263672
176.72695922851562
182.08963012695312
179.744873046875
188.98233032226562
182.9608917236328
190.40025329589844
187.98391723632812
183.27967834472656
178.42117309570312
179.89541625976562
176.72703552246094
182.98043823242188
183.1383819580078
184.44061279296875
172.18275451660156
185.03814697265625
178.49009704589844
180.09820556640625
185.4949493408203
178.07444763183594
175.908447265625
176.44796752929688
176.84255981445312
177.75054931640625
170.3074493408203
177.8876953125
176.27578735351562
177.63699340820312
169.24923706054688
173.7061004638672
178.948486328125
173.93234252929688
185.78765869140625
173.8078155517578
177.89175415039062
177.37997436523438
178.74462890625
177.85537719726562
170.9307098388672
166.3173828125
173.10516357421875
179.5056610107422
162.38783264160156
160.99082946777344
175.88394165039062
166.76528930664062
174.3026580810547
172.85476684570312
178.3020477294922
169.42372131347656
172.38027954101562
167.1376953125
165.0557861328125
173.32855224609375
175.3634033203125
165.88343811035156
172.89080810546875
167.40374755859375
163.76170349121094
162.22738647460938
173.7315216064453
160.17799377441406
169.3381805419922
166.8929901123047
164.92343139648438
167.07208251953125
159.4388427734375
172.91969299316406
168.13107299804688
171.04278564453125
167.312744140625
170.53822326660156
166.4752197265625
170.80841064453125
167.22007751464844
163.89173889160156
164.3231964111328
169.2947998046875
164.29966735839844
169.75831604003906
161.3720703125
160.38275146484375
164.45272827148438
164.90325927734375
166.64306640625
167.65859985351562
156.90357971191406
159.00872802734375
171.05245971679688
150.26193237304688
164.3137664794922
157.049072265625
164.1726531982422
158.61802673339844
159.42807006835938
155.4253387451172
169.64186096191406
159.40347290039062
147.5005340576172
153.5723114013672
162.11505126953125
168.05294799804688
153.18927001953125
163.96615600585938
156.95620727539062
158.8387908935547
158.17698669433594
157.15159606933594
158.62701416015625
169.21087646484375
164.07945251464844
160.0625762939453
157.70877075195312
156.7322235107422
163.01173400878906
163.0386962890625
158.5041961669922
160.8848419189453
154.21461486816406
159.31495666503906
152.92947387695312
153.15342712402344
147.49786376953125
160.33050537109375
164.32029724121094
159.56320190429688
159.00982666015625
155.96096801757812
156.83905029296875
148.1250762939453
160.64788818359375
148.30322265625
158.8411865234375
157.41903686523438
155.90353393554688
156.10714721679688
156.42274475097656
158.34913635253906
157.06971740722656
151.77902221679688
146.6199493408203
154.36802673339844
150.32940673828125
155.76622009277344
145.4121856689453
144.630615234375
154.06541442871094
143.44952392578125
164.75425720214844
149.4427490234375
150.44622802734375
143.3971710205078
144.34097290039062
142.5630645751953
149.748046875
147.5620880126953
147.59963989257812
145.0295867919922
142.17283630371094
145.99908447265625
147.65878295898438
144.31959533691406
147.91192626953125
156.27566528320312
142.40440368652344
139.45285034179688
140.32330322265625
151.37814331054688
147.10308837890625
143.0828857421875
142.87806701660156
137.57510375976562
148.1968231201172
137.75509643554688
145.49729919433594
146.556884765625
144.93247985839844
140.18186950683594
136.7554168701172
140.82884216308594
154.86813354492188
141.004150390625
141.57147216796875
143.12120056152344
147.75408935546875
153.49000549316406
146.52806091308594
143.4372100830078
138.77413940429688
138.52883911132812
139.8623809814453
155.07313537597656
138.20535278320312
136.6437225341797
144.21446228027344
143.9776611328125
136.4828338623047
139.0819091796875
147.958251953125
135.6605987548828
138.5270538330078
139.9823455810547
133.22254943847656
136.38815307617188
151.7418975830078
138.04055786132812
145.28598022460938
135.22271728515625
134.6068878173828
134.96925354003906
144.8354949951172
143.03048706054688
139.8111114501953
142.9305419921875
142.6475830078125
143.39036560058594
134.85096740722656
144.45188903808594
126.78995513916016
135.6168975830078
139.21987915039062
140.21926879882812
133.1645050048828
133.9595947265625
137.06398010253906
134.25096130371094
145.7896728515625
136.14691162109375
138.17181396484375
144.2638397216797
140.20541381835938
141.78790283203125
140.0565643310547
147.55410766601562
131.50186157226562
139.29010009765625
133.92556762695312
149.19149780273438
126.81404876708984
137.45994567871094
143.70925903320312
143.7830352783203
138.41506958007812
126.33692932128906
129.37957763671875
140.20274353027344
132.376953125
135.54104614257812
135.97596740722656
131.18406677246094
130.7997589111328
132.2891387939453
142.43215942382812
129.45726013183594
130.78240966796875
120.96527862548828
134.18272399902344
136.4333953857422
123.25655364990234
139.591552734375
132.53591918945312
131.02447509765625
130.88381958007812
133.8288116455078
138.41127014160156
130.4031982421875
128.39276123046875
127.93807983398438
137.39266967773438
128.3321075439453
138.29290771484375
127.09771728515625
132.1986846923828
124.71910095214844
131.09144592285156
132.7491912841797
135.09677124023438
127.53389739990234
127.02582550048828
133.9823455810547
132.40025329589844
136.5658416748047
129.61801147460938
135.47462463378906
139.22933959960938
135.5421600341797
138.8756561279297
136.54306030273438
132.7891082763672
123.72894287109375
129.7925262451172
130.5432891845703
127.47019958496094
134.89553833007812
126.5966796875
132.7670440673828
126.93624877929688
136.5957794189453
128.2523651123047
126.42375183105469
130.65469360351562
128.98805236816406
134.3028106689453
125.12635040283203
127.40995788574219
127.57088470458984
130.5654296875
133.50164794921875
138.7194061279297
140.98797607421875
126.15282440185547
130.34689331054688
130.49014282226562
130.5756378173828
127.32898712158203
135.90005493164062
128.54656982421875
121.4996566772461
134.39572143554688
136.28512573242188
125.109375
131.3164825439453
124.63362884521484
135.56307983398438
135.43089294433594
135.61907958984375
121.55149841308594
129.18832397460938
126.33741760253906
132.32862854003906
127.4420394897461
132.663818359375
134.61843872070312
131.7686767578125
131.3897705078125
138.3751220703125
135.646728515625
126.74817657470703
128.4007110595703
139.19857788085938
136.55149841308594
132.171875
124.54511260986328
128.900634765625
135.89739990234375
126.07611083984375
121.17467498779297
127.7530288696289
136.32147216796875
118.96871185302734
135.2855224609375
120.30810546875
144.32852172851562
131.9887237548828
129.90403747558594
132.22366333007812
134.062255859375
132.35865783691406
125.15335083007812
127.31816864013672
130.91038513183594
125.5242919921875
115.79266357421875
126.34687805175781
120.03218078613281
128.13429260253906
127.43218231201172
125.20223999023438
129.93804931640625
124.41239929199219
129.54348754882812
123.46878814697266
117.9952163696289
136.75790405273438
126.43107604980469
124.20518493652344
129.1422882080078
130.98178100585938
130.29519653320312
124.38764190673828
124.96571350097656
124.89189147949219
121.54305267333984
132.7083282470703
126.72357940673828
119.96310424804688
126.77344512939453
126.18189239501953
133.5858154296875
133.7191925048828
125.0033950805664
122.78607940673828
127.14396667480469
121.50237274169922
128.47914123535156
123.43933868408203
126.29179382324219
121.01622009277344
126.67063903808594
120.67855072021484
125.1276626586914
136.20188903808594
125.57190704345703
128.2549285888672
131.3996124267578
130.725830078125
127.79704284667969
136.6829071044922
127.18120574951172
121.42889404296875
126.95195007324219
125.5517807006836
124.17597961425781
115.04300689697266
129.95834350585938
131.83941650390625
133.4275665283203
136.7079315185547
125.80813598632812
127.59110260009766
120.40283966064453
124.68462371826172
118.02783203125
119.0304183959961
123.13452911376953
124.55043029785156
132.89883422851562
128.77696228027344
134.14913940429688
133.0215606689453
122.73674011230469
121.6118392944336
126.65721893310547
124.62301635742188
118.73259735107422
131.91050720214844
124.32324981689453
133.97303771972656
123.74305725097656
113.14575958251953
122.31918334960938
131.26678466796875
122.36589050292969
120.13800048828125
127.47454071044922
131.04962158203125
129.45750427246094
119.822265625
119.48949432373047
128.763427734375
118.8865737915039
120.33623504638672
130.2352752685547
124.92572021484375
128.5589141845703
123.22415161132812
126.98675537109375
119.2280044555664
125.1618881225586
126.5226821899414
117.70702362060547
122.2645492553711
117.91313171386719
123.63448333740234
122.92638397216797
116.22163391113281
126.20452880859375
111.59120178222656
120.10330200195312
125.103271484375
127.14656066894531
127.06556701660156
119.30582427978516
121.0736083984375
122.21446990966797
122.09925842285156
124.14222717285156
134.88706970214844
126.63101196289062
123.26858520507812
125.81047821044922
120.00352478027344
120.8028793334961
125.81541442871094
121.91720581054688
119.59980010986328
124.91204071044922
123.01396179199219
113.19353485107422
125.63118743896484
116.08879852294922
119.32548522949219
122.87622833251953
122.6303939819336
122.43537902832031
133.9405059814453
117.06336212158203
120.92096710205078
130.80697631835938
119.76960754394531
125.42415618896484
118.05681610107422
122.52887725830078
126.67593383789062
114.51191711425781
117.55390930175781
131.59034729003906
119.19357299804688
122.08744812011719
126.71602630615234
127.27523040771484
112.41328430175781
122.44890594482422
125.1149673461914
112.05794525146484
122.39906311035156
123.2552719116211
117.92118835449219
113.26750946044922
126.86390686035156
123.44183349609375
123.05745697021484
118.63131713867188
117.99337005615234
122.60098266601562
124.42467498779297
120.23095703125
119.30825805664062
122.52067565917969
115.03547668457031
119.63924407958984
126.26990509033203
122.69847869873047
116.38456726074219
125.53663635253906
115.67605590820312
119.46885681152344
114.8850326538086
119.22634887695312
113.84586334228516
117.07929992675781
118.02395629882812
114.52178955078125
117.96378326416016
122.82677459716797
121.88137817382812
112.67994689941406
130.6365203857422
127.734130859375
112.92668151855469
116.25875854492188
126.72510528564453
119.83106994628906
116.9524154663086
120.61434936523438
115.15846252441406
121.48487091064453
114.53962707519531
119.5902099609375
120.9859848022461
116.87918853759766
112.60672760009766
116.11046600341797
120.46859741210938
108.465087890625
104.8923110961914
116.16423034667969
111.6856918334961
118.68663787841797
116.04466247558594
123.02615356445312
124.52687072753906
121.26106262207031
120.40323638916016
118.23536682128906
119.52408599853516
123.69605255126953
119.94416809082031
125.76799011230469
110.81260681152344
117.62467956542969
119.90474700927734
123.80907440185547
122.19633483886719
117.19671630859375
114.19898986816406
118.46260833740234
126.09986877441406
116.31468200683594
114.8604736328125
115.2738037109375
117.04051208496094
122.01820373535156
115.43156433105469
128.80072021484375
118.05977630615234
118.46562194824219
119.29302978515625
121.07461547851562
119.82335662841797
117.72766876220703
117.73269653320312
113.3207015991211
114.94879150390625
108.95874786376953
122.1655502319336
124.79872131347656
118.31871795654297
107.41167449951172
119.14775085449219
121.07616424560547
122.13346862792969
114.74633026123047
115.08869171142578
112.6808090209961
121.71574401855469
113.07212829589844
118.69461059570312
118.83489990234375
116.12181091308594
114.70291900634766
114.52752685546875
106.57027435302734
119.8714599609375
119.11457061767578
123.73946380615234
116.34272766113281
120.69984436035156
110.74879455566406
115.36573028564453
123.07588195800781
114.85436248779297
119.92845153808594
119.30859375
115.67890930175781
108.88600158691406
112.52113342285156
120.97003173828125
117.81914520263672
110.45953369140625
117.2021484375
118.6015625
116.72752380371094
112.4579849243164
114.64900207519531
109.25878143310547
116.81922912597656
120.38863372802734
122.08706665039062
111.43678283691406
115.5909194946289
107.4610366821289
124.49407958984375
107.878173828125
123.26221466064453
117.62187194824219
124.39412689208984
112.65396881103516
112.76876068115234
118.20826721191406
115.34566497802734
115.4998779296875
124.3934097290039
117.64749145507812
114.69378662109375
112.32571411132812
124.52458190917969
110.5367202758789
119.6397933959961
122.45799255371094
117.75521087646484
118.94050598144531
121.56391143798828
112.7338638305664
117.33316802978516
113.7895278930664
113.71302795410156
116.72826385498047
122.02715301513672
116.74723815917969
116.95098114013672
113.86180877685547
116.48616027832031
120.20211791992188
113.91079711914062
112.68781280517578
118.33340454101562
110.83975219726562
125.59833526611328
115.0748062133789
109.97770690917969
117.62281799316406
116.50618743896484
112.31599426269531
115.62345886230469
118.8554458618164
114.73336791992188
117.73795318603516
124.73961639404297
105.5715103149414
115.6986083984375
102.30550384521484
115.64989471435547
103.61204528808594
110.07018280029297
123.53475952148438
115.59130859375
116.71050262451172
117.28086853027344
112.18367767333984
113.28195190429688
114.66650390625
116.04065704345703
