90.18551635742188
97.30480194091797
87.71170043945312
92.375244140625
91.79293823242188
94.81683349609375
89.72382354736328
79.34192657470703
90.0750732421875
84.43749237060547
96.81294250488281
90.15262603759766
97.68120574951172
88.62289428710938
84.7845687866211
83.02181243896484
83.20590209960938
90.92223358154297
88.35259246826172
85.08512878417969
88.26753234863281
87.36135864257812
90.77877044677734
87.66168975830078
98.32818603515625
98.41693115234375
88.58916473388672
92.01524353027344
85.6144027709961
90.44795227050781
92.60108184814453
100.95800018310547
93.92008972167969
100.30877685546875
97.21713256835938
88.20955657958984
87.72801208496094
83.783935546875
87.91541290283203
84.45105743408203
81.83592987060547
82.30538177490234
95.04390716552734
86.75305938720703
85.56660461425781
91.36331176757812
88.05730438232422
94.17610168457031
85.43743896484375
85.93419647216797
81.72635650634766
93.7070083618164
85.6941909790039
112.57096862792969
96.15507507324219
87.64529418945312
89.50540161132812
82.76318359375
77.02532196044922
99.94009399414062
96.31925964355469
97.35562133789062
85.48793029785156
88.10185241699219
94.06568908691406
84.47975158691406
85.521728515625
87.50064086914062
93.38542938232422
89.1993408203125
85.23170471191406
79.07437133789062
81.49993896484375
98.74181365966797
86.33462524414062
90.3201675415039
80.7207260131836
89.51786804199219
85.70789337158203
91.7158432006836
81.15304565429688
91.0356216430664
81.35931396484375
84.98295593261719
95.19627380371094
89.56863403320312
92.72644805908203
84.3246841430664
87.23236083984375
88.87539672851562
82.99076843261719
87.29903411865234
87.6136245727539
87.67174530029297
91.42544555664062
88.59454345703125
86.75737762451172
91.04776763916016
90.59410095214844
87.163330078125
87.23326873779297
76.66930389404297
91.51753234863281
90.46244812011719
82.17237091064453
90.78627014160156
89.52477264404297
79.6065673828125
90.33856964111328
82.12969970703125
91.64279174804688
76.11256408691406
91.0365982055664
85.01170349121094
84.39168548583984
82.99014282226562
88.9085922241211
86.88529968261719
83.22515869140625
84.64163970947266
101.47341918945312
90.53216552734375
85.8973159790039
86.53097534179688
75.03923797607422
90.01422119140625
89.87877655029297
78.44842529296875
80.69290924072266
87.30392456054688
86.41043853759766
89.33837890625
78.49274444580078
100.65866088867188
78.72147369384766
85.35990142822266
81.88980865478516
94.12542724609375
90.71483612060547
84.31612396240234
99.33667755126953
95.63731384277344
93.7175521850586
86.70247650146484
86.93475341796875
85.86054992675781
92.59075164794922
85.22447204589844
103.00466918945312
89.10281372070312
96.6813735961914
82.88279724121094
93.28425598144531
92.33360290527344
90.36769104003906
97.55510711669922
94.97322082519531
88.38700866699219
88.56834411621094
88.27703094482422
90.65677642822266
88.37031555175781
88.80439758300781
88.9302749633789
82.232666015625
81.34720611572266
86.62608337402344
90.56167602539062
88.39249420166016
93.54196166992188
87.06046295166016
74.3309097290039
93.50003051757812
88.56047058105469
78.64543914794922
87.43132019042969
87.4354019165039
86.20690155029297
87.11132049560547
81.06881713867188
90.27444458007812
90.5860595703125
84.79659271240234
87.90338134765625
79.41128540039062
86.88848876953125
87.46649169921875
86.99433898925781
89.11405181884766
88.27976989746094
99.18509674072266
87.28839874267578
80.20126342773438
86.99735260009766
81.41947937011719
85.87227630615234
82.9347915649414
94.53070068359375
80.11788940429688
88.4964599609375
96.30664825439453
91.20704650878906
86.7433090209961
78.21681213378906
86.10887908935547
85.81895446777344
91.77550506591797
80.78369140625
79.91445922851562
97.6468505859375
96.18549346923828
88.4535903930664
87.50446319580078
98.57415771484375
83.19937896728516
90.76050567626953
89.1992416381836
91.09112548828125
93.53678894042969
82.92418670654297
83.38269805908203
91.81361389160156
84.0743179321289
102.0528564453125
103.69880676269531
88.8628921508789
91.05098724365234
86.69378662109375
90.19747924804688
94.27906036376953
92.8377685546875
101.91029357910156
87.73282623291016
88.854736328125
90.12592315673828
78.70196533203125
95.89971923828125
89.78474426269531
91.23087310791016
88.7563247680664
88.7052001953125
91.99173736572266
88.38385009765625
90.09562683105469
92.18721008300781
90.19172668457031
84.79334259033203
91.47941589355469
84.99644470214844
82.15721893310547
93.85034942626953
85.962646484375
87.91796875
83.916748046875
83.26619720458984
83.26223754882812
87.5359115600586
101.74375915527344
88.93297576904297
91.57099914550781
92.37492370605469
84.44278717041016
88.76182556152344
79.89230346679688
83.48436737060547
88.77944946289062
88.125
79.15869903564453
80.32416534423828
84.93849182128906
83.19258117675781
86.64706420898438
93.19883728027344
91.80840301513672
84.20867156982422
87.22843933105469
97.28224182128906
77.46647644042969
83.6364974975586
87.96620178222656
85.77799987792969
82.50289154052734
90.22461700439453
87.57412719726562
77.64265441894531
83.64122772216797
81.44322204589844
92.044677734375
86.84491729736328
88.55223846435547
87.06396484375
81.86763000488281
90.71018981933594
91.38618469238281
83.82217407226562
87.57664489746094
85.52214813232422
89.8355712890625
89.39197540283203
80.54998016357422
88.73883819580078
85.59953308105469
98.0269775390625
86.29327392578125
95.36652374267578
80.33015441894531
80.66026306152344
97.17522430419922
94.09954833984375
87.1722640991211
95.1864013671875
90.84459686279297
89.09354400634766
88.27185821533203
78.58000946044922
85.91581726074219
84.07039642333984
89.33882141113281
90.99085998535156
86.5717544555664
94.3801040649414
96.00531005859375
80.86199188232422
78.94745635986328
84.93147277832031
91.4700927734375
103.68557739257812
78.84193420410156
90.23009490966797
87.52567291259766
96.30287170410156
81.98330688476562
92.67992401123047
87.85841369628906
92.9917221069336
91.26801300048828
88.2503662109375
96.61589050292969
85.02368927001953
106.61046600341797
89.72364044189453
96.91129302978516
89.84493255615234
84.2831802368164
91.74763488769531
83.38555145263672
82.42217254638672
83.60208129882812
83.94670867919922
100.13446807861328
89.08076477050781
89.85381317138672
91.51530456542969
99.03958892822266
83.1236572265625
88.13138580322266
89.72848510742188
94.732421875
95.14617919921875
91.56829071044922
88.77378845214844
89.43527221679688
85.57986450195312
95.19245147705078
88.32673645019531
84.39259338378906
95.42721557617188
86.0042724609375
93.9138412475586
87.8551025390625
90.24324798583984
92.49860382080078
80.09341430664062
99.55719757080078
88.80146026611328
88.23944854736328
83.45404052734375
80.08477020263672
76.39753723144531
84.76985168457031
81.74581909179688
79.70916748046875
83.2651596069336
88.03269958496094
99.40879821777344
87.82408142089844
82.22824096679688
88.56616973876953
98.15762329101562
81.86319732666016
78.08936309814453
82.8040771484375
90.47378540039062
88.08135986328125
86.39675903320312
82.0788345336914
79.00008392333984
92.04886627197266
81.08514404296875
90.99284362792969
83.91249084472656
87.29719543457031
84.2119369506836
85.42740631103516
79.48316192626953
99.6926498413086
76.3814468383789
84.39727783203125
84.65570068359375
85.96997833251953
105.58428192138672
89.02503204345703
90.76664733886719
83.29511260986328
79.19483947753906
80.52912902832031
97.49514770507812
84.39632415771484
80.68411254882812
83.83733367919922
92.84446716308594
80.71399688720703
90.14022827148438
92.3914566040039
79.45936584472656
89.42243957519531
86.50875091552734
83.10639953613281
79.85595703125
93.06575012207031
87.10472106933594
93.59017181396484
82.2857437133789
87.42313385009766
83.53134155273438
92.19424438476562
87.54865264892578
87.34620666503906
89.72126770019531
94.77983856201172
84.12950897216797
81.72710418701172
91.60489654541016
74.63531494140625
87.27420806884766
82.14311981201172
84.7115249633789
82.58312225341797
77.80392456054688
90.42996978759766
88.40441131591797
97.78771209716797
80.97667694091797
83.43016815185547
94.968017578125
84.29730224609375
90.35918426513672
88.94851684570312
88.29540252685547
77.13180541992188
84.86738586425781
81.4720687866211
103.39906311035156
76.90605926513672
87.97622680664062
93.87735748291016
95.3048095703125
88.14232635498047
76.05535888671875
77.80685424804688
91.97433471679688
81.92815399169922
89.03005981445312
88.7073974609375
83.29634857177734
86.54239654541016
81.97157287597656
90.10657501220703
82.94086456298828
89.5751953125
74.89442443847656
93.01010131835938
89.0965805053711
81.21710205078125
94.43726348876953
80.76112365722656
82.82699584960938
83.03258514404297
86.57382202148438
87.97432708740234
81.21111297607422
85.78921508789062
84.74676513671875
97.82611846923828
85.3835678100586
92.00932312011719
75.7086181640625
88.37863159179688
78.34183502197266
86.39717864990234
84.52828979492188
90.41767120361328
89.031494140625
78.8546371459961
84.59038543701172
82.28472900390625
89.50321197509766
78.00662994384766
86.01728057861328
87.00452423095703
86.52381896972656
88.64899444580078
98.88655853271484
84.9864273071289
79.2252197265625
81.3519058227539
85.72738647460938
79.73465728759766
92.7794418334961
84.41734313964844
82.56668090820312
83.19329071044922
87.29486083984375
92.66738891601562
85.47673034667969
91.99771881103516
85.00699615478516
92.90907287597656
80.79832458496094
82.3405990600586
80.09159088134766
83.88851928710938
91.61476135253906
97.91426849365234
90.18478393554688
78.84130096435547
83.72368621826172
86.23851013183594
81.3797607421875
89.13877868652344
89.7514877319336
92.14535522460938
80.0549545288086
89.35044860839844
96.32917022705078
80.29443359375
87.28797912597656
78.99235534667969
88.29911041259766
103.63980865478516
88.13050079345703
86.70083618164062
88.91838836669922
84.32772064208984
90.60083770751953
86.51683044433594
93.93218231201172
93.87459564208984
94.69465637207031
83.0018539428711
93.9786148071289
88.19920349121094
84.52003479003906
86.08426666259766
94.35002899169922
94.56343841552734
86.2580795288086
81.93253326416016
84.55934143066406
88.37259674072266
82.3496322631836
81.53428649902344
82.29137420654297
98.39381408691406
81.10992431640625
88.76295471191406
85.07526397705078
107.44839477539062
89.27623748779297
87.28080749511719
82.37368774414062
87.9134750366211
85.01728820800781
84.86992645263672
87.59170532226562
88.15226745605469
78.6277084350586
82.69453430175781
88.8877944946289
77.90388488769531
91.24126434326172
84.08406066894531
88.07759094238281
90.87256622314453
83.24066925048828
90.85552978515625
80.67880249023438
77.7205581665039
94.7969970703125
92.41485595703125
84.68916320800781
84.24855041503906
90.47172546386719
87.8399887084961
83.78162384033203
78.54097747802734
82.07955169677734
82.34476470947266
85.39788055419922
86.99383544921875
83.43247985839844
87.10166931152344
82.7858657836914
97.02156829833984
91.3343734741211
86.01399230957031
82.55506134033203
90.10956573486328
78.96003723144531
92.2737045288086
79.82373809814453
79.66456604003906
79.91211700439453
91.93437194824219
77.52140808105469
87.22148895263672
100.77980041503906
93.72234344482422
83.31790924072266
88.85433959960938
88.29303741455078
90.84785461425781
93.19798278808594
84.9119644165039
72.9267578125
82.46117401123047
90.79949951171875
85.21965026855469
83.05101776123047
93.30388641357422
87.53800964355469
93.83213806152344
98.14142608642578
89.49352264404297
81.9566650390625
76.72735595703125
86.64324188232422
78.92514038085938
78.26473999023438
86.82559967041016
84.61674499511719
100.54649353027344
89.0211410522461
88.45550537109375
96.91326904296875
87.47187042236328
82.44408416748047
88.73521423339844
91.2190170288086
76.7870864868164
95.0954818725586
81.64619445800781
91.96456146240234
83.64632415771484
76.81283569335938
84.35509490966797
90.37458801269531
85.51753234863281
83.20663452148438
83.05841064453125
88.18540954589844
93.99659729003906
87.26435089111328
79.44657135009766
94.20771026611328
80.10646057128906
79.98680877685547
87.57069396972656
91.64888000488281
95.20462036132812
91.24593353271484
86.15705108642578
77.08486938476562
88.07071685791016
92.73970031738281
81.60549926757812
81.52816009521484
84.3704833984375
87.15650177001953
87.53916931152344
84.36457061767578
87.00469207763672
74.05531311035156
82.33243560791016
96.0185775756836
92.02732849121094
88.76948547363281
89.49851989746094
84.38933563232422
82.55793762207031
81.78199768066406
90.76336669921875
97.07405090332031
84.9356689453125
87.28482055664062
85.15637969970703
82.5584945678711
88.41898345947266
86.12853240966797
90.17083740234375
82.95347595214844
87.66445922851562
89.90054321289062
80.5047378540039
87.26229858398438
81.90326690673828
85.03938293457031
82.84854125976562
85.07811737060547
86.39447784423828
92.18190002441406
83.06820678710938
82.16214752197266
87.092529296875
80.37023162841797
89.47022247314453
85.97550201416016
88.55873107910156
89.5823745727539
80.70771789550781
86.42955017089844
95.53699493408203
82.31312561035156
89.57396697998047
89.1091079711914
88.05787658691406
82.0387954711914
84.1951904296875
80.54374694824219
80.61503601074219
80.39743041992188
90.78910827636719
84.96604919433594
74.45840454101562
92.10707092285156
85.85997009277344
85.06957244873047
81.57054138183594
77.27903747558594
87.43633270263672
84.33926391601562
84.89586639404297
86.41939544677734
80.52299499511719
82.5438003540039
86.80902862548828
84.2061767578125
87.85823059082031
82.71590423583984
90.8970718383789
83.63018035888672
85.08895874023438
80.16985321044922
89.65833282470703
72.82930755615234
88.37751007080078
94.44690704345703
77.28660583496094
81.1453857421875
85.5142822265625
82.53461456298828
84.62859344482422
87.69480895996094
100.68830108642578
81.26148223876953
77.1730728149414
92.37432861328125
88.35834503173828
81.03759002685547
83.82756042480469
86.92831420898438
85.1644058227539
84.99637603759766
85.17622375488281
83.69193267822266
85.39031982421875
80.23448944091797
79.28269958496094
87.46466064453125
81.741943359375
77.33484649658203
91.24191284179688
80.969482421875
80.40357971191406
82.32044219970703
84.5858154296875
98.02264404296875
87.93599700927734
91.57903289794922
85.37419128417969
90.3099136352539
90.9478988647461
87.04291534423828
103.59200286865234
86.8616943359375
88.2752914428711
87.05224609375
89.02938079833984
100.34834289550781
85.61015319824219
79.5151138305664
81.74337005615234
99.58148956298828
82.54303741455078
83.8363037109375
84.36664581298828
83.84690856933594
99.73413848876953
82.11044311523438
102.30856323242188
81.8186264038086
82.4924545288086
88.25528717041016
80.344482421875
90.8055648803711
85.51566314697266
89.18760681152344
95.17276000976562
83.05207061767578
79.189208984375
94.67280578613281
89.25395202636719
88.16278076171875
74.75408935546875
89.70001220703125
93.15338897705078
94.32282257080078
82.67998504638672
85.25309753417969
79.16192626953125
89.40985107421875
81.44917297363281
83.50962829589844
83.81719970703125
87.58897399902344
86.09785461425781
83.2873764038086
78.94143676757812
88.99085998535156
87.0565414428711
97.5406265258789
93.89193725585938
89.61385345458984
84.13357543945312
84.84467315673828
85.98707580566406
88.41036224365234
85.20198822021484
89.95536041259766
81.55708312988281
81.01859283447266
88.04535675048828
89.0119400024414
83.15290069580078
82.24256896972656
84.03263854980469
83.9769058227539
80.67623901367188
81.51372528076172
84.82115173339844
81.48499298095703
87.21709442138672
95.74134826660156
95.42425537109375
83.2193603515625
82.63507080078125
88.55412292480469
94.59810638427734
78.10295104980469
93.3523941040039
84.47969818115234
89.52584075927734
82.25732421875
78.86856079101562
91.32510375976562
86.97907257080078
83.73384094238281
91.18802642822266
87.64950561523438
86.37198638916016
79.92816162109375
96.4888687133789
88.8564682006836
107.7135009765625
89.96597290039062
86.77306365966797
89.24485778808594
95.65230560302734
78.725830078125
92.58638000488281
79.95606994628906
89.89474487304688
87.20638275146484
84.52491760253906
85.56304168701172
86.36370086669922
83.34298706054688
84.77349090576172
90.5521240234375
82.89320373535156
90.56390380859375
92.87004089355469
75.87334442138672
91.59271240234375
83.5409927368164
77.73583984375
85.84339141845703
94.59992980957031
86.96138763427734
82.55314636230469
90.18689727783203
88.99420166015625
88.3961410522461
91.91256713867188
79.20904541015625
87.84749603271484
85.13822937011719
93.32108306884766
73.44631958007812
78.48246765136719
89.22122955322266
93.33020782470703
87.2535629272461
89.93252563476562
88.72677612304688
82.36990356445312
89.34912872314453
86.51019287109375
