90.03338623046875
110.16450500488281
79.29689025878906
89.4390869140625
88.96332550048828
94.1914291381836
75.7505874633789
77.74988555908203
86.0169448852539
86.8658447265625
90.36276245117188
77.33244323730469
93.44652557373047
90.7788314819336
84.24679565429688
88.74881744384766
75.78116607666016
83.23745727539062
95.43522644042969
90.4669418334961
108.16464233398438
95.211181640625
96.94055938720703
90.09480285644531
105.18135070800781
109.58174896240234
93.4835433959961
102.64379119873047
89.00004577636719
87.08385467529297
84.1595687866211
86.1540756225586
91.87567138671875
79.96102142333984
89.12872314453125
72.18827819824219
75.82257080078125
73.73596954345703
81.84231567382812
80.24957275390625
76.36502075195312
75.72615051269531
85.49960327148438
77.5859146118164
88.83081817626953
92.6711196899414
85.38453674316406
99.5590591430664
84.3852767944336
91.8895034790039
83.18080139160156
92.19884490966797
87.46290588378906
113.80767822265625
111.96110534667969
90.41345977783203
91.6409912109375
93.967041015625
84.20567321777344
98.38016510009766
99.0339584350586
103.00877380371094
86.47601318359375
89.57573699951172
87.48278045654297
72.6402816772461
99.05542755126953
86.94647979736328
85.9818115234375
102.58480072021484
95.13162231445312
69.15243530273438
75.31702423095703
81.65090942382812
81.06644439697266
79.16356658935547
75.87086486816406
99.39639282226562
79.65371704101562
92.82896423339844
85.57393646240234
87.23185729980469
71.55929565429688
101.49921417236328
100.31709289550781
87.0321044921875
104.1290054321289
94.52892303466797
105.36894226074219
84.92538452148438
86.94158172607422
85.61919403076172
90.60874938964844
103.47488403320312
94.48165893554688
76.84349822998047
91.74932098388672
90.10113525390625
82.74586486816406
82.55333709716797
77.40991973876953
62.41148376464844
76.51839447021484
78.06073760986328
72.42520141601562
81.2834701538086
85.14794921875
70.45056915283203
71.43058013916016
80.03388214111328
84.22052001953125
75.05541229248047
84.72159576416016
71.16193389892578
88.409423828125
75.32982635498047
78.9013900756836
98.53416442871094
84.95268249511719
80.19220733642578
101.92622375488281
87.12483978271484
99.4510498046875
90.3638687133789
91.50464630126953
109.36196899414062
95.53765869140625
78.2685775756836
95.59564208984375
97.86568450927734
82.53588104248047
94.70339965820312
88.02268981933594
109.35908508300781
89.96205139160156
79.55551147460938
95.85172271728516
103.61705017089844
97.19207763671875
90.67881774902344
111.84581756591797
94.73068237304688
110.03569793701172
88.6881103515625
110.38844299316406
82.51300811767578
105.56977844238281
76.7061538696289
110.82858276367188
91.33157348632812
97.19364929199219
77.98697662353516
96.60201263427734
90.93556213378906
81.56906127929688
86.6498031616211
84.4376220703125
74.00008392333984
77.3318862915039
78.92224884033203
79.55497741699219
71.69696044921875
77.67591094970703
73.10016632080078
70.38236999511719
77.34718322753906
79.43998718261719
83.87384033203125
86.31086730957031
78.57907104492188
74.72290802001953
70.75074768066406
79.08197021484375
77.95036315917969
65.23179626464844
69.04959106445312
77.97789001464844
72.4819107055664
88.54108428955078
75.74478149414062
95.7223892211914
78.71275329589844
76.4184799194336
85.28101348876953
77.82643127441406
97.04293060302734
89.77590942382812
97.95917510986328
95.71942901611328
98.87022399902344
109.68211364746094
95.39330291748047
90.14187622070312
95.06897735595703
88.59327697753906
97.4827651977539
98.80007934570312
119.0638427734375
85.45426940917969
102.70446014404297
98.53553771972656
96.33007049560547
99.02714538574219
91.54458618164062
114.6804428100586
101.21438598632812
110.45317077636719
83.7252426147461
84.70413208007812
102.51207733154297
101.24188995361328
114.7617416381836
93.57657623291016
105.54656982421875
96.14232635498047
98.90972900390625
103.4801254272461
97.48577117919922
98.70399475097656
93.75640869140625
77.28443908691406
100.1129150390625
92.8470458984375
108.43328094482422
101.83990478515625
80.1102066040039
90.23189544677734
96.72565460205078
111.53648376464844
91.80171966552734
102.4134750366211
95.39116668701172
91.75823974609375
79.86213684082031
76.19258117675781
64.86710357666016
74.67465209960938
84.52659606933594
69.53038024902344
77.65205383300781
77.89433288574219
68.30718994140625
83.49114227294922
77.12969970703125
77.21658325195312
77.138427734375
88.05652618408203
87.57460021972656
73.53668212890625
83.33039093017578
90.33265686035156
94.39393615722656
97.17338562011719
85.99526977539062
86.81720733642578
85.96859741210938
87.55927276611328
105.83660888671875
103.14036560058594
99.38871765136719
102.00225830078125
84.36968994140625
91.25770568847656
88.40689849853516
75.5069580078125
99.46265411376953
98.4781723022461
100.113037109375
78.66996765136719
91.55610656738281
81.66533660888672
94.78726196289062
95.71078491210938
105.98979949951172
76.7390365600586
81.29269409179688
100.67902374267578
84.66648864746094
92.18467712402344
80.07176208496094
90.82598876953125
87.85258483886719
86.457275390625
86.41256713867188
81.66868591308594
95.03842163085938
84.2782211303711
100.9762954711914
99.15225219726562
80.24560546875
107.41302490234375
98.51097106933594
101.31263732910156
113.76876068115234
92.99903869628906
87.3052978515625
89.08973693847656
96.12290954589844
99.23184204101562
88.95991516113281
88.33078002929688
81.56797790527344
107.7457504272461
80.5575180053711
83.6888198852539
77.37290954589844
78.88899993896484
94.86630249023438
96.69470977783203
93.29448699951172
104.08470153808594
99.146728515625
94.26874542236328
109.03453826904297
97.92002868652344
82.893798828125
90.591552734375
88.86264038085938
107.9014892578125
90.55154418945312
99.82760620117188
103.83042907714844
110.38526916503906
78.43699645996094
81.74594116210938
83.0675277709961
96.988525390625
79.10391235351562
87.8795166015625
87.68988037109375
96.26847839355469
76.1048355102539
78.95955657958984
88.11431121826172
89.17871856689453
93.75003051757812
86.74835968017578
94.35755920410156
81.59412384033203
88.57676696777344
85.72909545898438
84.33432006835938
91.90071105957031
73.27587890625
88.46603393554688
78.57050323486328
78.68385314941406
75.31360626220703
104.82776641845703
110.57186889648438
83.15110778808594
80.60832977294922
81.69418334960938
78.00848388671875
77.22540283203125
72.8318099975586
83.72981262207031
91.69157409667969
79.85504150390625
83.30155181884766
74.87383270263672
79.94316864013672
76.6805648803711
85.32128143310547
89.18704986572266
92.54166412353516
87.60216522216797
80.03755950927734
89.39888000488281
80.5981674194336
84.17667388916016
81.29828643798828
69.10477447509766
108.73458099365234
80.94751739501953
97.712646484375
78.24407196044922
77.26976013183594
82.54056549072266
81.74177551269531
88.61972045898438
83.77949523925781
80.74307250976562
89.62724304199219
112.37769317626953
105.58517456054688
86.94161224365234
95.56761932373047
97.9297866821289
78.40895080566406
94.91598510742188
92.53175354003906
93.32150268554688
84.89112854003906
104.90325927734375
105.5003662109375
91.06774139404297
108.57704162597656
84.5053939819336
89.85321807861328
92.74042510986328
111.7580337524414
92.54813385009766
86.95466613769531
96.65122985839844
121.58993530273438
102.35862731933594
114.05718231201172
109.23157501220703
96.20793151855469
125.39884948730469
95.98419189453125
92.02143859863281
84.44810485839844
82.02589416503906
82.52322387695312
118.5958251953125
105.76697540283203
85.34857177734375
88.45653533935547
101.86312866210938
95.74666595458984
90.64293670654297
104.22859954833984
80.96351623535156
81.19583892822266
91.44242095947266
87.32038879394531
82.7392578125
108.71209716796875
105.64602661132812
105.93700408935547
86.7705307006836
96.87556457519531
90.65413665771484
110.58203125
110.21691131591797
96.73400115966797
85.04464721679688
110.4873275756836
86.18810272216797
83.01527404785156
87.98648834228516
77.21322631835938
76.118896484375
89.95674133300781
80.35749053955078
82.97824096679688
81.35965728759766
93.6574935913086
81.2778091430664
103.62254333496094
75.19865417480469
84.66980743408203
93.22814178466797
79.06888580322266
75.65779113769531
75.51500701904297
85.36536407470703
88.24748229980469
85.75849914550781
76.76570129394531
119.66073608398438
75.18463897705078
86.57974243164062
102.22239685058594
94.37664794921875
84.4163589477539
89.77845001220703
98.28292846679688
91.69292449951172
88.188232421875
95.33609771728516
94.51470947265625
75.76329803466797
88.3363265991211
85.76690673828125
107.58106994628906
87.947265625
103.10725402832031
69.77059936523438
91.5171890258789
106.65697479248047
84.25433349609375
105.25164794921875
80.04725646972656
78.74141693115234
90.2779312133789
99.15184020996094
101.48875427246094
81.1767578125
89.49858093261719
101.01937103271484
113.33939361572266
89.37608337402344
113.98542785644531
96.65055084228516
99.6888656616211
94.03591918945312
107.61490631103516
116.11475372314453
114.50428771972656
100.29345703125
97.22476196289062
103.06863403320312
107.4679183959961
117.81167602539062
100.57421875
99.14619445800781
89.32904052734375
99.56535339355469
103.97747802734375
105.58644104003906
89.12220764160156
77.37098693847656
71.38250732421875
84.67412567138672
64.24057006835938
80.97799682617188
73.15692138671875
71.19843292236328
73.73714447021484
87.21923828125
88.64974212646484
80.35549926757812
69.99303436279297
65.64801788330078
82.18186950683594
69.87610626220703
71.6257095336914
76.77854919433594
73.42427825927734
80.88490295410156
89.4491195678711
95.6600570678711
85.16547393798828
77.6953125
91.00897216796875
77.65687561035156
95.80813598632812
91.96676635742188
80.85739135742188
76.61827087402344
91.41767883300781
100.22434997558594
78.49993133544922
90.4489974975586
87.68955993652344
94.70886993408203
102.7093505859375
93.69352722167969
96.89167022705078
96.39018249511719
94.81832122802734
103.77058410644531
98.35143280029297
98.63469696044922
91.6964340209961
97.3844223022461
78.9164047241211
88.48399353027344
79.96633911132812
70.19364166259766
87.19291687011719
87.13034057617188
92.08021545410156
75.22925567626953
87.1790542602539
103.45276641845703
108.1462173461914
82.64212799072266
77.58837890625
76.14470672607422
83.15321350097656
69.82230377197266
87.0300521850586
66.57755279541016
113.52637481689453
84.92733764648438
83.8248519897461
76.09660339355469
77.1324234008789
86.84913635253906
78.40546417236328
78.60842895507812
93.08431243896484
69.80210876464844
77.7586898803711
75.60183715820312
66.63362884521484
79.32591247558594
82.62863159179688
90.85374450683594
91.35226440429688
86.09229278564453
109.99215698242188
84.28343200683594
82.14026641845703
101.83758544921875
100.23983764648438
85.85075378417969
87.32278442382812
108.30646514892578
92.26820373535156
108.77372741699219
96.85757446289062
93.52448272705078
90.85543823242188
88.73429870605469
90.29521179199219
87.67145538330078
80.56111145019531
92.7019271850586
100.96057891845703
99.58843994140625
88.83553314208984
91.81522369384766
98.19000244140625
79.89263916015625
90.90811920166016
105.3862075805664
86.72232818603516
85.00325012207031
97.59588623046875
85.6491470336914
96.28815460205078
102.75545501708984
86.8106918334961
86.6045913696289
106.61019897460938
86.54893493652344
87.7801284790039
81.91410064697266
74.61392974853516
70.49282836914062
71.8842544555664
80.31936645507812
85.30476379394531
83.15461730957031
117.12505340576172
90.05249786376953
80.03598022460938
85.30416870117188
88.95346069335938
68.31171417236328
68.35823059082031
70.49574279785156
69.71300506591797
67.6424560546875
75.80789947509766
74.57801818847656
96.7827377319336
83.77947998046875
74.4007339477539
91.23001098632812
73.92875671386719
76.13020324707031
82.96085357666016
72.20523071289062
71.16542053222656
82.04058074951172
66.37862396240234
86.99890899658203
89.96099090576172
74.82765197753906
81.42453002929688
93.11216735839844
79.66564178466797
79.12360382080078
84.8913803100586
83.2685546875
90.44465637207031
81.65708923339844
75.84716033935547
92.63240814208984
79.68194580078125
73.10948944091797
101.74516296386719
100.15699768066406
96.94705963134766
101.08992004394531
103.87297821044922
81.76229095458984
98.28623962402344
92.06095886230469
90.64482116699219
94.59064483642578
100.24137115478516
96.19463348388672
89.9407730102539
103.84608459472656
115.57532501220703
89.29164123535156
101.21952819824219
109.12262725830078
111.29488372802734
110.99732971191406
111.38443756103516
107.94583129882812
93.91777038574219
105.44395446777344
122.84927368164062
105.11248779296875
87.8084716796875
96.83258056640625
107.46715545654297
103.2082290649414
102.78780364990234
97.7011947631836
96.7833023071289
97.5226058959961
96.32026672363281
95.9310302734375
75.09355163574219
79.40544128417969
79.93218994140625
82.6932373046875
80.99853515625
81.77409362792969
88.50636291503906
98.07471466064453
71.22959899902344
87.2107925415039
100.79408264160156
76.37350463867188
99.61166381835938
75.5269775390625
99.90589904785156
90.58755493164062
68.48066711425781
80.05594635009766
88.8187255859375
82.48860168457031
80.16761779785156
93.24311065673828
88.6993408203125
80.16060638427734
82.96810913085938
81.40949249267578
67.549560546875
74.46524047851562
82.7175064086914
76.1602783203125
84.82290649414062
87.6801986694336
77.50121307373047
78.83844757080078
77.28706359863281
88.76813507080078
89.51939392089844
100.62406921386719
82.72154235839844
92.16276550292969
81.05467224121094
74.7238540649414
76.40046691894531
78.23924255371094
82.10955047607422
87.1064224243164
94.49935150146484
97.91500091552734
111.21572875976562
85.14703369140625
109.47915649414062
75.05540466308594
84.47417449951172
89.72059631347656
79.43452453613281
95.1946792602539
81.75631713867188
78.63786315917969
86.72572326660156
92.55891418457031
102.35576629638672
69.07836151123047
89.9369125366211
87.08866882324219
85.04508972167969
79.0887680053711
80.54556274414062
78.08936309814453
90.49746704101562
96.42120361328125
90.36395263671875
97.57583618164062
98.84022521972656
88.65558624267578
97.81049346923828
107.13690948486328
88.43844604492188
85.88815307617188
91.73638916015625
82.62678527832031
88.97027587890625
89.84251403808594
84.45429992675781
110.57698822021484
99.07150268554688
90.88611602783203
112.49054718017578
86.10810852050781
97.04627990722656
98.88948059082031
122.0848159790039
93.48734283447266
95.47615051269531
91.0870132446289
98.2736587524414
111.7039566040039
96.12974548339844
88.4203872680664
94.28958129882812
101.73383331298828
96.65055847167969
97.95198059082031
89.89456176757812
96.8886947631836
115.9163818359375
82.68333435058594
107.66590881347656
91.40511322021484
107.15837097167969
84.39012908935547
108.82086944580078
83.07559967041016
83.89305114746094
85.50330352783203
98.90437316894531
69.10115814208984
64.09548950195312
83.71577453613281
89.80260467529297
86.48444366455078
75.44140625
75.84049224853516
85.60758972167969
96.30584716796875
78.74044799804688
83.87720489501953
79.5910415649414
89.94139099121094
81.627685546875
80.55525207519531
84.36547088623047
95.08621978759766
74.36663818359375
80.05542755126953
75.86136627197266
75.55518341064453
95.4723892211914
98.12699890136719
98.38875579833984
87.26759338378906
81.57878112792969
74.1760025024414
95.06745147705078
88.48627471923828
81.63127136230469
91.4996566772461
96.39835357666016
73.60022735595703
88.71416473388672
89.41712188720703
84.53291320800781
94.42929077148438
86.96053314208984
82.41845703125
85.64209747314453
70.67742919921875
87.36203002929688
82.43771362304688
100.39970397949219
98.61256408691406
93.23885345458984
85.91311645507812
78.45460510253906
95.1265640258789
99.83944702148438
89.42060852050781
108.7873306274414
90.60433959960938
117.30995178222656
80.12602233886719
94.33045959472656
94.0331039428711
79.27191925048828
101.1932601928711
98.93592834472656
96.3781509399414
89.34526062011719
89.34646606445312
114.26808166503906
83.73238372802734
112.88075256347656
97.21963500976562
101.71435546875
79.07537841796875
98.16194152832031
73.10235595703125
90.8401870727539
76.98922729492188
91.21041870117188
81.5380630493164
84.98493957519531
94.60479736328125
89.53714752197266
88.76345825195312
85.27030944824219
87.03292083740234
77.3457260131836
75.18946075439453
93.99554443359375
75.05397033691406
95.83594512939453
100.3634262084961
79.06123352050781
92.1612548828125
98.74419403076172
94.3904037475586
95.30693054199219
114.60252380371094
106.77783203125
91.3614501953125
91.50103759765625
71.24373626708984
86.74481201171875
81.50942993164062
86.11299896240234
86.90315246582031
84.36841583251953
95.39801788330078
106.8824462890625
91.87210845947266
92.41183471679688
91.58283233642578
96.49601745605469
83.90760040283203
79.60382843017578
