82.95710754394531
95.16488647460938
88.05743408203125
84.33831024169922
88.88459777832031
97.79320526123047
81.77568054199219
73.9066390991211
80.3736343383789
77.49849700927734
92.722900390625
82.36812591552734
88.03316497802734
97.89913940429688
79.94906616210938
81.44230651855469
79.63644409179688
83.6888427734375
87.32206726074219
90.00279235839844
82.22496795654297
88.62190246582031
81.6036148071289
83.34323120117188
98.77830505371094
96.51416015625
86.27014923095703
93.42302703857422
81.9492416381836
80.3066177368164
89.37380981445312
93.49332427978516
95.60340881347656
88.55677032470703
87.9522476196289
83.93324279785156
81.51943969726562
77.23353576660156
86.39990997314453
81.23272705078125
74.13634490966797
74.74137878417969
90.12374877929688
80.31319427490234
81.24156951904297
84.64366149902344
83.50804901123047
84.34565734863281
84.2294921875
84.6880874633789
80.26373291015625
95.00849914550781
87.36238098144531
106.63067626953125
106.69711303710938
85.09223937988281
90.50326538085938
88.26510620117188
72.65784454345703
103.06101989746094
85.99776458740234
83.7315902709961
77.04638671875
86.60990905761719
84.13443756103516
82.2485122680664
83.24134063720703
84.27366638183594
87.158447265625
93.89212036132812
92.37423706054688
79.85753631591797
78.80287170410156
99.39179992675781
86.94570922851562
92.864501953125
74.0473403930664
86.30596923828125
80.81449127197266
84.8908462524414
85.30064392089844
91.22440338134766
76.19252014160156
88.3757095336914
101.14282989501953
82.35192108154297
89.44365692138672
76.11605834960938
88.01726531982422
78.68663787841797
81.50263214111328
81.11457824707031
87.3253402709961
90.23799133300781
88.96311950683594
80.271240234375
92.30419921875
84.47836303710938
83.703857421875
88.70529174804688
85.7574462890625
71.86566162109375
84.50835418701172
86.04301452636719
79.50017547607422
86.03955841064453
89.22315216064453
73.71951293945312
82.12816619873047
73.94416809082031
84.53883361816406
74.38699340820312
90.01399993896484
78.811279296875
86.66405487060547
81.97960662841797
84.8195571899414
89.91793823242188
85.04405212402344
76.5403060913086
97.3615493774414
82.98053741455078
95.72557067871094
87.7924575805664
75.53170776367188
99.515625
91.29762268066406
76.2669677734375
77.83695220947266
81.60131072998047
87.60527038574219
86.9924545288086
73.16522216796875
96.42257690429688
79.5643310546875
83.68506622314453
83.90509796142578
90.62732696533203
79.86407470703125
79.64259338378906
96.32905578613281
83.3935546875
83.44971466064453
85.11746978759766
89.12091827392578
82.09444427490234
87.33145141601562
87.74175262451172
103.16609191894531
84.59037780761719
93.86720275878906
83.99292755126953
91.72248077392578
88.99677276611328
95.85350036621094
95.96221160888672
86.48611450195312
79.18148040771484
83.70397186279297
86.68719482421875
84.23959350585938
80.18861389160156
84.17347717285156
95.09552764892578
76.51469421386719
77.8848648071289
86.03605651855469
91.22589874267578
86.26520538330078
86.4944839477539
82.34097290039062
78.93046569824219
88.12509155273438
90.20903015136719
75.78025817871094
76.82881164550781
75.23558044433594
82.766845703125
86.07499694824219
80.65914916992188
85.8176498413086
85.35990905761719
82.31526947021484
89.53361511230469
76.78050994873047
88.04817962646484
91.00032043457031
86.44064331054688
86.41361236572266
94.61890411376953
105.04761505126953
79.8797607421875
80.14305114746094
90.11611938476562
92.22007751464844
89.37622833251953
88.24352264404297
93.17192077636719
77.05168914794922
91.36051940917969
88.25473022460938
86.1996841430664
81.0849380493164
78.39236450195312
85.03177642822266
93.08387756347656
85.52959442138672
73.99073028564453
82.78241729736328
93.0724868774414
89.55599975585938
87.51456451416016
87.13158416748047
96.76144409179688
85.12586975097656
89.97505187988281
92.42916870117188
82.9299087524414
91.19718170166016
82.23320007324219
75.2677230834961
92.28340148925781
89.06071472167969
98.69132995605469
83.83007049560547
89.04508972167969
86.01094818115234
84.26114654541016
101.13720703125
94.1630859375
96.40216064453125
91.26502990722656
85.37944030761719
84.78536987304688
87.25558471679688
78.09783935546875
82.70584869384766
85.25667572021484
93.13029479980469
85.06890869140625
84.13134002685547
90.41138458251953
89.51116943359375
79.92892456054688
86.3986587524414
91.71441650390625
88.3429946899414
87.2420425415039
84.08760070800781
78.58120727539062
86.46726989746094
86.90463256835938
91.77213287353516
84.47463989257812
83.8902816772461
85.64971923828125
83.14221954345703
92.49813842773438
82.18018341064453
85.50929260253906
91.4939193725586
81.47981262207031
94.98941040039062
79.74623107910156
73.92845153808594
91.06532287597656
86.6203842163086
84.55490112304688
71.91710662841797
81.62734985351562
81.44915008544922
82.18374633789062
93.35545349121094
89.80150604248047
74.13762664794922
80.67756652832031
95.89289855957031
81.3753662109375
86.13736724853516
89.48043060302734
85.05530548095703
84.46893310546875
92.59120178222656
87.21373748779297
82.4513931274414
88.87252807617188
76.80482482910156
85.08782958984375
93.55320739746094
86.68891906738281
89.83123016357422
77.51054382324219
89.38048553466797
82.59352111816406
80.96123504638672
82.63914489746094
85.04441833496094
97.31394958496094
81.90747833251953
76.38569641113281
84.39485168457031
97.116455078125
98.41763305664062
84.20686340332031
94.4107894897461
79.7252197265625
81.04548645019531
94.2679443359375
98.76031494140625
81.05318450927734
90.42449951171875
88.6607666015625
92.55006408691406
98.56049346923828
86.27587890625
86.30477905273438
77.00333404541016
88.62350463867188
90.70995330810547
82.02476501464844
82.79188537597656
95.0351333618164
80.165283203125
76.92890930175781
83.07171630859375
84.2067642211914
106.44657135009766
78.85902404785156
97.26678466796875
83.52891540527344
87.5218734741211
79.65415954589844
83.54965209960938
89.70085144042969
88.24156951904297
87.796630859375
80.79438018798828
89.29191589355469
84.83475494384766
90.02971649169922
88.19181823730469
88.51052856445312
91.63971710205078
80.40359497070312
85.79437255859375
83.0625991821289
80.16230773925781
73.93506622314453
87.08960723876953
99.12393188476562
91.4071044921875
85.66280364990234
86.57422637939453
92.04907989501953
77.87747192382812
87.85569763183594
88.41783142089844
99.24482727050781
93.40090942382812
92.82654571533203
89.18965148925781
88.77362060546875
89.27461242675781
92.38871002197266
100.38988494873047
78.65906524658203
96.00830078125
78.77364349365234
87.19844055175781
84.51957702636719
83.40969848632812
81.05261993408203
72.91954040527344
101.26687622070312
98.10890197753906
89.55059051513672
81.87481689453125
79.95843505859375
77.20925903320312
82.25249481201172
79.32598876953125
77.9019775390625
78.14295196533203
84.58393096923828
101.3143539428711
83.911865234375
79.5708236694336
90.65938568115234
92.45578002929688
76.84135437011719
80.6961441040039
86.06949615478516
86.07691192626953
88.21379089355469
85.02289581298828
83.54120635986328
77.66250610351562
96.19392395019531
77.41394805908203
81.95738983154297
86.9229507446289
75.3856430053711
95.62781524658203
81.54621887207031
83.27869415283203
112.97718048095703
82.77931213378906
91.82832336425781
88.06173706054688
85.58450317382812
102.83203887939453
90.19741821289062
93.11946105957031
88.13529968261719
87.94017028808594
74.88896942138672
104.3077392578125
90.6488037109375
81.4188461303711
83.15143585205078
90.94229125976562
90.18404388427734
97.8171157836914
96.14860534667969
75.24008178710938
87.69136810302734
81.58004760742188
86.30180358886719
81.73518371582031
105.09770202636719
88.63825225830078
104.15969848632812
80.1245346069336
86.09039306640625
81.4166259765625
91.8055648803711
86.05390930175781
83.06524658203125
90.13985443115234
89.25738525390625
80.43689727783203
80.88333129882812
86.63746643066406
73.32035064697266
86.78046417236328
76.24409484863281
77.8012924194336
75.14431762695312
76.41399383544922
87.16728973388672
80.09791564941406
85.00694274902344
85.21923828125
77.80722045898438
91.44525909423828
84.45465087890625
87.88568878173828
89.81754302978516
92.54762268066406
76.73570251464844
93.81715393066406
81.72293853759766
105.66618347167969
81.60671997070312
87.28009033203125
88.91502380371094
82.3958969116211
85.99053955078125
81.2091293334961
73.1536636352539
82.83627319335938
81.1578369140625
85.52784729003906
91.1758804321289
80.36336517333984
84.49041748046875
76.25798797607422
87.24152374267578
77.6470947265625
89.45311737060547
73.76698303222656
87.2279281616211
96.4615707397461
74.79503631591797
98.30851745605469
80.25772094726562
86.20866394042969
79.09516143798828
86.00563049316406
84.50767517089844
80.2981948852539
85.79765319824219
88.88606262207031
96.0911865234375
83.3255844116211
97.67082977294922
91.85604858398438
84.73625946044922
74.42904663085938
91.86979675292969
86.37491607666016
90.66184997558594
86.3792724609375
88.88440704345703
93.36528015136719
78.36856079101562
89.87683868408203
93.83584594726562
84.44084930419922
92.85991668701172
94.88490295410156
96.1162109375
102.8450698852539
77.61860656738281
75.54398345947266
76.52174377441406
80.26192474365234
74.9654541015625
90.44367980957031
90.09577941894531
85.14814758300781
77.9693374633789
82.77269744873047
87.83155059814453
78.34454345703125
92.14109802246094
81.44244384765625
97.92976379394531
85.17823791503906
77.6851577758789
88.11290740966797
85.2789306640625
92.96697235107422
106.04475402832031
91.54688262939453
79.76582336425781
82.3051528930664
84.05253601074219
75.97314453125
89.5981216430664
87.75328826904297
87.99815368652344
76.05973815917969
83.8657455444336
99.46080017089844
77.3799819946289
85.92436981201172
79.45292663574219
87.21391296386719
95.11527252197266
92.37098693847656
95.25395202636719
92.56990814208984
84.18743133544922
83.52114868164062
94.26763916015625
98.70358276367188
90.094482421875
83.89714050292969
77.00304412841797
81.26447296142578
84.93031311035156
80.77876281738281
91.7940902709961
90.49388122558594
88.93769836425781
83.10112762451172
76.1454849243164
81.28954315185547
85.93563842773438
82.62310791015625
82.54656982421875
75.79655456542969
93.05204010009766
82.60015869140625
97.525146484375
82.4858627319336
102.12694549560547
91.14234924316406
80.58001708984375
78.68223571777344
80.77300262451172
82.23419952392578
74.33795166015625
85.47567749023438
81.49095153808594
77.20223999023438
73.01566314697266
84.22567749023438
75.89899444580078
83.27981567382812
83.2925796508789
89.2869644165039
89.40428161621094
80.89659118652344
88.82222747802734
76.83069610595703
74.21295166015625
92.03968048095703
97.10237121582031
80.02474975585938
81.59002685546875
91.41121673583984
81.571044921875
84.08956146240234
74.26025390625
83.41739654541016
73.53564453125
85.95868682861328
80.54088592529297
86.9679946899414
86.8064193725586
82.52105712890625
94.31832122802734
86.3630142211914
77.87035369873047
86.54907989501953
89.11727905273438
80.9232177734375
93.49815368652344
74.29881286621094
86.2957992553711
79.68224334716797
95.1150894165039
82.16928100585938
76.04269409179688
89.61956024169922
90.50347137451172
79.84527587890625
94.39160919189453
88.4578857421875
86.60087585449219
86.18959045410156
76.15335083007812
72.5950927734375
78.58824157714844
79.21222686767578
79.88495635986328
72.22579193115234
103.33621978759766
81.24420166015625
87.92667388916016
94.64759826660156
83.2613525390625
79.8782958984375
71.48011016845703
77.65281677246094
75.81096649169922
77.6595230102539
78.56224060058594
88.25393676757812
99.01875305175781
87.08551788330078
88.87835693359375
98.07337951660156
85.5278549194336
88.97869873046875
91.71239471435547
80.22679901123047
75.91008758544922
90.73777770996094
79.52162170410156
84.31251525878906
80.73104858398438
76.69790649414062
79.69945526123047
90.18231964111328
85.23212432861328
83.12857818603516
92.10598754882812
92.8744125366211
89.8401870727539
82.18758392333984
77.72042846679688
88.75792694091797
76.21910095214844
80.99364471435547
85.61971282958984
92.16571807861328
96.54838562011719
87.12007904052734
85.98957824707031
73.97151947021484
84.15503692626953
86.88777160644531
90.30424499511719
76.04837036132812
89.87757873535156
88.85691833496094
87.13809204101562
83.42352294921875
99.38046264648438
71.67344665527344
92.21731567382812
101.65776062011719
103.65166473388672
93.84091186523438
89.77809143066406
86.60969543457031
81.97837829589844
83.26248168945312
99.73119354248047
95.93565368652344
90.470458984375
80.3159408569336
83.98112487792969
81.37850189208984
87.93312072753906
83.06256103515625
89.27721405029297
85.94984436035156
93.66549682617188
82.10430145263672
73.94486999511719
86.63070678710938
79.03714752197266
83.9405517578125
73.54676818847656
82.7015609741211
85.31671905517578
89.56016540527344
79.78130340576172
82.18576049804688
93.87926483154297
77.65170288085938
87.11285400390625
77.12852478027344
91.365234375
91.95919799804688
70.46332550048828
82.37799072265625
87.39289855957031
92.8998794555664
85.87187194824219
85.14815521240234
91.79931640625
73.6951675415039
86.49076843261719
93.43108367919922
80.3708267211914
79.12650299072266
89.90750885009766
81.65534973144531
79.43138122558594
87.21626281738281
82.31907653808594
80.272705078125
76.51826477050781
88.22509002685547
91.79542541503906
101.56687927246094
82.8616714477539
80.08146667480469
87.21479034423828
79.68375396728516
77.69451904296875
86.82300567626953
97.9604263305664
87.9277114868164
96.00000762939453
90.88667297363281
99.77779388427734
77.25772094726562
91.73381042480469
79.63883209228516
84.574462890625
80.89505767822266
79.08979034423828
78.3574447631836
81.17020416259766
88.2291259765625
85.26429748535156
88.81867980957031
100.2036361694336
73.69097900390625
81.80518341064453
90.62395477294922
92.22423553466797
71.19721984863281
84.5318374633789
78.15449523925781
85.55281829833984
83.06422424316406
87.38703155517578
84.93938446044922
84.713623046875
72.61131286621094
81.385009765625
100.05660247802734
76.16734313964844
82.81517028808594
87.20964813232422
84.52787017822266
85.06649017333984
84.0879135131836
85.61488342285156
93.28591918945312
93.35206604003906
80.36148834228516
89.782470703125
85.94532012939453
85.61113739013672
84.46003723144531
103.80039978027344
79.15971374511719
83.43775177001953
85.68550109863281
92.52693176269531
100.87834930419922
82.35556030273438
82.71372985839844
89.57635498046875
85.41046142578125
87.06714630126953
78.81059265136719
82.77254486083984
91.38159942626953
98.33965301513672
82.84608459472656
97.61811065673828
85.50796508789062
81.26337432861328
88.14141082763672
93.07730865478516
78.1451187133789
76.5284652709961
86.12794494628906
96.85171508789062
76.52486419677734
71.6788558959961
86.12931823730469
88.69522094726562
94.0208511352539
78.73296356201172
89.67816925048828
86.77517700195312
96.07923889160156
76.4205322265625
73.4708251953125
78.64383697509766
91.73128509521484
77.498291015625
82.30850219726562
86.52603149414062
87.62140655517578
80.12489318847656
74.2965316772461
80.01309967041016
86.78461456298828
90.49116516113281
96.61878204345703
83.35762023925781
90.59050750732422
87.35475158691406
79.2380599975586
78.16744995117188
87.24092864990234
84.53682708740234
84.84048461914062
78.2878189086914
75.01644897460938
92.38274383544922
90.15547943115234
86.9188232421875
81.67169952392578
80.28900909423828
89.65428161621094
88.51364135742188
75.0766372680664
91.46442413330078
85.14729309082031
100.19562530517578
91.4422836303711
94.98947143554688
82.6747055053711
78.25048828125
92.22644805908203
95.21109771728516
86.24809265136719
106.77073669433594
77.16935729980469
95.32843780517578
79.85614013671875
72.35867309570312
88.29258728027344
85.00550842285156
88.49822998046875
90.4337387084961
83.44612884521484
87.80756378173828
79.61410522460938
94.14295959472656
82.28707885742188
96.1369400024414
89.83772277832031
89.29573822021484
85.81696319580078
90.45915222167969
74.72252655029297
90.67693328857422
75.18883514404297
87.21038055419922
79.35226440429688
80.90826416015625
95.45852661132812
84.8164291381836
85.1715316772461
85.06317901611328
83.07438659667969
76.83179473876953
82.450927734375
86.17715454101562
76.06498718261719
86.77452087402344
99.42610168457031
81.2414779663086
80.13783264160156
92.01652526855469
84.08149719238281
77.5163345336914
92.41995239257812
87.03436279296875
86.79935455322266
81.76203155517578
72.58518981933594
83.02877044677734
83.67459869384766
84.55069732666016
84.77461242675781
82.02237701416016
88.14974212646484
104.61321258544922
97.87310791015625
83.24089050292969
98.24978637695312
90.463623046875
85.98345947265625
81.86094665527344
