110.82568359375
124.09416198730469
111.02521514892578
120.03726959228516
119.81916046142578
117.19094848632812
117.67324829101562
103.88795471191406
117.4891357421875
108.66246032714844
117.04943084716797
113.52313232421875
117.92445373535156
116.20427703857422
107.77320098876953
112.02230072021484
110.83686065673828
116.72383880615234
112.73210144042969
103.89295196533203
115.55763244628906
112.884521484375
110.82878112792969
115.5315933227539
118.68832397460938
118.46683502197266
108.80059051513672
120.53160858154297
109.20858001708984
109.6992416381836
116.86546325683594
120.87581634521484
121.35820007324219
121.64738464355469
117.24890899658203
112.26639556884766
107.94868469238281
111.14933776855469
114.0149154663086
108.55176544189453
100.02157592773438
104.68976593017578
122.9690170288086
111.58731079101562
107.79287719726562
117.62818145751953
110.28606414794922
114.35870361328125
111.26130676269531
110.96508026123047
111.41322326660156
109.60305786132812
110.72002410888672
123.85273742675781
120.84497833251953
115.49037170410156
115.3778076171875
102.7012939453125
104.89696502685547
118.54444122314453
112.86181640625
114.97830963134766
107.96781921386719
115.07736206054688
118.03224182128906
108.55168151855469
112.03630065917969
113.37466430664062
114.37738037109375
107.58853912353516
114.3465805053711
103.84239959716797
110.30514526367188
120.59461975097656
109.92546081542969
117.99078369140625
107.73951721191406
113.02588653564453
107.17720794677734
115.72071075439453
107.42609405517578
114.36502075195312
105.53033447265625
112.15383911132812
116.849853515625
108.71694946289062
115.45414733886719
101.60514831542969
113.75347137451172
105.66620635986328
105.77645111083984
109.8803939819336
105.51070404052734
116.84417724609375
113.84930419921875
108.16644287109375
110.11167907714844
113.19506072998047
108.84842681884766
108.87931823730469
115.60826110839844
98.88865661621094
112.61173248291016
116.43363952636719
106.51898193359375
114.21460723876953
113.69464111328125
103.6274642944336
108.82056427001953
103.3022232055664
112.43949890136719
96.81338500976562
113.30487823486328
105.28235626220703
107.6087875366211
107.82539367675781
110.83856964111328
107.9745101928711
106.4855728149414
102.78987121582031
120.51798248291016
108.6785659790039
111.79228973388672
110.94822692871094
100.14234161376953
116.41568756103516
107.25430297851562
104.68988800048828
106.47238159179688
108.81844329833984
101.13475036621094
115.8996810913086
99.52618408203125
111.84420776367188
106.35570526123047
111.05200958251953
106.49689483642578
111.3039321899414
108.353515625
107.75418090820312
113.8216781616211
113.07569122314453
108.11189270019531
110.52051544189453
109.93058776855469
108.70875549316406
109.95198822021484
110.41641235351562
115.73323059082031
115.51468658447266
118.85509490966797
105.47970581054688
113.54920196533203
112.73981475830078
116.12930297851562
117.76618957519531
118.94390106201172
111.94063568115234
114.60784149169922
104.60246276855469
108.82352447509766
107.38827514648438
112.68128204345703
110.33291625976562
105.99806213378906
107.34700012207031
113.78778076171875
116.28886413574219
115.11393737792969
110.6805191040039
111.04483795166016
97.17138671875
113.71721649169922
108.29695129394531
101.59708404541016
108.87843322753906
105.4672622680664
106.0670394897461
112.46957397460938
105.72218322753906
105.50848388671875
114.17195892333984
110.1488265991211
108.62451934814453
101.35307312011719
112.05204010009766
105.57398223876953
114.85929870605469
112.65763092041016
111.68567657470703
114.15811157226562
103.8337631225586
103.40494537353516
111.91316223144531
101.57969665527344
109.00556945800781
107.07538604736328
116.73634338378906
102.87548065185547
110.20693969726562
108.00601196289062
110.16765594482422
111.5038833618164
104.83048248291016
107.91143798828125
108.54193878173828
116.32463836669922
107.72280883789062
100.7068862915039
113.45960998535156
105.42829895019531
109.6915512084961
108.53623962402344
118.5705337524414
112.23395538330078
108.42888641357422
113.15559387207031
107.13414001464844
109.89522552490234
104.39712524414062
101.47639465332031
118.49922180175781
104.48954772949219
117.41097259521484
107.83302307128906
113.06100463867188
113.87025451660156
110.6572036743164
113.65538024902344
111.76668548583984
118.15043640136719
118.75550079345703
112.47412109375
110.83042907714844
111.5015869140625
101.06912231445312
111.7222900390625
112.61103057861328
115.30291748046875
105.45339965820312
111.9814453125
109.35678100585938
109.54041290283203
108.3570327758789
109.86009979248047
107.24047088623047
110.12187194824219
110.93212890625
107.61925506591797
104.15961456298828
111.93141174316406
111.2591552734375
108.14997100830078
100.18611145019531
108.22827911376953
110.20140838623047
109.05370330810547
120.85289764404297
109.84054565429688
112.91368103027344
113.19071960449219
107.1370620727539
110.58256530761719
101.58511352539062
103.68302154541016
111.88793182373047
112.83281707763672
100.17182922363281
99.36717987060547
109.51004028320312
106.17960357666016
110.93440246582031
107.73064422607422
112.2197265625
102.22681427001953
107.65380096435547
107.90437316894531
97.13703918457031
108.39472961425781
112.21366882324219
104.37956237792969
109.31812286376953
111.92349243164062
106.97482299804688
102.55326080322266
107.47273254394531
105.49917602539062
113.57260131835938
110.43550109863281
111.38591766357422
110.29187774658203
101.50785064697266
106.95187377929688
105.09679412841797
107.64488220214844
104.96412658691406
106.35456085205078
111.19482421875
107.74893188476562
100.34913635253906
103.46414184570312
107.29891204833984
115.88899993896484
111.99725341796875
112.43898010253906
101.04115295410156
103.89032745361328
111.70897674560547
106.94161987304688
108.90951538085938
113.64190673828125
104.06480407714844
106.8738784790039
107.1573486328125
100.58932495117188
107.21040344238281
102.79317474365234
113.28736114501953
103.92530059814453
107.0291976928711
110.2109375
115.38755798339844
99.78517150878906
99.23748016357422
101.94957733154297
115.016357421875
116.12154388427734
99.80203247070312
113.05811309814453
109.6377182006836
109.71803283691406
105.41117095947266
108.93333435058594
105.39385986328125
115.35581970214844
113.71821594238281
105.25194549560547
106.26360321044922
105.7267074584961
112.79891204833984
118.03877258300781
110.78298950195312
111.99107360839844
107.38032531738281
114.479248046875
100.4361343383789
105.09332275390625
103.11572265625
104.5177230834961
113.52851867675781
109.81330108642578
114.5224380493164
111.28738403320312
109.92815399169922
101.34471130371094
109.65167236328125
105.72362518310547
113.04523468017578
115.5277328491211
112.25701141357422
109.48046875
107.63269805908203
110.96793365478516
112.29354858398438
109.35836029052734
107.29412078857422
108.24183654785156
104.39954376220703
108.95777893066406
107.87252044677734
103.86146545410156
110.92282104492188
99.85620880126953
116.46774291992188
109.426513671875
109.04044342041016
102.66043090820312
100.92559051513672
100.07913208007812
106.7146224975586
105.83869171142578
98.10617065429688
104.51726531982422
99.10417938232422
108.715576171875
107.6520004272461
103.93685150146484
111.63579559326172
116.5625991821289
103.91543579101562
100.8741683959961
102.24021911621094
111.70123291015625
107.9950942993164
104.79205322265625
104.79043579101562
98.1304702758789
113.46131134033203
101.67217254638672
105.1174545288086
106.1374740600586
99.735595703125
106.91917419433594
99.30811309814453
99.06382751464844
118.3177261352539
98.75881958007812
101.44928741455078
107.09452056884766
106.9803466796875
117.67103576660156
111.08490753173828
109.2586669921875
102.28905487060547
100.04718017578125
102.2382583618164
116.129638671875
99.4449462890625
101.15174102783203
106.15069580078125
111.10868072509766
101.908935546875
103.84754180908203
110.09343719482422
102.11937713623047
105.0439224243164
106.50276184082031
100.83049774169922
99.7621841430664
110.41861724853516
101.86197662353516
113.65584564208984
101.24763488769531
104.33930206298828
99.10974884033203
108.39945220947266
105.17367553710938
105.26751708984375
110.31376647949219
105.02189636230469
105.53401947021484
103.70417022705078
109.33921813964844
93.20902252197266
105.59564971923828
101.10394287109375
106.15126037597656
103.5220718383789
99.86478424072266
109.0551528930664
100.09618377685547
113.35118865966797
102.5625991821289
105.82227325439453
115.29176330566406
109.62281036376953
112.15746307373047
108.97975158691406
112.68521881103516
96.30001831054688
105.98889923095703
99.90678405761719
112.58881378173828
95.18213653564453
107.42202758789062
111.64551544189453
111.74154663085938
108.26338195800781
96.04581451416016
96.69276428222656
107.18193817138672
103.0433120727539
103.7426986694336
102.80535125732422
102.80033111572266
96.03604125976562
102.10746765136719
108.8807144165039
100.03990173339844
100.69078826904297
93.29763793945312
108.02372741699219
107.66801452636719
93.92071533203125
107.5886001586914
102.8429183959961
102.61588287353516
97.77070617675781
107.78758239746094
109.23492431640625
100.71832275390625
100.97953796386719
100.98762512207031
108.66866302490234
101.39777374267578
106.08560943603516
96.11396789550781
103.3507308959961
94.8360595703125
99.09203338623047
100.7520523071289
102.67720031738281
102.90137481689453
97.4372787475586
105.94229125976562
100.6220703125
104.24962615966797
97.11161041259766
105.89239501953125
107.2860107421875
103.609130859375
110.41944122314453
109.35172271728516
101.0157470703125
98.66077423095703
98.64389038085938
100.19900512695312
100.42555236816406
109.71388244628906
100.52701568603516
103.19174194335938
99.36668395996094
104.95410919189453
102.9860610961914
102.2406234741211
103.01734924316406
102.08782958984375
110.74677276611328
101.93310546875
100.25210571289062
102.78966522216797
101.82524871826172
104.1321792602539
111.6611099243164
112.96033477783203
100.22620391845703
103.41941833496094
102.31879425048828
103.1039810180664
102.17638397216797
109.15705108642578
104.4440689086914
95.30377197265625
110.86820983886719
111.45465850830078
96.08167266845703
101.82223510742188
98.82768249511719
108.86381530761719
107.5889892578125
110.00138092041016
98.66496276855469
102.36966705322266
101.26253509521484
106.8324203491211
105.32157897949219
108.01009368896484
106.77684020996094
105.52140808105469
103.18038177490234
109.49103546142578
105.81855773925781
102.28267669677734
104.90876007080078
111.32474517822266
110.80640411376953
107.8707275390625
97.6033935546875
104.17952728271484
110.38591003417969
101.6019058227539
98.97772979736328
98.78451538085938
109.87100219726562
96.23934936523438
110.70135498046875
96.80389404296875
116.5146484375
108.10035705566406
104.90345764160156
104.80921936035156
106.84859466552734
106.1575927734375
102.85504150390625
104.36978149414062
104.98603820800781
100.93473052978516
92.10890197753906
102.13357543945312
94.10316467285156
103.82848358154297
104.20901489257812
101.70280456542969
106.33525085449219
97.6606674194336
104.87969970703125
98.37067413330078
95.55015563964844
108.1043472290039
105.81181335449219
98.94168090820312
104.03096008300781
104.58373260498047
102.89741516113281
95.91327667236328
96.28277587890625
100.40476989746094
102.1974105834961
108.23417663574219
101.57433319091797
97.74134063720703
106.38761138916016
102.83132934570312
109.22917175292969
108.097900390625
101.3089370727539
100.22785949707031
104.41984558105469
97.10067749023438
105.63572692871094
97.81871032714844
100.40383911132812
100.71686553955078
98.3926010131836
96.23697662353516
104.13593292236328
109.65780639648438
106.78148651123047
103.53365325927734
107.53031921386719
108.90907287597656
110.43730926513672
111.23295593261719
102.88072967529297
96.61058807373047
102.58019256591797
102.7772445678711
101.05670166015625
96.04521179199219
107.6963882446289
106.6901626586914
111.42031860351562
108.72296905517578
103.19974517822266
101.2779541015625
94.46935272216797
98.37429809570312
98.56371307373047
102.13188934326172
98.2379150390625
100.3250732421875
114.35301208496094
104.17765045166016
107.37727355957031
109.33164978027344
100.40087890625
100.84081268310547
105.31575775146484
100.29131317138672
94.78277587890625
110.25383758544922
96.70909118652344
108.15813446044922
98.2608871459961
95.07118225097656
105.42804718017578
110.04270935058594
99.85465240478516
100.53023529052734
104.46104431152344
107.27741241455078
105.19973754882812
98.22216033935547
97.9787826538086
105.60174560546875
96.52106475830078
97.5607681274414
107.15550231933594
107.4603500366211
104.54303741455078
102.66287994384766
100.9059066772461
97.5466079711914
101.4284439086914
105.24476623535156
94.96058654785156
100.90311431884766
97.89271545410156
100.94413757324219
103.82135009765625
97.99381256103516
104.9311294555664
90.2727279663086
98.32990264892578
101.44283294677734
101.94297790527344
102.91246032714844
97.76102447509766
100.77916717529297
101.43856811523438
99.66275024414062
99.61111450195312
112.09049224853516
102.1030044555664
100.32479095458984
102.07901763916016
98.39314270019531
102.70083618164062
102.1255111694336
100.77373504638672
95.68955993652344
105.50092315673828
102.72332763671875
95.44618225097656
103.80664825439453
97.69487762451172
97.95025634765625
99.02758026123047
100.5881118774414
102.50518798828125
111.5721664428711
96.94538879394531
102.72205352783203
105.6471176147461
97.40701293945312
100.72260284423828
97.21687316894531
98.46092987060547
105.78152465820312
93.19187927246094
98.04254913330078
109.47239685058594
101.47184753417969
104.47738647460938
102.81878662109375
107.7032470703125
96.07640838623047
101.0169448852539
101.2162857055664
89.68402862548828
100.09939575195312
101.99068450927734
96.41242218017578
91.93536376953125
105.13607788085938
102.32772064208984
103.29039001464844
96.57730102539062
97.13825988769531
102.39269256591797
103.24006652832031
96.8427505493164
98.05745697021484
102.38070678710938
96.35940551757812
101.05084228515625
105.05984497070312
106.18656921386719
96.77532196044922
107.25343322753906
96.86026000976562
97.35409545898438
94.671630859375
97.92839813232422
92.363037109375
98.41835021972656
99.58399200439453
88.9248275756836
98.51902770996094
100.69645690917969
100.12525939941406
96.0855484008789
108.64470672607422
110.11443328857422
95.19036102294922
95.54119110107422
105.94977569580078
99.53419494628906
95.4645004272461
100.46504211425781
98.6170654296875
99.03697967529297
95.64144134521484
98.84026336669922
101.2364730834961
96.88748168945312
92.97791290283203
99.33710479736328
102.19972229003906
90.87814331054688
86.49518585205078
96.91531372070312
93.44347381591797
98.27289581298828
97.41162109375
104.88558959960938
104.95530700683594
102.6419448852539
100.71705627441406
105.63301086425781
98.65267944335938
104.77713775634766
100.45057678222656
106.29605102539062
91.6169204711914
98.66680145263672
100.34046173095703
105.23753356933594
100.06714630126953
101.40419006347656
95.04999542236328
97.79339599609375
106.61198425292969
95.38385009765625
95.89393615722656
99.05757141113281
96.6932144165039
103.98811340332031
96.010986328125
110.455322265625
96.62881469726562
98.66310119628906
102.30912780761719
107.54915618896484
101.5989990234375
96.87501525878906
99.64897155761719
104.64710235595703
94.9011001586914
92.5474853515625
110.3858642578125
107.56009674072266
102.21219635009766
90.05962371826172
98.25224304199219
102.11132049560547
107.8525390625
96.90172576904297
96.25121307373047
93.28910064697266
101.07904052734375
96.31529235839844
102.32608032226562
99.03533935546875
97.14264678955078
97.4262466430664
96.90496826171875
89.48689270019531
99.528076171875
101.44501495361328
106.01216125488281
98.0464096069336
102.68870544433594
93.4656753540039
94.71337127685547
101.85651397705078
95.51110076904297
99.64625549316406
101.17958068847656
99.30614471435547
89.65266418457031
95.37321472167969
104.62628936767578
98.0565185546875
92.56000518798828
98.94622039794922
99.24858093261719
97.8047866821289
94.57978057861328
96.54499816894531
94.05589294433594
103.74540710449219
104.63714599609375
104.86434173583984
95.48886108398438
94.1871337890625
89.27572631835938
103.96926879882812
89.7278823852539
105.0619888305664
98.94507598876953
104.052490234375
97.3082046508789
94.46646881103516
100.02581787109375
96.33493041992188
97.71908569335938
107.24602508544922
98.64762878417969
96.37007141113281
95.29399871826172
110.25608825683594
96.4921875
104.24116516113281
104.60157012939453
100.80913543701172
101.24665069580078
107.75978088378906
93.5169448852539
99.20843505859375
93.78524780273438
96.71243286132812
100.6572494506836
101.59341430664062
99.95587921142578
99.49898529052734
98.42949676513672
97.59222412109375
101.56639862060547
98.40916442871094
98.87321472167969
100.33988189697266
92.94976806640625
104.02108001708984
96.54391479492188
93.92960357666016
98.71012878417969
100.06324768066406
95.79216003417969
96.61058044433594
100.89033508300781
96.40010070800781
100.0901870727539
113.6788101196289
94.5856704711914
97.72273254394531
93.14572143554688
100.86453247070312
90.205810546875
92.64603424072266
101.56368255615234
98.11688232421875
100.3840103149414
97.66307830810547
96.26239013671875
98.57061004638672
97.36701965332031
99.15019989013672
