76.2988510131836
101.2991714477539
87.18354034423828
86.32669067382812
81.07841491699219
90.37680053710938
81.77908325195312
76.03231048583984
75.75823974609375
75.36438751220703
87.70232391357422
80.1712875366211
85.69822692871094
86.26051330566406
80.14029693603516
80.75503540039062
81.93052673339844
88.76074981689453
79.57709503173828
80.70968627929688
90.940673828125
87.6578140258789
85.80398559570312
80.86671447753906
101.33307647705078
97.1515884399414
89.55345916748047
97.64446258544922
84.79710388183594
84.66615295410156
85.7508773803711
89.2980728149414
98.1247329711914
87.50566101074219
94.41786193847656
83.07611083984375
76.30298614501953
77.57453918457031
77.62039184570312
77.73397064208984
68.16688537597656
71.59893798828125
87.45758056640625
82.90541076660156
84.47101593017578
86.41080474853516
94.74498748779297
97.80058288574219
85.28633117675781
88.53998565673828
79.93768310546875
90.79656219482422
80.74796295166016
95.08756256103516
96.00260162353516
80.2314453125
84.89543151855469
86.66204833984375
68.5563735961914
94.434326171875
87.59882354736328
87.70301055908203
82.96923828125
85.44600677490234
90.6256332397461
79.61371612548828
86.46990966796875
93.2530517578125
91.92546844482422
100.30012512207031
87.76744079589844
76.36849975585938
77.08700561523438
87.82557678222656
88.64788818359375
82.38580322265625
72.23541259765625
93.24478912353516
79.7691650390625
91.27327728271484
79.05349731445312
79.52935791015625
70.38526153564453
92.1808853149414
98.14038848876953
80.40766906738281
94.89388275146484
79.86764526367188
92.95405578613281
81.30293273925781
80.15165710449219
86.03296661376953
94.71646881103516
87.31008911132812
91.57284545898438
75.22991943359375
89.8865737915039
83.4622573852539
82.8852767944336
84.03744506835938
88.83247375488281
80.05762481689453
85.26957702636719
78.77928161621094
75.82331848144531
85.69490051269531
79.40367889404297
71.17750549316406
81.47767639160156
79.18289184570312
87.7470703125
76.36454772949219
88.3702392578125
85.02399444580078
79.63467407226562
82.24455261230469
90.66732025146484
94.71286010742188
87.13873291015625
77.11927795410156
105.34552764892578
87.90189361572266
90.1259536743164
80.95411682128906
73.55078125
93.37020111083984
90.89088439941406
80.96434020996094
83.59796142578125
83.66251373291016
80.07318878173828
83.1285629272461
74.40414428710938
96.98019409179688
78.28208923339844
83.12858581542969
93.85013580322266
89.71702575683594
86.02641296386719
85.37203216552734
92.84716033935547
97.36436462402344
94.23213958740234
88.58975982666016
88.5547103881836
87.38993835449219
88.87828826904297
77.15611267089844
105.40766143798828
85.2995376586914
81.76581573486328
79.36073303222656
81.27543640136719
81.09071350097656
90.00481414794922
81.65007019042969
83.62084197998047
76.21760559082031
84.76126098632812
85.42388916015625
90.1002426147461
82.06443786621094
85.11515045166016
82.01754760742188
76.6994857788086
83.14930725097656
80.93523406982422
95.75347137451172
89.7035140991211
92.8402099609375
83.507568359375
82.1575927734375
83.92005920410156
76.7308349609375
79.99950408935547
76.0272445678711
78.24002838134766
80.73648071289062
87.7188491821289
75.31778717041016
91.30264282226562
90.52168273925781
76.2105712890625
85.91069030761719
81.38264465332031
84.95680236816406
83.40328979492188
89.21536254882812
86.37855529785156
88.65480041503906
103.79401397705078
96.53358459472656
91.5432357788086
94.52423095703125
91.33198547363281
91.72122955322266
88.71638488769531
92.02767181396484
84.29962921142578
89.65036010742188
95.58822631835938
85.38634490966797
94.25723266601562
84.45845794677734
87.72624206542969
97.62877655029297
95.92398834228516
76.92052459716797
78.85140991210938
94.80374145507812
107.41944885253906
100.4129867553711
99.04427337646484
103.6829605102539
87.15894317626953
88.75981140136719
85.00505828857422
81.70137023925781
92.96653747558594
79.2425308227539
74.91227722167969
88.04862976074219
79.2705078125
99.90711975097656
93.9590072631836
82.5771484375
86.03009796142578
82.99333953857422
86.79297637939453
84.94420623779297
87.25166320800781
115.76895141601562
79.52850341796875
79.01832580566406
84.78020477294922
74.86711120605469
91.73064422607422
77.23707580566406
78.43551635742188
76.259521484375
82.19672393798828
77.43404388427734
85.33743286132812
81.91712188720703
83.33163452148438
87.26344299316406
84.67601013183594
83.2485580444336
87.2444839477539
77.99385833740234
92.26155090332031
90.5284194946289
83.73701477050781
86.5324935913086
88.56556701660156
81.11965942382812
88.70455169677734
106.12507629394531
88.43057250976562
97.87545013427734
102.47296905517578
84.59339904785156
93.02967071533203
78.61616516113281
85.790771484375
83.00213623046875
80.70611572265625
83.15519714355469
69.22076416015625
87.56522369384766
82.35531616210938
84.02008819580078
86.21424865722656
90.94429779052734
80.05907440185547
87.84001159667969
93.26190948486328
81.22743225097656
82.82908630371094
85.7410888671875
85.0835189819336
91.40800476074219
83.45547485351562
82.78314971923828
85.98965454101562
83.82415771484375
83.97628784179688
96.99884796142578
95.8414306640625
89.28929901123047
88.25045013427734
81.95650482177734
93.27516174316406
89.82693481445312
92.80372619628906
84.83854675292969
82.89298248291016
107.94529724121094
87.89134216308594
76.36216735839844
81.94818115234375
89.53717041015625
100.85432434082031
85.25160217285156
96.10868835449219
80.80448913574219
78.57311248779297
98.71468353271484
102.35711669921875
85.28875732421875
91.51026916503906
88.93070983886719
92.07598876953125
100.11859893798828
87.812255859375
89.32415771484375
74.76689147949219
84.032470703125
94.49858093261719
79.27886962890625
84.01378631591797
88.34569549560547
88.06694030761719
73.63065338134766
78.87354278564453
83.60255432128906
92.9305191040039
76.62995910644531
84.42718505859375
78.1390609741211
89.43189239501953
78.30423736572266
80.97161865234375
83.23143005371094
86.1842269897461
85.7659912109375
82.46888732910156
93.36515808105469
79.66191101074219
86.46478271484375
85.73736572265625
77.51063537597656
85.24501037597656
80.1907730102539
77.77513122558594
80.883056640625
72.6726303100586
72.0400161743164
86.78702545166016
103.39112091064453
89.17327880859375
85.55138397216797
77.34033966064453
92.27330017089844
81.56928253173828
86.42462921142578
86.120849609375
96.22113037109375
88.5953598022461
83.92362213134766
85.32347106933594
90.95050811767578
81.84394073486328
94.36144256591797
87.48223114013672
81.35527038574219
87.24574279785156
81.48681640625
90.27249145507812
87.32225036621094
81.3259506225586
89.30318450927734
74.05390167236328
96.42918395996094
88.34703826904297
101.6557846069336
77.89115142822266
82.09049224853516
80.13897705078125
84.63101196289062
80.65784454345703
79.73112487792969
80.163818359375
82.31771850585938
107.30245208740234
83.0332260131836
74.65239715576172
87.68464660644531
92.53069305419922
80.47740173339844
84.73915100097656
89.2857666015625
98.86382293701172
89.30549621582031
95.46371459960938
86.30498504638672
83.97283172607422
105.80596923828125
84.71807861328125
92.34107971191406
91.43576049804688
101.48517608642578
93.51851654052734
92.37761688232422
90.17028045654297
117.75631713867188
83.57162475585938
91.86579895019531
91.80459594726562
82.40231323242188
101.54335021972656
85.19806671142578
93.1753921508789
78.77241516113281
86.76004791259766
80.1016616821289
101.88352966308594
91.20054626464844
76.13247680664062
80.9474868774414
92.89776611328125
78.52076721191406
90.93660736083984
93.4063720703125
81.52278900146484
96.11786651611328
86.15815734863281
78.14320373535156
88.11072540283203
106.30418395996094
90.99332427978516
97.99098205566406
73.88919830322266
83.42650604248047
71.31973266601562
94.45166015625
84.48739624023438
87.46790313720703
98.0796127319336
96.54712677001953
83.061279296875
83.85028839111328
90.31185150146484
77.72508239746094
84.3675308227539
99.3673324584961
88.99107360839844
88.48413848876953
78.5172348022461
96.50828552246094
85.30368041992188
97.24653625488281
78.69436645507812
74.28133392333984
96.56600952148438
85.51791381835938
83.68128204345703
90.9271240234375
88.03707885742188
81.51153564453125
86.27006530761719
72.86940002441406
107.57946014404297
71.88479614257812
79.69999694824219
85.81391906738281
92.15690612792969
86.16751098632812
87.74620056152344
78.17473602294922
84.99272155761719
87.31363677978516
88.78772735595703
92.83072662353516
81.37200164794922
84.1197738647461
83.45374298095703
88.65049743652344
83.22590637207031
98.02978515625
77.73116302490234
88.5677490234375
96.58911895751953
78.73820495605469
84.58112335205078
80.71470642089844
84.77909851074219
77.6248779296875
93.68411254882812
102.01224517822266
83.7359619140625
88.90383911132812
92.02458953857422
106.80406951904297
88.2576904296875
104.82576751708984
83.73628997802734
93.62437438964844
76.13755798339844
89.6728515625
89.28141784667969
92.42184448242188
78.47352600097656
87.26056671142578
87.45196533203125
100.31126403808594
95.34690856933594
80.90754699707031
84.23096466064453
90.0206527709961
88.46029663085938
85.69438171386719
94.17559051513672
78.51386260986328
74.89364624023438
74.80113220214844
75.11827850341797
75.65596771240234
84.16802978515625
85.69258880615234
79.70843505859375
80.52491760253906
87.42105865478516
87.0774917602539
78.43091583251953
86.56427001953125
75.66087341308594
92.8356704711914
84.93287658691406
84.95100402832031
77.1357650756836
82.60607147216797
87.10563659667969
100.21883392333984
105.09503936767578
78.44356536865234
84.88943481445312
85.57037353515625
76.33089447021484
85.91728210449219
107.71572875976562
86.80075073242188
82.4762191772461
95.30870056152344
93.24234008789062
77.18590545654297
79.63984680175781
81.7224349975586
90.23344421386719
90.5057144165039
93.3835220336914
85.82563018798828
93.51029968261719
88.68999481201172
88.31067657470703
96.50047302246094
93.5787582397461
89.32188415527344
94.4542465209961
78.22093963623047
87.63809967041016
83.58399200439453
73.57087707519531
81.7920150756836
87.27603912353516
92.53521728515625
83.07105255126953
72.28533172607422
93.54876708984375
92.61394500732422
80.80777740478516
79.85031127929688
82.82206726074219
93.5981216430664
78.66160583496094
100.36676025390625
79.98014831542969
119.21568298339844
102.46003723144531
91.27484130859375
89.79130554199219
90.51091003417969
87.64820098876953
84.7064437866211
83.84266662597656
90.85160827636719
72.97749328613281
77.71612548828125
79.68427276611328
71.75514221191406
83.4033432006836
74.52485656738281
92.24822235107422
89.83075714111328
78.92457580566406
91.21211242675781
77.02581787109375
77.63430786132812
97.42584228515625
101.0418472290039
79.49327850341797
85.5091323852539
103.68806457519531
90.74920654296875
96.50792694091797
82.23348236083984
90.60868835449219
90.27566528320312
85.65348052978516
85.87487030029297
79.33837890625
90.53475952148438
94.75382995605469
84.37532806396484
93.35824584960938
82.73504638671875
87.61531066894531
88.72814178466797
76.41117095947266
89.55706787109375
82.02801513671875
83.06724548339844
76.8006362915039
85.27925872802734
82.4239730834961
86.18537139892578
87.99473571777344
86.2844009399414
78.32460021972656
83.11509704589844
88.28423309326172
96.92652893066406
82.68687438964844
70.46163940429688
66.10075378417969
77.64270782470703
80.0820541381836
76.5804672241211
73.01268768310547
97.61296081542969
77.15026092529297
85.13546752929688
87.04895782470703
77.00699615478516
74.12696075439453
74.29183197021484
76.51023864746094
75.33219146728516
75.85526275634766
77.28487396240234
79.48371124267578
101.71220397949219
89.56298065185547
89.53304290771484
96.89219665527344
76.3151626586914
79.8675765991211
89.10712432861328
82.32121276855469
84.98821258544922
96.62872314453125
82.86605072021484
84.64759063720703
81.4281005859375
82.88188171386719
83.0412368774414
98.0228500366211
81.44391632080078
76.75541687011719
96.8348388671875
81.98607635498047
94.73177337646484
81.47899627685547
81.23046112060547
89.52162170410156
79.71728515625
76.96012878417969
95.40165710449219
98.28141021728516
103.83377838134766
90.73150634765625
87.73204803466797
74.82940673828125
91.48371887207031
85.47918701171875
88.32373046875
82.57856750488281
81.72886657714844
82.41171264648438
88.1209716796875
94.84705352783203
104.98995971679688
71.90636444091797
90.86888122558594
110.5926284790039
95.90409851074219
99.8165283203125
94.2391128540039
85.8123779296875
85.0600357055664
95.50263977050781
120.85466766357422
99.17384338378906
90.76878356933594
92.43954467773438
96.47709655761719
91.8707046508789
84.21444702148438
95.68550872802734
81.34284973144531
77.47892761230469
86.35298156738281
88.90425872802734
82.25775146484375
82.55823516845703
79.76896667480469
75.7398910522461
83.71186828613281
78.78001403808594
87.98873901367188
106.72554016113281
79.30216217041016
84.451416015625
87.42572021484375
78.9051513671875
85.48218536376953
80.30744171142578
80.48580169677734
92.18577575683594
84.12259674072266
83.10735321044922
103.27118682861328
95.1694564819336
78.03056335449219
88.64640045166016
82.76295471191406
72.04229736328125
80.02753448486328
86.52505493164062
83.1439208984375
81.15291595458984
86.23768615722656
79.78858184814453
78.39511108398438
85.58649444580078
78.97374725341797
82.17444610595703
74.56649017333984
80.4435043334961
93.50798034667969
90.33460998535156
80.94490051269531
86.50035858154297
91.54566955566406
85.7285385131836
86.78562927246094
77.10758972167969
89.26612854003906
90.51972961425781
101.47382354736328
90.06439971923828
102.1341781616211
76.24390411376953
91.8440933227539
73.3197250366211
91.60662841796875
96.4456787109375
82.1639175415039
90.78633117675781
89.6924057006836
86.44989013671875
86.07579040527344
94.87596130371094
106.17202758789062
75.90662384033203
86.29495239257812
92.84983825683594
90.97579956054688
75.72626495361328
85.91352081298828
85.36421966552734
78.28400421142578
79.30925750732422
89.34929656982422
75.6260757446289
82.55876159667969
78.2098617553711
91.16729736328125
98.54507446289062
79.5311050415039
86.12024688720703
96.56845092773438
85.7890625
79.34478759765625
86.6942367553711
78.4036865234375
93.20238494873047
84.86744689941406
88.43241119384766
96.12535095214844
84.49124145507812
93.36746978759766
96.38299560546875
106.92694854736328
80.49372100830078
84.85440826416016
83.83338928222656
95.43170166015625
110.72817993164062
83.1512680053711
84.7513427734375
100.07178497314453
102.03722381591797
86.57682037353516
89.40152740478516
87.04710388183594
93.38584899902344
93.78273010253906
84.96646118164062
96.86994934082031
89.42018127441406
89.84416198730469
83.61836242675781
94.74772644042969
84.90587615966797
86.41637420654297
86.9303970336914
98.5030517578125
80.35437774658203
69.80659484863281
85.25069427490234
95.70526123046875
93.56196594238281
78.3833999633789
96.4345932006836
94.05060577392578
91.39009857177734
90.47247314453125
81.68810272216797
75.44721984863281
86.66903686523438
75.92073822021484
73.49728393554688
77.95809936523438
79.47627258300781
80.48482513427734
77.16864013671875
74.95513153076172
92.38105773925781
81.52336120605469
81.7626953125
103.44491577148438
91.55914306640625
80.4720458984375
78.9178466796875
94.29217529296875
84.73233032226562
84.10010528564453
90.49068450927734
84.84699249267578
75.14496612548828
93.37767028808594
89.86921691894531
85.75798797607422
82.7053451538086
79.95840454101562
79.41963958740234
79.01414489746094
76.23745727539062
88.04997253417969
80.62443542480469
84.65544128417969
93.93818664550781
92.95297241210938
78.39588928222656
76.950927734375
87.68107604980469
88.83297729492188
87.7100830078125
107.20219421386719
79.77088165283203
104.44331359863281
85.00908660888672
84.77682495117188
86.4224624633789
86.84728240966797
99.01498413085938
98.8904037475586
94.93975830078125
90.77728271484375
78.18740844726562
93.17130279541016
87.75337219238281
94.60582733154297
81.55253601074219
83.31295013427734
81.2893295288086
87.96864318847656
70.83635711669922
77.153076171875
80.43419647216797
93.20240783691406
83.97599792480469
97.15365600585938
99.79663848876953
88.7240219116211
86.43743896484375
87.16752624511719
96.3916015625
82.99922180175781
82.88182830810547
92.32347106933594
72.74628448486328
92.70172119140625
93.44735717773438
71.41035461425781
95.59170532226562
96.89173126220703
86.98611450195312
77.38856506347656
90.0194091796875
92.75691986083984
96.21810150146484
98.85356140136719
72.86412048339844
87.04303741455078
74.9449462890625
91.19821166992188
89.88644409179688
77.69267272949219
91.14663696289062
101.82560729980469
96.88307189941406
84.15266418457031
90.91299438476562
92.65357971191406
87.85114288330078
88.40472412109375
