67.42163848876953
96.52437591552734
84.77775573730469
86.03158569335938
81.42512512207031
100.76380920410156
71.7259521484375
70.62873077392578
77.5328140258789
84.29717254638672
97.9044189453125
77.52432250976562
89.00859069824219
90.01396942138672
79.27848815917969
79.31270599365234
73.97354888916016
81.86250305175781
82.65151977539062
92.90562438964844
88.73444366455078
88.94612884521484
93.97691345214844
103.73260498046875
108.69652557373047
97.18067932128906
85.92506408691406
110.21892547607422
89.73145294189453
104.91619873046875
90.40956115722656
113.59945678710938
99.13209533691406
101.49545288085938
99.24075317382812
86.92365264892578
75.29729461669922
77.76820373535156
80.67401123046875
77.88982391357422
70.98331451416016
80.53956604003906
71.98993682861328
75.84410095214844
69.39744567871094
87.42259979248047
101.00578308105469
109.36024475097656
83.90718078613281
83.01252746582031
75.53226470947266
101.43927001953125
90.2891616821289
118.15023803710938
110.83208465576172
92.4901123046875
93.99039459228516
80.69171905517578
76.46331024169922
99.35987091064453
88.41165924072266
83.03471374511719
75.74691009521484
75.04542541503906
79.34195709228516
73.04541015625
88.34741973876953
84.5169448852539
78.11700439453125
85.38775634765625
92.44087219238281
70.52501678466797
65.0564193725586
88.12510681152344
79.42119598388672
85.06961059570312
67.30657958984375
83.26219940185547
77.4112548828125
89.57138061523438
86.61524963378906
90.93175506591797
74.80657196044922
96.09380340576172
105.84857177734375
94.5555419921875
94.88524627685547
93.4024658203125
96.90095520019531
84.2200927734375
111.43342590332031
93.66291046142578
97.1001205444336
117.60586547851562
97.82705688476562
82.32713317871094
95.28826904296875
88.70596313476562
89.3532943725586
103.45118713378906
89.55249786376953
75.73125457763672
85.89683532714844
77.96167755126953
66.11181640625
80.3751220703125
97.59605407714844
70.24971771240234
86.16299438476562
64.10240173339844
80.598388671875
67.49038696289062
82.17243957519531
77.36744689941406
82.1893310546875
74.0799789428711
87.26275634765625
88.33318328857422
80.35663604736328
81.26017761230469
101.5330810546875
93.21481323242188
101.06051635742188
87.28617095947266
92.31245422363281
123.57023620605469
92.81151580810547
82.93795776367188
94.06243133544922
96.08810424804688
79.95832824707031
82.30123138427734
81.97124481201172
87.77812957763672
80.12094116210938
89.12413024902344
96.23595428466797
97.35717010498047
88.1415786743164
98.48423767089844
113.04830932617188
108.66195678710938
103.92816162109375
78.87989044189453
95.91218566894531
85.40813446044922
83.51066589355469
81.15583038330078
100.25579071044922
81.22977447509766
91.68221282958984
78.45670318603516
88.6541748046875
76.91449737548828
82.57708740234375
100.77605438232422
83.40176391601562
69.17167663574219
77.05762481689453
82.33218383789062
82.8679428100586
75.71302032470703
73.46607971191406
73.72639465332031
74.71605682373047
71.20458221435547
88.50914764404297
96.61116027832031
96.89557647705078
82.10752868652344
72.45441436767578
77.64024353027344
86.23748779296875
80.9769287109375
73.40116119384766
75.61070251464844
77.18392944335938
75.70482635498047
99.5998764038086
76.33916473388672
100.62616729736328
83.3561019897461
83.10836029052734
82.40584564208984
77.285888671875
92.29525756835938
85.91436004638672
99.35636138916016
93.05484771728516
112.7540283203125
115.15035247802734
98.84304809570312
89.65545654296875
109.61070251464844
92.43777465820312
91.47906494140625
104.41059875488281
102.81979370117188
92.11861419677734
104.72081756591797
111.967041015625
101.5503158569336
105.20482635498047
90.20964813232422
98.23930358886719
105.47753143310547
107.08119201660156
89.88318634033203
76.99700927734375
99.61168670654297
97.48420715332031
108.11869812011719
96.24103546142578
102.41023254394531
96.3838119506836
96.01527404785156
95.9974594116211
85.23860168457031
87.40486907958984
84.31553649902344
74.96051025390625
84.87340545654297
80.77835083007812
102.21688842773438
85.81078338623047
93.30712127685547
94.28926849365234
88.2646484375
99.08480072021484
110.87979888916016
95.7782974243164
95.6816635131836
87.36033630371094
72.94881439208984
82.03279876708984
60.9185791015625
71.75639343261719
79.46092224121094
76.04016876220703
74.0308609008789
73.58570861816406
73.74067687988281
79.22457122802734
76.4554214477539
72.6198501586914
72.80378723144531
74.12351989746094
87.39972686767578
71.40750122070312
76.91703033447266
81.93187713623047
81.05390930175781
83.94524383544922
76.56901550292969
80.27031707763672
89.9585189819336
87.63526153564453
97.70791625976562
98.49420166015625
83.87507629394531
103.511962890625
84.17137145996094
93.58531951904297
89.19841766357422
79.08792877197266
97.2195053100586
88.0103759765625
86.1423568725586
73.32068634033203
83.08396911621094
93.14869689941406
92.00604248046875
98.8850326538086
103.65680694580078
76.75148010253906
96.0830307006836
99.10140228271484
99.85204315185547
90.8880844116211
81.32046508789062
100.490478515625
93.53279113769531
96.63595581054688
78.1033935546875
93.50133514404297
96.29672241210938
97.89675903320312
98.04122924804688
102.3022689819336
90.82421112060547
99.53231811523438
109.33865356445312
104.51771545410156
98.94331359863281
93.29669189453125
91.9575424194336
92.23991394042969
110.61698913574219
100.30699157714844
83.04597473144531
88.15865325927734
101.60664367675781
112.33511352539062
84.29048919677734
101.27788543701172
86.53927612304688
83.9515151977539
108.81430053710938
99.52873992919922
89.3756103515625
107.8641128540039
90.18133544921875
85.0413818359375
111.68429565429688
71.169921875
98.99046325683594
88.03592681884766
87.33219146728516
110.09673309326172
87.43937683105469
102.60548400878906
87.4863510131836
102.05738830566406
72.27678680419922
74.94995880126953
89.58467864990234
88.63906860351562
70.93777465820312
85.27616119384766
71.54401397705078
83.67473602294922
69.92578887939453
69.74571990966797
75.9609146118164
79.12772369384766
74.32707214355469
84.64958190917969
98.99122619628906
76.28105163574219
84.22608947753906
78.97252655029297
73.21583557128906
83.4651870727539
71.51667022705078
84.07899475097656
83.16883087158203
88.8956069946289
79.66744995117188
91.66943359375
106.28621673583984
85.54441833496094
77.30890655517578
88.42343139648438
82.03482818603516
82.0263671875
72.457275390625
74.3812026977539
82.17740631103516
92.37398529052734
79.37403106689453
76.99177551269531
86.34651947021484
75.65009307861328
73.0883560180664
77.69329071044922
81.56878662109375
81.60931396484375
83.18463897705078
80.71826171875
77.60789489746094
74.20152282714844
94.71247100830078
70.94953918457031
94.8604736328125
78.27767944335938
95.23848724365234
92.32170867919922
82.65496826171875
77.53534698486328
84.51905822753906
87.59757995605469
77.88423919677734
86.45609283447266
83.89236450195312
118.53358459472656
100.30982208251953
91.54447174072266
98.13680267333984
100.26145935058594
99.55413818359375
87.60790252685547
97.76842498779297
93.8504638671875
86.96076202392578
96.56112670898438
86.94943237304688
92.71432495117188
107.09062194824219
82.38966369628906
97.84712219238281
92.26192474365234
103.46760559082031
100.19139099121094
89.67073059082031
109.87818145751953
127.10679626464844
99.35840606689453
93.07299041748047
98.50763702392578
84.5154037475586
116.0322265625
82.7509994506836
90.85359954833984
82.16966247558594
88.94418334960938
92.55355834960938
119.17610931396484
105.50115203857422
79.37227630615234
85.67694091796875
91.94223022460938
76.54934692382812
107.97291564941406
111.76248168945312
78.7660140991211
86.48660278320312
88.88603210449219
88.59268951416016
94.378173828125
118.13894653320312
97.24143981933594
110.80321502685547
76.38870239257812
101.08647155761719
78.20694732666016
95.46925354003906
91.89031219482422
89.42168426513672
92.76848602294922
104.3678970336914
93.29469299316406
84.063720703125
84.19031524658203
76.19676208496094
74.08472442626953
90.44285583496094
84.58746337890625
74.72586822509766
74.81950378417969
81.00367736816406
78.7061996459961
105.42008209228516
86.61170196533203
87.21293640136719
95.52141571044922
76.19292449951172
72.19212341308594
74.78121185302734
79.2672119140625
69.09473419189453
81.93086242675781
66.84843444824219
89.01726531982422
71.79834747314453
80.76739501953125
97.44547271728516
86.29473114013672
77.69966125488281
89.01028442382812
90.81717681884766
97.52279663085938
87.87554168701172
81.53533172607422
101.98147583007812
83.06314849853516
84.6392822265625
90.20655059814453
96.79515838623047
94.64131164550781
98.51364135742188
77.20575714111328
89.10792541503906
102.67383575439453
81.84038543701172
112.330322265625
102.75729370117188
81.21034240722656
84.93660736083984
95.00253295898438
112.4919204711914
99.24461364746094
96.82198333740234
109.83154296875
117.38725280761719
97.35533905029297
116.45201873779297
100.79147338867188
96.46491241455078
94.14383697509766
102.51336669921875
108.51287078857422
103.3616943359375
81.20167541503906
97.21357727050781
93.55703735351562
94.85293579101562
127.25088500976562
103.77864074707031
90.41783142089844
94.74623107910156
104.16816711425781
102.7746810913086
104.37138366699219
92.89212799072266
76.58861541748047
71.67874145507812
83.4306411743164
69.095458984375
88.98623657226562
75.9610366821289
74.87136840820312
68.77654266357422
71.92830657958984
76.13715362548828
71.90845489501953
77.48320770263672
76.84364318847656
79.4759292602539
69.37187194824219
75.2020034790039
63.49169921875
78.0166244506836
85.60193634033203
93.45124816894531
86.1895980834961
80.91189575195312
77.01657104492188
88.14864349365234
74.90585327148438
87.90487670898438
97.47811889648438
83.926513671875
72.7200698852539
85.26591491699219
102.84854888916016
86.47073364257812
95.24829864501953
93.41748809814453
97.31591033935547
109.4629898071289
94.89094543457031
92.48359680175781
90.0957260131836
78.11629486083984
94.26509857177734
112.68482971191406
96.00440216064453
97.26746368408203
112.5340576171875
88.09452819824219
97.02679443359375
87.1402587890625
76.97605895996094
92.30662536621094
96.37798309326172
94.94876861572266
93.28152465820312
96.76118469238281
92.60078430175781
101.50499725341797
81.52012634277344
78.33440399169922
82.57763671875
87.84286499023438
72.65538787841797
85.44747924804688
81.1861343383789
101.4432373046875
93.97148132324219
90.44029235839844
74.41795349121094
84.11347198486328
87.28318786621094
74.94828796386719
78.5389404296875
79.0042495727539
65.68243408203125
65.6890640258789
70.58566284179688
64.62628173828125
85.97608947753906
82.73030090332031
91.99970245361328
94.17867279052734
94.18282318115234
95.88874816894531
86.44302368164062
78.76470184326172
109.03999328613281
92.91886138916016
90.31582641601562
90.96342468261719
108.56893157958984
94.68507385253906
85.0609130859375
80.40270233154297
99.56533813476562
94.44011688232422
91.91362762451172
102.48661804199219
79.50852966308594
100.79290008544922
84.8773193359375
119.73899841308594
88.61849975585938
83.18859100341797
88.15975189208984
88.28392028808594
82.56766510009766
91.99325561523438
94.81097412109375
93.15811157226562
73.9981460571289
93.96578979492188
66.31565856933594
75.4356918334961
82.13032531738281
78.00155639648438
74.95720672607422
99.25587463378906
79.21935272216797
96.29939270019531
77.97789001464844
70.0611801147461
64.9607162475586
75.19314575195312
83.66512298583984
75.34402465820312
70.6399917602539
113.35055541992188
73.90162658691406
84.34404754638672
96.76930236816406
74.64173889160156
75.49431610107422
87.96524047851562
71.27371215820312
79.07205963134766
74.82115936279297
80.59129333496094
87.60464477539062
99.33159637451172
89.49832916259766
87.90579223632812
89.24835968017578
100.48951721191406
89.79705810546875
74.30119323730469
73.16864776611328
68.94891357421875
88.16090393066406
73.34541320800781
71.78474426269531
76.31391143798828
76.91485595703125
80.26432037353516
82.85795593261719
73.0953598022461
73.11981964111328
87.33921813964844
82.97260284423828
80.76390075683594
83.65641784667969
70.035888671875
80.66510772705078
78.27798461914062
80.65533447265625
86.88070678710938
95.62196350097656
98.32154846191406
92.69671630859375
87.3447036743164
80.20325469970703
93.38836669921875
104.79537200927734
88.9757080078125
98.79556274414062
111.733154296875
99.49140167236328
97.01932525634766
103.37637329101562
119.97500610351562
81.97695922851562
92.1986083984375
107.9948501586914
108.28810119628906
107.570068359375
111.1408462524414
88.4580078125
90.89459228515625
85.17372131347656
126.08848571777344
104.72339630126953
96.68172454833984
102.88275909423828
100.64830780029297
102.96551513671875
102.49246215820312
105.14044189453125
98.96746826171875
113.70557403564453
96.88001251220703
111.32829284667969
88.30094909667969
88.72346496582031
83.91221618652344
81.53296661376953
80.01663970947266
86.50147247314453
83.62977600097656
94.75564575195312
75.49691772460938
80.12754821777344
94.54267883300781
81.27897644042969
97.71277618408203
76.62654113769531
97.40497589111328
88.26144409179688
76.59632873535156
76.69855499267578
88.58929443359375
86.68765258789062
76.7001953125
83.38630676269531
74.47267150878906
72.01414489746094
79.34313201904297
82.17976379394531
76.874267578125
76.26060485839844
85.27391815185547
77.74475860595703
74.4702377319336
86.93506622314453
84.95628356933594
90.63848876953125
84.3579330444336
84.17826843261719
91.67057800292969
100.91451263427734
89.17220306396484
90.64775085449219
90.50566101074219
80.70014190673828
80.92033386230469
90.26329803466797
87.3531494140625
86.14151000976562
99.39632415771484
105.19388580322266
111.0892333984375
89.7085189819336
115.89884948730469
84.91429138183594
87.36206817626953
95.95345306396484
79.11119842529297
95.25578308105469
97.21189880371094
97.1244888305664
95.04332733154297
108.62213134765625
116.77532958984375
75.41825866699219
99.67674255371094
103.57020568847656
97.47181701660156
69.6402587890625
89.42752075195312
88.89619445800781
81.02813720703125
89.73460388183594
94.57415771484375
84.09349060058594
93.28931427001953
85.24063873291016
96.24154663085938
114.52754974365234
81.0399169921875
82.2231216430664
81.01502227783203
75.7900161743164
83.53379821777344
78.46521759033203
92.27696990966797
116.51615142822266
102.20061492919922
94.6303482055664
95.34799194335938
85.09623718261719
92.72686004638672
92.41313171386719
113.80375671386719
79.82029724121094
86.6859359741211
89.4324951171875
101.90107727050781
120.3797378540039
91.68846130371094
86.60865020751953
90.2673568725586
96.02635955810547
91.99613189697266
83.01953125
81.17146301269531
87.78096771240234
99.32238006591797
76.07608032226562
104.9051742553711
84.95591735839844
82.86949157714844
87.33028411865234
101.5200424194336
92.29246520996094
91.4045639038086
82.49102020263672
99.25202941894531
76.65353393554688
70.70280456542969
74.2412338256836
104.88127136230469
89.53828430175781
80.37633514404297
89.97160339355469
91.55287170410156
97.91090393066406
79.84266662597656
80.6497802734375
70.68675231933594
75.89322662353516
78.88343811035156
76.1463623046875
78.89920043945312
92.15554809570312
77.07943725585938
76.65641021728516
78.59910583496094
81.64839172363281
84.23944854736328
91.99666595458984
105.98394775390625
93.69660949707031
89.124755859375
89.723388671875
104.70928192138672
84.22247314453125
84.55303192138672
92.94315338134766
86.51485443115234
75.15689086914062
94.1439437866211
99.53092956542969
82.76823425292969
85.11359405517578
75.9178695678711
96.63084411621094
86.87834930419922
80.92972564697266
88.62178802490234
93.15719604492188
101.54747009277344
93.96660614013672
97.54802703857422
83.81182861328125
86.16133117675781
96.36504364013672
90.3080062866211
87.56092834472656
111.33116149902344
81.35900115966797
108.71119689941406
75.20860290527344
80.74604797363281
82.69930267333984
89.80368041992188
86.77104187011719
100.89423370361328
96.69110870361328
92.32518005371094
89.57027435302734
104.33038330078125
81.22312927246094
107.04096984863281
105.95176696777344
90.11151885986328
76.38453674316406
84.55278015136719
66.39146423339844
90.6256103515625
80.01699829101562
93.51091003417969
81.60322570800781
75.72771453857422
86.04039764404297
82.29527282714844
70.96411895751953
83.32990264892578
100.830810546875
84.56321716308594
79.0726318359375
85.79789733886719
74.44806671142578
102.18119049072266
103.66167449951172
74.09661865234375
73.41545867919922
91.84740447998047
85.66696166992188
77.390869140625
96.56874084472656
103.85411834716797
105.7354507446289
100.36112213134766
77.4821548461914
86.59426879882812
75.1859359741211
86.47620391845703
92.77384948730469
75.47566223144531
88.6298599243164
104.56069946289062
95.8358154296875
86.0216293334961
76.49288177490234
88.51583862304688
82.10746002197266
90.88687896728516
