93.20226287841797
105.61235046386719
98.70831298828125
103.65509796142578
101.1169662475586
101.37490844726562
98.16361236572266
90.1833267211914
100.06881713867188
92.52754211425781
108.80018615722656
98.39944458007812
103.8559341430664
97.58154296875
92.82102966308594
93.49726104736328
93.61528778076172
99.12601470947266
96.47019958496094
88.99750518798828
99.43278503417969
95.62200164794922
95.41307830810547
97.43827056884766
106.8102798461914
105.56968688964844
93.68678283691406
100.74122619628906
92.60043334960938
97.52284240722656
101.63485717773438
106.90492248535156
103.20094299316406
105.86862182617188
105.90524291992188
96.23004150390625
92.33637237548828
94.86741638183594
99.05498504638672
94.12995147705078
87.50968170166016
90.89789581298828
107.12091827392578
94.56752014160156
93.32743072509766
101.59639739990234
95.9945068359375
101.36066436767578
94.46366882324219
97.25485229492188
91.41190338134766
101.13849639892578
94.78208923339844
106.9361801147461
106.21302795410156
98.04399108886719
99.78115844726562
89.24890899658203
87.41363525390625
108.750244140625
98.21481323242188
99.3515853881836
92.12252807617188
95.21690368652344
100.1477279663086
93.45579528808594
93.93657684326172
97.34783172607422
98.39270782470703
90.6223373413086
98.1052017211914
89.80116271972656
92.16613006591797
105.90306091308594
96.2281723022461
105.82701110839844
90.58428955078125
100.79293060302734
92.61149597167969
97.74749755859375
90.62599182128906
98.31104278564453
90.63871002197266
96.57555389404297
101.37303161621094
92.04409790039062
101.81553649902344
85.54251861572266
97.70271301269531
92.43317413330078
91.58877563476562
96.13694763183594
92.25006866455078
98.68505859375
97.01072692871094
92.64028930664062
96.2735366821289
98.1969223022461
95.8659439086914
97.5374984741211
95.92749786376953
84.660888671875
97.52630615234375
100.38412475585938
89.27528381347656
100.8484878540039
95.77665710449219
89.25218963623047
94.91053009033203
89.74075317382812
102.97300720214844
84.99884033203125
100.195068359375
93.26175689697266
97.38252258300781
90.40518188476562
95.88461303710938
93.50562286376953
90.91047668457031
88.99617004394531
106.55447387695312
95.32638549804688
97.20732879638672
97.98027801513672
84.72274780273438
99.00145721435547
95.41826629638672
87.4889907836914
90.85369110107422
93.83734130859375
90.04271697998047
102.3800048828125
86.50139617919922
97.95538330078125
88.77014923095703
92.45319366455078
89.67887878417969
100.11480712890625
93.3658447265625
93.46025848388672
101.3178939819336
102.16481018066406
91.45872497558594
95.94706726074219
97.22293090820312
94.06007385253906
99.337646484375
95.95809173583984
97.86959075927734
102.09601593017578
104.542236328125
91.32743072509766
105.3328857421875
99.21464538574219
97.87970733642578
107.24382781982422
105.09210205078125
96.16466522216797
98.17015075683594
92.07437133789062
93.91792297363281
92.38005065917969
98.83293151855469
96.28717041015625
91.0709457397461
91.09354400634766
99.16645050048828
100.5248794555664
100.33843231201172
97.23168182373047
96.23411560058594
81.60620880126953
100.7450180053711
96.65576171875
86.84538269042969
93.20624542236328
88.13655853271484
93.65799713134766
95.8946762084961
93.51274871826172
97.93405151367188
101.80840301513672
94.67630004882812
92.06460571289062
90.63451385498047
94.67449188232422
91.825927734375
97.06072235107422
100.82807159423828
98.46327209472656
104.45315551757812
90.20642852783203
88.65792083740234
96.66150665283203
89.14097595214844
94.16468048095703
92.18153381347656
99.7960205078125
87.70841217041016
94.72091674804688
96.4652099609375
93.52137756347656
96.74137878417969
92.10187530517578
93.4835205078125
95.51771545410156
103.39605712890625
91.74433898925781
92.39292907714844
102.49776458740234
89.21197509765625
95.45653533935547
97.97084045410156
103.88758850097656
96.64519500732422
95.8851089477539
95.0836181640625
104.09093475341797
97.31689453125
91.12088012695312
87.31794738769531
101.9090347290039
94.1672134399414
106.0150375366211
104.0892333984375
99.7054214477539
98.13050079345703
95.32215881347656
97.69713592529297
97.81705474853516
105.76698303222656
106.7463150024414
97.48338317871094
95.55769348144531
97.4068603515625
87.15319061279297
98.10679626464844
97.51316833496094
102.07353973388672
95.52108764648438
98.0177001953125
93.82363891601562
96.6453628540039
95.51669311523438
99.91192626953125
95.0645751953125
96.49287414550781
96.58384704589844
94.15235137939453
91.573974609375
100.41361236572266
95.53955841064453
93.21650695800781
88.24152374267578
100.00048065185547
93.79472351074219
95.15770721435547
105.60489654541016
94.43037414550781
98.70594787597656
101.88359069824219
92.13551330566406
95.25933837890625
89.31649780273438
89.04602813720703
96.52539825439453
99.7091064453125
92.99414825439453
86.19149780273438
93.75151062011719
92.33531188964844
97.91120147705078
95.58938598632812
97.40333557128906
88.39167785644531
91.56237030029297
96.3696517944336
84.24918365478516
94.24221801757812
95.72464752197266
89.3652114868164
97.20087432861328
97.37039947509766
94.0357666015625
91.90267181396484
92.82339477539062
90.77412414550781
96.68636322021484
97.018310546875
95.76564025878906
100.87620544433594
88.02375030517578
92.4558334350586
92.15708923339844
92.41903686523438
92.86870574951172
94.42579650878906
98.26614379882812
94.35343933105469
88.04985046386719
92.33775329589844
95.97256469726562
111.57225036621094
95.75901794433594
100.27384948730469
90.35083770751953
87.90707397460938
99.43489074707031
103.4312973022461
95.76437377929688
100.12086486816406
92.18563842773438
94.45709991455078
93.35028839111328
86.6872787475586
93.81087493896484
91.40144348144531
100.04088592529297
95.59541320800781
93.30746459960938
97.13014221191406
103.18862915039062
91.21395111083984
88.0185775756836
91.94096374511719
101.00570678710938
108.07914733886719
88.83636474609375
101.31890106201172
96.7701187133789
96.73662567138672
91.0231704711914
94.72227478027344
95.35557556152344
99.00411224365234
102.0645751953125
91.70355987548828
96.46436309814453
91.6517333984375
105.16679382324219
99.72434997558594
99.14183807373047
100.5721664428711
92.50585174560547
99.57077026367188
92.85794067382812
89.14009857177734
88.82115173339844
92.91785430908203
107.73667907714844
93.46786499023438
99.61476135253906
97.75205993652344
98.96162414550781
93.01947021484375
98.50654602050781
94.05261993408203
103.30260467529297
102.00101470947266
97.0583724975586
97.31449890136719
93.49576568603516
94.86183166503906
99.71025085449219
92.84907531738281
94.03535461425781
99.99364471435547
92.47522735595703
96.2701187133789
95.73487854003906
92.78022003173828
95.54231262207031
87.06806945800781
104.826416015625
99.9827880859375
96.47115325927734
90.18004608154297
94.02161407470703
84.40225219726562
92.3766098022461
92.94393157958984
87.98938751220703
90.61386108398438
93.08747100830078
100.30549621582031
93.47858428955078
91.74861145019531
94.27890014648438
99.35779571533203
90.23369598388672
87.56632232666016
89.02810668945312
96.01111602783203
96.83025360107422
94.48407745361328
89.92403411865234
89.69219970703125
100.35987854003906
88.93827819824219
97.38558959960938
94.18769073486328
87.12818908691406
93.61293029785156
94.40697479248047
88.1908187866211
109.37258911132812
88.42767333984375
92.47695922851562
94.9719467163086
93.27801513671875
102.8167724609375
96.91747283935547
94.89454650878906
89.09403991699219
87.96391296386719
87.19302368164062
103.13368225097656
88.47177124023438
88.40660095214844
91.92827606201172
97.13029479980469
89.38204956054688
91.94393157958984
97.44425964355469
88.7066650390625
94.65423583984375
93.66605377197266
86.94593048095703
92.89664459228516
100.5296630859375
93.6266098022461
99.94176483154297
89.40072631835938
90.29907989501953
87.77410125732422
97.5228271484375
92.4134750366211
90.97437286376953
101.68212127685547
105.12229919433594
92.97500610351562
94.1048355102539
95.2598648071289
81.48926544189453
94.63058471679688
87.00167083740234
92.78468322753906
91.54895782470703
87.58887481689453
95.72126007080078
91.58438873291016
101.18248748779297
90.02650451660156
91.99321746826172
102.58746337890625
96.17115783691406
99.22830200195312
95.82875061035156
97.81078338623047
81.02488708496094
92.75431060791016
87.90270233154297
100.28226470947266
82.12168884277344
94.01032257080078
98.44385528564453
97.02842712402344
99.56173706054688
84.28279113769531
82.84709930419922
95.94227600097656
90.546875
90.82495880126953
91.22510528564453
90.58888244628906
85.91031646728516
89.43242645263672
96.77677154541016
89.50457000732422
93.48153686523438
80.20690155029297
97.08445739746094
94.09831237792969
81.86182403564453
94.687744140625
89.09578704833984
90.50874328613281
85.33232116699219
94.98334503173828
94.5657958984375
89.65708923339844
90.02906799316406
91.40840911865234
96.6915283203125
94.00577545166016
95.0251235961914
87.42672729492188
90.99015808105469
84.54601287841797
88.2928466796875
89.36066436767578
91.99185943603516
88.40025329589844
84.7265625
92.79936981201172
88.44962310791016
94.99444580078125
85.240234375
93.45158386230469
95.5755844116211
95.65841674804688
97.71565246582031
99.26654052734375
89.0413589477539
86.09932708740234
86.02482604980469
89.77920532226562
87.9031982421875
96.841796875
90.17301940917969
89.2442398071289
85.8768310546875
92.54103088378906
92.37578582763672
88.20685577392578
93.40611267089844
88.51453399658203
100.62809753417969
87.6174087524414
89.0021743774414
89.7092056274414
92.26885223388672
92.40668487548828
97.63060760498047
105.2741470336914
89.03146362304688
89.39939880371094
87.844482421875
90.28053283691406
90.90135192871094
94.1851806640625
94.0379409790039
83.49059295654297
98.41584777832031
95.71162414550781
83.80734252929688
92.03609466552734
90.43357849121094
95.94084167480469
95.48371124267578
99.42798614501953
87.99938201904297
90.11540985107422
88.96626281738281
96.968017578125
93.88336181640625
93.74498748779297
102.97796630859375
95.42727661132812
92.93922424316406
95.97175598144531
91.44503784179688
89.53597259521484
94.7964096069336
97.32933044433594
99.46082305908203
95.22637176513672
85.75418853759766
91.12490844726562
95.48162078857422
87.38803100585938
90.54917907714844
85.32964324951172
99.88397216796875
82.95295715332031
98.72370147705078
84.54181671142578
109.3431396484375
100.09728240966797
91.29395294189453
89.98299407958984
93.2149429321289
94.81961822509766
90.17047119140625
91.23922729492188
92.79783630371094
88.88175201416016
85.53057098388672
91.48406982421875
82.60420989990234
92.20844268798828
92.3221664428711
95.88607788085938
95.37580871582031
90.00008392333984
91.6754379272461
82.70330810546875
85.18216705322266
95.23321533203125
99.0381851196289
88.4252700805664
89.69624328613281
93.50160217285156
90.75181579589844
89.37921142578125
85.05768585205078
89.91815948486328
88.1078872680664
92.96566009521484
88.98269653320312
92.78775024414062
92.36381530761719
90.89535522460938
97.52608489990234
96.247802734375
91.30622100830078
91.95098114013672
95.25521850585938
84.65306854248047
94.28971862792969
94.5552978515625
88.57095336914062
86.34232330322266
87.63553619384766
87.58122253417969
88.56993103027344
95.93013000488281
94.76878356933594
89.07606506347656
101.04610443115234
95.55108642578125
100.04376220703125
96.05040740966797
89.10533905029297
81.57627868652344
89.972900390625
92.35868072509766
93.61945343017578
83.93121337890625
96.32750701904297
95.36168670654297
98.01885986328125
97.1996841430664
93.15296173095703
89.86495208740234
82.0932388305664
86.17044067382812
86.38381958007812
90.41727447509766
87.71984100341797
94.42349243164062
105.39640045166016
91.03243255615234
94.6182632446289
99.63627624511719
93.14921569824219
87.58224487304688
95.76998901367188
90.52233123779297
84.42744445800781
104.49480438232422
86.09441375732422
96.88446044921875
91.97240447998047
83.06493377685547
94.2606201171875
101.98709869384766
89.74876403808594
87.6160888671875
94.95562744140625
97.73619079589844
95.00389862060547
93.64852142333984
88.01610565185547
93.33444213867188
88.31290435791016
88.11910247802734
103.61681365966797
98.79216003417969
95.23078155517578
94.55086517333984
90.86286926269531
89.07508850097656
90.43824768066406
95.7320327758789
88.68606567382812
85.60107421875
85.82292175292969
90.01374053955078
93.34821319580078
86.53533172607422
96.11097717285156
77.90225219726562
88.90650177001953
91.0302963256836
91.82526397705078
91.91683197021484
92.16814422607422
90.77384948730469
89.71958923339844
84.60601806640625
92.1845703125
100.76155090332031
91.3927993774414
92.30181121826172
94.55703735351562
86.43396759033203
88.38890075683594
92.08845520019531
93.99388122558594
87.25608825683594
93.67467498779297
91.46076202392578
87.28697967529297
92.43782043457031
87.45960998535156
87.03240966796875
86.42701721191406
89.0655746459961
93.11246490478516
103.8892822265625
89.56668090820312
90.17802429199219
94.57032775878906
87.74710083007812
92.97769927978516
83.75698852539062
88.22115325927734
91.92155456542969
85.8673095703125
88.3566665649414
101.84870910644531
92.45487976074219
88.41793060302734
95.49591064453125
97.55278015136719
82.82754516601562
89.79338836669922
91.13359069824219
80.35230255126953
87.52474975585938
89.68392181396484
85.77326965332031
80.8451156616211
94.65777587890625
92.86019134521484
94.13723754882812
87.69229888916016
87.24312591552734
98.7685317993164
94.31565856933594
87.62399291992188
94.07969665527344
88.72335815429688
89.93771362304688
92.16236877441406
91.40677642822266
91.82447052001953
84.58885192871094
96.31348419189453
86.90947723388672
97.94719696044922
82.20944213867188
90.20721435546875
81.6271743774414
89.77397155761719
96.49957275390625
85.61004638671875
86.707763671875
87.76356506347656
91.27842712402344
83.56425476074219
97.09990692138672
101.28367614746094
84.62767028808594
84.52838134765625
95.90299987792969
92.79873657226562
83.84162139892578
89.77482604980469
87.655517578125
89.8877182006836
91.60726928710938
88.61160278320312
89.07801818847656
90.93384552001953
89.23150634765625
86.97908782958984
98.15434265136719
82.1485595703125
80.44862365722656
91.30623626708984
87.31282043457031
90.59915924072266
85.78667449951172
92.1835708618164
94.22494506835938
90.57205963134766
89.89628601074219
89.04379272460938
90.88465118408203
94.04947662353516
90.19380187988281
100.36620330810547
84.65923309326172
89.07264709472656
89.47264099121094
96.59278106689453
96.20796203613281
95.40609741210938
86.55430603027344
86.46893310546875
96.58985900878906
84.97110748291016
86.21414184570312
89.77015686035156
87.30875396728516
93.97988891601562
85.43099975585938
99.97468566894531
87.50127410888672
88.66934204101562
93.24234008789062
92.39007568359375
92.13296508789062
85.76622009277344
94.24588012695312
99.08406066894531
83.78910827636719
83.45001220703125
100.27799987792969
94.35476684570312
92.44342041015625
80.91122436523438
90.0603256225586
92.32572174072266
96.94696044921875
87.68933868408203
87.03846740722656
84.24502563476562
95.708984375
86.49713897705078
89.03711700439453
88.77705383300781
97.17376708984375
87.89740753173828
88.34966278076172
82.94001007080078
92.81759643554688
100.25897979736328
93.78914642333984
89.81503295898438
94.51592254638672
89.90953063964844
86.85973358154297
94.00006103515625
91.25959014892578
90.73613739013672
89.6204605102539
89.2817153930664
83.89556884765625
86.93335723876953
94.1176986694336
88.67778778076172
82.52310180664062
90.72118377685547
90.97482299804688
86.66545104980469
83.1639404296875
85.748046875
89.25199127197266
95.3955307006836
96.12032318115234
92.93153381347656
84.02783203125
84.55229949951172
83.97932434082031
94.68029022216797
82.93893432617188
95.49765014648438
88.4651870727539
94.39244842529297
89.41748809814453
80.03662109375
91.54981231689453
87.40778350830078
89.80561065673828
93.65921020507812
93.30119323730469
89.4599380493164
86.80562591552734
98.85909271240234
89.24566650390625
95.23396301269531
93.50552368164062
90.93215942382812
92.30648040771484
97.6820297241211
82.64708709716797
93.32392883300781
83.39668273925781
91.26206970214844
89.87914276123047
90.50342559814453
94.5634765625
92.04808807373047
87.84893798828125
87.88941192626953
93.7974853515625
95.02437591552734
89.93130493164062
89.58394622802734
82.98828125
96.84284210205078
90.15882110595703
80.2100601196289
87.02780151367188
102.47982788085938
90.90293884277344
85.16182708740234
88.92190551757812
87.0409927368164
88.71620178222656
99.9797592163086
78.82157897949219
86.93765258789062
82.46173858642578
91.7916259765625
82.5198974609375
84.36573791503906
93.0520248413086
99.81414794921875
89.85469818115234
89.19071960449219
87.5134506225586
93.58200073242188
92.1944351196289
91.67102813720703
