86.41972351074219
103.23573303222656
87.1982421875
93.7302017211914
81.16386413574219
95.25457763671875
78.45404815673828
90.60964965820312
82.16070556640625
78.73216247558594
95.96492004394531
86.02667236328125
94.11776733398438
98.5713119506836
84.17796325683594
84.63941955566406
83.66787719726562
88.82086944580078
94.70198059082031
88.21613311767578
96.03582000732422
88.28450012207031
87.26239013671875
82.73912811279297
106.22727966308594
97.67037963867188
94.23756408691406
100.82980346679688
77.12277221679688
88.75540161132812
87.53900146484375
92.28203582763672
86.54196166992188
98.90986633300781
92.00325012207031
75.6072998046875
84.75344848632812
77.25594329833984
81.44212341308594
70.72810363769531
74.96459197998047
77.30166625976562
93.34727478027344
75.17444610595703
82.37788391113281
97.78936767578125
97.65279388427734
105.512939453125
88.9757080078125
85.95486450195312
86.17607116699219
89.83731842041016
80.79010772705078
116.74278259277344
102.10973358154297
75.3688735961914
88.25074768066406
81.38594055175781
67.48440551757812
96.12748718261719
94.47264862060547
95.28465270996094
89.80134582519531
94.51432800292969
89.01775360107422
76.5259017944336
95.7105484008789
88.57726287841797
89.10986328125
95.748779296875
105.7419662475586
83.82311248779297
74.97657775878906
98.69369506835938
75.09727478027344
87.8990707397461
72.68798828125
81.39511108398438
85.61349487304688
91.71994018554688
82.62499237060547
79.83833312988281
71.74568176269531
87.10370635986328
107.36747741699219
76.71043395996094
99.3504638671875
85.15455627441406
94.35367584228516
85.35804748535156
87.2545166015625
82.19313049316406
91.61310577392578
102.94351959228516
94.87451934814453
74.79503631591797
85.82159423828125
98.35287475585938
86.44538879394531
86.63727569580078
87.06838989257812
71.19318389892578
84.4403305053711
79.53191375732422
83.59477996826172
81.78565216064453
95.5945053100586
76.62187194824219
82.8602066040039
73.51559448242188
80.93769073486328
80.45075225830078
95.96871948242188
70.85157012939453
79.10259246826172
76.91389465332031
88.09062957763672
92.37306213378906
92.37001037597656
77.66415405273438
104.40214538574219
89.15038299560547
102.01573181152344
95.71238708496094
80.34101104736328
114.87409973144531
90.07069396972656
76.6164321899414
81.86676788330078
81.14260864257812
78.4709243774414
83.32940673828125
74.45012664794922
101.7117919921875
80.16172790527344
88.62215423583984
83.16903686523438
96.67398834228516
76.51355743408203
86.85382080078125
106.45890045166016
104.69115447998047
109.15401458740234
85.73710632324219
107.2061538696289
83.74353790283203
93.04264068603516
83.71170043945312
101.818115234375
88.13217163085938
90.19816589355469
69.39056396484375
89.32655334472656
77.51009368896484
84.99728393554688
96.42726135253906
83.19586944580078
81.54640197753906
77.8816909790039
84.26563262939453
83.53543090820312
76.64725494384766
83.76775360107422
82.24604034423828
72.75894165039062
77.00244903564453
82.541748046875
99.53782653808594
81.69596099853516
85.53070831298828
85.274658203125
73.4705810546875
78.58511352539062
77.23542022705078
73.59239196777344
71.61890411376953
75.03954315185547
71.68575286865234
91.20423126220703
71.20761108398438
89.58973693847656
83.61849975585938
89.20654296875
88.55909729003906
82.4150390625
94.26831817626953
83.77145385742188
88.04999542236328
94.60569763183594
97.36724090576172
97.06633758544922
91.63726043701172
81.7686538696289
82.23876953125
87.60111999511719
93.67744445800781
83.10852813720703
108.61042785644531
92.92595672607422
96.6793212890625
99.96224975585938
95.04032897949219
90.56830596923828
93.53228759765625
99.54634094238281
107.47032165527344
104.95368194580078
77.74313354492188
78.44439697265625
97.33071899414062
99.3790283203125
101.25099182128906
95.51399230957031
101.8259506225586
94.48381042480469
94.13662719726562
94.22206115722656
86.36293029785156
88.39486694335938
72.358642578125
70.5045166015625
93.87730407714844
82.50288391113281
95.38101959228516
101.6545639038086
89.65776824951172
92.783935546875
85.30026245117188
98.95841217041016
105.4619369506836
106.15148162841797
102.76890563964844
87.75383758544922
74.70234680175781
88.62638092041016
70.2848129272461
80.65886688232422
79.31368255615234
86.29258728027344
75.18257141113281
88.17579650878906
74.60828399658203
88.41087341308594
76.77342224121094
86.78022766113281
84.0578842163086
80.85721588134766
85.91925811767578
74.19383239746094
70.28627014160156
86.26699829101562
85.41114044189453
85.09007263183594
73.40149688720703
78.63976287841797
96.76593017578125
87.28233337402344
110.50096130371094
93.89274597167969
90.92271423339844
90.08040618896484
91.3724594116211
90.99137878417969
83.39790344238281
78.94889831542969
84.72425079345703
86.2067642211914
88.890380859375
77.11457061767578
92.95896911621094
96.78225708007812
97.11119079589844
101.80138397216797
94.74186706542969
78.99496459960938
84.57726287841797
99.94290161132812
73.20096588134766
82.39466094970703
84.40007019042969
80.16707611083984
85.90311431884766
94.15155792236328
86.89004516601562
80.93524932861328
91.52693176269531
88.1830062866211
86.54606628417969
104.27925109863281
89.83032989501953
96.02855682373047
90.306396484375
102.9494857788086
90.33659362792969
92.00675964355469
86.19337463378906
83.18268585205078
101.57598114013672
103.49493408203125
81.77635955810547
83.93905639648438
90.1678237915039
101.53448486328125
83.0133056640625
100.73179626464844
92.30071258544922
85.01094055175781
108.11436462402344
97.34600067138672
78.18846130371094
96.14871978759766
94.780029296875
94.26041412353516
112.43766021728516
79.76917266845703
95.7332763671875
73.5857162475586
88.61299133300781
91.5528564453125
76.32656860351562
83.29517364501953
94.77291107177734
87.34062194824219
69.2479019165039
76.18415832519531
83.68511199951172
94.03519439697266
77.82687377929688
76.44996643066406
79.92558288574219
85.8209228515625
79.51335906982422
76.94731140136719
89.6466064453125
89.25260162353516
80.10913848876953
80.14424896240234
93.68680572509766
85.07637786865234
93.61305236816406
90.64808654785156
91.54630279541016
96.80482482910156
82.25125122070312
84.76535034179688
82.73229217529297
84.1235580444336
70.92906188964844
82.32368469238281
105.61000061035156
83.86827087402344
88.3050537109375
80.60319519042969
86.18689727783203
73.61235046386719
74.3545913696289
75.8466796875
85.35289764404297
84.97242736816406
79.99820709228516
80.41602325439453
82.03656768798828
87.9799575805664
85.97286987304688
85.40232849121094
81.36470031738281
84.19061279296875
73.53594970703125
86.55858612060547
73.18449401855469
75.31796264648438
91.26004791259766
75.91511535644531
105.31774139404297
83.70991516113281
82.8049087524414
80.18646240234375
75.62313842773438
87.190185546875
82.72589874267578
97.05120849609375
81.09383392333984
84.9107666015625
87.81538391113281
109.748291015625
86.34782409667969
79.41738891601562
92.49153137207031
92.26953887939453
78.72396850585938
88.21279907226562
91.89625549316406
79.81682586669922
84.2895736694336
92.01043701171875
86.99200439453125
82.14459228515625
105.78487396240234
88.93372344970703
101.08270263671875
84.9894790649414
96.68901062011719
103.16185760498047
85.43502807617188
93.57283782958984
124.17799377441406
83.94541931152344
98.37081146240234
89.51730346679688
88.44667053222656
119.26614379882812
87.75758361816406
91.42803192138672
84.16552734375
89.5968246459961
76.16284942626953
108.90966796875
90.73326110839844
77.1715316772461
89.30780792236328
93.23181915283203
90.4814224243164
107.55697631835938
101.5103530883789
73.00501251220703
91.08502197265625
82.53402709960938
96.42579650878906
86.509765625
105.04753112792969
95.63341522216797
100.31683349609375
84.54618835449219
95.02508544921875
74.52752685546875
91.42497253417969
86.36830139160156
88.26817321777344
87.62132263183594
91.6972885131836
88.39335632324219
85.78448486328125
87.64730834960938
74.78999328613281
82.23802947998047
98.17745971679688
81.21446990966797
78.03681182861328
82.27592468261719
98.06939697265625
85.70578002929688
88.17562866210938
86.55488586425781
82.83759307861328
87.80351257324219
84.27252960205078
78.06482696533203
76.96347045898438
84.09674072265625
71.72685241699219
88.68978881835938
73.32805633544922
98.5468978881836
63.864959716796875
76.71881866455078
85.06578063964844
83.33514404296875
77.70341491699219
80.21541595458984
84.50270080566406
86.4979476928711
79.173828125
91.91847229003906
87.2026138305664
84.90742492675781
85.84896850585938
80.77588653564453
78.03791809082031
86.55978393554688
100.38770294189453
67.23540496826172
95.32366180419922
93.55174255371094
77.60662841796875
113.32147979736328
86.20597839355469
86.3239974975586
75.0484619140625
90.95771026611328
100.90054321289062
102.69828033447266
91.22941589355469
100.7249984741211
113.34512329101562
91.04263305664062
101.08197784423828
88.80224609375
92.22035217285156
75.38517761230469
110.88993072509766
92.69319152832031
103.90543365478516
93.14633178710938
88.92756652832031
91.72368621826172
102.96662902832031
116.99514770507812
97.03861999511719
93.4749984741211
92.25094604492188
96.40596008300781
99.79017639160156
92.166748046875
85.82550048828125
83.7057876586914
66.68394470214844
68.07528686523438
66.08464050292969
79.22706604003906
84.71066284179688
74.13533782958984
69.28096771240234
82.58439636230469
87.9459228515625
65.91230773925781
83.02996063232422
75.59471130371094
77.68222045898438
77.5824966430664
83.20724487304688
84.19512176513672
82.24427032470703
89.076171875
96.5677261352539
92.65962982177734
82.7424087524414
99.52034759521484
92.4281997680664
84.99364471435547
102.32429504394531
113.05329895019531
100.45248413085938
78.85184478759766
91.57563781738281
88.95925903320312
82.57805633544922
87.25466918945312
90.1576919555664
93.20748138427734
96.41973876953125
89.28746795654297
82.26256561279297
88.5545654296875
79.82454681396484
90.70842742919922
89.39163208007812
95.14459228515625
91.75749206542969
93.0123062133789
79.69081115722656
81.6418228149414
80.4367446899414
75.23612213134766
73.4410400390625
83.81361389160156
88.95051574707031
81.47688293457031
83.73744201660156
87.16253662109375
87.22398376464844
71.5450439453125
75.70499420166016
66.17733764648438
93.15211486816406
73.64842987060547
86.41487121582031
71.69221496582031
109.02889251708984
84.48475646972656
88.07121276855469
86.458251953125
83.43988800048828
88.42273712158203
88.88794708251953
87.6894302368164
87.1513900756836
76.68795013427734
69.40335083007812
80.9188232421875
67.40535736083984
91.92240142822266
82.35781860351562
101.68684387207031
85.57572937011719
90.33840942382812
101.40252685546875
79.48800659179688
71.10881805419922
105.69762420654297
100.3145751953125
89.51773071289062
84.31378936767578
111.66559600830078
85.23592376708984
89.68062591552734
90.3472900390625
90.44017791748047
91.15831756591797
75.65615844726562
89.65962982177734
85.61931610107422
97.28409576416016
99.38899993896484
96.02460479736328
92.67508697509766
82.13328552246094
90.45091247558594
88.98686218261719
75.34722900390625
88.57955169677734
91.27606201171875
82.28936767578125
81.92190551757812
78.18677520751953
77.13302612304688
73.1891098022461
95.07830810546875
96.08285522460938
84.71338653564453
94.81602478027344
84.79212188720703
82.29505157470703
74.96647644042969
77.67771911621094
65.23048400878906
78.36666870117188
86.71463775634766
98.7737808227539
78.71472930908203
114.80068969726562
80.60001373291016
85.36077117919922
84.87400817871094
74.6939697265625
70.37840270996094
79.16404724121094
75.83358001708984
75.02999114990234
78.05076599121094
80.17153930664062
84.52125549316406
95.54267883300781
83.28134155273438
83.04627990722656
84.30905151367188
79.9478759765625
75.84429931640625
84.87752532958984
81.00057983398438
74.97244262695312
92.15127563476562
78.18755340576172
89.98548889160156
88.21006774902344
81.73638916015625
95.58314514160156
89.36282348632812
87.58771514892578
81.29386138916016
94.60630798339844
87.48767852783203
92.71711730957031
95.96501159667969
72.99703979492188
101.36773681640625
79.717529296875
86.87458801269531
95.4112777709961
97.89852905273438
98.28117370605469
87.25331115722656
90.80109405517578
76.79298400878906
92.54461669921875
93.348876953125
81.65692138671875
88.93409729003906
79.88330078125
98.00436401367188
93.39912414550781
98.09749603271484
99.02734375
75.62081146240234
91.39435577392578
102.40948486328125
102.26985168457031
104.70823669433594
101.50718688964844
91.4588851928711
89.5992431640625
84.50556945800781
112.4537582397461
95.73040008544922
83.11195373535156
81.25342559814453
97.70486450195312
78.85626220703125
95.25579071044922
91.33496856689453
92.45799255371094
75.66987609863281
92.64056396484375
85.5541763305664
85.23941040039062
95.5988998413086
75.44943237304688
78.14258575439453
88.17985534667969
80.53325653076172
92.21394348144531
95.86103820800781
69.65736389160156
88.99513244628906
97.90962219238281
84.03886413574219
93.91537475585938
79.16558074951172
91.54386138916016
82.22250366210938
75.21881103515625
85.7873306274414
91.79268646240234
93.73285675048828
86.52839660644531
88.41497802734375
92.92403411865234
76.95533752441406
100.20308685302734
89.5287857055664
82.7073974609375
74.6873779296875
83.95464324951172
76.53087615966797
71.6135482788086
89.65617370605469
77.45619201660156
75.83446502685547
72.92567443847656
82.69844055175781
89.59882354736328
93.28726196289062
79.98558807373047
91.30003356933594
75.45555114746094
84.45276641845703
81.08103942871094
87.10760498046875
83.77745056152344
89.40388488769531
93.72166442871094
83.70854187011719
99.41915893554688
80.40985107421875
97.45162200927734
77.11946868896484
92.69300842285156
79.0416030883789
80.23014068603516
92.91453552246094
85.76100158691406
83.98822784423828
90.70169067382812
82.50090026855469
100.32763671875
73.36593627929688
92.38716125488281
111.35475158691406
95.83650970458984
80.70291900634766
93.0678939819336
83.34929656982422
76.60688781738281
78.59808349609375
90.35999298095703
90.47727966308594
95.29912567138672
77.94361114501953
101.46499633789062
98.12731170654297
88.69949340820312
81.28077697753906
93.35391235351562
86.04332733154297
95.03298950195312
89.30268096923828
80.68678283691406
94.33061218261719
95.08102416992188
88.75437927246094
101.19147491455078
86.44599914550781
92.19461059570312
96.90184020996094
112.33503723144531
84.45764923095703
81.7179946899414
87.83763122558594
99.25520324707031
107.51485443115234
90.49423217773438
91.95103454589844
99.17555236816406
104.24331665039062
106.69856262207031
90.2261734008789
89.4102554321289
103.0
107.11357879638672
82.41307067871094
113.0473403930664
95.67436218261719
93.3075180053711
83.32111358642578
106.98558807373047
86.48881530761719
85.8265609741211
90.70423889160156
91.65876770019531
67.07634735107422
69.24810028076172
89.2519302368164
87.83837890625
90.59672546386719
74.3287582397461
78.77461242675781
86.3175277709961
85.97320556640625
75.72901916503906
78.47089385986328
68.10006713867188
83.00711059570312
74.80731964111328
78.2550048828125
77.50212097167969
83.22703552246094
79.66429901123047
84.48944091796875
73.94747924804688
100.82771301269531
92.78373718261719
91.19941711425781
100.3614730834961
94.88651275634766
87.79155731201172
80.510986328125
104.92892456054688
89.87867736816406
86.72634887695312
104.21501922607422
90.64908599853516
80.9270248413086
94.18539428710938
95.3426513671875
85.56041717529297
78.31183624267578
77.45600891113281
82.01360321044922
92.31600189208984
74.25508117675781
91.25166320800781
84.85480499267578
100.90126037597656
98.43293762207031
93.07196044921875
88.2570571899414
87.84986877441406
93.15584564208984
100.42247009277344
87.67997741699219
104.5427017211914
70.01516723632812
93.54447937011719
76.42790222167969
78.27865600585938
87.36002349853516
83.09868621826172
92.81680297851562
93.48054504394531
94.96150970458984
84.22306060791016
79.94683837890625
91.27473449707031
77.85120391845703
95.91631317138672
87.55225372314453
83.67363739013672
80.87744140625
76.57814025878906
74.72188568115234
84.03730773925781
79.3961181640625
83.77384948730469
77.39689636230469
86.28924560546875
88.9515151977539
77.16822814941406
84.90654754638672
79.54241943359375
86.93592071533203
83.69428253173828
81.28929138183594
83.59137725830078
76.32537841796875
89.50244140625
100.4160385131836
82.60891723632812
80.13186645507812
104.43307495117188
93.7294921875
81.08214569091797
104.84973907470703
90.7782974243164
87.01399993896484
103.97039794921875
91.25968933105469
108.74705505371094
87.06443786621094
96.66923522949219
85.4741439819336
82.39347076416016
93.28984069824219
113.12460327148438
102.52959442138672
93.74685668945312
95.6854248046875
96.56124877929688
89.61932373046875
93.63969421386719
