91.36270904541016
104.7555160522461
91.32595825195312
87.88731384277344
91.13267517089844
88.97212982177734
77.49634552001953
78.93106079101562
77.54743194580078
71.30928802490234
82.6163101196289
77.57958984375
93.76419830322266
88.85929107666016
84.23866271972656
78.10723114013672
72.1143798828125
79.4559326171875
81.62718200683594
79.52909088134766
92.18038940429688
81.49433898925781
82.26787567138672
86.144287109375
108.82070922851562
100.55821228027344
86.9739761352539
95.63211822509766
83.91239929199219
83.32759857177734
93.42375183105469
91.54867553710938
89.55455017089844
79.34072875976562
84.2807388305664
78.46080017089844
77.09965515136719
70.0817642211914
78.53447723388672
75.24702453613281
67.98448944091797
74.63722229003906
85.30184173583984
78.46082305908203
80.45016479492188
91.73612213134766
98.03939819335938
106.4432601928711
85.16168212890625
93.45325469970703
77.97001647949219
93.39148712158203
96.20832061767578
115.35964965820312
111.65106201171875
91.44992065429688
93.61138916015625
91.04048156738281
73.75272369384766
105.9850082397461
90.81121063232422
100.24925231933594
93.13739013671875
87.0826644897461
95.64181518554688
71.88443756103516
94.66930389404297
98.68720245361328
95.52727508544922
98.54762268066406
98.18038177490234
76.5068588256836
77.34268951416016
104.24182891845703
92.2420654296875
90.95343017578125
79.40159606933594
84.0411605834961
76.58556365966797
97.64888000488281
82.85871887207031
78.6438217163086
72.15196990966797
87.12652587890625
104.4364013671875
88.41380310058594
91.76814270019531
81.69924926757812
87.9855728149414
81.24600219726562
85.909423828125
87.5550765991211
88.31295013427734
104.37889862060547
94.77717590332031
79.72108459472656
86.22364044189453
100.83827209472656
81.81806182861328
94.79888916015625
73.24718475341797
72.25192260742188
83.31903839111328
78.33921813964844
76.12974548339844
77.43397521972656
77.71855163574219
68.40796661376953
79.65901947021484
77.12602996826172
100.62417602539062
70.56700134277344
86.34051513671875
84.48186492919922
101.4791259765625
82.45953369140625
91.74137115478516
96.00469207763672
82.28451538085938
84.5508041381836
110.45902252197266
101.52823638916016
104.64732360839844
82.6111831665039
82.74702453613281
101.73379516601562
92.90213775634766
81.9805679321289
88.52629852294922
88.41385650634766
81.77079010009766
84.52931213378906
83.30101013183594
105.84989166259766
83.91645812988281
76.82098388671875
86.1637191772461
90.20281219482422
82.24717712402344
90.65606689453125
105.25515747070312
100.57957458496094
97.71678924560547
86.92737579345703
103.51350402832031
94.56756591796875
102.32096862792969
86.10209655761719
108.6675033569336
87.25025177001953
93.09085083007812
84.25910186767578
87.5429916381836
80.3807601928711
75.70878601074219
99.15044403076172
83.19558715820312
75.54776000976562
76.61793518066406
68.78695678710938
79.37179565429688
71.25967407226562
78.9148941040039
72.89537048339844
69.53168487548828
73.77417755126953
90.49848937988281
95.9996566772461
84.41631317138672
90.54607391357422
78.52544403076172
69.98486328125
74.69209289550781
85.6439437866211
71.04914093017578
77.5103759765625
84.38494873046875
82.93211364746094
84.97325134277344
74.473388671875
107.73429870605469
87.14857482910156
93.94721221923828
81.55835723876953
80.49041748046875
88.70979309082031
86.08878326416016
95.57527160644531
83.02983856201172
99.89640808105469
106.40022277832031
91.14502716064453
84.48283386230469
92.49911499023438
85.08251953125
100.62776184082031
84.31160736083984
97.39674377441406
81.29692077636719
99.81175231933594
94.21073913574219
87.37422943115234
86.7295913696289
90.71109008789062
98.56957244873047
101.66902160644531
96.08041381835938
73.09105682373047
91.69886779785156
96.27005767822266
99.37928771972656
111.9015884399414
87.38211822509766
108.78494262695312
100.10570526123047
103.03239440917969
92.89964294433594
90.79396057128906
97.73685455322266
84.53654479980469
76.57080841064453
95.62200927734375
79.66265869140625
99.13724517822266
94.03035736083984
100.3147201538086
102.3809814453125
81.63343811035156
99.92283630371094
92.6688003540039
115.79290008544922
100.20142364501953
85.54804992675781
77.54598999023438
85.25830078125
69.66509246826172
97.52703857421875
94.08724212646484
96.81111145019531
84.08477783203125
83.65662384033203
85.28471374511719
85.19872283935547
76.79744720458984
80.41412353515625
82.74365997314453
92.64207458496094
85.44587707519531
86.22431182861328
74.34461212158203
84.82675170898438
88.36576843261719
86.91533660888672
90.17196655273438
83.14678192138672
83.38416290283203
98.98773956298828
104.91596984863281
91.45503234863281
96.03907775878906
112.64122772216797
88.5262451171875
89.31842041015625
88.37212371826172
89.7809066772461
95.58999633789062
82.57122039794922
85.7638168334961
74.16859436035156
99.21765899658203
75.80416870117188
91.75514221191406
93.07784271240234
102.41905975341797
77.6920394897461
85.65961456298828
95.0058364868164
77.88835906982422
91.18572235107422
82.7011489868164
89.0343017578125
93.72142791748047
89.77220153808594
83.07260131835938
94.32003021240234
101.12615966796875
84.27265167236328
92.59613037109375
102.75628662109375
92.53706359863281
102.76461029052734
98.8883285522461
104.33092498779297
97.12222290039062
90.3858413696289
100.10406494140625
103.6100082397461
110.72344970703125
101.15459442138672
73.74744415283203
90.12862396240234
89.0475845336914
114.67745208740234
88.18416595458984
91.92829895019531
90.61106872558594
85.12384033203125
93.64682006835938
110.00418090820312
79.22550201416016
108.5777587890625
91.50540924072266
90.5814208984375
94.63088989257812
83.5829849243164
88.82473754882812
79.58062744140625
86.03040313720703
84.61796569824219
78.5865478515625
76.38423156738281
83.53882598876953
85.87953186035156
77.02815246582031
80.2729263305664
85.13780975341797
93.77465057373047
75.84672546386719
90.06260681152344
84.3692626953125
92.32331848144531
80.73790740966797
79.74756622314453
94.84521484375
87.59059143066406
85.079345703125
88.62815856933594
99.69207763671875
84.63340759277344
85.2853012084961
83.20769500732422
92.81053924560547
90.11707305908203
79.06816101074219
102.5958023071289
70.19861602783203
74.07542419433594
78.69126892089844
82.89524841308594
96.31993865966797
81.82620239257812
85.8716049194336
84.113037109375
91.69996643066406
77.46641540527344
81.03148651123047
82.11317443847656
88.79339599609375
83.5512924194336
88.19503021240234
87.88359069824219
76.91203308105469
79.02433013916016
81.95496368408203
80.43668365478516
74.57866668701172
83.25501251220703
76.20890045166016
88.43824768066406
81.67350769042969
81.34998321533203
87.50724029541016
69.96560668945312
105.39909362792969
79.94108581542969
99.41829681396484
79.4207763671875
78.97411346435547
76.18293762207031
78.96527099609375
83.07353210449219
83.28584289550781
81.06397247314453
87.86641693115234
117.37017059326172
89.88082885742188
92.91281127929688
91.7508544921875
87.22997283935547
76.3556137084961
86.10187530517578
89.16155242919922
94.02281188964844
93.83382415771484
100.69096374511719
95.50421142578125
90.59101104736328
105.76786041259766
84.67994689941406
99.9521255493164
94.37460327148438
97.3100814819336
101.45085906982422
94.71682739257812
105.07351684570312
122.59735107421875
97.00481414794922
93.71466064453125
97.97773742675781
80.61837005615234
99.96382904052734
93.32020568847656
94.24301147460938
87.13038635253906
94.64932250976562
85.70474243164062
120.40966033935547
109.01852416992188
82.07866668701172
88.389892578125
92.39212036132812
84.27149200439453
101.75324249267578
101.63623046875
85.2987289428711
98.95306396484375
102.02342224121094
91.35374450683594
88.46154022216797
117.34952545166016
100.70609283447266
102.33300018310547
85.8465347290039
90.57917785644531
70.83470153808594
83.73079681396484
81.38922882080078
80.04523468017578
83.71574401855469
88.07056427001953
89.6329116821289
75.42106628417969
85.2625503540039
72.74818420410156
83.00508880615234
99.73053741455078
88.9024887084961
80.43135070800781
81.61775970458984
97.82804107666016
83.03573608398438
100.06005096435547
77.45406341552734
84.48448944091797
90.2918472290039
73.73019409179688
72.57742309570312
98.24247741699219
82.34673309326172
71.09999084472656
82.98828125
78.91900634765625
113.79093933105469
69.33885192871094
84.87401580810547
87.26730346679688
80.97418975830078
77.8236083984375
87.21561431884766
87.30793762207031
92.5520248413086
87.88434600830078
83.153076171875
91.72928619384766
77.76605987548828
87.6090087890625
84.88832092285156
103.64569854736328
89.85868072509766
100.30773162841797
77.50420379638672
88.07528686523438
105.59757232666016
78.91527557373047
115.54462432861328
91.69597625732422
88.09878540039062
89.03305053710938
97.96629333496094
103.69794464111328
82.97297668457031
90.71917724609375
96.72779083251953
108.18843841552734
90.81013488769531
105.57938385009766
85.99322509765625
88.76277160644531
79.29568481445312
106.61565399169922
102.0100326538086
93.84056854248047
84.47279357910156
99.4636001586914
94.71305847167969
118.29143524169922
107.8494873046875
96.86150360107422
91.08743286132812
94.45851135253906
95.44877624511719
96.45755767822266
89.53755950927734
86.36353302001953
82.80809783935547
72.9214096069336
65.93217468261719
66.1922836303711
74.85409545898438
81.48494720458984
73.82907104492188
72.89903259277344
77.94145965576172
77.9646987915039
76.3345947265625
75.36203002929688
71.01982879638672
77.38507843017578
76.8163070678711
84.27214050292969
73.00581359863281
81.5661849975586
81.91203308105469
90.02775573730469
90.24052429199219
82.63043975830078
88.65563201904297
104.14411163330078
82.40817260742188
97.51766204833984
101.4040756225586
98.73710632324219
77.08879852294922
92.13461303710938
98.30406951904297
75.1565933227539
82.0628662109375
73.33721923828125
93.4093017578125
94.58397674560547
89.20306396484375
89.1829605102539
92.33177947998047
84.86592102050781
87.67891693115234
87.65531158447266
103.91026306152344
98.24516296386719
106.27745056152344
84.64772033691406
87.68927764892578
80.6110610961914
76.08396911621094
81.32846069335938
91.06240844726562
93.73577880859375
77.36327362060547
83.759521484375
88.69121551513672
100.7945785522461
87.72454833984375
70.61756896972656
84.60228729248047
100.1248779296875
78.30838775634766
88.9188232421875
75.63697814941406
111.79593658447266
92.41747283935547
86.7860107421875
90.42687225341797
84.01044464111328
78.8791732788086
73.2487564086914
84.14442443847656
85.17545318603516
80.61935424804688
73.14677429199219
80.135009765625
71.99449157714844
81.69589233398438
79.23738098144531
83.40507507324219
82.16226959228516
89.14420318603516
118.51998138427734
73.79689025878906
83.89419555664062
99.74507141113281
100.61408996582031
97.05406951904297
91.59652709960938
106.03129577636719
94.50513458251953
102.31332397460938
86.01708984375
98.13456726074219
98.79432678222656
86.74993896484375
96.21175384521484
81.42381286621094
91.39277648925781
91.04202270507812
99.79640197753906
85.82255554199219
88.68565368652344
81.45003509521484
82.23472595214844
71.88934326171875
76.21920776367188
70.76122283935547
78.5715103149414
77.33238220214844
87.78460693359375
79.6628189086914
82.23753356933594
91.05596923828125
88.58756256103516
82.11651611328125
110.99934387207031
89.54842376708984
103.78634643554688
86.38626098632812
78.33554077148438
74.3162612915039
81.80228424072266
81.05007934570312
78.29652404785156
75.92317199707031
113.44474792480469
78.61933898925781
96.41596984863281
93.20475769042969
79.22119903564453
79.43722534179688
72.60135650634766
67.88839721679688
76.61434936523438
74.51900482177734
71.32292175292969
81.07674407958984
89.65470886230469
89.63947296142578
87.78327941894531
87.82511901855469
84.1500473022461
85.39311981201172
92.98873901367188
84.35189056396484
83.08197784423828
96.76329803466797
76.46664428710938
92.93827056884766
87.3819351196289
69.96302795410156
87.11224365234375
89.06015014648438
85.01190185546875
83.03923034667969
99.67498779296875
93.38292694091797
92.86731719970703
79.06483459472656
71.64092254638672
89.85954284667969
79.99891662597656
73.09268951416016
97.64298248291016
98.31632995605469
104.21965026855469
99.65795135498047
92.55635833740234
74.51608276367188
86.72663116455078
90.17233276367188
89.51224517822266
95.19688415527344
94.0562973022461
96.10706329345703
93.99201202392578
92.34473419189453
111.90107727050781
77.38317108154297
90.66969299316406
106.82356262207031
95.16911315917969
106.7974853515625
108.12223052978516
91.48501586914062
90.7247314453125
85.38970184326172
119.18135833740234
92.11187744140625
90.89986419677734
90.61080169677734
110.7718505859375
97.85768127441406
98.1952133178711
99.31735229492188
81.42882537841797
86.57630157470703
85.2051010131836
83.61446380615234
76.48284912109375
92.59309387207031
72.92134094238281
78.40524291992188
77.99491882324219
75.06470489501953
77.83294677734375
94.21968841552734
70.54855346679688
79.61174011230469
99.01670837402344
70.72628021240234
95.0234375
74.41525268554688
89.97038269042969
94.05367279052734
76.02252960205078
78.4769287109375
89.72636413574219
101.23381042480469
91.38383483886719
78.86505126953125
95.5197525024414
83.12979888916016
84.62464904785156
95.269287109375
80.65310668945312
80.38727569580078
84.36723327636719
75.4063720703125
80.72811889648438
93.56378936767578
83.54612731933594
85.7060546875
76.02513885498047
80.23797607421875
95.6612319946289
96.7646713256836
83.77843475341797
91.99138641357422
91.64908599853516
78.7825927734375
77.46847534179688
88.0898666381836
88.28636169433594
89.8441390991211
106.63203430175781
111.38238525390625
107.54469299316406
85.0321273803711
101.85265350341797
77.08670043945312
88.38841247558594
94.79621887207031
77.94298553466797
88.9297866821289
85.1640853881836
79.48988342285156
77.9454116821289
88.35802459716797
105.06475067138672
75.97257232666016
82.83353424072266
89.71591186523438
90.19544982910156
80.55553436279297
84.5044174194336
79.84333801269531
80.91087341308594
82.24359130859375
88.68870544433594
81.95416259765625
99.32670593261719
83.4056396484375
83.87630462646484
100.3921127319336
82.07923126220703
82.43318939208984
93.05564880371094
93.6860122680664
81.9501953125
90.6280517578125
97.98197937011719
112.49089050292969
103.74869537353516
95.82821655273438
111.826416015625
85.84330749511719
99.48778533935547
96.19506072998047
116.71981048583984
84.48568725585938
96.9541015625
90.45319366455078
100.3791732788086
119.58233642578125
89.60763549804688
89.42394256591797
100.93585205078125
106.57479858398438
104.7025146484375
100.62574768066406
94.76148986816406
91.36476135253906
110.9282455444336
84.27252960205078
110.50648498535156
93.24142456054688
95.66300964355469
81.92001342773438
100.95794677734375
72.39152526855469
93.67323303222656
87.81661224365234
104.9283447265625
71.25286865234375
72.54290008544922
94.80986785888672
97.88374328613281
86.70841979980469
80.087158203125
79.60490417480469
82.2779541015625
82.78570556640625
74.72071075439453
69.64299774169922
72.95600128173828
76.28551483154297
70.74346923828125
83.93858337402344
75.0080795288086
94.07485961914062
82.43012237548828
72.11207580566406
78.15695190429688
95.16280364990234
84.91262817382812
90.66413116455078
104.53202819824219
90.54037475585938
86.92855072021484
89.75100708007812
100.62527465820312
92.90359497070312
89.29988861083984
87.30706787109375
101.46381378173828
84.29541015625
100.38710021972656
98.5269546508789
90.3872299194336
92.79891204833984
84.60896301269531
92.59954833984375
87.05400848388672
89.51280975341797
103.32099151611328
87.62725067138672
91.29417419433594
105.94898986816406
102.5518798828125
88.7760009765625
85.49888610839844
97.54861450195312
85.35159301757812
87.84649658203125
112.5421142578125
82.28257751464844
103.61858367919922
88.28257751464844
91.18390655517578
83.47811889648438
90.7129898071289
89.89012908935547
93.21604919433594
97.90855407714844
88.92130279541016
79.77061462402344
103.81446838378906
91.05366516113281
98.33615112304688
95.57511138916016
93.3190689086914
77.7340087890625
82.70552062988281
77.58806610107422
82.8583755493164
76.23390197753906
77.56851959228516
81.51339721679688
89.92384338378906
86.06004333496094
88.99212646484375
94.37960052490234
81.19992065429688
102.8791732788086
93.22639465332031
89.71273803710938
95.65925598144531
79.83909606933594
96.53266143798828
95.92301940917969
80.25607299804688
86.97576904296875
100.63529205322266
90.58518981933594
83.11672973632812
106.14022064208984
94.24768829345703
94.41310119628906
101.05573272705078
69.5435562133789
85.04334259033203
78.76140594482422
82.38471984863281
88.95124816894531
73.56275939941406
88.03370666503906
103.63660430908203
92.14241027832031
91.12470245361328
98.24869537353516
92.22434997558594
101.68003845214844
85.08096313476562
