-116.43871307373047
-129.6369171142578
-122.11634826660156
-127.13339233398438
-126.08782958984375
-124.46922302246094
-123.79940795898438
-110.61315155029297
-124.90348052978516
-115.75860595703125
-124.12716674804688
-121.92724609375
-127.74047088623047
-122.4690170288086
-118.76593780517578
-114.91336822509766
-116.52314758300781
-125.71050262451172
-120.74174499511719
-112.91510009765625
-122.52642059326172
-118.75447082519531
-121.55400848388672
-122.90193176269531
-126.99571990966797
-129.87953186035156
-116.87127685546875
-127.94352722167969
-117.03471374511719
-117.01134490966797
-126.20484161376953
-131.08615112304688
-127.72325897216797
-130.1392822265625
-126.13488006591797
-116.21487426757812
-117.44550323486328
-119.68472290039062
-122.70941162109375
-119.79164123535156
-110.68412017822266
-113.8746566772461
-126.75372314453125
-120.20840454101562
-118.19342041015625
-125.94606018066406
-122.52647399902344
-122.10154724121094
-120.71549224853516
-118.28327941894531
-116.71271514892578
-119.1857681274414
-119.06642150878906
-131.30853271484375
-125.3322982788086
-122.5023422241211
-124.00714111328125
-113.83656311035156
-111.11532592773438
-129.57521057128906
-121.0454330444336
-124.40908813476562
-117.60127258300781
-122.6080551147461
-123.30169677734375
-116.4588394165039
-121.55819702148438
-121.91504669189453
-120.3529281616211
-112.64800262451172
-120.03089904785156
-112.14203643798828
-113.79572296142578
-127.53597259521484
-120.00032043457031
-123.50446319580078
-116.8434066772461
-122.83291625976562
-117.33570098876953
-123.36424255371094
-115.990966796875
-119.90996551513672
-111.5103530883789
-117.96908569335938
-125.41651153564453
-119.78509521484375
-123.2529067993164
-113.1852798461914
-123.1606216430664
-115.7775650024414
-116.56266021728516
-119.49834442138672
-121.56914520263672
-122.40658569335938
-125.58267974853516
-118.8949203491211
-120.93002319335938
-118.59466552734375
-119.6396713256836
-121.18933868408203
-121.24393463134766
-109.3465347290039
-125.02545166015625
-123.06980895996094
-118.15364837646484
-125.83106231689453
-122.37517547607422
-114.36199188232422
-119.92462158203125
-112.72064208984375
-123.03421020507812
-106.67666625976562
-121.40434265136719
-113.77351379394531
-116.18817901611328
-116.76896667480469
-122.71163940429688
-117.43733978271484
-116.47686004638672
-114.88496398925781
-129.4792022705078
-119.04878234863281
-120.77381896972656
-117.40326690673828
-111.01133728027344
-122.99151611328125
-118.72974395751953
-115.09122467041016
-119.55030059814453
-118.81331634521484
-113.76078033447266
-121.18673706054688
-111.61617279052734
-120.23081970214844
-116.89134216308594
-117.21341705322266
-117.12275695800781
-122.57879638671875
-117.99409484863281
-116.69986724853516
-120.0206527709961
-122.41664123535156
-117.25697326660156
-119.6988754272461
-122.25318145751953
-117.69331359863281
-121.23211669921875
-119.12548828125
-124.1465072631836
-124.21846771240234
-127.75082397460938
-114.76351928710938
-122.22740173339844
-120.61074829101562
-123.80453491210938
-126.377197265625
-128.7588653564453
-122.43424224853516
-123.5403060913086
-114.70530700683594
-118.31523895263672
-118.28546142578125
-118.68209838867188
-114.9557876586914
-114.1537094116211
-115.59642028808594
-121.1847915649414
-124.73224639892578
-126.1926498413086
-118.06783294677734
-117.95792388916016
-108.0155029296875
-124.40625
-118.59427642822266
-113.33738708496094
-120.35611724853516
-116.27381134033203
-117.131103515625
-119.72111511230469
-112.57992553710938
-118.21661376953125
-124.00165557861328
-119.30535888671875
-116.65283966064453
-112.13653564453125
-120.63082122802734
-114.23335266113281
-121.3441162109375
-119.03269958496094
-118.79853820800781
-123.478759765625
-111.95413208007812
-113.51334381103516
-121.26447296142578
-114.0760269165039
-119.11026763916016
-117.45787048339844
-123.13684844970703
-112.2129898071289
-118.90946197509766
-117.70259094238281
-116.78026580810547
-122.05377960205078
-110.29422760009766
-119.02984619140625
-121.09722900390625
-125.58650970458984
-114.33060455322266
-110.27532958984375
-123.53904724121094
-115.86914825439453
-118.78456115722656
-117.49737548828125
-126.95442199707031
-119.89350891113281
-119.6600341796875
-120.55709838867188
-116.2835922241211
-122.24834442138672
-114.98278045654297
-113.39524841308594
-124.94926452636719
-116.4478759765625
-125.22858428955078
-122.32891845703125
-122.7688217163086
-123.21634674072266
-120.27412414550781
-121.238037109375
-123.80633544921875
-128.23138427734375
-128.84117126464844
-121.94490051269531
-120.76342010498047
-122.52169036865234
-113.8616943359375
-121.74159240722656
-122.771484375
-121.47467803955078
-116.41028594970703
-122.90546417236328
-116.8263168334961
-118.6475601196289
-120.54762268066406
-117.63323211669922
-119.15579223632812
-121.52796173095703
-120.4109878540039
-116.95497131347656
-115.48445129394531
-121.82191467285156
-120.53113555908203
-117.95783233642578
-109.44915771484375
-115.89634704589844
-119.30229187011719
-122.75735473632812
-131.6457061767578
-117.94721984863281
-123.49005126953125
-122.87518310546875
-118.16678619384766
-120.18072509765625
-113.95997619628906
-113.19318389892578
-121.17277526855469
-122.077880859375
-112.23886108398438
-110.81446075439453
-120.4253158569336
-116.05313110351562
-118.56446075439453
-116.35269165039062
-121.58744812011719
-113.57083129882812
-118.72455596923828
-119.4090805053711
-110.23664093017578
-117.84957122802734
-121.69959259033203
-112.46867370605469
-116.38668060302734
-120.67415618896484
-115.86087799072266
-111.06780242919922
-117.33592224121094
-117.55233764648438
-122.39214324951172
-120.94569396972656
-118.29336547851562
-119.5578842163086
-113.33245849609375
-115.26984405517578
-119.28221130371094
-120.2946548461914
-118.03152465820312
-117.5261001586914
-120.43394470214844
-118.37629699707031
-114.0332260131836
-114.29367065429688
-118.56141662597656
-124.06333923339844
-118.44464111328125
-121.97020721435547
-115.91934967041016
-113.14505767822266
-123.6747817993164
-120.33928680419922
-119.19637298583984
-121.01356506347656
-118.13341522216797
-119.51231384277344
-119.49435424804688
-112.76950073242188
-116.17515563964844
-115.81640625
-123.39608764648438
-116.75101470947266
-117.45085144042969
-120.29888153076172
-125.89225006103516
-112.85303497314453
-110.51319885253906
-112.38517761230469
-125.09172058105469
-126.22122192382812
-112.72686004638672
-125.06817626953125
-119.88988494873047
-120.5073013305664
-116.08950805664062
-118.85160827636719
-117.2123031616211
-124.65293884277344
-123.56869506835938
-118.67979431152344
-118.40377807617188
-114.64944458007812
-124.48688507080078
-123.92008972167969
-118.86466979980469
-120.96221160888672
-117.06004333496094
-124.55387115478516
-114.37384033203125
-114.34358215332031
-115.15145874023438
-117.63896179199219
-124.40135192871094
-117.6563491821289
-121.5958480834961
-121.05472564697266
-121.1875991821289
-115.367919921875
-121.13469696044922
-120.06273651123047
-123.86697387695312
-123.90155029296875
-122.21112060546875
-120.6010971069336
-120.35981750488281
-117.3640365600586
-125.78073120117188
-119.52753448486328
-116.9908447265625
-119.90470886230469
-116.41522216796875
-120.94048309326172
-120.21516418457031
-117.3912124633789
-117.69107055664062
-111.5936050415039
-128.24591064453125
-121.18357849121094
-121.02702331542969
-112.93344116210938
-114.84000396728516
-111.65127563476562
-115.82489013671875
-118.96611022949219
-112.62410736083984
-114.57530212402344
-114.15100860595703
-119.55014038085938
-117.463623046875
-115.83883666992188
-118.25801086425781
-123.10652160644531
-113.98155975341797
-113.22886657714844
-114.88394927978516
-119.48090362548828
-117.03793334960938
-116.45342254638672
-115.49073028564453
-109.13421630859375
-124.25910186767578
-112.4959945678711
-116.47550201416016
-118.79820251464844
-113.8106460571289
-116.98197937011719
-114.8320541381836
-112.33797454833984
-126.24225616455078
-111.18006896972656
-115.99661254882812
-116.48214721679688
-116.15929412841797
-128.18345642089844
-121.13690185546875
-122.07515716552734
-113.72412109375
-113.6319351196289
-111.82374572753906
-126.73075866699219
-112.66819763183594
-113.08724975585938
-121.1085433959961
-119.36072540283203
-110.7170639038086
-115.95884704589844
-124.18839263916016
-113.75113677978516
-114.25349426269531
-116.62580108642578
-112.4388427734375
-111.57221221923828
-121.47681427001953
-113.00759887695312
-123.93922424316406
-111.98870849609375
-113.21712493896484
-110.13766479492188
-119.9930419921875
-116.76509857177734
-114.13710021972656
-119.9893569946289
-113.76519012451172
-115.83158874511719
-115.1669921875
-120.05522155761719
-104.82525634765625
-117.41166687011719
-111.54264831542969
-115.39492797851562
-112.96197509765625
-111.36839294433594
-118.94424438476562
-113.22572326660156
-120.80878448486328
-116.33096313476562
-112.58111572265625
-124.23487091064453
-118.96601867675781
-121.1303482055664
-119.01130676269531
-120.67384338378906
-111.69483947753906
-116.26062774658203
-112.85160064697266
-123.243896484375
-106.93705749511719
-115.66295623779297
-121.6197738647461
-123.3741226196289
-120.0027847290039
-109.46732330322266
-106.88064575195312
-118.85435485839844
-115.08778381347656
-115.33704376220703
-117.2691879272461
-113.27360534667969
-113.3303451538086
-114.79120635986328
-125.48851776123047
-112.04866027832031
-113.71358489990234
-105.44864654541016
-118.53388977050781
-119.06056213378906
-107.951904296875
-120.29446411132812
-110.82502746582031
-115.16746520996094
-108.77985382080078
-119.61603546142578
-119.83415222167969
-114.6519775390625
-112.49618530273438
-113.14098358154297
-119.43497467041016
-113.31968688964844
-118.34644317626953
-110.37910461425781
-113.50582122802734
-110.4048080444336
-113.8924331665039
-113.8603286743164
-115.0050277709961
-111.98236083984375
-111.69865417480469
-115.11862182617188
-115.51598358154297
-119.7629623413086
-110.64537048339844
-118.55452728271484
-118.49649047851562
-116.97518920898438
-118.7633285522461
-122.44922637939453
-112.8685531616211
-110.0938491821289
-111.09099578857422
-112.97770690917969
-111.63134765625
-120.92082214355469
-111.46299743652344
-114.99681854248047
-111.92678833007812
-115.21111297607422
-116.7601318359375
-112.35294342041016
-116.49266815185547
-115.92142486572266
-122.25691986083984
-111.96501922607422
-112.51496124267578
-114.82359313964844
-117.70764923095703
-118.16458892822266
-125.09027099609375
-122.97936248779297
-111.82332611083984
-115.66317749023438
-116.47817993164062
-112.50487518310547
-115.50613403320312
-121.49638366699219
-115.26571655273438
-107.2385025024414
-121.17543029785156
-121.27686309814453
-110.93246459960938
-115.58616638183594
-110.96620178222656
-121.9673843383789
-119.59799194335938
-118.46422576904297
-112.2374496459961
-114.24481201171875
-114.34321594238281
-117.45930480957031
-118.49747467041016
-117.41070556640625
-118.14777374267578
-117.9368896484375
-114.72479248046875
-119.43557739257812
-117.72212982177734
-113.12618255615234
-118.10155487060547
-123.79280853271484
-121.5942611694336
-119.31857299804688
-109.26512145996094
-115.86672973632812
-121.7597427368164
-110.4848861694336
-112.1919174194336
-111.67420196533203
-119.35228729248047
-108.04696655273438
-120.02501678466797
-109.037109375
-129.7406005859375
-121.31279754638672
-114.14281463623047
-118.04126739501953
-120.10343170166016
-116.85969543457031
-114.4892578125
-117.00399780273438
-118.37367248535156
-113.27867889404297
-106.67512512207031
-115.1623764038086
-110.51216888427734
-115.617919921875
-115.10586547851562
-114.4462890625
-116.43732452392578
-110.90799713134766
-115.34553527832031
-109.66673278808594
-109.53060913085938
-120.99650573730469
-120.13780212402344
-112.74958801269531
-116.28099060058594
-117.1727523803711
-116.75132751464844
-111.24873352050781
-112.35419464111328
-116.58866119384766
-111.67925262451172
-119.00293731689453
-114.93705749511719
-111.10890197753906
-118.49127960205078
-115.5523681640625
-123.61949157714844
-118.82501220703125
-115.5648422241211
-111.50883483886719
-114.95470428466797
-112.44348907470703
-112.98748779296875
-112.3539810180664
-110.67893981933594
-111.6353530883789
-111.10780334472656
-108.89772033691406
-115.7025146484375
-122.52845764160156
-114.35382080078125
-113.79442596435547
-121.76426696777344
-116.80191040039062
-114.85921478271484
-119.24120330810547
-111.65742492675781
-110.17721557617188
-115.61946105957031
-117.85778045654297
-114.87675476074219
-109.89666748046875
-120.85969543457031
-118.64877319335938
-123.60956573486328
-121.77279663085938
-113.11847686767578
-111.80778503417969
-107.26847839355469
-111.62935638427734
-113.46279907226562
-110.38172149658203
-113.33837890625
-116.64603424072266
-124.99508666992188
-115.11608123779297
-120.38311004638672
-119.51248931884766
-116.59529876708984
-111.8560791015625
-118.40214538574219
-111.42327880859375
-112.24650573730469
-120.94725799560547
-109.26387023925781
-118.90290832519531
-113.78498077392578
-107.98016357421875
-112.93598175048828
-119.98491668701172
-113.13744354248047
-112.47726440429688
-117.68892669677734
-116.6224136352539
-120.16370391845703
-113.66095733642578
-111.13188934326172
-118.42047882080078
-109.1226806640625
-111.43022155761719
-118.59925842285156
-118.31159973144531
-120.03886413574219
-117.84430694580078
-117.15237426757812
-112.37858581542969
-118.64461517333984
-119.9426040649414
-112.76176452636719
-112.44425964355469
-112.51000213623047
-115.64795684814453
-116.58195495605469
-112.43476104736328
-117.43377685546875
-104.6968994140625
-114.3372573852539
-116.37850189208984
-114.72918701171875
-116.084716796875
-112.55086517333984
-114.27983856201172
-114.37429809570312
-112.02843475341797
-114.89733123779297
-123.57952880859375
-117.87605285644531
-117.09869384765625
-117.92145538330078
-115.70337677001953
-114.49186706542969
-116.27316284179688
-117.23844146728516
-110.95610046386719
-116.66658782958984
-117.07959747314453
-110.47325897216797
-114.91256713867188
-113.63892364501953
-113.93546295166016
-113.09353637695312
-113.24942016601562
-116.53176879882812
-125.08397674560547
-111.4205551147461
-114.59336853027344
-119.00762939453125
-115.60550689697266
-116.88119506835938
-111.57123565673828
-115.97325134277344
-117.42972564697266
-107.41500854492188
-114.44634246826172
-122.62389373779297
-111.1858139038086
-113.41378784179688
-116.86270904541016
-118.14779663085938
-109.74118041992188
-116.27214050292969
-113.121337890625
-107.55489349365234
-114.7052230834961
-116.38831329345703
-109.89990997314453
-108.17594146728516
-118.80176544189453
-116.85330200195312
-113.9540023803711
-111.119140625
-113.05011749267578
-118.60177612304688
-116.3498306274414
-112.87569427490234
-109.85284423828125
-112.8853759765625
-109.82520294189453
-114.13615417480469
-116.53881072998047
-117.90215301513672
-110.20915985107422
-122.26624298095703
-111.16349792480469
-112.65850067138672
-109.55431365966797
-112.03842163085938
-107.26668548583984
-113.29046630859375
-114.04186248779297
-103.13124084472656
-114.78164672851562
-116.26861572265625
-115.67108154296875
-112.46185302734375
-120.62419891357422
-123.73954772949219
-107.3879623413086
-109.34580993652344
-123.07559967041016
-117.62399291992188
-108.28388977050781
-114.73625183105469
-112.29044342041016
-114.21038818359375
-108.92459106445312
-114.55891418457031
-116.00403594970703
-113.37751007080078
-107.10308074951172
-110.93675231933594
-119.39395141601562
-108.15812683105469
-101.90108489990234
-111.8306884765625
-110.76353454589844
-114.54934692382812
-109.63782501220703
-115.98341369628906
-118.56834411621094
-113.70752716064453
-111.40750122070312
-114.6618881225586
-114.4752426147461
-118.30548095703125
-112.81683349609375
-121.92903137207031
-110.42862701416016
-112.45414733886719
-114.41355895996094
-119.86714172363281
-115.14540100097656
-115.02104187011719
-111.55416870117188
-111.16267395019531
-120.51639556884766
-109.34927368164062
-111.82858276367188
-114.35962677001953
-111.17338562011719
-115.85409545898438
-112.50453186035156
-118.96973419189453
-114.67696380615234
-116.06227111816406
-116.00971221923828
-114.28425598144531
-118.47286224365234
-112.21157836914062
-117.01322937011719
-111.17041778564453
-110.52525329589844
-110.05889892578125
-119.26538848876953
-121.70186614990234
-116.25016021728516
-106.78388977050781
-114.00531768798828
-117.83480834960938
-117.70230102539062
-115.1186294555664
-113.18716430664062
-110.64030456542969
-115.77914428710938
-114.41510009765625
-112.68758392333984
-113.17620086669922
-113.20642852783203
-109.6876449584961
-112.31379699707031
-106.51972961425781
-114.05899047851562
-118.54618072509766
-115.05316925048828
-112.03839111328125
-116.59689331054688
-109.7425537109375
-111.2896728515625
-118.72181701660156
-111.78177642822266
-118.61542510986328
-112.24325561523438
-114.49535369873047
-105.60525512695312
-111.6822509765625
-116.4534683227539
-113.06229400634766
-112.02458190917969
-113.69465637207031
-111.14924621582031
-115.64478302001953
-110.14285278320312
-111.86346435546875
-112.3609619140625
-113.6708755493164
-117.23411560058594
-118.38277435302734
-113.49122619628906
-112.59915924072266
-107.81566619873047
-118.72391510009766
-107.98936462402344
-121.5811767578125
-113.6419906616211
-118.57759094238281
-110.34642028808594
-108.95985412597656
-112.51866149902344
-111.99581909179688
-112.36276245117188
-118.96944427490234
-117.1304931640625
-114.28650665283203
-110.77704620361328
-120.59730529785156
-114.93464660644531
-116.77118682861328
-119.34212493896484
-117.59163665771484
-114.82898712158203
-120.3185806274414
-113.7752685546875
-115.77471923828125
-110.32084655761719
-113.09446716308594
-114.0843276977539
-116.42081451416016
-115.61177062988281
-117.33313751220703
-115.29804229736328
-110.4080581665039
-117.79850769042969
-115.73207092285156
-112.30358123779297
-117.68828582763672
-106.93372344970703
-116.47694396972656
-113.27064514160156
-108.83819580078125
-115.83149719238281
-116.62371063232422
-111.61839294433594
-111.75843048095703
-117.72048950195312
-114.6131591796875
-115.67103576660156
-121.17668914794922
-105.53254699707031
-112.0821762084961
-105.1649169921875
-117.80658721923828
-109.8360824584961
-109.54632568359375
-115.23104858398438
-116.51622009277344
-116.5084228515625
-116.16663360595703
-113.32164001464844
-114.02619934082031
-115.98358917236328
-115.17639923095703
