-105.58312225341797
-117.47197723388672
-111.27143096923828
-114.90689849853516
-116.10906219482422
-112.44989776611328
-108.2387466430664
-99.95005798339844
-113.39497375488281
-106.08667755126953
-113.09110260009766
-110.79486083984375
-114.34843444824219
-111.94685363769531
-108.33232116699219
-105.92117309570312
-105.63287353515625
-115.85763549804688
-111.1776123046875
-105.57393646240234
-111.71845245361328
-108.77721405029297
-110.6302719116211
-113.03166198730469
-113.04409790039062
-117.97787475585938
-106.2731704711914
-113.9559326171875
-105.28668212890625
-106.2714614868164
-112.53943634033203
-119.17630004882812
-114.60187530517578
-116.72120666503906
-113.46673583984375
-106.98385620117188
-107.3165054321289
-108.93768310546875
-109.03872680664062
-109.47032165527344
-101.9368896484375
-104.17385864257812
-113.86441802978516
-106.74327850341797
-107.5333251953125
-116.61837005615234
-112.93077087402344
-110.47814178466797
-108.62184143066406
-108.82430267333984
-107.70530700683594
-109.22675323486328
-109.71340942382812
-120.43244171142578
-114.9383544921875
-112.3191146850586
-114.51199340820312
-106.06074523925781
-100.16877746582031
-117.30133056640625
-110.86273193359375
-112.248291015625
-107.14205932617188
-109.79039001464844
-111.50486755371094
-104.70466613769531
-111.45538330078125
-111.0797348022461
-111.17658996582031
-104.81550598144531
-111.1211166381836
-103.45095825195312
-103.57010650634766
-115.17594909667969
-111.46057891845703
-112.37288665771484
-107.77253723144531
-111.74238586425781
-109.7596664428711
-112.57422637939453
-106.83314514160156
-109.45386505126953
-102.03172302246094
-108.6211929321289
-112.41301727294922
-108.31509399414062
-111.81381225585938
-104.32691192626953
-112.80480194091797
-105.30325317382812
-107.51850128173828
-110.39168548583984
-109.54459381103516
-112.3540267944336
-114.66938781738281
-106.62926483154297
-109.25628662109375
-110.0889892578125
-109.28572082519531
-111.61046600341797
-110.9590835571289
-98.4991455078125
-115.42301940917969
-112.64692687988281
-108.22248840332031
-114.17899322509766
-112.44391632080078
-105.268310546875
-108.03035736083984
-104.08506774902344
-112.45448303222656
-97.81297302246094
-110.15778350830078
-104.11046600341797
-106.8089370727539
-106.3184585571289
-111.80817413330078
-109.01241302490234
-106.10261535644531
-104.673828125
-117.42183685302734
-109.29425811767578
-109.15737915039062
-105.60347747802734
-100.65963745117188
-112.98495483398438
-110.160888671875
-102.66947937011719
-111.16320037841797
-107.68052673339844
-104.00474548339844
-112.12171936035156
-103.8551025390625
-109.82282257080078
-105.31846618652344
-108.29745483398438
-108.31127166748047
-111.9666748046875
-108.97532653808594
-108.33185577392578
-111.34629821777344
-110.90351867675781
-107.98188018798828
-109.48262786865234
-111.23876953125
-107.24842834472656
-111.48734283447266
-107.6424560546875
-114.79932403564453
-112.35948181152344
-118.2873306274414
-105.50077056884766
-112.49910736083984
-112.54110717773438
-114.48793029785156
-116.80244445800781
-119.0260009765625
-111.7820816040039
-114.58834838867188
-105.34552764892578
-108.65452575683594
-110.54856872558594
-110.7286376953125
-104.84922790527344
-106.22802734375
-105.4195327758789
-111.25216674804688
-116.279052734375
-117.4735336303711
-109.85801696777344
-110.55204010009766
-100.04086303710938
-114.1901626586914
-107.43940734863281
-103.60567474365234
-110.34378814697266
-106.56523132324219
-106.9646987915039
-111.51625061035156
-104.79867553710938
-108.90160369873047
-115.70928192138672
-109.62596130371094
-109.96485900878906
-103.85625457763672
-112.75619506835938
-105.2815170288086
-111.28360748291016
-110.72628784179688
-110.3372573852539
-113.16827392578125
-104.78855895996094
-106.36405181884766
-111.70906066894531
-107.04290008544922
-109.60771179199219
-108.28376770019531
-114.22522735595703
-104.73621368408203
-110.6710205078125
-108.2845230102539
-108.30048370361328
-113.06358337402344
-101.99939727783203
-108.29964447021484
-112.82296752929688
-115.0588150024414
-105.2875747680664
-101.1372299194336
-114.99607849121094
-105.53951263427734
-110.48896789550781
-108.31781005859375
-116.08201599121094
-111.22056579589844
-111.03803253173828
-111.69318389892578
-106.6036605834961
-110.8692398071289
-106.59867858886719
-105.78407287597656
-114.9302749633789
-107.80067443847656
-115.10269927978516
-111.97174835205078
-113.60777282714844
-112.29589080810547
-110.77398681640625
-112.41006469726562
-114.3425521850586
-116.35407257080078
-118.51979064941406
-112.59135437011719
-110.82170104980469
-112.20777893066406
-104.6105728149414
-112.3535385131836
-111.59791564941406
-112.70114135742188
-107.52454376220703
-114.05408477783203
-107.83575439453125
-109.18550872802734
-110.82279968261719
-110.63467407226562
-111.32645416259766
-111.13040161132812
-111.95111846923828
-108.92558288574219
-107.4499740600586
-112.06375122070312
-112.37305450439453
-107.59455871582031
-102.36336517333984
-106.82677459716797
-111.00064849853516
-111.76498413085938
-119.7855224609375
-107.6977767944336
-114.03699493408203
-114.87467956542969
-107.49727630615234
-110.27027130126953
-103.48902893066406
-104.31117248535156
-111.68079376220703
-112.28882598876953
-103.24374389648438
-103.3787612915039
-110.4057846069336
-105.96954345703125
-110.73780059814453
-107.23772430419922
-111.53611755371094
-104.052001953125
-108.74420166015625
-111.44527435302734
-102.3860092163086
-107.53987884521484
-111.2353286743164
-103.92021179199219
-106.9899673461914
-111.4107666015625
-108.44083404541016
-102.44540405273438
-110.99642181396484
-107.02684020996094
-113.05624389648438
-114.74810028076172
-109.78353881835938
-111.584228515625
-105.6090316772461
-105.69657897949219
-111.23114776611328
-112.05809020996094
-110.632568359375
-109.17008209228516
-113.3593978881836
-109.5186767578125
-106.53887176513672
-108.81808471679688
-108.62736511230469
-113.79679870605469
-109.16388702392578
-113.52933502197266
-107.09705352783203
-106.23021697998047
-113.029296875
-111.76182556152344
-112.0174331665039
-111.12876892089844
-109.1077880859375
-109.45166015625
-111.23371124267578
-104.86573028564453
-108.78516387939453
-105.84524536132812
-113.50577545166016
-108.7348403930664
-109.45992279052734
-110.39854431152344
-115.04103088378906
-106.08547973632812
-103.17225646972656
-105.25252532958984
-114.9752426147461
-114.99212646484375
-104.76116180419922
-113.15339660644531
-112.82498168945312
-111.66182708740234
-106.29122924804688
-108.99482727050781
-110.56597137451172
-115.57843017578125
-112.55255126953125
-107.43769073486328
-111.51701354980469
-106.95700073242188
-114.99464416503906
-113.54429626464844
-109.83978271484375
-112.45391845703125
-108.75817108154297
-114.81261444091797
-105.26898193359375
-104.05142974853516
-105.50878143310547
-110.79425048828125
-116.30384063720703
-108.67963409423828
-112.23686981201172
-112.30984497070312
-113.37977600097656
-106.57229614257812
-112.80056762695312
-112.61763763427734
-115.22847747802734
-115.60401153564453
-112.02075958251953
-112.21646118164062
-113.44114685058594
-109.922607421875
-115.15705871582031
-109.97711944580078
-108.40623474121094
-110.58926391601562
-107.29258728027344
-112.57911682128906
-111.15994262695312
-108.52719116210938
-109.85404968261719
-104.16339111328125
-118.19963073730469
-110.69402313232422
-114.41319274902344
-106.07925415039062
-107.11251831054688
-103.7768325805664
-106.92908477783203
-108.84918212890625
-104.81646728515625
-106.41146087646484
-107.67940521240234
-111.9543228149414
-109.5556411743164
-107.81204986572266
-111.33818054199219
-113.0772933959961
-107.36417388916016
-105.5145263671875
-107.17866516113281
-108.9965591430664
-108.42828369140625
-108.04256439208984
-106.49364471435547
-101.68741607666016
-115.01189422607422
-103.5830078125
-106.80237579345703
-109.18350219726562
-107.90949249267578
-107.82052612304688
-106.74915313720703
-105.706787109375
-116.61703491210938
-103.08248901367188
-109.01397705078125
-108.44086456298828
-108.9146957397461
-119.4190444946289
-113.50428771972656
-111.67880249023438
-105.87818145751953
-104.80088806152344
-104.19586944580078
-115.61788177490234
-104.9168930053711
-105.80563354492188
-113.18972778320312
-111.08566284179688
-103.14473724365234
-106.484619140625
-115.5660629272461
-103.96143341064453
-106.0313949584961
-109.23634338378906
-105.23855590820312
-104.11344146728516
-113.76458740234375
-106.50640869140625
-114.54290771484375
-105.38343048095703
-106.40966796875
-104.47954559326172
-111.8945083618164
-110.36101531982422
-108.1586685180664
-111.33319854736328
-105.72411346435547
-109.55845642089844
-106.9983901977539
-113.65771484375
-99.35789489746094
-110.38880157470703
-104.85739135742188
-108.4448013305664
-106.68264770507812
-106.33898162841797
-111.68557739257812
-103.96977996826172
-113.67643737792969
-109.08717346191406
-107.75492858886719
-117.97210693359375
-109.23633575439453
-115.05049133300781
-111.93058013916016
-114.17154693603516
-104.1629638671875
-109.93806457519531
-105.69437408447266
-114.88810729980469
-100.1068115234375
-107.6309814453125
-113.74308776855469
-115.96062469482422
-111.10306549072266
-103.75942993164062
-101.94178771972656
-110.34101867675781
-106.48974609375
-109.26728057861328
-110.31369018554688
-107.50237274169922
-109.0592041015625
-106.35928344726562
-116.322021484375
-104.76525115966797
-106.6874771118164
-99.11029815673828
-108.78817749023438
-109.7400131225586
-101.01961517333984
-112.55097198486328
-104.5794677734375
-107.26795196533203
-100.60069274902344
-111.05793762207031
-112.01558685302734
-107.41060638427734
-105.17288970947266
-105.99740600585938
-111.3494873046875
-107.9600830078125
-110.99113464355469
-102.98506164550781
-109.23717498779297
-101.76164245605469
-107.5601806640625
-107.44308471679688
-109.69585418701172
-105.76974487304688
-106.12437438964844
-110.3750228881836
-109.72735595703125
-113.76224517822266
-106.25724029541016
-112.73085021972656
-111.90792846679688
-109.43206787109375
-112.0782470703125
-117.80565643310547
-107.43343353271484
-104.56698608398438
-106.38711547851562
-106.06204223632812
-104.10639190673828
-113.02522277832031
-107.57015228271484
-108.3868637084961
-105.15424346923828
-109.48814392089844
-110.97056579589844
-106.38231658935547
-111.27554321289062
-108.31770324707031
-115.5586166381836
-105.09822845458984
-105.91815948486328
-106.95156860351562
-110.09635925292969
-110.38229370117188
-115.31254577636719
-115.7167739868164
-104.7928695678711
-108.92676544189453
-110.50664520263672
-106.81334686279297
-109.17890930175781
-114.38473510742188
-108.30751037597656
-101.3765869140625
-112.86842346191406
-114.34148406982422
-102.85128021240234
-109.88279724121094
-104.50792694091797
-114.30331420898438
-112.59368133544922
-112.89675903320312
-105.956787109375
-108.5531005859375
-108.24900817871094
-111.21512603759766
-112.26152038574219
-110.60548400878906
-112.03777313232422
-112.43605041503906
-108.28819274902344
-112.84347534179688
-110.52442932128906
-105.11285400390625
-111.0985336303711
-114.85502624511719
-115.11847686767578
-111.83230590820312
-103.811279296875
-108.20694732666016
-115.42574310302734
-105.01335144042969
-103.61013793945312
-106.116455078125
-113.85862731933594
-100.9298095703125
-113.08297729492188
-102.59575653076172
-119.53682708740234
-113.86653137207031
-108.92460632324219
-110.59696197509766
-112.85718536376953
-111.18742370605469
-107.73601531982422
-110.6780776977539
-111.59080505371094
-106.23816680908203
-101.95631408691406
-109.43184661865234
-104.54907989501953
-109.01689147949219
-108.12289428710938
-107.98009490966797
-108.40129089355469
-106.37638092041016
-109.2105712890625
-103.90186309814453
-104.74773406982422
-113.71903991699219
-113.341552734375
-108.53611755371094
-108.98938751220703
-111.79353332519531
-110.11669158935547
-106.2805404663086
-107.16122436523438
-108.46365356445312
-103.92587280273438
-112.23529052734375
-109.43260192871094
-105.9097900390625
-110.33845520019531
-107.68207550048828
-117.49909973144531
-112.32569122314453
-108.56015014648438
-106.25590515136719
-109.41844940185547
-105.7217025756836
-105.32662963867188
-108.68243408203125
-105.21267700195312
-104.5230712890625
-105.27457427978516
-104.29893493652344
-108.31853485107422
-114.57789611816406
-107.64096069335938
-108.30110931396484
-114.27706146240234
-109.58238983154297
-108.35000610351562
-113.9621353149414
-107.31190490722656
-103.40763092041016
-109.64537048339844
-112.13976287841797
-107.7607421875
-104.071533203125
-116.32363891601562
-111.84974670410156
-116.24581146240234
-114.74873352050781
-107.03199768066406
-105.40663146972656
-102.60797119140625
-106.2947769165039
-107.872802734375
-104.86265563964844
-107.37557983398438
-109.9416275024414
-119.91419982910156
-110.95464324951172
-115.36485290527344
-114.87709045410156
-110.2582778930664
-105.59962463378906
-111.42303466796875
-105.59483337402344
-107.27932739257812
-115.08654022216797
-104.99864959716797
-112.00791931152344
-107.23358917236328
-102.123779296875
-106.87239837646484
-115.36189270019531
-107.60885620117188
-106.89729309082031
-110.33594512939453
-109.9905776977539
-114.807861328125
-108.44247436523438
-104.99661254882812
-112.60564422607422
-104.23294067382812
-104.90917205810547
-112.85570526123047
-111.73705291748047
-113.78810119628906
-111.95257568359375
-110.20785522460938
-107.74978637695312
-112.02265930175781
-111.86625671386719
-107.92800903320312
-106.99208068847656
-107.06568908691406
-109.23285675048828
-108.5645980834961
-104.72016143798828
-109.80073547363281
-98.81298828125
-106.69441223144531
-110.70996856689453
-108.03983306884766
-108.35345458984375
-103.92088317871094
-106.6817626953125
-108.29702758789062
-104.38202667236328
-108.42682647705078
-114.7336654663086
-114.09923553466797
-110.16635131835938
-110.4904556274414
-109.94001770019531
-107.58648681640625
-111.24119567871094
-112.22187805175781
-103.92206573486328
-110.38480377197266
-108.44837188720703
-106.33988189697266
-109.66053771972656
-108.07125091552734
-107.87609100341797
-107.46434020996094
-108.42052459716797
-111.82422637939453
-116.16209411621094
-107.47489929199219
-109.16390228271484
-111.30740356445312
-109.2546157836914
-111.00784301757812
-105.47148132324219
-107.43821716308594
-112.1897964477539
-100.8831787109375
-107.0319595336914
-116.53514099121094
-106.27664947509766
-107.21006774902344
-111.19949340820312
-111.14197540283203
-104.12488555908203
-111.14323425292969
-106.69615936279297
-102.2750015258789
-109.04138946533203
-109.91002655029297
-104.78311920166016
-103.64434814453125
-113.4217300415039
-109.9926528930664
-107.67195129394531
-105.468994140625
-107.3009033203125
-113.12602996826172
-109.97113800048828
-107.09500885009766
-103.35111236572266
-106.594970703125
-104.97111511230469
-108.23970031738281
-111.04846954345703
-110.34481811523438
-105.10086822509766
-115.63886260986328
-104.70237731933594
-108.04955291748047
-103.94122314453125
-106.73634338378906
-101.96153259277344
-106.361328125
-108.27291870117188
-99.02296447753906
-109.10279846191406
-111.03436279296875
-108.33242797851562
-106.33358764648438
-112.81494140625
-116.77006530761719
-103.44737243652344
-104.39433288574219
-115.62183380126953
-111.71186065673828
-103.22989654541016
-110.39241790771484
-106.69480895996094
-108.78997039794922
-105.28922271728516
-109.69631958007812
-109.95476531982422
-108.8228988647461
-103.54988861083984
-105.27889251708984
-111.276611328125
-102.49188995361328
-97.7510757446289
-105.00341796875
-106.91619873046875
-107.99703216552734
-103.59624481201172
-110.7282485961914
-112.25361633300781
-107.40061950683594
-105.52518463134766
-108.45088958740234
-109.25399780273438
-111.17446899414062
-108.70631408691406
-116.30413055419922
-104.17574310302734
-105.5458755493164
-108.82084655761719
-113.10321044921875
-106.67405700683594
-108.61283874511719
-107.1910629272461
-105.85247039794922
-114.30413818359375
-103.1396484375
-105.80667114257812
-107.74880981445312
-106.23056030273438
-110.86805725097656
-107.79084777832031
-112.53947448730469
-108.27018737792969
-110.19449615478516
-110.6204833984375
-107.66160583496094
-112.1661605834961
-109.28768920898438
-111.03242492675781
-107.323486328125
-105.50776672363281
-106.78565979003906
-114.3606185913086
-115.73252868652344
-111.10444641113281
-101.08576202392578
-107.80183410644531
-112.90242767333984
-113.51808166503906
-109.58393096923828
-108.55021667480469
-106.2462387084961
-111.26490020751953
-110.35270690917969
-109.61190795898438
-109.21680450439453
-110.00577545166016
-104.7354736328125
-106.99807739257812
-101.44236755371094
-109.17483520507812
-112.61642456054688
-110.11166381835938
-108.44450378417969
-111.6736068725586
-103.53507232666016
-105.16740417480469
-114.10993957519531
-106.71269226074219
-111.76934814453125
-108.31666564941406
-110.11156463623047
-100.33683013916016
-105.4885482788086
-111.04850006103516
-108.39956665039062
-107.99532318115234
-109.18702697753906
-107.2386474609375
-110.75434112548828
-105.26522827148438
-106.00748443603516
-108.00086975097656
-107.24655151367188
-111.78132629394531
-113.62185668945312
-108.22434997558594
-107.4122543334961
-103.66963958740234
-113.45403289794922
-101.73905944824219
-115.39231872558594
-107.51222229003906
-112.83621215820312
-104.5330810546875
-103.51178741455078
-105.73450469970703
-106.08565521240234
-107.54943084716797
-113.75054931640625
-112.50363159179688
-110.57757568359375
-103.76734161376953
-114.52177429199219
-110.26209259033203
-112.04873657226562
-113.82596588134766
-112.92035675048828
-108.84896850585938
-114.90638732910156
-108.46119689941406
-111.1104507446289
-105.32071685791016
-107.63168334960938
-109.00887298583984
-111.1271743774414
-112.01232147216797
-111.15633392333984
-110.44246673583984
-104.43572235107422
-110.77730560302734
-109.89844512939453
-107.75613403320312
-112.69819641113281
-103.18885040283203
-111.6097412109375
-108.81999206542969
-104.18659210205078
-110.9154052734375
-110.91976165771484
-107.41629028320312
-106.7730712890625
-112.33866119384766
-110.04013061523438
-111.46058654785156
-115.6097640991211
-100.81581115722656
-106.99526977539062
-100.84564208984375
-112.0811538696289
-103.59156799316406
-105.05888366699219
-107.83716583251953
-111.75173950195312
-111.79296875
-110.23558044433594
-106.94696044921875
-109.8570327758789
-109.72419738769531
-110.44349670410156
