-99.19113159179688
-112.24056243896484
-105.4985580444336
-108.98705291748047
-109.34025573730469
-108.55656433105469
-103.92061614990234
-94.68914794921875
-110.3645248413086
-100.87141418457031
-107.19683837890625
-106.08353424072266
-108.33412170410156
-106.19000244140625
-102.5866470336914
-100.70258331298828
-99.02312469482422
-111.20321655273438
-106.16758728027344
-101.0953598022461
-105.79957580566406
-104.78144836425781
-106.240966796875
-106.84996032714844
-107.83688354492188
-113.41075134277344
-102.20157623291016
-108.09662628173828
-98.70213317871094
-101.01902770996094
-106.01643371582031
-114.31230926513672
-108.58180236816406
-110.36402130126953
-109.24855041503906
-101.5805435180664
-100.01040649414062
-103.77851867675781
-106.60275268554688
-104.93608856201172
-96.01750183105469
-99.27643585205078
-106.1199722290039
-102.44908142089844
-102.39830017089844
-110.6263656616211
-107.71493530273438
-107.34779357910156
-103.51806640625
-103.36164093017578
-104.23502349853516
-102.13121032714844
-103.87198638916016
-115.12242889404297
-109.35186767578125
-106.9638671875
-108.30352783203125
-100.72136688232422
-96.18732452392578
-111.76782989501953
-103.31293487548828
-107.21331787109375
-100.43148803710938
-104.32916259765625
-105.38862609863281
-99.80833435058594
-107.10545349121094
-105.04487609863281
-105.72107696533203
-99.52828979492188
-106.29609680175781
-100.24100494384766
-99.99879455566406
-111.10858154296875
-104.54116821289062
-106.76070404052734
-101.40861511230469
-104.77082824707031
-102.75363159179688
-107.18508911132812
-102.22872161865234
-104.06665802001953
-97.72209167480469
-102.64495849609375
-108.14310455322266
-103.93492126464844
-107.85591125488281
-100.3274154663086
-107.8443374633789
-99.87298583984375
-102.21906280517578
-104.70588684082031
-105.47166442871094
-107.11467742919922
-108.12781524658203
-102.46490478515625
-104.59928131103516
-104.0327377319336
-103.1114273071289
-107.14392852783203
-105.5167236328125
-95.68985748291016
-108.51421356201172
-106.54939270019531
-103.01696014404297
-109.64738464355469
-107.60652923583984
-100.16314697265625
-103.29985809326172
-99.8791732788086
-108.14173889160156
-94.42949676513672
-105.0197525024414
-98.65252685546875
-102.34117126464844
-101.44515228271484
-107.10383605957031
-103.43391418457031
-102.5680160522461
-97.42274475097656
-112.78670501708984
-104.02751159667969
-104.1133804321289
-99.13663482666016
-95.87745666503906
-107.22328186035156
-103.5348892211914
-98.2635269165039
-107.01290893554688
-106.4181137084961
-99.91963958740234
-106.91281127929688
-98.85714721679688
-103.62503814697266
-99.57735443115234
-101.55406188964844
-101.93269348144531
-107.998291015625
-103.87407684326172
-102.02165985107422
-106.36836242675781
-104.3876724243164
-102.00113677978516
-103.91956329345703
-106.15740203857422
-99.51044464111328
-104.97579956054688
-102.9103775024414
-107.80206298828125
-106.87339782714844
-110.83092498779297
-99.42951202392578
-106.18791198730469
-106.373291015625
-108.7799301147461
-110.88045501708984
-110.90837860107422
-105.9931411743164
-108.48304748535156
-99.95340728759766
-103.47930908203125
-102.91445922851562
-106.02182006835938
-100.2093276977539
-102.13311767578125
-99.92483520507812
-107.49951171875
-110.01467895507812
-110.08200073242188
-106.69667053222656
-104.85433197021484
-95.50348663330078
-107.00608825683594
-103.90121459960938
-98.41738891601562
-105.30197143554688
-103.86312866210938
-103.33187103271484
-107.00997161865234
-99.72262573242188
-104.46430206298828
-110.25566101074219
-103.65039825439453
-105.37715911865234
-99.27649688720703
-105.89877319335938
-99.80037689208984
-106.72667694091797
-105.54901123046875
-106.38442993164062
-107.94745635986328
-100.49282836914062
-100.26551818847656
-105.13945770263672
-102.579833984375
-104.0239028930664
-103.11032104492188
-109.1956787109375
-99.04508972167969
-104.58162689208984
-101.7386245727539
-101.9583511352539
-107.75009155273438
-98.56478118896484
-102.96927642822266
-106.58756256103516
-110.51953125
-99.78175354003906
-96.22815704345703
-107.48533630371094
-101.93541717529297
-105.219970703125
-100.48640441894531
-110.81035614013672
-104.78113555908203
-107.1277847290039
-105.23150634765625
-101.15583038330078
-105.94660949707031
-101.53435516357422
-101.04544830322266
-110.12907409667969
-101.49018859863281
-107.27256774902344
-105.82250213623047
-107.75381469726562
-106.77901458740234
-103.8705062866211
-107.16648864746094
-108.17882537841797
-109.95082092285156
-112.61384582519531
-106.70890045166016
-104.31639099121094
-107.25528717041016
-98.84736633300781
-106.04676055908203
-106.3221435546875
-107.9265365600586
-102.03702545166016
-108.02291107177734
-103.4337387084961
-103.94512176513672
-108.20578002929688
-104.47290802001953
-106.7853012084961
-104.61296081542969
-108.47931671142578
-104.90475463867188
-102.80477142333984
-108.52426147460938
-107.31007385253906
-101.67879486083984
-98.68017578125
-102.79198455810547
-102.14957427978516
-105.25812530517578
-112.98273468017578
-102.17021179199219
-107.91136169433594
-108.83026885986328
-105.11568450927734
-104.65453338623047
-99.39911651611328
-100.0439682006836
-107.06163024902344
-106.77437591552734
-97.76538848876953
-98.14955139160156
-105.06277465820312
-102.64840698242188
-106.49737548828125
-102.58172607421875
-107.508056640625
-100.65232849121094
-103.93708801269531
-107.28472137451172
-98.25364685058594
-104.15364837646484
-108.40948486328125
-98.78555297851562
-102.38443756103516
-107.56513214111328
-101.18196105957031
-98.94275665283203
-105.3006362915039
-102.3538589477539
-107.2101058959961
-109.5897445678711
-105.18936920166016
-104.84246826171875
-98.45561981201172
-102.54725646972656
-106.64068603515625
-106.7608642578125
-104.30921936035156
-103.31771087646484
-108.03196716308594
-103.3174819946289
-100.44880676269531
-104.17082214355469
-103.05792236328125
-107.90067291259766
-104.70835876464844
-106.27535247802734
-101.57006072998047
-101.2071533203125
-108.57898712158203
-105.94670867919922
-106.27965545654297
-105.39277648925781
-103.95503997802734
-101.84892272949219
-106.2010269165039
-99.5873031616211
-104.77490997314453
-101.50376892089844
-106.35813903808594
-103.35389709472656
-105.42870330810547
-105.15287780761719
-109.91541290283203
-101.37767791748047
-100.96314239501953
-100.5261001586914
-107.7514877319336
-109.65318298339844
-100.4736328125
-108.3744888305664
-105.75952911376953
-105.95575714111328
-102.73326110839844
-103.93077850341797
-105.59468078613281
-110.94445037841797
-108.58939361572266
-102.8055419921875
-107.08676147460938
-101.67948913574219
-109.33683013916016
-110.00918579101562
-105.55440521240234
-108.18057250976562
-104.17533874511719
-110.07037353515625
-99.77517700195312
-98.9283676147461
-102.17523956298828
-106.2176284790039
-111.4908447265625
-102.73851776123047
-106.77949523925781
-107.95756530761719
-109.44464874267578
-101.0223388671875
-107.86697387695312
-107.89024353027344
-110.46851348876953
-110.37846374511719
-107.16011047363281
-107.8062515258789
-107.58403778076172
-105.67376708984375
-110.08431243896484
-105.09583282470703
-104.73931121826172
-106.4681167602539
-104.22410583496094
-107.76891326904297
-106.1402816772461
-104.60713195800781
-105.87394714355469
-99.26396179199219
-111.21783447265625
-105.3522720336914
-110.8653564453125
-101.08318328857422
-103.51441192626953
-99.03945922851562
-102.58296203613281
-104.4794921875
-100.16580963134766
-102.0044937133789
-102.32463836669922
-105.9077377319336
-103.94298553466797
-104.22688293457031
-105.11601257324219
-108.93783569335938
-104.04066467285156
-101.22399139404297
-102.22138214111328
-105.34903717041016
-104.3305892944336
-102.74588012695312
-101.52726745605469
-98.89258575439453
-109.2228012084961
-99.87773895263672
-102.15816497802734
-104.38307189941406
-103.32036590576172
-104.02800750732422
-101.27395629882812
-101.72211456298828
-113.15213012695312
-98.54143524169922
-103.01832580566406
-103.71690368652344
-105.62496185302734
-113.6226806640625
-107.08159637451172
-106.68667602539062
-99.83927917480469
-99.42581176757812
-98.27178955078125
-110.31681823730469
-100.6190414428711
-101.77286529541016
-107.17877197265625
-105.70574188232422
-98.7986068725586
-103.36640930175781
-110.86852264404297
-99.76881408691406
-101.5775146484375
-104.11388397216797
-99.44190979003906
-99.62796020507812
-108.42035675048828
-101.82841491699219
-110.13258361816406
-100.03614044189453
-103.23970031738281
-100.51075744628906
-107.0107650756836
-104.23428344726562
-104.16619110107422
-106.4101333618164
-100.86306762695312
-104.40951538085938
-103.34668731689453
-109.17089080810547
-95.24288177490234
-105.63668060302734
-100.88078308105469
-105.66584014892578
-101.51644134521484
-101.45589447021484
-107.4475326538086
-99.58128356933594
-108.79208374023438
-103.8826904296875
-100.65070343017578
-111.6455078125
-103.22987365722656
-109.71903228759766
-107.62962341308594
-108.54655456542969
-98.43610382080078
-105.58065795898438
-101.3310546875
-110.50574493408203
-94.71192932128906
-103.27645874023438
-108.86898040771484
-111.21200561523438
-107.07307434082031
-99.44834899902344
-99.75344848632812
-105.85961151123047
-101.5488052368164
-104.39714050292969
-105.71886444091797
-101.45706176757812
-102.48279571533203
-102.84017181396484
-111.63988494873047
-100.15103912353516
-100.82823181152344
-93.80754089355469
-103.14253997802734
-105.49347686767578
-97.04401397705078
-106.47730255126953
-102.25254821777344
-104.5191879272461
-97.45648193359375
-107.25867462158203
-107.36685943603516
-100.3717041015625
-100.76736450195312
-101.03157806396484
-106.63021087646484
-101.86527252197266
-106.23762512207031
-98.95665740966797
-103.9019775390625
-97.88264465332031
-104.78633880615234
-103.80199432373047
-105.93708038330078
-100.96297454833984
-100.18773651123047
-104.27278900146484
-104.63180541992188
-109.92354583740234
-99.81414794921875
-104.89302825927734
-105.22845458984375
-103.57381439208984
-106.3228988647461
-111.38727569580078
-101.80923461914062
-100.17716217041016
-100.59335327148438
-102.90373229980469
-100.78446960449219
-110.86642456054688
-101.48041534423828
-103.79957580566406
-102.94470977783203
-105.71530151367188
-105.42506408691406
-100.31956481933594
-106.11627197265625
-103.8452377319336
-110.81014251708984
-100.7528305053711
-101.47350311279297
-103.45811462402344
-104.46057891845703
-103.19253540039062
-109.53890991210938
-109.79265594482422
-100.7246322631836
-103.748779296875
-105.25411224365234
-101.57779693603516
-105.49552917480469
-109.27191162109375
-103.39350891113281
-99.39439392089844
-106.96674346923828
-108.28113555908203
-98.44209289550781
-104.25181579589844
-99.01673126220703
-109.84415435791016
-107.01270294189453
-108.72834777832031
-101.97818756103516
-103.36557006835938
-103.32901000976562
-105.69076538085938
-106.69573974609375
-105.51080322265625
-107.2348861694336
-107.86302185058594
-102.79425048828125
-107.594970703125
-105.4130859375
-100.7553939819336
-105.50653076171875
-111.39244842529297
-108.85736846923828
-107.32400512695312
-100.8940200805664
-102.9641342163086
-110.36040496826172
-100.75465393066406
-100.2047119140625
-101.14359283447266
-108.93659973144531
-96.85883331298828
-108.49598693847656
-98.7801513671875
-114.93804168701172
-107.74156188964844
-104.20903015136719
-106.61370849609375
-107.37593078613281
-105.5251693725586
-101.56205749511719
-105.60813903808594
-107.20439147949219
-102.59026336669922
-97.89387512207031
-103.63592529296875
-99.70947265625
-103.54024505615234
-102.98712921142578
-102.6549301147461
-104.19444274902344
-103.08040618896484
-105.20093536376953
-99.67112731933594
-101.44789123535156
-109.18901824951172
-109.66145324707031
-102.98606872558594
-103.79759216308594
-105.06863403320312
-107.32308197021484
-100.82413482666016
-102.05060577392578
-105.25491333007812
-100.3053970336914
-106.61878967285156
-104.34358215332031
-99.89120483398438
-107.053466796875
-102.16067504882812
-112.13932800292969
-106.4576187133789
-103.11895751953125
-100.2816390991211
-103.98345947265625
-101.23201751708984
-99.95597839355469
-102.76701354980469
-100.20711517333984
-100.66365051269531
-100.56917572021484
-99.89340209960938
-103.17488861083984
-109.30207061767578
-102.61656951904297
-103.55128479003906
-108.50155639648438
-103.87948608398438
-104.8613052368164
-107.36216735839844
-101.72782135009766
-99.66081237792969
-104.22100830078125
-107.69109344482422
-102.98272705078125
-98.14966583251953
-109.37000274658203
-107.4185562133789
-112.91796875
-110.82835388183594
-103.36514282226562
-99.92414093017578
-97.12190246582031
-101.72930908203125
-102.968017578125
-99.45812225341797
-101.70293426513672
-105.09258270263672
-114.88898468017578
-105.36135864257812
-109.69818878173828
-109.10513305664062
-105.44806671142578
-102.25233459472656
-106.2634506225586
-101.45757293701172
-104.26504516601562
-110.09815979003906
-100.49066162109375
-108.22290802001953
-102.27766418457031
-99.47923278808594
-104.53387451171875
-109.9434814453125
-102.7004623413086
-102.3181381225586
-107.85035705566406
-106.49974060058594
-109.11111450195312
-104.91875457763672
-100.85676574707031
-107.3243637084961
-101.38944244384766
-102.38517761230469
-108.59049987792969
-109.19775390625
-109.62300109863281
-108.03379821777344
-105.61189270019531
-102.79403686523438
-107.9308853149414
-106.01074981689453
-103.68177032470703
-102.89996337890625
-103.68199920654297
-105.1404800415039
-105.56068420410156
-99.4450912475586
-105.51441192626953
-96.0870132446289
-103.1961441040039
-104.94512176513672
-103.82063293457031
-104.10107421875
-100.43419647216797
-102.7170181274414
-103.18994140625
-101.00151062011719
-102.88292694091797
-110.18017578125
-108.92772674560547
-104.28221893310547
-103.98329162597656
-106.05418395996094
-101.65645599365234
-108.43431854248047
-105.5921859741211
-100.95513916015625
-105.58970642089844
-104.018798828125
-102.18342590332031
-104.3705825805664
-102.15836334228516
-102.8962631225586
-100.05815887451172
-102.25147247314453
-109.0640869140625
-111.54989624023438
-103.29342651367188
-103.53948974609375
-107.42105865478516
-104.91773223876953
-106.67699432373047
-100.695556640625
-103.21268463134766
-106.65852355957031
-98.02816772460938
-103.74027252197266
-109.04244995117188
-101.62258911132812
-104.7254867553711
-105.5700912475586
-106.39598846435547
-99.32089233398438
-105.53263854980469
-102.87052154541016
-97.54800415039062
-101.49604034423828
-105.13178253173828
-102.45905303955078
-101.30039978027344
-108.42947387695312
-106.79530334472656
-103.3358383178711
-102.31816101074219
-104.90167236328125
-109.86512756347656
-104.72677612304688
-103.68789672851562
-99.71333312988281
-105.08842468261719
-101.31273651123047
-102.7225112915039
-105.38135528564453
-106.66264343261719
-101.83631134033203
-110.70199584960938
-101.71654510498047
-102.47187805175781
-98.72547149658203
-102.4125747680664
-99.34246063232422
-101.26839447021484
-102.49828338623047
-95.2493667602539
-107.24053955078125
-106.90066528320312
-103.76166534423828
-101.69334411621094
-110.38801574707031
-113.1534194946289
-99.63797760009766
-99.11271667480469
-110.3320541381836
-109.1120834350586
-97.90502166748047
-106.07923889160156
-102.03616333007812
-103.61363983154297
-98.56822967529297
-103.47478485107422
-104.8693618774414
-103.39154815673828
-98.4493637084961
-104.13404846191406
-106.25291442871094
-98.09073638916016
-93.23064422607422
-101.27913665771484
-103.87084197998047
-103.48645782470703
-100.9201889038086
-106.10847473144531
-107.55598449707031
-103.8528060913086
-101.08688354492188
-103.27996063232422
-104.33390808105469
-106.9515609741211
-102.44850158691406
-109.95050048828125
-100.67675018310547
-102.48707580566406
-103.9007568359375
-109.50878143310547
-103.50469970703125
-105.0511245727539
-103.6222915649414
-102.09850311279297
-110.71450805664062
-100.1689453125
-101.018798828125
-103.15970611572266
-101.9717788696289
-105.09064483642578
-103.05656433105469
-108.36732482910156
-103.38153839111328
-103.83918762207031
-106.1660385131836
-103.05693817138672
-105.99039459228516
-104.6344985961914
-108.06169891357422
-102.75720977783203
-99.62599182128906
-102.33155822753906
-109.46102142333984
-113.0374755859375
-105.59881591796875
-98.51936340332031
-104.94334411621094
-107.81719970703125
-109.00611877441406
-105.58280181884766
-102.4297866821289
-102.72771453857422
-106.62806701660156
-105.43350219726562
-104.80555725097656
-104.4922103881836
-103.7305908203125
-101.16040802001953
-101.7859878540039
-97.12759399414062
-104.79209899902344
-107.6034164428711
-104.75672912597656
-105.09524536132812
-106.3164291381836
-99.1047592163086
-100.43698120117188
-109.48983001708984
-102.39807891845703
-107.96028900146484
-104.17084503173828
-105.00457763671875
-97.754638671875
-100.51742553710938
-106.68840026855469
-102.1431655883789
-101.96263122558594
-103.92184448242188
-101.36618041992188
-107.97467803955078
-101.74409484863281
-102.66967010498047
-103.982177734375
-104.55116271972656
-108.58007049560547
-108.0562744140625
-102.69933319091797
-103.54573059082031
-99.4735336303711
-108.24165344238281
-98.2618408203125
-111.49897766113281
-104.4280014038086
-108.04346466064453
-101.45926666259766
-101.42044067382812
-101.65650177001953
-102.6470718383789
-103.18830871582031
-107.82838439941406
-107.80439758300781
-106.379150390625
-99.40705108642578
-109.00249481201172
-104.67754364013672
-107.27568817138672
-110.55577087402344
-108.28955841064453
-105.93358612060547
-111.29886627197266
-104.01937103271484
-107.07779693603516
-101.06803131103516
-103.94499969482422
-105.00818634033203
-106.64080810546875
-107.65941619873047
-106.34430694580078
-107.30484008789062
-102.0443115234375
-106.63639831542969
-105.30062866210938
-100.67059326171875
-108.63243865966797
-99.60955047607422
-108.12339782714844
-104.81201934814453
-100.2380142211914
-105.5706558227539
-106.52889251708984
-102.59678649902344
-102.86700439453125
-106.22930908203125
-105.20252227783203
-105.98861694335938
-111.16975402832031
-96.8328857421875
-103.34444427490234
-97.63319396972656
-107.32242584228516
-99.16461181640625
-102.98112487792969
-104.76040649414062
-105.55131530761719
-107.55477905273438
-107.42803955078125
-102.67683410644531
-105.46453094482422
-105.04920196533203
-105.80760192871094
