-97.47357177734375
-110.66681671142578
-104.81607818603516
-109.01473236083984
-107.9210205078125
-107.02841186523438
-102.10871124267578
-94.81321716308594
-108.85515594482422
-100.30174255371094
-107.41966247558594
-106.66166687011719
-108.34152221679688
-105.78138732910156
-102.0951919555664
-99.77066802978516
-96.98587036132812
-109.78842163085938
-104.63114929199219
-101.02787017822266
-104.29107666015625
-104.07246398925781
-103.70487213134766
-106.72480773925781
-107.53469848632812
-112.66004943847656
-100.1239013671875
-106.78897857666016
-98.61646270751953
-99.35741424560547
-105.58456420898438
-112.63189697265625
-107.53931427001953
-109.41032409667969
-106.62335205078125
-99.7873306274414
-100.35730743408203
-103.46964263916016
-105.18708801269531
-102.81632995605469
-97.4006576538086
-98.8590316772461
-105.128662109375
-100.5510025024414
-101.56137084960938
-107.89635467529297
-105.8442153930664
-107.0487289428711
-102.50341033935547
-102.66194152832031
-103.11143493652344
-101.4828872680664
-103.50315856933594
-112.44721221923828
-107.77477264404297
-105.46614074707031
-106.6409912109375
-100.12387084960938
-95.27560424804688
-110.3422622680664
-103.1681900024414
-105.35021209716797
-99.2696762084961
-102.90349578857422
-103.20352935791016
-98.67839813232422
-106.92741394042969
-105.45823669433594
-105.29463958740234
-99.87016296386719
-104.59956359863281
-98.45455932617188
-99.3262710571289
-109.17698669433594
-104.40166473388672
-104.76505279541016
-100.5700454711914
-104.15185546875
-101.59333038330078
-106.45252227783203
-101.2093276977539
-102.07696533203125
-96.05643463134766
-103.2166519165039
-107.74140167236328
-104.41969299316406
-104.89366149902344
-98.2116928100586
-105.62069702148438
-99.90591430664062
-102.41403198242188
-103.92704010009766
-103.15955352783203
-106.49124145507812
-107.94071197509766
-101.93895721435547
-103.55094909667969
-102.84963989257812
-102.00299072265625
-106.90699005126953
-104.28829193115234
-95.57765197753906
-108.4848403930664
-105.83504486083984
-103.08123779296875
-107.68038177490234
-105.22017669677734
-99.71785736083984
-101.90464782714844
-97.7642822265625
-107.8902816772461
-95.02034759521484
-104.11136627197266
-98.1152572631836
-100.9085464477539
-98.60533142089844
-105.635009765625
-101.20455169677734
-102.31610107421875
-98.1807861328125
-111.82164764404297
-101.78168487548828
-103.60794830322266
-99.23859405517578
-94.40233612060547
-106.05558776855469
-102.62584686279297
-97.60491943359375
-105.76995086669922
-103.51292419433594
-97.54316711425781
-106.16889953613281
-97.96672058105469
-100.7238998413086
-98.74081420898438
-101.38874053955078
-101.36174011230469
-106.68991088867188
-103.35401916503906
-100.53544616699219
-105.95594787597656
-103.8076171875
-102.0570068359375
-103.37266540527344
-105.14443969726562
-99.95947265625
-105.92471313476562
-102.27067565917969
-107.35792541503906
-106.81965637207031
-110.16413879394531
-98.13987731933594
-106.43598175048828
-106.899169921875
-107.75695037841797
-109.964599609375
-111.7503662109375
-104.9046630859375
-108.59626007080078
-99.0395278930664
-101.88639068603516
-102.59725952148438
-105.75328063964844
-101.01659393310547
-99.21624755859375
-99.35734558105469
-105.3282699584961
-108.26080322265625
-109.95712280273438
-105.18698120117188
-104.20911407470703
-94.02841186523438
-105.9744644165039
-103.66413879394531
-98.37872314453125
-103.95245361328125
-102.91251373291016
-101.16311645507812
-106.42913818359375
-99.14920043945312
-104.94818878173828
-111.16277313232422
-102.84980773925781
-103.47965240478516
-98.44811248779297
-105.05902862548828
-98.60789489746094
-105.65534210205078
-104.99625396728516
-105.01309967041016
-107.52632141113281
-98.8197250366211
-100.97599029541016
-106.42113494873047
-101.15121459960938
-101.85431671142578
-101.01102447509766
-107.2622299194336
-97.87793731689453
-102.34603881835938
-100.79876708984375
-103.24701690673828
-106.42430877685547
-96.94762420654297
-103.66535186767578
-104.64143371582031
-109.31941223144531
-99.76187896728516
-96.24598693847656
-107.68441009521484
-101.5416488647461
-104.52428436279297
-100.11642456054688
-111.88700103759766
-104.14157104492188
-105.48014831542969
-103.94462585449219
-100.28546142578125
-105.07889556884766
-102.22508239746094
-99.91368103027344
-108.85502624511719
-100.4871597290039
-107.73163604736328
-104.95252990722656
-108.04290008544922
-106.35237121582031
-103.1451187133789
-106.70178985595703
-107.70167541503906
-108.78765869140625
-112.60688018798828
-106.86959075927734
-104.87189483642578
-108.3174057006836
-98.20291137695312
-104.54135131835938
-106.26882934570312
-106.66194915771484
-101.9144058227539
-107.39527893066406
-102.57659149169922
-103.67265319824219
-106.96514129638672
-102.89153289794922
-106.40860748291016
-104.85222625732422
-107.93132019042969
-102.89057159423828
-100.6695785522461
-107.75752258300781
-107.00753021240234
-99.97410583496094
-97.13849639892578
-100.81846618652344
-102.65966796875
-104.63040924072266
-113.80732727050781
-101.76992797851562
-107.38862609863281
-108.73696899414062
-103.09930419921875
-104.1322250366211
-99.39125061035156
-98.77702331542969
-105.23979187011719
-107.41580963134766
-97.92276763916016
-97.69198608398438
-105.7343521118164
-100.68199157714844
-103.52416229248047
-101.4091796875
-106.63787841796875
-98.314697265625
-101.78308868408203
-106.3331527709961
-97.31614685058594
-102.95489501953125
-106.26092529296875
-98.58859252929688
-102.7909164428711
-106.01590728759766
-100.40489959716797
-97.71027374267578
-105.54627990722656
-101.61506652832031
-107.0787582397461
-107.94799041748047
-103.49541473388672
-104.05184936523438
-98.578857421875
-100.46634674072266
-104.96350860595703
-107.3070297241211
-103.43218231201172
-101.94690704345703
-107.57865905761719
-103.38524627685547
-99.35128784179688
-103.6517333984375
-102.10646057128906
-107.91910552978516
-103.79476928710938
-105.36180114746094
-101.06134033203125
-100.42269897460938
-107.5168685913086
-104.28719329833984
-106.58230590820312
-106.36457061767578
-104.59517669677734
-101.54490661621094
-105.20208740234375
-98.06413269042969
-104.17723083496094
-100.20664978027344
-105.72122192382812
-103.21366119384766
-104.24771118164062
-104.41449737548828
-108.21226501464844
-99.44354248046875
-98.33714294433594
-98.51734161376953
-106.84449768066406
-109.86815643310547
-100.38821411132812
-107.53076171875
-104.78582763671875
-106.28983306884766
-101.87686920166016
-103.35894775390625
-105.10115814208984
-110.33777618408203
-108.1949234008789
-104.781005859375
-107.47205352783203
-99.88213348388672
-108.31565856933594
-109.61537170410156
-104.18449401855469
-107.72809600830078
-104.6070556640625
-110.26626586914062
-99.58732604980469
-99.68408203125
-100.60897827148438
-106.18478393554688
-110.28416442871094
-103.2206039428711
-106.8206787109375
-106.30927276611328
-107.74797058105469
-101.11756896972656
-107.41702270507812
-107.1534194946289
-109.44115447998047
-109.19598388671875
-107.63624572753906
-105.71066284179688
-106.58834075927734
-104.17350769042969
-108.68927001953125
-103.42500305175781
-102.6766357421875
-105.3982925415039
-102.44117736816406
-107.96930694580078
-104.22807312011719
-103.6741943359375
-103.54505157470703
-97.0615463256836
-109.23442840576172
-106.13433837890625
-108.83802032470703
-99.76779174804688
-101.88053894042969
-97.158203125
-101.11061096191406
-103.22195434570312
-98.55420684814453
-101.5394515991211
-100.25770568847656
-104.50901794433594
-103.60411834716797
-102.86210632324219
-103.7234115600586
-107.1954345703125
-102.63594055175781
-99.51280975341797
-101.47586059570312
-103.0062026977539
-103.54231262207031
-102.3976058959961
-101.65617370605469
-95.52824401855469
-108.82230377197266
-100.66773223876953
-100.80929565429688
-104.26072692871094
-101.25605773925781
-102.46026611328125
-100.9761962890625
-100.36572265625
-112.55919647216797
-97.0570068359375
-103.1323471069336
-103.34138488769531
-103.736083984375
-112.10183715820312
-105.93316650390625
-106.16822052001953
-99.76631927490234
-101.06977844238281
-97.76316833496094
-110.0080795288086
-101.96154022216797
-101.521484375
-108.65958404541016
-105.76744079589844
-97.93292999267578
-102.66620635986328
-109.51770782470703
-100.49476623535156
-100.13130187988281
-102.71170806884766
-100.36227416992188
-99.85010528564453
-108.21882629394531
-99.89480590820312
-108.45921325683594
-100.83953094482422
-102.64997100830078
-100.48831939697266
-106.80530548095703
-103.7904281616211
-104.07553100585938
-104.94438934326172
-100.58152770996094
-106.0062255859375
-103.4236068725586
-109.568359375
-94.5381088256836
-104.9408187866211
-101.55350494384766
-104.76277160644531
-101.49337768554688
-101.68183898925781
-105.37631225585938
-99.97764587402344
-107.2375259399414
-102.44868469238281
-101.28942108154297
-111.3473129272461
-103.23979949951172
-107.45214080810547
-105.2077865600586
-108.28277587890625
-99.65486907958984
-103.9287338256836
-99.51174926757812
-111.2314224243164
-94.53349304199219
-104.13269805908203
-108.4092025756836
-109.96294403076172
-105.78758239746094
-98.9811782836914
-99.1539077758789
-104.23095703125
-100.98052978515625
-102.81684875488281
-104.63406372070312
-102.01448059082031
-101.13301086425781
-101.24012756347656
-110.45587158203125
-98.31986236572266
-100.51161193847656
-93.72016906738281
-102.95401763916016
-103.86653137207031
-96.62727355957031
-106.61412811279297
-100.23825073242188
-102.31243896484375
-96.32140350341797
-106.3193588256836
-106.3144302368164
-100.99264526367188
-99.69351196289062
-100.8048095703125
-106.7761001586914
-101.97358703613281
-105.1938247680664
-98.80294036865234
-102.21986389160156
-97.8831558227539
-104.24320983886719
-101.65892791748047
-104.62255859375
-100.43488311767578
-101.45497131347656
-103.24552154541016
-104.57785034179688
-107.79185485839844
-99.55887603759766
-103.57535552978516
-105.06822967529297
-102.2259292602539
-104.42019653320312
-111.99797058105469
-102.17189025878906
-99.27783203125
-99.80485534667969
-101.61836242675781
-99.04676055908203
-109.1978759765625
-101.75707244873047
-102.24993133544922
-100.4668197631836
-105.35726928710938
-103.97935485839844
-99.52033233642578
-104.11812591552734
-102.82589721679688
-108.71300506591797
-99.8199691772461
-100.39977264404297
-102.07894134521484
-102.31462860107422
-103.34996032714844
-108.37525939941406
-109.63838958740234
-99.03764343261719
-103.0933837890625
-103.67243194580078
-99.62273406982422
-103.40000915527344
-108.06901550292969
-102.65616607666016
-97.77494812011719
-106.37315368652344
-107.41117095947266
-98.0749740600586
-103.89351654052734
-98.97187805175781
-110.0054702758789
-107.25302124023438
-107.94070434570312
-100.9369125366211
-102.51069641113281
-103.6356430053711
-104.17842102050781
-106.87351989746094
-106.05029296875
-107.85313415527344
-106.1648941040039
-103.55709075927734
-106.39244842529297
-105.50535583496094
-99.5955581665039
-104.78616333007812
-109.58126831054688
-110.1240463256836
-105.53932189941406
-99.92082977294922
-103.04035949707031
-110.17431640625
-99.98431396484375
-98.87109375
-99.17510223388672
-107.00389099121094
-96.45073699951172
-106.81898498535156
-97.86419677734375
-114.5550308227539
-108.25250244140625
-102.65921783447266
-104.53654479980469
-109.40550994873047
-105.68067932128906
-100.95256042480469
-105.22665405273438
-106.63529205322266
-102.65911865234375
-97.10050964355469
-102.7804946899414
-98.4352035522461
-104.25209045410156
-102.05529022216797
-101.9292984008789
-103.51792907714844
-101.3654556274414
-104.49140930175781
-98.9883804321289
-100.62410736083984
-107.31073760986328
-108.79664611816406
-102.79874420166016
-102.53424072265625
-105.39108276367188
-104.69068145751953
-100.30445098876953
-102.39226531982422
-102.83464050292969
-99.66893768310547
-106.50202941894531
-105.69493103027344
-98.93978118896484
-104.60770416259766
-101.06241607666016
-109.003662109375
-105.36502075195312
-102.9957275390625
-99.65948486328125
-104.09930419921875
-100.67648315429688
-99.5447998046875
-102.17556762695312
-98.79717254638672
-99.14205932617188
-100.74633026123047
-99.34945678710938
-103.75007629394531
-109.54145812988281
-101.98470306396484
-103.66455841064453
-107.65673065185547
-103.85055541992188
-104.44122314453125
-107.09056854248047
-102.31434631347656
-100.21800994873047
-103.45602416992188
-107.00941467285156
-103.2535171508789
-97.10731506347656
-108.67916107177734
-106.28047943115234
-110.96864318847656
-110.10567474365234
-103.46101379394531
-98.55902099609375
-95.7903823852539
-100.54124450683594
-101.8839340209961
-98.79228973388672
-101.60316467285156
-103.49375915527344
-113.17179870605469
-105.98043060302734
-108.6275634765625
-108.00856018066406
-104.6957015991211
-102.08399200439453
-105.17649841308594
-101.94776916503906
-104.01904296875
-109.55168151855469
-99.69449615478516
-105.18645477294922
-100.077392578125
-98.43622589111328
-103.4299545288086
-109.30521392822266
-101.42218017578125
-101.20893859863281
-105.9599380493164
-106.19586944580078
-107.39400482177734
-103.65940856933594
-100.85032653808594
-107.86455535888672
-102.009033203125
-99.40657043457031
-106.08464050292969
-107.28545379638672
-107.11470031738281
-106.63948822021484
-104.74396514892578
-102.10624694824219
-107.874267578125
-105.94778442382812
-102.94963836669922
-102.15013122558594
-101.74736785888672
-103.99178314208984
-104.15493774414062
-99.13219451904297
-105.25191497802734
-94.81238555908203
-102.11458587646484
-103.614501953125
-104.75108337402344
-103.4158706665039
-98.39595031738281
-102.81661224365234
-103.6617431640625
-100.03919982910156
-102.68243408203125
-109.95231628417969
-108.21345520019531
-104.54457092285156
-105.49473571777344
-105.45194244384766
-101.4235610961914
-106.48990631103516
-106.6043701171875
-101.8259506225586
-104.16729736328125
-104.240234375
-100.7762222290039
-103.29955291748047
-102.42076110839844
-102.93346405029297
-98.95159149169922
-99.42948150634766
-107.19530487060547
-110.25990295410156
-103.80330657958984
-103.88362121582031
-105.58645629882812
-104.10838317871094
-104.68035888671875
-100.00286865234375
-101.87651824951172
-105.47016906738281
-95.90342712402344
-104.26854705810547
-107.8567123413086
-101.4150619506836
-103.21930694580078
-104.65320587158203
-106.43817138671875
-97.8830337524414
-106.16694641113281
-102.22218322753906
-96.82274627685547
-100.42552947998047
-103.98107147216797
-102.0530014038086
-100.82933807373047
-106.56831359863281
-105.38805389404297
-103.51496124267578
-101.01609802246094
-102.99828338623047
-108.02151489257812
-104.44378662109375
-101.7532958984375
-98.8628158569336
-103.13050079345703
-100.31433868408203
-102.42245483398438
-104.94927978515625
-103.81272888183594
-100.9821548461914
-110.09793853759766
-99.86334991455078
-101.61283111572266
-97.24798583984375
-101.57941436767578
-98.15206146240234
-101.2567367553711
-102.79702758789062
-93.59861755371094
-105.70966339111328
-106.46424102783203
-102.71180725097656
-100.66717529296875
-108.91558837890625
-114.92235565185547
-99.12629699707031
-99.3191909790039
-110.29528045654297
-108.19366455078125
-98.0157241821289
-105.18946838378906
-100.71754455566406
-102.2573013305664
-99.38701629638672
-102.82662200927734
-104.72428894042969
-102.5849609375
-98.13764953613281
-102.64929962158203
-105.52591705322266
-98.13525390625
-94.0099105834961
-102.08326721191406
-102.13423156738281
-103.5091552734375
-100.23318481445312
-106.25790405273438
-107.7021484375
-103.24810791015625
-101.00768280029297
-103.73554229736328
-104.23438262939453
-106.06604766845703
-103.32623291015625
-109.37346649169922
-99.20652770996094
-101.70313262939453
-102.14707946777344
-107.9465560913086
-102.37301635742188
-103.88259887695312
-103.00174713134766
-101.36956787109375
-109.42414093017578
-98.94589233398438
-100.7719955444336
-102.330078125
-101.5188980102539
-105.59402465820312
-102.32609558105469
-108.6448974609375
-103.85972595214844
-104.97820281982422
-104.91024017333984
-103.19087982177734
-105.95068359375
-104.01301574707031
-107.13375091552734
-101.53414916992188
-98.20257568359375
-101.71900177001953
-108.20269775390625
-111.3875503540039
-104.94801330566406
-97.28276062011719
-104.18346405029297
-107.45396423339844
-107.12213134765625
-104.27792358398438
-102.49883270263672
-101.91744995117188
-106.43832397460938
-105.38440704345703
-104.08349609375
-103.43162536621094
-104.09715270996094
-100.66946411132812
-102.22130584716797
-96.5190658569336
-104.44743347167969
-106.53963470458984
-104.57228088378906
-103.84945678710938
-106.34239196777344
-97.53286743164062
-100.22440338134766
-108.9505386352539
-100.47722625732422
-107.30094909667969
-102.54033660888672
-104.32479858398438
-95.76021575927734
-100.02961730957031
-105.41105651855469
-102.62724304199219
-101.56038665771484
-104.1575698852539
-101.31076049804688
-107.91572570800781
-101.369873046875
-101.7290267944336
-104.27619934082031
-102.79737854003906
-108.09346008300781
-107.75608825683594
-103.3652114868164
-102.27713012695312
-98.19925689697266
-108.24877166748047
-96.34776306152344
-110.28135681152344
-103.15821075439453
-106.97378540039062
-100.20405578613281
-98.72035217285156
-100.70911407470703
-101.83512878417969
-102.48577117919922
-106.84214782714844
-108.29012298583984
-105.37361907958984
-98.50689697265625
-109.92060089111328
-104.8884048461914
-106.91349792480469
-109.26280212402344
-106.35176086425781
-103.38136291503906
-110.22785949707031
-103.2171401977539
-106.3899154663086
-100.41385650634766
-103.43531036376953
-105.18334197998047
-105.59317779541016
-106.0814208984375
-106.10904693603516
-105.30113220214844
-101.92740631103516
-105.93029022216797
-104.95027160644531
-99.94308471679688
-107.89196014404297
-99.88584899902344
-106.56848907470703
-103.58871459960938
-99.69331359863281
-104.83857727050781
-106.12361907958984
-102.96376037597656
-102.42022705078125
-105.69449615478516
-105.75928497314453
-106.18606567382812
-109.60781860351562
-97.11490631103516
-103.18401336669922
-96.38470458984375
-107.19414520263672
-98.84461975097656
-100.34262084960938
-102.74050903320312
-104.81063842773438
-107.14314270019531
-106.92411041259766
-102.23728942871094
-103.79733276367188
-104.10799407958984
-105.97714233398438
