-100.30719757080078
-112.56830596923828
-105.31800079345703
-109.73238372802734
-108.37444305419922
-108.44342041015625
-103.53633880615234
-95.25291442871094
-110.35633850097656
-101.57240295410156
-107.78340148925781
-106.46360778808594
-108.53901672363281
-106.9354476928711
-103.29114532470703
-99.9410400390625
-99.29539489746094
-111.59429168701172
-106.07726287841797
-101.65657043457031
-105.91886901855469
-104.3263931274414
-105.93219757080078
-108.2809829711914
-107.64592742919922
-113.01043701171875
-102.12255859375
-109.15011596679688
-100.60829162597656
-101.99568939208984
-106.93232727050781
-114.22547149658203
-108.92999267578125
-111.48223876953125
-109.0779800415039
-100.72303771972656
-100.81973266601562
-105.03829956054688
-105.244140625
-105.33855438232422
-97.95145416259766
-100.24234771728516
-106.82743072509766
-102.08354949951172
-102.56364440917969
-110.0416030883789
-106.95211791992188
-107.72794342041016
-103.9057388305664
-104.96202850341797
-104.06623077392578
-103.72908020019531
-104.44161224365234
-116.04010772705078
-109.1427230834961
-106.36823272705078
-108.31676483154297
-100.89708709716797
-96.67598724365234
-112.74038696289062
-104.69448852539062
-107.019775390625
-99.97166442871094
-104.17837524414062
-105.81005859375
-99.52689361572266
-107.05280303955078
-105.2216567993164
-105.43556213378906
-99.63648986816406
-106.74406433105469
-98.65090942382812
-100.76298522949219
-109.47277069091797
-104.7694091796875
-105.70160675048828
-103.14637756347656
-106.09347534179688
-103.14318084716797
-107.71549987792969
-101.91686248779297
-104.2032241821289
-95.98499298095703
-104.18966674804688
-109.28472137451172
-103.32670593261719
-107.11936950683594
-99.6441421508789
-106.8413314819336
-101.1781997680664
-103.304931640625
-104.5496826171875
-103.58197021484375
-107.7238540649414
-107.9596176147461
-103.24208068847656
-104.14886474609375
-105.0630874633789
-102.90898132324219
-107.61735534667969
-104.77108001708984
-94.59423065185547
-108.43096923828125
-106.22349548339844
-103.70021057128906
-109.29963684082031
-106.47135162353516
-100.63603210449219
-104.16790771484375
-99.78207397460938
-108.88090515136719
-94.59336853027344
-104.79803466796875
-98.8652572631836
-103.385498046875
-101.82978820800781
-106.51956176757812
-103.42047119140625
-101.83473205566406
-99.5757064819336
-113.70801544189453
-103.05885314941406
-103.50875091552734
-100.5256118774414
-96.14640808105469
-107.5024642944336
-104.53790283203125
-99.19107055664062
-106.58592224121094
-105.78671264648438
-98.56271362304688
-107.28313446044922
-99.01239776611328
-102.80331420898438
-100.31549835205078
-101.43245697021484
-101.9610366821289
-106.76074981689453
-104.58479309082031
-102.97410583496094
-106.64431762695312
-103.65019226074219
-102.59766387939453
-103.30033874511719
-104.75501251220703
-100.6211929321289
-105.29891204833984
-102.63646697998047
-107.8354721069336
-107.57861328125
-112.43468475341797
-99.61802673339844
-105.67041015625
-106.69414520263672
-109.236328125
-112.901611328125
-112.23392486572266
-107.02145385742188
-108.5276870727539
-100.10330963134766
-103.21282196044922
-104.02336120605469
-105.91702270507812
-101.66294860839844
-100.77079010009766
-100.40438842773438
-105.93409729003906
-110.97499084472656
-110.86328887939453
-106.16522216796875
-104.45663452148438
-94.73168182373047
-108.40986633300781
-104.94476318359375
-99.71357727050781
-107.27883911132812
-104.52042388916016
-102.8046875
-107.42269897460938
-100.52581024169922
-105.65324401855469
-110.41974639892578
-105.1041030883789
-105.65263366699219
-100.8514175415039
-107.04122924804688
-100.22443389892578
-107.56566619873047
-106.94131469726562
-105.50233459472656
-108.50234985351562
-100.57168579101562
-101.72468566894531
-105.64835357666016
-101.99591064453125
-102.93463134765625
-103.43994903564453
-108.80530548095703
-99.2298812866211
-103.74727630615234
-102.50885772705078
-104.08824157714844
-107.83228302001953
-97.4082260131836
-104.84276580810547
-107.99183654785156
-110.26844787597656
-100.38311767578125
-96.29461669921875
-109.18025207519531
-102.47344970703125
-104.79080963134766
-102.23780059814453
-112.09625244140625
-106.57222747802734
-106.7748031616211
-105.8791732788086
-102.15477752685547
-107.60578155517578
-102.3399429321289
-101.81028747558594
-109.85943603515625
-102.11027526855469
-108.73484802246094
-106.96617126464844
-110.09274291992188
-108.72177124023438
-104.89044952392578
-105.8476333618164
-108.08470916748047
-110.11211395263672
-112.8623046875
-107.2815170288086
-104.30868530273438
-107.62566375732422
-99.94891357421875
-106.90106201171875
-106.5792007446289
-108.9270248413086
-102.92117309570312
-108.69847869873047
-103.20655822753906
-104.68258666992188
-109.06819915771484
-104.87689208984375
-106.89896392822266
-105.16754150390625
-108.25557708740234
-104.49767303466797
-102.6747817993164
-109.92576599121094
-107.59352111816406
-101.3686294555664
-98.13976287841797
-102.13636779785156
-104.61113739013672
-106.45501708984375
-114.13191986083984
-102.80760955810547
-110.45134735107422
-111.14555358886719
-104.20404815673828
-106.432373046875
-99.67259216308594
-99.67548370361328
-106.35211181640625
-106.55569458007812
-99.62987518310547
-98.55902099609375
-105.77577209472656
-102.81824493408203
-106.87934875488281
-102.6579360961914
-107.28836059570312
-99.97931671142578
-104.3989028930664
-107.56853485107422
-99.83323669433594
-104.48200225830078
-106.77272033691406
-99.29442596435547
-103.01900482177734
-108.64677429199219
-101.29998779296875
-98.71923828125
-105.760986328125
-102.66752624511719
-107.75537872314453
-109.45172882080078
-105.84660339355469
-105.44483184814453
-99.57504272460938
-103.27155303955078
-105.78924560546875
-106.8895263671875
-104.61844635009766
-104.94110870361328
-108.07750701904297
-104.56050872802734
-99.4332504272461
-103.24494171142578
-104.47615051269531
-107.34571075439453
-105.49118041992188
-107.24286651611328
-103.61994934082031
-100.286376953125
-109.22547912597656
-105.47361755371094
-106.822265625
-105.76558685302734
-106.19034576416016
-101.34481811523438
-106.59039306640625
-99.95912170410156
-104.5662612915039
-100.97785949707031
-108.34444427490234
-103.49335479736328
-106.4967041015625
-105.33906555175781
-109.32804870605469
-101.09581756591797
-98.86820220947266
-100.49613952636719
-107.05970764160156
-109.41522979736328
-100.46666717529297
-109.09700012207031
-106.4473648071289
-106.67355346679688
-101.7925796508789
-104.3591537475586
-105.50995635986328
-109.93484497070312
-108.81948852539062
-104.02903747558594
-108.54898071289062
-101.1043701171875
-109.40359497070312
-111.3704605102539
-105.20606994628906
-110.07991027832031
-104.05162811279297
-108.93624877929688
-100.97022247314453
-100.57195281982422
-101.6397705078125
-105.40113067626953
-110.44892120361328
-104.48865509033203
-107.3708724975586
-107.628662109375
-108.1741943359375
-103.29981994628906
-108.22132110595703
-106.97052764892578
-110.23821258544922
-110.18009185791016
-107.93053436279297
-106.62907409667969
-108.17709350585938
-105.85945129394531
-110.58509826660156
-106.91033172607422
-104.54534912109375
-107.41007232666016
-103.6137466430664
-108.03194427490234
-105.34406280517578
-104.30139923095703
-106.17253875732422
-98.4363784790039
-111.2858657836914
-106.36519622802734
-111.80149841308594
-101.70336151123047
-102.94322967529297
-97.70528411865234
-102.32730102539062
-103.2203598022461
-99.01364135742188
-102.51957702636719
-102.14054870605469
-106.2232894897461
-105.10282897949219
-103.73860931396484
-105.29080200195312
-108.490478515625
-103.6448974609375
-101.93965911865234
-102.74296569824219
-104.13130950927734
-103.5262451171875
-103.65277099609375
-101.89603424072266
-98.69274139404297
-111.47069549560547
-100.72266387939453
-102.51760864257812
-104.86122131347656
-102.12261962890625
-103.33695220947266
-102.29747009277344
-101.43116760253906
-112.1643295288086
-97.72029113769531
-104.4320068359375
-104.23767852783203
-106.45824432373047
-113.36328125
-107.8287124633789
-107.92042541503906
-101.19904327392578
-101.73113250732422
-97.61907958984375
-112.57014465332031
-101.86308288574219
-101.88970947265625
-107.22061920166016
-106.3449935913086
-98.51119995117188
-102.45703887939453
-111.13703155517578
-100.08384704589844
-101.51854705810547
-103.5585708618164
-101.14971923828125
-99.1704330444336
-108.9079818725586
-102.78778076171875
-109.72115325927734
-100.12964630126953
-103.9780502319336
-100.58049011230469
-106.97252655029297
-103.45674133300781
-104.7319107055664
-106.38909912109375
-100.40995025634766
-105.18915557861328
-102.72234344482422
-110.95919799804688
-95.27423858642578
-104.57270050048828
-101.0351333618164
-104.4592514038086
-100.86261749267578
-100.98611450195312
-106.44290924072266
-100.23809814453125
-109.39448547363281
-103.94392395019531
-101.96343994140625
-110.42485046386719
-104.13002014160156
-110.58662414550781
-106.62793731689453
-109.84160614013672
-99.03064727783203
-105.49750518798828
-100.84471893310547
-110.87450408935547
-95.50670623779297
-105.6049575805664
-109.21537780761719
-110.59284973144531
-105.69833374023438
-100.38275909423828
-98.36841583251953
-107.05603790283203
-102.24848175048828
-104.80664825439453
-105.4736099243164
-103.29491424560547
-103.29755401611328
-103.72676849365234
-111.55604553222656
-99.5345687866211
-102.00301361083984
-94.92845916748047
-105.10647583007812
-105.42094421386719
-98.72724914550781
-107.12609100341797
-101.47520446777344
-103.46827697753906
-97.61386108398438
-108.97872924804688
-107.24791717529297
-104.1140365600586
-100.49081420898438
-101.0713119506836
-106.82532501220703
-102.60282897949219
-106.34355926513672
-98.99630737304688
-103.98168182373047
-98.12360382080078
-104.66789245605469
-103.97611236572266
-105.2010498046875
-100.364501953125
-100.76541900634766
-104.49046325683594
-103.98321533203125
-108.59571075439453
-102.1401138305664
-104.79712677001953
-106.86569213867188
-105.06352996826172
-108.35688781738281
-112.72734832763672
-101.68123626708984
-101.08523559570312
-100.26094055175781
-103.0545654296875
-101.0864486694336
-111.0290298461914
-102.13522338867188
-105.07321166992188
-101.0179672241211
-104.78654479980469
-104.57046508789062
-101.1177978515625
-105.40323638916016
-103.04873657226562
-110.53245544433594
-100.95401763916016
-101.24039459228516
-102.44861602783203
-105.8672103881836
-104.40946197509766
-108.76868438720703
-109.63086700439453
-101.36767578125
-103.8431396484375
-105.29907989501953
-101.48239135742188
-105.79969787597656
-109.61419677734375
-102.54705810546875
-98.8083267211914
-107.99742889404297
-108.9415512084961
-98.9915542602539
-104.48858642578125
-99.1942138671875
-109.54635620117188
-109.33294677734375
-108.81624603271484
-102.64896392822266
-102.99724578857422
-103.16358184814453
-105.4538345336914
-107.55928802490234
-106.00946044921875
-108.00935363769531
-107.32438659667969
-102.4725112915039
-107.25682830810547
-107.89612579345703
-100.47797393798828
-104.40565490722656
-110.59492492675781
-110.41288757324219
-107.80965423583984
-101.00929260253906
-104.09180450439453
-110.56373596191406
-100.69136047363281
-101.31193542480469
-101.61444854736328
-109.4139175415039
-95.74256896972656
-108.48973083496094
-99.02649688720703
-116.20277404785156
-109.35292053222656
-104.01490020751953
-105.95166015625
-108.04825592041016
-105.662109375
-101.21175384521484
-106.36417388916016
-107.8416976928711
-102.06156158447266
-97.98013305664062
-103.94599151611328
-100.13465881347656
-103.56377410888672
-102.37803649902344
-102.0306625366211
-103.71417999267578
-102.65581512451172
-104.93585205078125
-99.01081848144531
-99.98587036132812
-109.63511657714844
-110.2864761352539
-103.28495025634766
-103.410888671875
-105.69157409667969
-106.63970184326172
-102.48046112060547
-102.56334686279297
-105.0202407836914
-100.07144165039062
-106.88362884521484
-104.83597564697266
-101.07997131347656
-106.47505950927734
-102.46134948730469
-111.5946044921875
-106.697509765625
-102.76107788085938
-100.40398406982422
-105.25672912597656
-101.70948028564453
-101.03535461425781
-104.89644622802734
-100.45366668701172
-100.48893737792969
-101.50004577636719
-101.18567657470703
-103.36085510253906
-110.41710662841797
-104.00483703613281
-105.14165496826172
-109.58818054199219
-104.93895721435547
-104.37554168701172
-108.44570922851562
-103.72160339355469
-99.8225326538086
-104.16818237304688
-107.36933898925781
-103.98699951171875
-99.21031188964844
-108.95675659179688
-107.28221130371094
-111.7999496459961
-110.9372787475586
-103.93863677978516
-99.29800415039062
-97.79598236083984
-101.48589324951172
-104.54251861572266
-100.14395141601562
-102.353759765625
-105.0200424194336
-116.66950988769531
-107.62415313720703
-110.73884582519531
-110.80725860595703
-106.70169830322266
-102.81356048583984
-107.74044036865234
-101.7385482788086
-104.0657958984375
-112.10578155517578
-101.24835205078125
-108.01871490478516
-103.70533752441406
-99.49214172363281
-105.57768249511719
-110.85655212402344
-102.93519592285156
-102.03266906738281
-107.81492614746094
-105.68630981445312
-110.31687927246094
-105.00886535644531
-101.53739929199219
-109.0296630859375
-99.60726928710938
-100.59245300292969
-107.27999877929688
-108.92012786865234
-109.04824829101562
-107.5611572265625
-107.1418685913086
-103.29805755615234
-107.44911193847656
-107.45343780517578
-102.67543029785156
-103.18208312988281
-104.25602722167969
-105.3409194946289
-105.44388580322266
-99.83772277832031
-106.04627227783203
-97.30826568603516
-102.9551010131836
-105.34320831298828
-105.76290893554688
-104.71583557128906
-100.4834976196289
-103.19412231445312
-103.51439666748047
-100.9705581665039
-104.74706268310547
-110.7184066772461
-110.19001007080078
-106.8614730834961
-105.35262298583984
-106.12737274169922
-102.67498016357422
-106.90318298339844
-106.30411529541016
-100.72618865966797
-105.91761779785156
-105.47953033447266
-102.2616958618164
-105.05839538574219
-103.61209869384766
-102.46612548828125
-101.61502838134766
-101.84780883789062
-109.6811752319336
-112.32044982910156
-102.8145523071289
-103.18061828613281
-107.68951416015625
-105.33085632324219
-105.99932098388672
-101.89513397216797
-104.05860137939453
-105.95694732666016
-98.98436737060547
-105.52982330322266
-108.94091033935547
-102.6692886352539
-104.34928894042969
-107.34956359863281
-108.31690979003906
-100.35452270507812
-105.75371551513672
-104.02765655517578
-98.16029357910156
-102.6603012084961
-104.60021209716797
-102.90721130371094
-101.40843200683594
-108.32763671875
-106.3114013671875
-103.00759887695312
-103.8074951171875
-105.71244049072266
-108.16554260253906
-105.11637115478516
-103.04822540283203
-100.59078216552734
-102.96261596679688
-101.15190887451172
-102.83174133300781
-106.34849548339844
-107.2225112915039
-102.23827362060547
-111.01783752441406
-101.49220275878906
-101.69904327392578
-100.51021575927734
-102.10274505615234
-98.33233642578125
-101.73309326171875
-104.90636444091797
-95.5802230834961
-106.04468536376953
-107.36697387695312
-103.55986022949219
-102.28480529785156
-109.32889556884766
-112.41314697265625
-99.22578430175781
-100.65499877929688
-111.48954772949219
-107.61785888671875
-97.86858367919922
-106.39299774169922
-103.06473541259766
-104.11626434326172
-100.46739959716797
-102.77337646484375
-104.35636138916016
-103.89830780029297
-99.97843170166016
-102.4835433959961
-105.76223754882812
-98.62586975097656
-93.88030242919922
-101.85548400878906
-102.50359344482422
-104.31378173828125
-100.23101806640625
-106.5987548828125
-109.51388549804688
-104.32646179199219
-101.13054656982422
-105.09803009033203
-104.65640258789062
-106.71906280517578
-102.47119903564453
-110.57717895507812
-100.88041687011719
-103.27680969238281
-102.50334930419922
-108.86832427978516
-103.81426239013672
-105.38929748535156
-103.9031753540039
-101.55268859863281
-110.00604248046875
-100.397705078125
-101.64897155761719
-103.92265319824219
-103.43344116210938
-106.37676239013672
-103.86253356933594
-109.62950897216797
-104.95123291015625
-105.0255126953125
-106.86410522460938
-103.4515380859375
-106.31101989746094
-106.49799346923828
-108.52975463867188
-103.09088134765625
-99.52791595458984
-102.16423797607422
-109.62315368652344
-113.19496154785156
-106.39837646484375
-98.79820251464844
-104.4795913696289
-109.76680755615234
-107.92086029052734
-106.07693481445312
-103.04901123046875
-102.05853271484375
-108.09477996826172
-106.1585922241211
-103.04761505126953
-104.54474639892578
-105.49420166015625
-101.33882904052734
-102.38411712646484
-97.21017456054688
-105.96139526367188
-108.55149841308594
-105.42472076416016
-104.62971496582031
-108.78753662109375
-99.24687194824219
-101.88916015625
-108.43535614013672
-101.45303344726562
-107.918701171875
-103.91456604003906
-105.86338806152344
-97.70811462402344
-101.34894561767578
-107.16148376464844
-102.84724426269531
-103.43013763427734
-104.82917785644531
-103.09780883789062
-107.4195785522461
-101.91729736328125
-103.11292266845703
-105.75701904296875
-105.6466064453125
-109.21124267578125
-108.27238464355469
-103.95018768310547
-104.6587905883789
-100.1824722290039
-110.0422134399414
-98.12779235839844
-112.39183807373047
-103.78956604003906
-109.13813781738281
-101.37637329101562
-100.05058288574219
-103.26351165771484
-102.76126861572266
-103.55516052246094
-109.58125305175781
-109.66106414794922
-107.43533325195312
-100.83743286132812
-109.61821746826172
-105.51963806152344
-107.83875274658203
-109.7632064819336
-108.94082641601562
-104.92720794677734
-110.62918090820312
-104.15081024169922
-106.48038482666016
-101.67201232910156
-103.88878631591797
-106.83308410644531
-106.74078369140625
-107.25482177734375
-107.33628845214844
-107.59233856201172
-101.61104583740234
-106.97151184082031
-106.01700592041016
-101.43543243408203
-109.95545959472656
-99.70079803466797
-108.0633544921875
-104.75682830810547
-100.1750259399414
-106.36554718017578
-108.04641723632812
-103.9782485961914
-102.7910385131836
-108.08397674560547
-106.34188079833984
-107.9220199584961
-110.7831039428711
-97.77672576904297
-104.16417694091797
-96.87519073486328
-107.63834381103516
-100.96733093261719
-102.25848388671875
-104.61894226074219
-105.55947875976562
-107.6644515991211
-107.16368103027344
-102.71273803710938
-104.647216796875
-105.37010192871094
-108.36101531982422
