-100.98444366455078
-112.06580352783203
-106.03755187988281
-109.89429473876953
-110.61458587646484
-110.40092468261719
-103.35720825195312
-96.19861602783203
-109.57376098632812
-101.58858489990234
-108.83680725097656
-107.5911636352539
-109.40181732177734
-107.95562744140625
-104.45109558105469
-102.27694702148438
-100.94514465332031
-112.2145767211914
-108.25410461425781
-102.03547668457031
-106.78044128417969
-104.79368591308594
-105.427734375
-109.0583724975586
-109.26654052734375
-114.10797119140625
-102.20790100097656
-108.2686767578125
-100.84689331054688
-101.86376953125
-107.90267944335938
-115.71725463867188
-109.79966735839844
-111.15518188476562
-109.61711120605469
-102.13204956054688
-101.95069122314453
-105.89656066894531
-106.02406311035156
-105.77045440673828
-97.58712005615234
-99.61180114746094
-107.5369873046875
-103.76258850097656
-102.9418716430664
-111.95697021484375
-107.9685287475586
-108.05779266357422
-104.27709197998047
-104.31182861328125
-105.21873474121094
-104.24043273925781
-104.90411376953125
-115.45767211914062
-110.5599136352539
-108.1438217163086
-109.13658142089844
-101.98628997802734
-97.19989776611328
-114.7890625
-105.7032699584961
-107.0360336303711
-101.8479232788086
-105.50359344482422
-105.87694549560547
-100.36058807373047
-107.50128173828125
-106.96731567382812
-107.05309295654297
-100.3276596069336
-107.12411499023438
-99.66891479492188
-100.18377685546875
-110.70433044433594
-105.64856719970703
-107.68296813964844
-103.19062042236328
-106.6214370727539
-103.91004180908203
-109.43865203857422
-103.4770736694336
-105.39739227294922
-97.06414794921875
-104.2429428100586
-109.86897277832031
-105.04586791992188
-108.40047454833984
-100.39009857177734
-108.38863372802734
-101.93025207519531
-104.55915069580078
-105.91091918945312
-105.34556579589844
-108.49432373046875
-108.47476196289062
-103.33443450927734
-106.01343536376953
-106.3187484741211
-104.20890808105469
-108.36529541015625
-105.90013885498047
-95.40555572509766
-110.29338073730469
-107.4834213256836
-103.84788513183594
-109.89340209960938
-107.36219787597656
-101.4443588256836
-103.26270294189453
-100.66284942626953
-108.10462188720703
-94.37895202636719
-105.14278411865234
-98.96614074707031
-103.7742691040039
-101.3531494140625
-107.4813461303711
-103.95186614990234
-103.23821258544922
-100.07778930664062
-113.83187866210938
-104.38343048095703
-104.46737670898438
-101.50955963134766
-95.31883239746094
-107.75385284423828
-105.00251770019531
-99.37384033203125
-107.4281005859375
-105.20353698730469
-99.86272430419922
-108.01403045654297
-100.0554428100586
-104.74256896972656
-101.43988037109375
-103.78829956054688
-102.97431182861328
-108.41870880126953
-103.4288558959961
-103.6535873413086
-106.70237731933594
-107.05126190185547
-102.60831451416016
-105.3241195678711
-106.65621185302734
-101.01315307617188
-107.39237213134766
-102.94022369384766
-109.81072998046875
-108.42435455322266
-114.04279327392578
-100.64781951904297
-107.82128143310547
-107.83653259277344
-111.40634155273438
-112.10057067871094
-114.2339859008789
-108.7834243774414
-110.48200225830078
-101.01827239990234
-103.95443725585938
-105.16880798339844
-107.68502044677734
-102.36614227294922
-101.63420867919922
-102.30987548828125
-108.09732055664062
-112.88565063476562
-111.415771484375
-107.49525451660156
-107.05513000488281
-96.205078125
-109.39694213867188
-103.484375
-100.68043518066406
-106.97230529785156
-104.38823699951172
-103.64108276367188
-108.81328582763672
-101.69271850585938
-106.47846984863281
-111.87718963623047
-105.24993896484375
-105.81769561767578
-101.54521179199219
-106.41712951660156
-100.51360321044922
-109.02322387695312
-106.37884521484375
-105.67072296142578
-110.22728729248047
-100.2188720703125
-102.72698974609375
-107.1503677368164
-102.64682006835938
-104.84527587890625
-104.99471282958984
-108.90525817871094
-101.05363464355469
-106.13304138183594
-103.4305191040039
-104.4422836303711
-108.2903060913086
-97.7613525390625
-106.2258071899414
-107.45140838623047
-112.08333587646484
-101.25336456298828
-97.85702514648438
-109.00736236572266
-103.02676391601562
-106.36609649658203
-103.7321548461914
-112.05667877197266
-107.15929412841797
-108.10133361816406
-106.78583526611328
-101.5185546875
-106.46321868896484
-103.18307495117188
-101.865966796875
-109.74554443359375
-103.25162506103516
-109.57664489746094
-107.02619171142578
-107.92728424072266
-109.54557037353516
-105.52311706542969
-107.46918487548828
-108.94403076171875
-110.32837677001953
-114.60543060302734
-108.16119384765625
-104.37613677978516
-107.90486907958984
-100.0081558227539
-107.32478332519531
-107.22105407714844
-106.7572021484375
-103.60103607177734
-108.98656463623047
-104.51624298095703
-105.06707763671875
-107.3092269897461
-105.93849182128906
-107.58697509765625
-106.33930206298828
-108.42936706542969
-105.04224395751953
-103.14437103271484
-108.77682495117188
-106.21786499023438
-103.15083312988281
-98.84037780761719
-104.5740737915039
-104.57737731933594
-107.42341613769531
-114.1563949584961
-102.62020111083984
-109.23698425292969
-110.55717468261719
-105.46833038330078
-105.9046859741211
-100.74974060058594
-99.9881591796875
-108.47669219970703
-108.7677001953125
-99.20761108398438
-99.03447723388672
-106.53640747070312
-103.27702331542969
-106.99128723144531
-104.228271484375
-106.78652954101562
-100.38967895507812
-104.98103332519531
-107.70576477050781
-98.61256408691406
-103.47158813476562
-107.64030456542969
-99.95636749267578
-103.38043212890625
-108.4260025024414
-102.32645416259766
-98.69429779052734
-106.3117446899414
-103.28514099121094
-108.19917297363281
-109.36360168457031
-105.36912536621094
-105.58203125
-100.44501495361328
-102.42428588867188
-107.42388916015625
-109.28076171875
-105.87930297851562
-105.31707000732422
-110.17347717285156
-105.91075897216797
-102.00336456298828
-104.28211212158203
-103.97223663330078
-108.96389770507812
-105.90303039550781
-107.71551513671875
-102.7062759399414
-102.53579711914062
-108.88395690917969
-106.07268524169922
-107.1937026977539
-107.1717758178711
-105.58821105957031
-105.02503967285156
-107.11018371582031
-101.07093048095703
-104.88249969482422
-100.85160827636719
-109.04290008544922
-103.80982971191406
-105.44506072998047
-106.11124420166016
-111.14387512207031
-101.49347686767578
-99.51036071777344
-101.74150848388672
-108.8788070678711
-110.3476791381836
-100.99298095703125
-109.65200805664062
-107.47123718261719
-107.73279571533203
-103.47793579101562
-105.12800598144531
-105.73653411865234
-110.0127944946289
-110.5912857055664
-104.09306335449219
-106.6485824584961
-102.35379791259766
-109.71929931640625
-111.80458068847656
-105.81456756591797
-109.04782104492188
-104.33988189697266
-110.82183074951172
-100.40113067626953
-100.80391693115234
-101.52743530273438
-107.55721282958984
-111.62486267089844
-103.63077545166016
-109.1136474609375
-108.76850128173828
-108.32955169677734
-102.8078384399414
-109.13874816894531
-108.9883041381836
-112.17201232910156
-111.0020523071289
-107.59427642822266
-108.8862533569336
-108.9124755859375
-106.09627532958984
-110.68509674072266
-106.2113265991211
-104.24503326416016
-107.5892333984375
-104.10115814208984
-107.70954132080078
-105.98251342773438
-105.2350845336914
-106.04914093017578
-99.3586196899414
-113.1480484008789
-106.84500885009766
-111.56317901611328
-100.78850555419922
-103.51100158691406
-100.11234283447266
-103.66016387939453
-104.78455352783203
-100.54916381835938
-103.76884460449219
-101.53174591064453
-106.42424011230469
-105.91941833496094
-104.1340103149414
-104.7880630493164
-111.28641510009766
-104.94420623779297
-101.57585144042969
-103.72865295410156
-105.1484375
-106.53744506835938
-104.91730499267578
-102.58148956298828
-99.26348114013672
-111.30406188964844
-101.99987030029297
-102.97444915771484
-106.40010833740234
-102.41432189941406
-105.35552215576172
-104.34687805175781
-102.3907470703125
-112.8759994506836
-98.58967590332031
-104.37811279296875
-105.24308776855469
-105.32374572753906
-114.82767486572266
-108.04764556884766
-108.52930450439453
-101.8387451171875
-100.61474609375
-99.26554107666016
-111.01455688476562
-101.06037139892578
-101.89137268066406
-107.94210815429688
-107.52030181884766
-98.39929962158203
-103.39903259277344
-111.83757019042969
-100.00625610351562
-101.8158187866211
-105.5744857788086
-101.28052520751953
-100.32856750488281
-108.89847564697266
-102.35366821289062
-110.99058532714844
-101.29480743408203
-103.83375549316406
-100.75091552734375
-108.63346862792969
-104.42827606201172
-104.39353942871094
-108.53845977783203
-101.94493865966797
-105.01544952392578
-104.0272445678711
-110.75170135498047
-95.64236450195312
-105.63697052001953
-101.30379486083984
-106.5611343383789
-101.99773406982422
-99.64997863769531
-108.35601806640625
-100.24239349365234
-109.59710693359375
-104.97450256347656
-101.97618103027344
-113.55791473388672
-104.51387786865234
-110.8607177734375
-107.71770477294922
-110.5075912475586
-101.16865539550781
-105.80979919433594
-102.68585205078125
-112.42253875732422
-95.84197998046875
-103.60365295410156
-109.81399536132812
-112.08267974853516
-107.01341247558594
-99.91336059570312
-98.60360717773438
-107.83955383300781
-102.3882827758789
-105.27415466308594
-107.33906555175781
-103.22639465332031
-103.45282745361328
-102.30748748779297
-111.96849060058594
-100.77440643310547
-103.08781433105469
-94.26884460449219
-104.51990509033203
-105.87580871582031
-98.19487762451172
-106.44933319091797
-101.34712219238281
-104.86888885498047
-97.58258819580078
-107.35420989990234
-108.2464828491211
-102.69004821777344
-100.9552001953125
-101.884033203125
-107.4740982055664
-103.83393859863281
-106.67239379882812
-100.11286163330078
-104.52665710449219
-99.28813171386719
-105.04936218261719
-103.45777893066406
-105.96786499023438
-102.24943542480469
-102.11100006103516
-105.94715118408203
-105.23639678955078
-109.66021728515625
-102.31216430664062
-106.5421371459961
-106.71529388427734
-104.84896850585938
-107.08818054199219
-113.26976776123047
-102.91619873046875
-101.41521453857422
-101.34857177734375
-103.11099243164062
-101.45714569091797
-111.11935424804688
-102.701171875
-104.56208038330078
-101.94954681396484
-106.17495727539062
-105.33407592773438
-100.31965637207031
-105.723388671875
-105.08464050292969
-111.09234619140625
-101.78795623779297
-101.440673828125
-104.3452377319336
-105.550537109375
-105.31275939941406
-112.23422241210938
-110.6082992553711
-102.02323913574219
-105.289794921875
-107.10665893554688
-103.03781127929688
-105.99449157714844
-111.24404907226562
-103.42255401611328
-98.6159439086914
-107.83185577392578
-110.27079772949219
-99.9394760131836
-105.42760467529297
-100.173828125
-110.0758285522461
-108.53588104248047
-109.53858947753906
-102.35749816894531
-104.20112609863281
-104.28250885009766
-106.06822967529297
-106.80845642089844
-106.69302368164062
-109.39347839355469
-107.35248565673828
-103.4170913696289
-107.94986724853516
-106.37577819824219
-100.54483795166016
-106.12323760986328
-111.47827911376953
-109.28366088867188
-107.56806182861328
-102.3898696899414
-104.26490020751953
-112.55204772949219
-101.3333511352539
-101.11679077148438
-103.04450988769531
-110.84384155273438
-97.42048645019531
-108.38047790527344
-98.16841888427734
-116.7704086303711
-109.22928619384766
-104.31483459472656
-107.59698486328125
-111.00439453125
-106.17012786865234
-102.35595703125
-106.74159240722656
-108.23589324951172
-105.96666717529297
-98.42208099365234
-105.14617919921875
-101.89237976074219
-104.19273376464844
-104.1103286743164
-104.24945068359375
-105.35333251953125
-101.90235900878906
-106.90658569335938
-100.51393127441406
-100.10570526123047
-109.1844711303711
-110.3843765258789
-104.03515625
-105.3748550415039
-106.74382781982422
-105.82788848876953
-101.11253356933594
-104.7728500366211
-106.58074951171875
-101.2425308227539
-106.62189483642578
-105.64295196533203
-100.24729919433594
-106.07372283935547
-103.05192565917969
-113.48182678222656
-108.1251449584961
-103.64237213134766
-102.25469207763672
-106.14298248291016
-103.43681335449219
-101.85538482666016
-104.47114562988281
-101.26124572753906
-101.15606689453125
-102.5063705444336
-102.63005828857422
-105.03826141357422
-111.1230239868164
-104.83802032470703
-105.17474365234375
-109.914794921875
-105.62208557128906
-105.5199966430664
-110.22129821777344
-103.01670837402344
-100.79177856445312
-105.27906036376953
-108.06967163085938
-104.82156372070312
-100.50033569335938
-110.21904754638672
-107.94969177246094
-114.04647064208984
-112.12873840332031
-104.74532318115234
-100.78665924072266
-98.06372833251953
-102.15995025634766
-104.45616149902344
-100.67398834228516
-103.23185729980469
-107.20576477050781
-115.39734649658203
-108.13980865478516
-110.56593322753906
-110.9400405883789
-108.66120147705078
-102.98281860351562
-107.86199188232422
-102.45501708984375
-104.13150787353516
-111.66390991210938
-100.31888580322266
-108.83389282226562
-101.5876235961914
-99.71910095214844
-105.69863891601562
-112.06255340576172
-104.48692321777344
-103.83645629882812
-107.38810729980469
-106.90262603759766
-110.69818115234375
-104.77183532714844
-102.60858917236328
-108.02191925048828
-101.98748779296875
-102.02751922607422
-109.61105346679688
-108.82811737060547
-108.64307403564453
-109.6971435546875
-106.9031753540039
-103.57801818847656
-107.29396057128906
-108.51834106445312
-103.70120239257812
-103.06385803222656
-103.04742431640625
-105.45807647705078
-106.22279357910156
-99.70655059814453
-106.00566101074219
-96.6126708984375
-102.6626205444336
-106.70632934570312
-106.10899353027344
-104.54452514648438
-100.97262573242188
-104.14107513427734
-103.83857727050781
-101.07906341552734
-105.1728286743164
-112.25608825683594
-111.13858795166016
-106.60596466064453
-106.13581085205078
-106.97091674804688
-103.63790130615234
-107.8026351928711
-106.66014862060547
-99.8857192993164
-106.83963012695312
-105.02474975585938
-104.63806915283203
-105.39151763916016
-103.89317321777344
-104.62136840820312
-103.06305694580078
-103.43655395507812
-109.44791412353516
-113.2847900390625
-103.05130004882812
-106.13140869140625
-107.69660186767578
-105.60233306884766
-107.44122314453125
-101.87374877929688
-104.16105651855469
-106.9661865234375
-98.18710327148438
-104.20527648925781
-110.8702392578125
-103.3538589477539
-105.02696990966797
-107.54536437988281
-108.30105590820312
-100.46488952636719
-107.49012756347656
-104.17754364013672
-98.5909652709961
-104.77396392822266
-107.075927734375
-103.77944946289062
-100.08696746826172
-108.95008850097656
-107.07747650146484
-104.85916137695312
-102.07388305664062
-104.78247833251953
-110.7783203125
-108.06617736816406
-103.2979965209961
-101.43748474121094
-104.56790924072266
-101.0595474243164
-103.91826629638672
-106.614501953125
-106.85924530029297
-102.9938735961914
-112.0693130493164
-102.41169738769531
-102.11225128173828
-100.28145599365234
-103.4201431274414
-99.98977661132812
-103.37576293945312
-105.11241912841797
-96.60689544677734
-107.07366180419922
-107.26415252685547
-105.39635467529297
-101.64875793457031
-109.52021789550781
-112.07498168945312
-100.35447692871094
-101.80624389648438
-111.93721771240234
-110.16991424560547
-99.05814361572266
-106.90679168701172
-102.87446594238281
-104.04890441894531
-102.14239501953125
-105.26970672607422
-105.14204406738281
-105.32640838623047
-100.15496826171875
-103.87030029296875
-107.3648910522461
-100.18824768066406
-94.4450454711914
-101.35394287109375
-104.02912902832031
-104.27501678466797
-99.99232482910156
-106.83753204345703
-110.30460357666016
-104.45726013183594
-102.06620025634766
-105.48539733886719
-105.68639373779297
-108.31463623046875
-104.35485076904297
-111.67647552490234
-101.54956817626953
-104.06692504882812
-104.27509307861328
-110.30403900146484
-103.06270599365234
-106.9447250366211
-104.62997436523438
-103.6143569946289
-111.96240234375
-100.22504425048828
-102.15092468261719
-104.34123229980469
-102.39447021484375
-105.66706848144531
-103.13656616210938
-110.07853698730469
-106.21562194824219
-104.96609497070312
-106.84258270263672
-104.50306701660156
-108.50287628173828
-105.8747329711914
-107.90962982177734
-103.87516021728516
-101.3990707397461
-103.30098724365234
-110.82660675048828
-113.40780639648438
-106.3432846069336
-99.27848815917969
-105.32232666015625
-109.63821411132812
-108.78288269042969
-106.96137237548828
-104.87364959716797
-102.65249633789062
-107.5159683227539
-105.61804962158203
-105.50505828857422
-106.45406341552734
-104.79114532470703
-101.96588897705078
-103.76183319091797
-98.6229476928711
-105.78572082519531
-108.0472640991211
-106.15087890625
-106.02974700927734
-107.11729431152344
-101.53535461425781
-100.85618591308594
-110.28003692626953
-102.50531768798828
-109.08174133300781
-104.07325744628906
-106.4869613647461
-98.14618682861328
-102.64816284179688
-108.66249084472656
-104.39397430419922
-104.03595733642578
-105.12683868408203
-102.85784912109375
-109.58062744140625
-102.87362670898438
-103.9404525756836
-104.87423706054688
-104.33880615234375
-109.24131774902344
-110.28629302978516
-105.08365631103516
-104.65031433105469
-101.87533569335938
-109.53227233886719
-98.6762924194336
-113.87060546875
-104.85508728027344
-109.51109313964844
-102.32244873046875
-101.16607666015625
-102.85043334960938
-103.02298736572266
-103.642578125
-111.04386138916016
-110.03272247314453
-108.18254852294922
-101.83625793457031
-112.18328094482422
-106.57450103759766
-108.89743041992188
-111.86803436279297
-109.72332763671875
-107.81584930419922
-111.9685287475586
-104.1635513305664
-107.813232421875
-102.482177734375
-104.44245147705078
-107.26994323730469
-106.99162292480469
-107.62483215332031
-108.78022766113281
-108.23954772949219
-103.47592163085938
-107.67976379394531
-106.61154174804688
-102.6036376953125
-110.10179901123047
-100.97052764892578
-109.48418426513672
-104.87986755371094
-101.5776596069336
-106.60383605957031
-110.00051879882812
-103.83876037597656
-103.06556701660156
-108.66242218017578
-106.926025390625
-106.43962860107422
-110.53373718261719
-98.648193359375
-105.40142059326172
-98.66566467285156
-108.3206558227539
-100.90226745605469
-102.2493896484375
-105.01451873779297
-107.71671295166016
-109.58836364746094
-107.23049926757812
-105.62312316894531
-105.87664794921875
-105.91255950927734
-109.03060150146484
