-98.36292266845703
-110.67831420898438
-104.70922088623047
-107.3035888671875
-108.16436004638672
-106.89081573486328
-100.85818481445312
-93.1546401977539
-108.23866271972656
-100.55953216552734
-108.167724609375
-106.07347106933594
-107.943603515625
-105.4176254272461
-104.67414093017578
-100.43634796142578
-97.33920288085938
-109.36166381835938
-106.3113784790039
-101.1823959350586
-104.8746337890625
-103.94338989257812
-104.59986114501953
-107.29560089111328
-107.6800308227539
-114.00052642822266
-100.74181365966797
-107.44744873046875
-99.04083251953125
-101.55228424072266
-106.47117614746094
-113.14993286132812
-109.27216339111328
-110.13633728027344
-108.22203063964844
-100.13552856445312
-100.31883239746094
-102.81889343261719
-104.56839752197266
-103.74369049072266
-96.4915771484375
-98.55060577392578
-105.2521743774414
-101.974609375
-102.39090728759766
-108.53903198242188
-106.34052276611328
-105.71959686279297
-102.08716583251953
-104.03535461425781
-102.56494140625
-102.03498840332031
-103.38937377929688
-114.3763656616211
-108.91329193115234
-105.72523498535156
-107.63072967529297
-100.10797119140625
-95.4713134765625
-110.8402328491211
-102.75946044921875
-106.38652801513672
-99.69821166992188
-103.93038940429688
-103.115478515625
-98.9283218383789
-106.64195251464844
-104.88192749023438
-105.16312408447266
-100.74370574951172
-105.41797637939453
-98.85011291503906
-99.51162719726562
-109.2135009765625
-105.26484680175781
-105.79696655273438
-101.05171203613281
-105.66975402832031
-102.43242645263672
-106.28096771240234
-101.5620346069336
-102.38008117675781
-96.59276580810547
-103.51798248291016
-107.97440338134766
-103.5062255859375
-106.72022247314453
-99.25910186767578
-108.11470031738281
-99.88945770263672
-101.17842864990234
-104.06873321533203
-104.67146301269531
-108.6131591796875
-107.50763702392578
-101.35769653320312
-105.05325317382812
-104.0634765625
-102.91783142089844
-105.34954071044922
-104.8634262084961
-94.9900894165039
-107.72066497802734
-104.62676239013672
-101.26628112792969
-107.5794906616211
-106.00145721435547
-99.14109802246094
-102.46735382080078
-98.77352142333984
-107.62359619140625
-94.0696792602539
-104.36787414550781
-98.44307708740234
-101.85575866699219
-100.50468444824219
-106.2564697265625
-101.47166442871094
-100.95574188232422
-97.70584106445312
-111.0262680053711
-103.70453643798828
-104.50238800048828
-100.25178527832031
-95.18974304199219
-106.02122497558594
-104.19921875
-98.57563018798828
-105.60889434814453
-104.66203308105469
-98.3331298828125
-105.7049789428711
-98.90672302246094
-102.32459259033203
-99.07806396484375
-100.43467712402344
-100.13644409179688
-107.12112426757812
-103.37628936767578
-102.02407836914062
-106.5462417602539
-103.94402313232422
-100.83382415771484
-104.0914535522461
-104.79179382324219
-100.06734466552734
-105.95588684082031
-102.41706085205078
-107.31358337402344
-107.64469909667969
-112.21778106689453
-98.6327133178711
-106.1990966796875
-106.53005981445312
-108.3224105834961
-109.36477661132812
-110.79405212402344
-104.94004821777344
-108.97147369384766
-100.83145141601562
-103.934814453125
-102.8497085571289
-105.61053466796875
-100.17369842529297
-101.42497253417969
-99.49149322509766
-105.99665069580078
-109.64414978027344
-111.3705062866211
-106.29736328125
-103.22821044921875
-93.62353515625
-106.83421325683594
-104.5550308227539
-98.17045593261719
-105.50090026855469
-102.65337371826172
-101.68584442138672
-104.92988586425781
-99.40719604492188
-104.8215103149414
-109.38892364501953
-102.50651550292969
-104.2242431640625
-98.4535140991211
-105.7645034790039
-99.39663696289062
-106.15060424804688
-105.22814178466797
-104.73729705810547
-107.97807312011719
-99.8320541381836
-100.8676528930664
-104.79747772216797
-101.43182373046875
-102.21376037597656
-102.53544616699219
-108.56397247314453
-99.32759094238281
-103.20638275146484
-101.85090637207031
-102.93767547607422
-107.8873291015625
-97.44902801513672
-104.10188293457031
-106.76848602294922
-110.90896606445312
-99.26487731933594
-95.61215209960938
-107.69295501708984
-100.6998062133789
-104.38349914550781
-101.1397933959961
-109.98165893554688
-106.03933715820312
-106.7781753540039
-104.62417602539062
-101.42288208007812
-106.00955963134766
-101.69386291503906
-99.92646026611328
-108.76895141601562
-102.92947387695312
-106.40647888183594
-105.12667083740234
-107.38182067871094
-107.71834564208984
-104.63562774658203
-106.24237060546875
-107.43238067626953
-109.69163513183594
-113.06723022460938
-107.37721252441406
-104.8454818725586
-106.94377899169922
-98.33329010009766
-105.74542236328125
-106.78978729248047
-108.23297119140625
-102.47514343261719
-108.0577163696289
-104.15198516845703
-104.5842056274414
-108.44725799560547
-102.3061752319336
-107.17683410644531
-104.58300018310547
-108.53140258789062
-104.38611602783203
-101.84137725830078
-107.49596405029297
-106.70404815673828
-101.55027770996094
-96.6734848022461
-102.56023406982422
-103.3660888671875
-106.27257537841797
-113.1194839477539
-102.19365692138672
-108.24014282226562
-108.8523941040039
-104.55401611328125
-105.81262969970703
-99.6056137084961
-98.46246337890625
-106.1201400756836
-106.57595825195312
-97.8653564453125
-98.85038757324219
-104.76914978027344
-101.15831756591797
-106.13251495361328
-101.9460678100586
-105.69258880615234
-99.46987915039062
-104.06776428222656
-107.72552490234375
-98.32760620117188
-102.3322982788086
-106.43716430664062
-98.78990936279297
-101.95304870605469
-106.41255950927734
-99.9820556640625
-97.88459777832031
-105.53181457519531
-103.34406280517578
-106.76453399658203
-108.39568328857422
-104.31725311279297
-104.11772918701172
-99.80537414550781
-101.05471801757812
-105.52222442626953
-107.19120025634766
-104.22633361816406
-103.11395263671875
-108.42479705810547
-103.82684326171875
-99.85201263427734
-103.51717376708984
-102.18302154541016
-106.65425109863281
-103.57366943359375
-105.35425567626953
-101.36238098144531
-99.42446899414062
-107.38372039794922
-104.23959350585938
-106.60494232177734
-105.33325958251953
-103.8324966430664
-101.43386840820312
-105.06216430664062
-100.5344009399414
-103.92549133300781
-100.53978729248047
-106.29854583740234
-103.98970794677734
-104.39120483398438
-105.11295318603516
-109.30828094482422
-100.44781494140625
-99.24638366699219
-99.57571411132812
-106.99700164794922
-109.91693115234375
-99.2792739868164
-107.87085723876953
-105.68952178955078
-106.80023956298828
-100.47578430175781
-103.25379943847656
-104.66497039794922
-110.97947692871094
-106.63417053222656
-101.96601867675781
-107.77926635742188
-101.08055877685547
-109.8301010131836
-108.81378936767578
-104.5566177368164
-107.78143310546875
-103.27935791015625
-108.33493041992188
-99.79788970947266
-99.12815856933594
-100.6007308959961
-105.3483657836914
-110.71417999267578
-101.80010223388672
-106.19609832763672
-106.34454345703125
-107.71295928955078
-100.67112731933594
-107.32447052001953
-105.33255004882812
-109.90780639648438
-108.60688018798828
-108.04896545410156
-106.1257095336914
-106.77970123291016
-104.77484130859375
-108.54640197753906
-104.3051528930664
-103.10076904296875
-105.21186828613281
-102.54054260253906
-107.54042053222656
-104.69447326660156
-103.1601791381836
-104.52022552490234
-98.82536315917969
-111.60195922851562
-104.40830993652344
-109.06454467773438
-99.73352813720703
-102.17625427246094
-96.9486312866211
-100.93975067138672
-102.36261749267578
-98.21464538574219
-102.62767028808594
-99.85611724853516
-104.64877319335938
-103.2386474609375
-102.40968322753906
-104.07672119140625
-108.27778625488281
-102.69215393066406
-100.0354995727539
-101.98747253417969
-103.7831802368164
-102.90023803710938
-102.93770599365234
-101.35196685791016
-97.47635650634766
-109.12366485595703
-100.5540771484375
-101.33366394042969
-105.60739135742188
-101.97299194335938
-103.23389434814453
-100.54103088378906
-99.73696899414062
-110.67619323730469
-97.79950714111328
-103.85175323486328
-103.54393005371094
-103.8814926147461
-113.29633331298828
-107.90543365478516
-106.3248062133789
-98.66356658935547
-99.97588348388672
-98.845458984375
-111.05654907226562
-100.11682891845703
-101.26692962646484
-107.55611419677734
-105.31436920166016
-98.81617736816406
-103.0797119140625
-110.16370391845703
-99.68134307861328
-102.52093505859375
-105.14663696289062
-100.10010528564453
-99.40818786621094
-109.4843978881836
-101.33659362792969
-109.42015075683594
-100.94212341308594
-101.59568786621094
-98.74345397949219
-106.2968978881836
-103.21614074707031
-103.60183715820312
-104.54415893554688
-100.94377899169922
-104.4588851928711
-101.09180450439453
-108.80724334716797
-95.75237274169922
-103.77083587646484
-100.16452026367188
-104.49356842041016
-100.77589416503906
-100.31426239013672
-105.83663940429688
-99.9217300415039
-107.80796813964844
-103.70215606689453
-100.84994506835938
-111.09475708007812
-102.31446838378906
-108.33245086669922
-107.53836822509766
-107.18557739257812
-98.71711730957031
-104.46038818359375
-99.36442565917969
-110.61121368408203
-94.31951904296875
-103.26423645019531
-108.10075378417969
-108.82006072998047
-105.95442962646484
-99.48081970214844
-98.25530242919922
-105.57669067382812
-100.03089904785156
-102.78543090820312
-104.70787811279297
-101.90222930908203
-101.65498352050781
-101.93097686767578
-109.1514663696289
-99.28040313720703
-100.79129791259766
-93.60513305664062
-103.17935180664062
-104.2672348022461
-97.87521362304688
-106.44697570800781
-100.48689270019531
-102.5781021118164
-95.98528289794922
-106.35928344726562
-106.01030731201172
-99.87903594970703
-98.87000274658203
-100.7986831665039
-105.19031524658203
-102.27369689941406
-105.55607604980469
-98.89176940917969
-103.42522430419922
-98.19576263427734
-103.84212493896484
-102.25782775878906
-105.58926391601562
-99.58305358886719
-100.84485626220703
-103.53846740722656
-103.07903289794922
-107.62688446044922
-102.1977310180664
-103.74441528320312
-105.59754943847656
-104.30916595458984
-105.08944702148438
-111.20002746582031
-101.83232879638672
-99.97126770019531
-99.54039001464844
-101.63197326660156
-100.00198364257812
-109.37751770019531
-101.22720336914062
-103.43299865722656
-101.27719116210938
-104.7559814453125
-105.39964294433594
-100.42489624023438
-104.12071228027344
-103.52082824707031
-110.87347412109375
-99.34605407714844
-100.03604125976562
-102.65331268310547
-103.25161743164062
-103.62898254394531
-107.39844512939453
-108.25177001953125
-101.02974700927734
-103.73151397705078
-105.2601547241211
-101.46612548828125
-105.24636840820312
-109.5296630859375
-103.28577423095703
-99.00685119628906
-106.7985610961914
-108.99887084960938
-97.20889282226562
-105.811279296875
-98.56207275390625
-110.32888793945312
-107.71365356445312
-108.67552185058594
-103.2052993774414
-102.51112365722656
-102.03643798828125
-105.19927215576172
-106.98165893554688
-104.55043029785156
-107.10992431640625
-107.07911682128906
-101.91653442382812
-106.12029266357422
-105.41206359863281
-99.69329833984375
-104.4983901977539
-109.10690307617188
-108.61805725097656
-107.17762756347656
-99.6568603515625
-103.41240692138672
-109.45671844482422
-99.49796295166016
-98.3416976928711
-99.68370819091797
-109.27655029296875
-97.42622375488281
-106.71035766601562
-97.77195739746094
-113.42620086669922
-107.1884765625
-103.11842346191406
-106.14051818847656
-108.39280700683594
-104.20001983642578
-101.7736587524414
-105.91633605957031
-106.65324401855469
-102.60668182373047
-99.07550048828125
-103.21331024169922
-99.14884948730469
-103.34526824951172
-103.63941192626953
-101.79409790039062
-103.7961654663086
-101.39820861816406
-104.78494262695312
-98.87061309814453
-100.23612213134766
-107.95585632324219
-108.21624755859375
-102.95986938476562
-102.9679946899414
-104.51766967773438
-106.33545684814453
-100.99347686767578
-101.64388275146484
-103.21749877929688
-99.63893127441406
-106.75923156738281
-103.86651611328125
-99.11332702636719
-105.96736907958984
-101.79642486572266
-109.99717712402344
-107.14350891113281
-102.50997161865234
-99.78015899658203
-105.11689758300781
-102.07344818115234
-100.32960510253906
-104.24584197998047
-100.36602783203125
-99.96664428710938
-101.11803436279297
-100.15171813964844
-104.32927703857422
-109.5754623413086
-104.45466613769531
-103.5862808227539
-108.93221282958984
-103.71477508544922
-104.00061798095703
-108.15342712402344
-100.85600280761719
-98.02836608886719
-103.83053588867188
-107.19425964355469
-103.04826354980469
-98.15592956542969
-108.8392562866211
-106.98296356201172
-111.43051147460938
-110.29263305664062
-102.83268737792969
-98.50702667236328
-95.99575805664062
-100.95773315429688
-102.63188171386719
-99.11861419677734
-102.43657684326172
-104.60453033447266
-114.26410675048828
-105.38343048095703
-108.56278991699219
-107.5687026977539
-105.22866821289062
-101.34559631347656
-105.42089080810547
-101.51354217529297
-101.27802276611328
-110.14590454101562
-99.95800018310547
-105.71100616455078
-101.20635223388672
-99.11726379394531
-103.57069396972656
-108.44525909423828
-101.64456176757812
-101.42786407470703
-105.80579376220703
-105.32508850097656
-107.96295928955078
-103.96304321289062
-100.9490966796875
-107.66167449951172
-99.34700775146484
-99.40254974365234
-107.13475799560547
-108.34323120117188
-108.58252716064453
-106.71592712402344
-104.38939666748047
-101.61369323730469
-107.71543884277344
-105.82898712158203
-102.80718231201172
-101.77500915527344
-101.3201675415039
-102.61732482910156
-104.08139038085938
-98.51324462890625
-104.55791473388672
-96.35041046142578
-101.50547790527344
-105.3161392211914
-103.4827651977539
-103.0584716796875
-98.61132049560547
-100.92515563964844
-101.9745864868164
-99.62872314453125
-102.34115600585938
-109.40205383300781
-106.33394622802734
-105.26960754394531
-104.3857650756836
-105.34037780761719
-101.63211822509766
-108.08331298828125
-104.88406372070312
-100.7695083618164
-103.39089965820312
-103.79476165771484
-101.85562133789062
-103.48072814941406
-103.03736114501953
-101.85540771484375
-100.75665283203125
-100.96914672851562
-109.24776458740234
-110.7130355834961
-101.5229721069336
-103.49119567871094
-105.96582794189453
-103.50175476074219
-104.63091278076172
-100.00357055664062
-102.47217559814453
-106.50579833984375
-97.49253845214844
-104.00898742675781
-107.90001678466797
-102.29489135742188
-103.42158508300781
-105.42351531982422
-106.22293090820312
-98.0927963256836
-104.20492553710938
-102.4875717163086
-97.0083999633789
-101.61246490478516
-104.54783630371094
-101.75193786621094
-99.74104309082031
-105.97144317626953
-104.94974517822266
-101.62821197509766
-101.03874206542969
-103.79712677001953
-108.93781280517578
-105.06587982177734
-102.4154052734375
-99.29924774169922
-101.4782943725586
-99.62525939941406
-102.12295532226562
-103.7692642211914
-105.937744140625
-100.87229919433594
-109.65309143066406
-100.65443420410156
-101.4035873413086
-98.91993713378906
-100.3903579711914
-96.58943939208984
-100.02796936035156
-102.94617462158203
-94.23977661132812
-105.20598602294922
-105.91102600097656
-102.53297424316406
-100.4848403930664
-109.40170288085938
-110.65238952636719
-98.68220520019531
-98.77672576904297
-109.64506530761719
-107.39684295654297
-99.02354431152344
-104.64119720458984
-102.08677673339844
-103.23133850097656
-100.61888122558594
-104.0500717163086
-103.27083587646484
-103.51026916503906
-99.91920471191406
-102.33637237548828
-106.02423095703125
-98.61810302734375
-95.15579986572266
-101.18753814697266
-102.97830200195312
-102.50593566894531
-100.32377624511719
-104.71531677246094
-108.1907730102539
-102.83629608154297
-101.5605697631836
-103.2841796875
-105.24614715576172
-105.87777709960938
-102.725830078125
-109.23222351074219
-100.33647155761719
-102.74790954589844
-102.96270751953125
-107.93921661376953
-103.26504516601562
-104.28724670410156
-103.52146911621094
-101.45791625976562
-110.1920166015625
-99.05149841308594
-100.76960754394531
-102.57107543945312
-101.72801208496094
-105.70526123046875
-103.42832946777344
-107.3675537109375
-105.40677642822266
-103.9773941040039
-106.02499389648438
-103.297607421875
-105.31108856201172
-103.59463500976562
-105.88900756835938
-102.8158187866211
-97.77259826660156
-101.0879898071289
-108.3602294921875
-111.41106414794922
-105.56298828125
-96.84625244140625
-104.28932189941406
-106.07373046875
-108.49168395996094
-103.40885925292969
-102.42306518554688
-100.86428833007812
-106.29246520996094
-104.921875
-103.39107513427734
-104.14995574951172
-102.68640899658203
-100.54298400878906
-100.87928771972656
-97.00698852539062
-104.96842956542969
-107.4241943359375
-105.69171905517578
-105.34815979003906
-105.5251693725586
-98.82821655273438
-100.38883972167969
-108.50163269042969
-100.80029296875
-107.38046264648438
-104.225830078125
-104.45978546142578
-96.66424560546875
-100.31745910644531
-106.37146759033203
-102.57491302490234
-102.13860321044922
-103.3780517578125
-100.74961853027344
-108.102294921875
-99.5487289428711
-102.48957061767578
-102.81212615966797
-104.13258361816406
-108.47360229492188
-108.10872650146484
-101.7375259399414
-102.97160339355469
-98.74295043945312
-107.94098663330078
-96.98456573486328
-111.98609161376953
-103.90988159179688
-107.36860656738281
-100.222412109375
-98.6174087524414
-101.38228607177734
-101.0238265991211
-101.4463119506836
-108.23429870605469
-107.32857513427734
-106.36871337890625
-99.97147369384766
-109.42259216308594
-104.28384399414062
-106.48758697509766
-109.07299041748047
-108.19166564941406
-104.00338745117188
-109.02317810058594
-102.0799331665039
-106.05962371826172
-100.36477661132812
-104.4531478881836
-105.79454803466797
-107.36457061767578
-107.21160888671875
-107.44281768798828
-106.11070251464844
-101.57252502441406
-107.53652954101562
-104.3001937866211
-100.66930389404297
-107.66742706298828
-100.10905456542969
-106.8385238647461
-103.16351318359375
-99.76737976074219
-105.3128662109375
-106.30545043945312
-101.46797180175781
-102.70515441894531
-106.63468933105469
-105.61485290527344
-106.19305419921875
-109.25228881835938
-96.06169891357422
-103.29810333251953
-96.09972381591797
-106.69422149658203
-100.62268829345703
-102.23503875732422
-102.57315063476562
-106.78985595703125
-106.6119613647461
-106.48609924316406
-101.31465148925781
-104.03895568847656
-103.86933135986328
-107.60025787353516
