-98.47866821289062
-111.24110412597656
-104.05712890625
-107.52530670166016
-107.55020141601562
-107.2795639038086
-101.57875061035156
-93.66414642333984
-106.43722534179688
-100.98251342773438
-105.98426818847656
-105.90277099609375
-108.32479858398438
-104.42407989501953
-102.35782623291016
-99.70345306396484
-97.1694107055664
-109.32331848144531
-103.77162170410156
-99.56437683105469
-103.27149200439453
-104.0071792602539
-104.64469146728516
-106.1208724975586
-106.94766998291016
-112.23744201660156
-100.17586517333984
-106.49321746826172
-97.82242584228516
-100.56228637695312
-104.66801452636719
-113.44954681396484
-107.29625701904297
-109.18596649169922
-107.78579711914062
-101.08586883544922
-99.98394012451172
-102.84407043457031
-104.77046203613281
-103.80592346191406
-97.72240447998047
-98.6951675415039
-105.29544067382812
-101.86861419677734
-100.84620666503906
-106.35424041748047
-105.58477783203125
-107.40291595458984
-101.43700408935547
-102.5024642944336
-103.31604766845703
-100.99944305419922
-103.5244369506836
-113.20465087890625
-108.74850463867188
-106.74588775634766
-105.31086730957031
-99.26400756835938
-94.58984375
-110.91455078125
-102.7369384765625
-104.49761199951172
-99.35921478271484
-103.42997741699219
-103.29774475097656
-97.40113067626953
-105.34577178955078
-104.03286743164062
-104.21672821044922
-98.47441101074219
-104.5179214477539
-98.2834701538086
-99.13602447509766
-109.0914306640625
-103.4703598022461
-104.2970199584961
-100.48826599121094
-102.50298309326172
-100.133544921875
-105.36188507080078
-101.67233276367188
-101.3201675415039
-94.37901306152344
-101.52301025390625
-107.81075286865234
-102.91384887695312
-105.75015258789062
-98.16654968261719
-105.96832275390625
-99.55738830566406
-100.31437683105469
-104.00786590576172
-102.62770080566406
-106.07478332519531
-105.37382507324219
-101.22834777832031
-102.8569564819336
-102.55328369140625
-102.20925903320312
-105.96487426757812
-102.96561431884766
-93.33684539794922
-106.13477325439453
-103.44933319091797
-100.90473175048828
-108.08350372314453
-105.54963684082031
-98.70511627197266
-101.39266204833984
-98.24134826660156
-106.53335571289062
-92.75308990478516
-104.0596923828125
-96.27749633789062
-101.99354553222656
-101.45112609863281
-105.50590515136719
-101.04589080810547
-99.7281494140625
-96.35261535644531
-110.53759765625
-102.46300506591797
-102.16216278076172
-99.61882019042969
-95.42928314208984
-106.04566192626953
-102.51666259765625
-95.91902923583984
-104.51433563232422
-102.97759246826172
-96.90016174316406
-104.71875762939453
-97.98334503173828
-100.09294891357422
-98.71107482910156
-101.09844207763672
-100.94833374023438
-107.14297485351562
-102.72099304199219
-99.90258026123047
-105.83045196533203
-103.43684387207031
-101.68446350097656
-102.74058532714844
-106.04607391357422
-98.66558074951172
-105.2948226928711
-101.60932159423828
-105.72168731689453
-105.83468627929688
-109.5849609375
-97.32698059082031
-105.3003921508789
-105.8509521484375
-106.57835388183594
-109.69105529785156
-110.52957153320312
-105.70958709716797
-107.97357940673828
-99.899169921875
-103.4180908203125
-102.74012756347656
-105.25346374511719
-99.65316772460938
-99.8413314819336
-99.92764282226562
-106.13861083984375
-108.93460845947266
-110.2696762084961
-104.80316162109375
-104.2640609741211
-93.68302917480469
-105.95291137695312
-102.56288146972656
-97.78947448730469
-104.64278411865234
-101.98479461669922
-100.38249969482422
-104.25372314453125
-98.95344543457031
-104.53594970703125
-107.81219482421875
-103.51507568359375
-102.03775787353516
-98.61441040039062
-105.65638732910156
-99.03448486328125
-106.16934204101562
-105.49383544921875
-103.96665954589844
-108.69535827636719
-99.62429809570312
-100.46959686279297
-103.93135070800781
-101.82490539550781
-102.01414489746094
-102.41021728515625
-109.00387573242188
-98.59356689453125
-104.00981903076172
-101.82263946533203
-102.79558563232422
-106.35265350341797
-97.74527740478516
-101.99749755859375
-105.44270324707031
-108.85188293457031
-97.77657318115234
-96.44474792480469
-106.28007507324219
-100.99380493164062
-103.3010482788086
-100.40526580810547
-109.29534912109375
-103.53589630126953
-105.57084655761719
-103.47509765625
-99.76632690429688
-104.30325317382812
-100.6544189453125
-99.37931823730469
-109.18701934814453
-101.16011047363281
-107.08560943603516
-104.34867858886719
-105.50119018554688
-106.44248962402344
-102.7567138671875
-105.53135681152344
-106.9679183959961
-109.16940307617188
-112.07695770263672
-104.79734802246094
-102.09886169433594
-104.8847885131836
-98.43461608886719
-104.693603515625
-105.34175872802734
-105.6775894165039
-102.18115997314453
-105.43279266357422
-102.46868133544922
-102.56826782226562
-105.81817626953125
-102.66679382324219
-105.63264465332031
-102.46741485595703
-107.111572265625
-104.08789825439453
-100.91030883789062
-107.58843994140625
-104.42724609375
-100.75250244140625
-96.17974090576172
-101.52030181884766
-102.5082778930664
-105.23700714111328
-111.94850158691406
-101.2911148071289
-105.68074035644531
-108.12251281738281
-104.24960327148438
-104.2114028930664
-98.44215393066406
-97.70211791992188
-106.40731811523438
-106.9080810546875
-97.38404846191406
-97.92591094970703
-103.93000030517578
-100.79468536376953
-103.11319732666016
-100.97943878173828
-105.26407623291016
-98.0735092163086
-101.73600006103516
-106.68029022216797
-96.84371185302734
-101.60000610351562
-104.64997100830078
-97.16324615478516
-102.39259338378906
-106.0758056640625
-99.22525024414062
-96.33219909667969
-104.07076263427734
-100.26334381103516
-105.6174087524414
-106.77252197265625
-104.10797882080078
-104.57501983642578
-98.04943084716797
-100.66529846191406
-104.82192993164062
-105.94359588623047
-102.38957977294922
-101.251220703125
-105.69815826416016
-102.22468566894531
-98.85018157958984
-102.03704833984375
-103.20609283447266
-105.84501647949219
-102.28326416015625
-104.28325653076172
-100.99755096435547
-98.7342529296875
-107.16653442382812
-103.597412109375
-105.49356079101562
-104.154296875
-103.91484832763672
-100.09893035888672
-104.49957275390625
-99.29901123046875
-101.97932434082031
-100.3775405883789
-106.16908264160156
-102.45354461669922
-103.9471664428711
-104.04842376708984
-108.3435287475586
-99.91041564941406
-98.57234191894531
-98.19622802734375
-106.75190734863281
-107.93057250976562
-99.26246643066406
-106.85963439941406
-106.23556518554688
-105.30127716064453
-101.52803039550781
-102.04094696044922
-103.80180358886719
-109.23346710205078
-107.18522644042969
-101.04242706298828
-106.32115936279297
-100.6246337890625
-107.38058471679688
-107.09452056884766
-103.61290740966797
-106.02498626708984
-102.68760681152344
-108.62045288085938
-99.43140411376953
-98.22234344482422
-99.69837951660156
-103.331787109375
-109.79642486572266
-102.26337432861328
-105.55047607421875
-105.97442626953125
-105.77689361572266
-100.1170654296875
-107.77241516113281
-106.32565307617188
-108.00711822509766
-107.88539123535156
-106.10516357421875
-106.03804016113281
-106.18171691894531
-103.54667663574219
-108.27415466308594
-104.37751770019531
-102.55787658691406
-105.80674743652344
-101.86524200439453
-106.07074737548828
-103.75863647460938
-101.93424224853516
-104.14967346191406
-98.60626983642578
-109.29206085205078
-103.72767639160156
-108.48694610595703
-100.29754638671875
-101.3241958618164
-96.55005645751953
-101.88239288330078
-103.27772521972656
-98.0950698852539
-101.66384887695312
-101.11224365234375
-103.66049194335938
-104.14684295654297
-102.17247009277344
-102.86174774169922
-107.26555633544922
-101.28581237792969
-98.63856506347656
-101.67420959472656
-102.4356689453125
-102.62254333496094
-101.83140563964844
-100.8519058227539
-94.98368835449219
-109.5466537475586
-100.9432601928711
-99.82450103759766
-103.13654327392578
-102.08970642089844
-102.73258209228516
-101.3141098022461
-100.43053436279297
-111.11531066894531
-96.51349639892578
-103.69221496582031
-101.08702850341797
-103.54130554199219
-111.6960220336914
-106.20893859863281
-106.45558166503906
-99.45916748046875
-99.37369537353516
-96.5943374633789
-110.8015365600586
-100.9233627319336
-100.53409576416016
-107.04585266113281
-105.19688415527344
-97.64775085449219
-102.73545837402344
-109.18265533447266
-99.26195526123047
-100.39354705810547
-102.50737762451172
-99.90676879882812
-97.89704132080078
-107.26158905029297
-100.95598602294922
-109.15020751953125
-99.70293426513672
-101.34031677246094
-100.59024810791016
-105.95623779296875
-103.4006118774414
-104.3452377319336
-103.5707778930664
-99.32621765136719
-104.87389373779297
-101.88941955566406
-107.64054870605469
-95.93313598632812
-103.65201568603516
-100.28897857666016
-104.3121566772461
-101.05004119873047
-101.23660278320312
-105.90644073486328
-99.89205169677734
-107.4840316772461
-103.017578125
-100.25608825683594
-108.86384582519531
-101.58369445800781
-108.53064727783203
-106.4082260131836
-107.91565704345703
-98.30577850341797
-104.82791137695312
-99.76347351074219
-110.9610366821289
-93.17528533935547
-102.57818603515625
-109.0245590209961
-109.5418930053711
-105.17092895507812
-98.17057800292969
-96.73506927490234
-105.67708587646484
-100.62469482421875
-103.04944610595703
-104.28509521484375
-101.51226806640625
-101.90330505371094
-101.67799377441406
-109.48564147949219
-97.79521179199219
-99.99463653564453
-93.45382690429688
-102.36782836914062
-104.38676452636719
-95.7369384765625
-105.08209991455078
-98.44303894042969
-101.09658813476562
-97.41352844238281
-105.88465881347656
-106.21440887451172
-100.59037017822266
-99.57220458984375
-99.8274154663086
-104.19966125488281
-101.50476837158203
-104.98834228515625
-98.15812683105469
-102.31009674072266
-96.62895965576172
-102.69097900390625
-103.15357208251953
-104.40909576416016
-97.66087341308594
-100.25167846679688
-244.8478546142578
-102.89659881591797
-108.3056411743164
-103.10867309570312
-106.38837432861328
-106.47581481933594
-104.84015655517578
-107.75092315673828
-112.26689910888672
-104.45782470703125
-102.25465393066406
-102.09284973144531
-104.43121337890625
-101.6880111694336
-112.0639419555664
-101.96974182128906
-105.29835510253906
-101.81289672851562
-106.68030548095703
-106.64178466796875
-100.48338317871094
-105.70431518554688
-103.37301635742188
-120.2605209350586
-100.02405548095703
-101.25115966796875
-102.83998107910156
-104.77091979980469
-103.82402038574219
-108.81234741210938
-109.25177001953125
-100.93767547607422
-104.35443115234375
-106.76841735839844
-101.17707824707031
-105.33228302001953
-108.89703369140625
-103.05087280273438
-98.6640853881836
-107.15512084960938
-109.17184448242188
-97.9467544555664
-105.54559326171875
-98.34732818603516
-109.24633026123047
-106.19259643554688
-108.34855651855469
-101.2785415649414
-102.16423797607422
-103.16690826416016
-105.87657165527344
-105.88871765136719
-105.7154312133789
-106.80743408203125
-105.76860046386719
-101.20850372314453
-105.40509033203125
-106.4808349609375
-99.89559936523438
-104.79070281982422
-108.90410614013672
-109.16963958740234
-107.17794036865234
-100.44540405273438
-102.73480224609375
-110.26495361328125
-99.21336364746094
-100.2974624633789
-99.76317596435547
-109.66705322265625
-96.89697265625
-106.44584655761719
-97.7134780883789
-115.7237777709961
-109.79562377929688
-101.9686508178711
-105.35955047607422
-108.42616271972656
-104.63077545166016
-100.1628189086914
-105.60409545898438
-107.25957489013672
-102.04629516601562
-96.62312316894531
-103.62744903564453
-99.12841033935547
-103.4346694946289
-102.97522735595703
-101.20266723632812
-102.45793151855469
-101.61384582519531
-104.51810455322266
-99.74083709716797
-100.25800323486328
-107.95025634765625
-107.51618957519531
-101.37368774414062
-102.79080200195312
-104.88648223876953
-105.248046875
-98.84442138671875
-102.032470703125
-104.62394714355469
-99.36607360839844
-106.18206787109375
-103.30113983154297
-99.39908599853516
-104.708251953125
-99.2826919555664
-110.84907531738281
-105.13020324707031
-102.7917251586914
-100.09463500976562
-104.95671844482422
-101.62166595458984
-101.52824401855469
-104.63811492919922
-99.38111114501953
-98.53462219238281
-101.34703063964844
-99.85321044921875
-105.04623413085938
-107.62242126464844
-101.92176818847656
-103.4135971069336
-107.2969741821289
-104.49128723144531
-104.81707000732422
-108.5626220703125
-101.44830322265625
-99.1047592163086
-103.80038452148438
-108.08750915527344
-102.59358215332031
-97.8931655883789
-108.703125
-105.81220245361328
-110.39990234375
-109.75992584228516
-101.44674682617188
-99.61346435546875
-96.33368682861328
-101.74701690673828
-101.39291381835938
-99.12834930419922
-100.45545959472656
-103.70471954345703
-113.0574951171875
-104.25298309326172
-108.59707641601562
-108.46012878417969
-104.42216491699219
-100.53111267089844
-104.95806121826172
-100.14567565917969
-101.96624755859375
-109.45846557617188
-98.58448028564453
-105.8050308227539
-101.03709411621094
-98.97779083251953
-102.32546997070312
-108.40707397460938
-102.02106475830078
-100.8766098022461
-105.14142608642578
-105.54486083984375
-107.69999694824219
-102.40999603271484
-100.41471862792969
-105.7869873046875
-98.84564208984375
-100.3202896118164
-105.54026794433594
-106.5403823852539
-107.49905395507812
-105.25476837158203
-104.44493103027344
-101.29492950439453
-106.3519058227539
-104.7276382446289
-102.8348617553711
-102.41130065917969
-101.96963500976562
-102.34481048583984
-103.34953308105469
-99.413818359375
-105.58146667480469
-94.80014038085938
-100.642578125
-103.53179168701172
-102.78510284423828
-102.87520599365234
-99.50171661376953
-102.48695373535156
-102.74163055419922
-101.07975006103516
-102.9491958618164
-109.40397644042969
-107.24745178222656
-103.75037384033203
-103.8385238647461
-104.13255310058594
-101.60047149658203
-106.16769409179688
-104.96715545654297
-101.55024719238281
-103.50595092773438
-103.6484603881836
-101.75694274902344
-103.89797973632812
-102.56359100341797
-100.95852661132812
-99.83323669433594
-100.7626953125
-107.72390747070312
-109.91688537597656
-102.25115203857422
-103.29045104980469
-106.3027572631836
-103.70433044433594
-105.31770324707031
-98.78749084472656
-103.0614013671875
-106.30120849609375
-96.50856018066406
-103.55414581298828
-107.94284057617188
-101.83055877685547
-103.40547943115234
-104.3724136352539
-104.8340072631836
-98.21316528320312
-104.65779876708984
-101.64608001708984
-96.25601196289062
-99.88016510009766
-103.21883392333984
-102.19277954101562
-99.47125244140625
-106.98252868652344
-104.86705017089844
-102.75788879394531
-100.33505249023438
-103.03144836425781
-106.45634460449219
-105.01499938964844
-100.63594055175781
-98.2874526977539
-104.0147476196289
-98.77525329589844
-100.5921401977539
-103.4783935546875
-106.4502944946289
-100.45134735107422
-109.71015167236328
-98.9391098022461
-101.33244323730469
-97.84661865234375
-101.50544738769531
-98.18331909179688
-99.51082611083984
-102.65071868896484
-93.17922973632812
-107.00347137451172
-106.5592041015625
-102.82635498046875
-100.0912857055664
-109.52622985839844
-111.89319610595703
-99.0411605834961
-100.81688690185547
-109.22425079345703
-108.67730712890625
-97.64002990722656
-104.54747772216797
-101.48562622070312
-101.50141906738281
-99.52547454833984
-102.27120208740234
-104.53662109375
-103.27013397216797
-98.27527618408203
-102.4613037109375
-105.4967041015625
-97.30451202392578
-93.20983123779297
-101.41104125976562
-102.14441680908203
-102.50033569335938
-98.70137786865234
-104.2059555053711
-106.26554107666016
-102.07148742675781
-100.27406311035156
-101.35559844970703
-103.20832824707031
-104.6511001586914
-100.82624053955078
-109.94621276855469
-99.29077911376953
-101.89167022705078
-101.802734375
-106.87633514404297
-101.82901000976562
-103.08305358886719
-102.3380126953125
-100.47943115234375
-108.94416046142578
-98.0767822265625
-99.6394271850586
-103.38703918457031
-101.14341735839844
-103.995849609375
-102.8380355834961
-107.90885925292969
-103.65763092041016
-103.73095703125
-104.8431396484375
-102.96473693847656
-106.24613952636719
-103.38336181640625
-106.32369232177734
-102.19428253173828
-97.76583862304688
-101.83589172363281
-106.74178314208984
-111.67401123046875
-105.36834716796875
-97.38842010498047
-102.90191650390625
-106.93546295166016
-106.23897552490234
-105.16939544677734
-101.93377685546875
-102.0106430053711
-105.04476165771484
-104.30644226074219
-103.78910827636719
-103.3963623046875
-103.24419403076172
-100.08285522460938
-100.5818099975586
-96.61084747314453
-104.40760803222656
-105.78308868408203
-103.73298645019531
-104.42826080322266
-105.16181945800781
-98.1430892944336
-99.87290954589844
-107.37386322021484
-101.78306579589844
-108.0376968383789
-102.54766845703125
-103.37126159667969
-95.83548736572266
-100.92575073242188
-106.0550537109375
-103.11669158935547
-101.39579010009766
-102.4776382446289
-99.73477172851562
-106.79166412353516
-100.43278503417969
-101.7852783203125
-103.88481903076172
-102.35726165771484
-108.04911041259766
-108.11174011230469
-102.35565948486328
-102.89527893066406
-99.27901458740234
-108.06248474121094
-97.42205810546875
-111.24867248535156
-103.71980285644531
-108.29884338378906
-100.43701171875
-98.44567108154297
-100.69462585449219
-103.05435180664062
-102.65299224853516
-105.66688537597656
-107.65547943115234
-105.15596008300781
-98.90543365478516
-109.00485229492188
-102.91265106201172
-105.67302703857422
-110.22509765625
-106.95506286621094
-102.9263916015625
-107.92698669433594
-103.16345977783203
-106.31953430175781
-99.89759826660156
-103.4636001586914
-103.42280578613281
-104.70744323730469
-106.52973175048828
-105.7801513671875
-105.36675262451172
-101.62882995605469
-105.92974853515625
-103.33982849121094
-100.12457275390625
-107.3045883178711
-99.42462158203125
-106.9095687866211
-102.82730865478516
-100.56671142578125
-104.9201889038086
-106.47532653808594
-102.14378356933594
-102.51681518554688
-103.6031265258789
-104.33128356933594
-105.92333984375
-108.7480239868164
-97.25782775878906
-102.62305450439453
-95.2625961303711
-105.5682601928711
-98.60872650146484
-100.4686508178711
-102.58898162841797
-105.75956726074219
-105.95396423339844
-105.33528137207031
-100.7413101196289
-104.40086364746094
-105.44329833984375
-105.35963439941406
