-104.74441528320312
-115.69330596923828
-109.28270721435547
-113.61946868896484
-113.03761291503906
-111.67903137207031
-108.30879211425781
-97.86148834228516
-113.05397033691406
-103.40837860107422
-112.42230224609375
-109.4529800415039
-113.34716033935547
-111.3097152709961
-107.53556823730469
-104.33955383300781
-103.48921203613281
-113.41048431396484
-109.79753875732422
-104.01347351074219
-109.41382598876953
-107.16838836669922
-108.90082550048828
-111.23616027832031
-111.4770736694336
-116.7553482055664
-106.16909790039062
-112.20957946777344
-102.0562744140625
-105.08137512207031
-112.1240463256836
-118.45023345947266
-112.21407318115234
-114.73078918457031
-112.96521759033203
-104.87397003173828
-104.26058959960938
-107.953125
-110.12252807617188
-108.247802734375
-100.39486694335938
-101.76681518554688
-111.31938171386719
-105.75552368164062
-106.63655090332031
-113.9295883178711
-110.37232971191406
-109.01560974121094
-107.65869140625
-107.11115264892578
-106.92266845703125
-106.58238220214844
-107.66625213623047
-117.91104125976562
-112.63165283203125
-109.56878662109375
-111.33561706542969
-104.25807189941406
-99.97476196289062
-115.85482788085938
-109.1144790649414
-110.7615966796875
-103.89192199707031
-108.71260070800781
-109.50959777832031
-103.27632904052734
-110.71246337890625
-109.61155700683594
-110.5932388305664
-104.01166534423828
-109.55744171142578
-102.32437133789062
-103.17691802978516
-113.614501953125
-109.3909683227539
-111.29857635498047
-105.5512466430664
-110.57740020751953
-106.25100708007812
-110.78714752197266
-106.21084594726562
-108.69121551513672
-101.48780059814453
-107.82618713378906
-112.10597229003906
-107.68755340576172
-110.28816986083984
-103.20226287841797
-110.3050537109375
-103.64399719238281
-105.7974624633789
-107.82498931884766
-109.30471801757812
-111.46438598632812
-111.95187377929688
-106.05952453613281
-109.40869903564453
-107.2061538696289
-106.98854064941406
-110.71102142333984
-110.37785339355469
-97.94490051269531
-113.7182846069336
-110.00980377197266
-107.1703109741211
-114.97238159179688
-112.67431640625
-103.07542419433594
-106.4713363647461
-103.73899841308594
-112.20767211914062
-97.90760040283203
-108.671142578125
-103.4940414428711
-106.3897705078125
-105.0992431640625
-110.66569519042969
-107.25161743164062
-105.44249725341797
-102.24575805664062
-115.28439331054688
-107.70803833007812
-107.31306457519531
-104.43598175048828
-99.19999694824219
-112.0577163696289
-108.3605728149414
-102.62694549560547
-111.17174530029297
-108.37699127197266
-102.11494445800781
-110.66529846191406
-103.0441665649414
-107.27509307861328
-103.84159088134766
-106.83820343017578
-106.07255554199219
-110.29194641113281
-108.01465606689453
-107.76775360107422
-109.39466094970703
-110.48379516601562
-105.73436737060547
-108.54750061035156
-110.00254821777344
-104.65072631835938
-110.07788848876953
-105.99394226074219
-112.88619995117188
-110.13733673095703
-116.55022430419922
-103.24396514892578
-110.42781066894531
-109.47380065917969
-113.5343246459961
-115.40441131591797
-117.98735809326172
-111.19189453125
-112.47126770019531
-105.51799011230469
-108.0745849609375
-107.43624877929688
-110.43685913085938
-104.54652404785156
-104.69954681396484
-103.65108489990234
-110.22367858886719
-113.0970230102539
-114.57176971435547
-107.9266357421875
-109.38955688476562
-98.80101776123047
-113.92572784423828
-107.45560455322266
-103.03079223632812
-108.56217193603516
-105.3363265991211
-107.32130432128906
-111.01439666748047
-103.32869720458984
-108.89338684082031
-114.07707214355469
-107.807373046875
-109.15199279785156
-103.70024871826172
-109.98523712158203
-103.7458724975586
-109.79998016357422
-109.1586685180664
-109.48785400390625
-112.38191986083984
-103.23014068603516
-103.91191101074219
-110.47763061523438
-105.26907348632812
-107.69584655761719
-106.91890716552734
-112.904052734375
-102.31861877441406
-108.40492248535156
-106.631103515625
-106.56546020507812
-111.61601257324219
-101.4035415649414
-107.34905242919922
-111.3597183227539
-113.85279846191406
-103.44062805175781
-99.98860168457031
-112.19503784179688
-104.72125244140625
-109.1668701171875
-105.35908508300781
-114.9435806274414
-108.87053680419922
-108.76016235351562
-109.5855712890625
-103.70350646972656
-109.77542877197266
-106.08556365966797
-103.77922058105469
-113.64673614501953
-105.07635498046875
-112.66873931884766
-110.67706298828125
-112.43087768554688
-110.26728057861328
-108.81504821777344
-111.63028717041016
-112.66817474365234
-115.41094970703125
-117.99832916259766
-111.72107696533203
-109.47994232177734
-110.71601104736328
-103.10066986083984
-109.90898895263672
-109.80708312988281
-110.77764129638672
-106.51216888427734
-111.9930648803711
-106.32804107666016
-107.59929656982422
-110.11563110351562
-108.69257354736328
-110.06172943115234
-109.44344329833984
-111.82730865478516
-108.55847930908203
-104.8239517211914
-111.61802673339844
-109.17605590820312
-105.24252319335938
-99.4582290649414
-106.48116302490234
-107.5282211303711
-109.30609130859375
-117.59741973876953
-105.23696899414062
-112.88391876220703
-112.31400299072266
-106.85894012451172
-108.89875793457031
-102.68758392333984
-102.1486587524414
-110.01451873779297
-111.28582000732422
-102.16336059570312
-101.32565307617188
-107.6174545288086
-105.30399322509766
-107.9404067993164
-105.24740600585938
-110.55902862548828
-103.10242462158203
-108.00410461425781
-109.62213897705078
-99.92143249511719
-106.3716049194336
-110.93269348144531
-101.50526428222656
-105.39921569824219
-110.78146362304688
-105.0655746459961
-100.6785888671875
-110.19259643554688
-105.20259857177734
-109.55450439453125
-112.22245025634766
-108.70563507080078
-108.62835693359375
-103.32774353027344
-104.2926025390625
-109.97906494140625
-109.35843658447266
-108.27555847167969
-107.1572036743164
-111.06493377685547
-108.1608657836914
-104.31260681152344
-105.4975357055664
-106.62895202636719
-112.25619506835938
-108.13290405273438
-111.79562377929688
-106.24031066894531
-105.19649505615234
-112.71385955810547
-109.86871337890625
-109.46998596191406
-109.42039489746094
-108.2326431274414
-106.28498077392578
-108.54351043701172
-103.26338958740234
-105.78339385986328
-102.64717102050781
-110.5029067993164
-107.22964477539062
-108.37242889404297
-108.39318084716797
-113.65386962890625
-104.62003326416016
-102.61323547363281
-104.57183074951172
-112.53874206542969
-112.92887878417969
-103.413818359375
-112.13179779052734
-110.32496643066406
-110.18484497070312
-105.68226623535156
-107.44409942626953
-107.9443359375
-113.88894653320312
-112.4999771118164
-106.63787841796875
-111.00018310546875
-105.12740325927734
-114.46080017089844
-114.16085815429688
-109.32044982910156
-112.92632293701172
-107.6127700805664
-113.14116668701172
-104.29993438720703
-102.51860809326172
-104.8229751586914
-109.65418243408203
-115.83368682861328
-107.47476196289062
-111.79720306396484
-110.385986328125
-112.17672729492188
-106.03254699707031
-112.41626739501953
-111.3901138305664
-113.22932434082031
-113.46015930175781
-109.4295425415039
-110.75860595703125
-111.71418762207031
-109.26896667480469
-116.31753540039062
-110.34777069091797
-107.66168975830078
-109.92192840576172
-107.05644226074219
-111.97779846191406
-111.02108764648438
-108.23397827148438
-109.7469253540039
-102.10092163085938
-115.52069091796875
-110.59696197509766
-114.52692413330078
-104.95890045166016
-106.25688171386719
-102.15815734863281
-105.30921173095703
-107.07743072509766
-103.67847442626953
-106.31858825683594
-105.32391357421875
-109.9776840209961
-106.97454833984375
-106.32894134521484
-109.20639038085938
-113.38206481933594
-106.92469787597656
-103.43501281738281
-106.13493347167969
-108.31187438964844
-106.76156616210938
-105.46441650390625
-105.19922637939453
-100.476318359375
-113.97866821289062
-105.17540740966797
-105.37596893310547
-108.418212890625
-107.3656997680664
-106.66854095458984
-105.3520278930664
-104.00457000732422
-115.60159301757812
-102.36001586914062
-108.34305572509766
-108.47730255126953
-108.0284423828125
-117.5478744506836
-111.10069274902344
-110.92280578613281
-104.49231719970703
-103.56008911132812
-100.95616149902344
-115.70979309082031
-105.34515380859375
-104.0478515625
-112.2142562866211
-111.1741714477539
-102.45877075195312
-107.32080078125
-115.66346740722656
-103.28025817871094
-105.74092102050781
-108.30725860595703
-103.56666564941406
-103.1036148071289
-112.45257568359375
-107.2551498413086
-113.01158142089844
-104.83406066894531
-106.67417907714844
-104.21537017822266
-111.68355560302734
-107.38988494873047
-107.00226593017578
-110.9187240600586
-104.52622985839844
-107.00901794433594
-106.294921875
-112.29428100585938
-97.57099151611328
-108.00654602050781
-103.37435913085938
-108.07775115966797
-104.92591857910156
-104.18348693847656
-109.35318756103516
-102.4502182006836
-112.88980865478516
-108.4641342163086
-104.49597930908203
-117.44563293457031
-108.33721923828125
-114.08871459960938
-110.8400650024414
-111.66421508789062
-103.75318908691406
-110.44813537597656
-105.39881896972656
-115.25277709960938
-98.26089477539062
-106.8763656616211
-113.48339080810547
-114.83108520507812
-110.5199966430664
-102.40233612060547
-102.1423110961914
-110.42942810058594
-104.76351928710938
-108.32158660888672
-108.51025390625
-105.96634674072266
-106.46732330322266
-105.55536651611328
-114.74408721923828
-103.18870544433594
-105.35028076171875
-97.0835952758789
-108.1576919555664
-109.12718200683594
-99.94269561767578
-110.33106231689453
-103.95967864990234
-106.1402816772461
-100.17314147949219
-110.13027954101562
-110.5616683959961
-103.83634185791016
-102.95255279541016
-104.88590240478516
-109.5552749633789
-106.54122161865234
-109.783935546875
-102.66204071044922
-107.54986572265625
-101.70997619628906
-105.93925476074219
-106.35891723632812
-108.83641052246094
-104.96349334716797
-103.06385803222656
-109.11421203613281
-107.65029907226562
-112.13289642333984
-104.5899658203125
-109.76976013183594
-110.31044006347656
-108.641845703125
-109.6913070678711
-114.48445892333984
-105.48168182373047
-103.80699920654297
-103.88597106933594
-105.02885437011719
-103.49006652832031
-112.50547790527344
-105.06946563720703
-107.01056671142578
-104.6590576171875
-109.73528289794922
-108.53337860107422
-104.23262023925781
-110.07757568359375
-106.76566314697266
-113.93948364257812
-105.11482238769531
-104.95182800292969
-106.49772644042969
-109.0678482055664
-108.11312866210938
-113.3964614868164
-114.00162506103516
-103.42770385742188
-107.726318359375
-108.98573303222656
-105.19218444824219
-106.54535675048828
-113.21116638183594
-106.51477813720703
-100.3465576171875
-109.99275970458984
-112.62804412841797
-103.08229064941406
-107.63055419921875
-101.69332885742188
-113.82018280029297
-110.07401275634766
-111.5073013305664
-104.44442749023438
-106.37918853759766
-107.60491943359375
-110.18241119384766
-110.92160034179688
-108.5851058959961
-110.83409118652344
-110.36378479003906
-107.47463989257812
-110.87613677978516
-109.42335510253906
-104.44324493408203
-109.0182876586914
-115.19623565673828
-112.50785064697266
-110.79768371582031
-103.79634857177734
-108.0619888305664
-112.77906036376953
-103.78772735595703
-103.0677719116211
-104.17707824707031
-111.52780151367188
-100.25689697265625
-112.11461639404297
-101.31617736816406
-118.592529296875
-113.53826904296875
-107.80982208251953
-109.92512512207031
-111.71371459960938
-109.49356842041016
-106.06642150878906
-109.7305679321289
-111.29654693603516
-105.25389099121094
-100.92672729492188
-106.79743194580078
-103.34481048583984
-108.8653335571289
-107.88742065429688
-105.24990844726562
-107.91812133789062
-105.60295867919922
-108.877197265625
-101.88323974609375
-103.78252410888672
-112.51787567138672
-113.87380981445312
-105.6261215209961
-107.34007263183594
-108.87786102294922
-109.70175170898438
-104.20164489746094
-105.22172546386719
-108.05896759033203
-104.35456085205078
-110.99127960205078
-108.85991668701172
-103.4322280883789
-109.25797271728516
-107.10092163085938
-115.34553527832031
-110.43938446044922
-107.45834350585938
-104.30815124511719
-108.83165740966797
-104.931884765625
-103.26084899902344
-106.7486801147461
-103.2595443725586
-103.375732421875
-105.22441864013672
-103.40155792236328
-108.08710479736328
-114.31562805175781
-106.71003723144531
-108.27515411376953
-113.4395523071289
-109.43092346191406
-107.67059326171875
-112.63619232177734
-106.57135772705078
-103.22920227050781
-108.15380096435547
-112.06480407714844
-105.80836486816406
-102.859130859375
-112.45507049560547
-110.46236419677734
-116.33186340332031
-114.19047546386719
-107.24372863769531
-104.28478240966797
-101.29618072509766
-105.33341217041016
-106.24793243408203
-102.61822509765625
-104.4963607788086
-108.1750717163086
-118.85946655273438
-108.77633666992188
-113.56523132324219
-112.96817016601562
-109.88912200927734
-104.5452880859375
-111.50009155273438
-105.98280334472656
-106.03687286376953
-113.73018646240234
-101.82275390625
-110.93289947509766
-106.17864227294922
-101.17382049560547
-106.7847671508789
-113.89210510253906
-106.1474380493164
-105.3519515991211
-110.09219360351562
-110.66095733642578
-113.82334899902344
-107.2901840209961
-104.97232818603516
-111.06127166748047
-103.77052307128906
-104.48944854736328
-110.72579193115234
-110.94702911376953
-112.41830444335938
-111.39663696289062
-108.64299011230469
-106.1265869140625
-110.20423126220703
-110.04012298583984
-105.68252563476562
-106.36679077148438
-105.49447631835938
-108.0314712524414
-107.510009765625
-102.24858093261719
-108.50614166259766
-99.28443145751953
-104.83480834960938
-108.6887435913086
-107.74661254882812
-107.82080078125
-103.28883361816406
-106.53684997558594
-107.1162338256836
-104.50238037109375
-105.73357391357422
-115.1332778930664
-112.21109008789062
-108.63414001464844
-108.8699951171875
-109.6003646850586
-106.61396026611328
-110.04532623291016
-109.93487548828125
-103.09103393554688
-109.599365234375
-107.73944091796875
-105.10401916503906
-106.79319763183594
-106.02131652832031
-107.17296600341797
-104.77237701416016
-105.86276245117188
-112.00120544433594
-116.11819458007812
-106.03461456298828
-106.82955169677734
-108.63013458251953
-107.68759155273438
-110.00807189941406
-104.27940368652344
-106.8211441040039
-109.95153045654297
-100.47944641113281
-107.12090301513672
-113.87762451171875
-105.56564331054688
-106.7475357055664
-109.46279907226562
-110.25315856933594
-101.71990966796875
-109.49996948242188
-105.69654846191406
-100.66746520996094
-106.13362121582031
-109.39077758789062
-104.58126831054688
-102.04498291015625
-110.05984497070312
-109.81269073486328
-106.92377471923828
-104.7431411743164
-106.33209228515625
-111.77190399169922
-108.66417694091797
-105.76810455322266
-103.02266693115234
-107.05318450927734
-104.13339233398438
-106.8016586303711
-110.56793212890625
-109.96138763427734
-103.49396514892578
-115.19271850585938
-104.62528991699219
-106.37135314941406
-102.735595703125
-105.01322937011719
-101.52185821533203
-104.43155670166016
-105.92410278320312
-97.79447174072266
-108.10187530517578
-110.64922332763672
-107.34550476074219
-104.13131713867188
-112.53899383544922
-115.05877685546875
-103.10079956054688
-102.86418151855469
-114.39837646484375
-111.75387573242188
-102.68609619140625
-109.82612609863281
-105.05818939208984
-106.47632598876953
-103.27691650390625
-107.16653442382812
-108.93778228759766
-106.99581909179688
-100.88392639160156
-104.34150695800781
-110.95075225830078
-101.1816635131836
-96.09896850585938
-104.18524169921875
-105.69155883789062
-106.22406005859375
-102.07049560546875
-109.07647705078125
-110.59441375732422
-106.87498474121094
-103.89813995361328
-108.32250213623047
-108.70499420166016
-110.64195251464844
-105.4466323852539
-114.68102264404297
-104.38326263427734
-105.4246826171875
-107.46233367919922
-113.01057434082031
-106.43890380859375
-108.43824005126953
-105.69477844238281
-105.13483428955078
-113.18904876708984
-102.60797882080078
-104.35641479492188
-106.95792388916016
-103.806640625
-109.91541290283203
-106.67964172363281
-112.255859375
-107.39250183105469
-108.60136413574219
-108.76483917236328
-106.3367691040039
-110.48389434814453
-107.80589294433594
-109.655029296875
-104.7100830078125
-104.55105590820312
-104.27033233642578
-111.34227752685547
-115.49772644042969
-109.20980834960938
-102.15682983398438
-107.04185485839844
-112.52552795410156
-112.15739440917969
-108.52397918701172
-106.13916778564453
-105.50592041015625
-110.68792724609375
-109.12977600097656
-107.3360824584961
-108.70360565185547
-106.6397476196289
-104.0012435913086
-106.39327239990234
-100.40553283691406
-107.53368377685547
-113.09720611572266
-109.11555480957031
-107.55506134033203
-110.43434143066406
-102.69725036621094
-105.05278778076172
-112.33557891845703
-104.73749542236328
-111.34391021728516
-106.60590362548828
-107.22685241699219
-98.56369018554688
-103.41484069824219
-110.32530975341797
-105.85442352294922
-105.8833236694336
-108.11547088623047
-104.82714080810547
-109.42109680175781
-104.93518829345703
-105.70735931396484
-106.23969268798828
-106.81697845458984
-110.23282623291016
-112.1956787109375
-107.72235107421875
-106.94017028808594
-102.6715087890625
-113.1104736328125
-101.1665267944336
-115.12859344482422
-107.84066772460938
-111.560546875
-104.24918365478516
-102.17423248291016
-106.18585968017578
-105.69173431396484
-105.80717468261719
-113.0545883178711
-111.43962097167969
-110.35973358154297
-103.08200073242188
-113.24639892578125
-109.68385314941406
-110.48567199707031
-113.4420166015625
-111.03642272949219
-108.4662857055664
-115.23873901367188
-107.2376937866211
-109.60613250732422
-104.47463989257812
-106.35578155517578
-107.99588012695312
-108.4389419555664
-111.02703094482422
-110.03990936279297
-109.52577209472656
-104.79116821289062
-110.1501235961914
-108.01300048828125
-104.29471588134766
-113.17506408691406
-101.7840347290039
-110.40128326416016
-106.91978454589844
-102.36882781982422
-109.38571166992188
-112.00015258789062
-106.74036407470703
-105.82462310791016
-110.91201782226562
-109.2396469116211
-110.32938385009766
-114.05201721191406
-100.49008178710938
-106.1991958618164
-98.94149780273438
-109.67393493652344
-102.59549713134766
-103.84176635742188
-106.15666961669922
-109.62166595458984
-111.05480194091797
-109.64897155761719
-106.15623474121094
-107.81221771240234
-109.03260803222656
-108.445068359375
