-109.07069396972656
-122.54839324951172
-114.96376037597656
-118.14250183105469
-118.1678695678711
-117.24333190917969
-114.4964828491211
-103.03863525390625
-116.4406967163086
-108.78154754638672
-117.43536376953125
-114.64864349365234
-119.30343627929688
-115.57070922851562
-112.01094818115234
-108.04706573486328
-108.52009582519531
-120.4318618774414
-114.85991668701172
-108.21089935302734
-114.30146789550781
-112.76306915283203
-114.51597595214844
-117.07421875
-116.01431274414062
-121.35092163085938
-110.3626708984375
-118.10743713378906
-108.01639556884766
-109.51534271240234
-117.37979125976562
-122.8543701171875
-118.78034973144531
-121.14501953125
-116.76528930664062
-109.58383178710938
-110.6761245727539
-111.97420501708984
-114.0367202758789
-112.30433654785156
-105.03743743896484
-107.95987701416016
-117.19872283935547
-111.05178833007812
-111.3172836303711
-118.53892517089844
-115.94529724121094
-113.29710388183594
-112.30796813964844
-111.9713363647461
-111.56124114990234
-111.74368286132812
-112.58562469482422
-122.62806701660156
-117.53697967529297
-116.0675048828125
-117.39549255371094
-107.84844970703125
-104.35771179199219
-122.6220703125
-112.44656372070312
-115.43608856201172
-109.31796264648438
-113.41495513916016
-116.06932830810547
-108.72850036621094
-115.93148803710938
-114.17240905761719
-114.21473693847656
-107.2426528930664
-113.4698715209961
-105.68156433105469
-108.20211791992188
-118.548583984375
-113.17191314697266
-117.3184814453125
-111.0041732788086
-114.69567108154297
-112.1801528930664
-114.74983978271484
-109.76773071289062
-112.04208374023438
-104.91548156738281
-111.27571868896484
-116.72775268554688
-111.314697265625
-115.52715301513672
-106.77007293701172
-115.38801574707031
-108.76299285888672
-110.28771209716797
-112.41482543945312
-113.56930541992188
-116.54104614257812
-117.98503875732422
-110.82609558105469
-113.080810546875
-111.9181900024414
-112.37747955322266
-115.68498992919922
-113.49038696289062
-102.4167251586914
-119.1973876953125
-115.78861236572266
-111.36511993408203
-118.82215881347656
-114.66024017333984
-108.43233489990234
-111.18696594238281
-105.99097442626953
-116.64317321777344
-100.34624481201172
-112.58161926269531
-105.87248992919922
-109.43477630615234
-108.69786834716797
-115.18458557128906
-110.75939178466797
-108.4159164428711
-107.8294677734375
-120.95760345458984
-111.21250915527344
-112.59574890136719
-108.42106628417969
-104.24308776855469
-115.54327392578125
-112.41051483154297
-105.69789123535156
-112.74272155761719
-112.67571258544922
-108.60139465332031
-113.45316314697266
-105.98722076416016
-113.207275390625
-108.36859130859375
-110.46769714355469
-110.9395523071289
-115.41053009033203
-111.9599609375
-110.17691040039062
-113.94129943847656
-114.23564910888672
-110.51166534423828
-113.6363525390625
-113.91244506835938
-109.52323150634766
-114.3147201538086
-112.04644012451172
-118.50094604492188
-114.57508850097656
-121.58211517333984
-108.55606079101562
-115.41361999511719
-114.1583480834961
-116.87774658203125
-118.87122344970703
-121.0350341796875
-116.65574645996094
-116.99315643310547
-107.4194564819336
-112.01114654541016
-110.91400909423828
-114.3929214477539
-107.5888900756836
-109.19578552246094
-108.19950103759766
-114.96979522705078
-117.9244384765625
-118.96338653564453
-113.50468444824219
-113.42670440673828
-101.99797058105469
-116.40436553955078
-110.59889221191406
-107.54120635986328
-114.13008880615234
-109.34794616699219
-110.77175903320312
-115.04888916015625
-108.13005065917969
-112.92218780517578
-118.20820617675781
-112.78963470458984
-111.69121551513672
-107.21942901611328
-113.64508056640625
-108.7088623046875
-114.65001678466797
-113.41039276123047
-112.26323699951172
-116.8520736694336
-106.93487548828125
-108.263671875
-113.7958755493164
-108.3149185180664
-111.32299041748047
-110.99812316894531
-116.92764282226562
-106.50308227539062
-112.20771789550781
-111.31932067871094
-110.51473999023438
-117.33692169189453
-105.76778411865234
-112.31490325927734
-114.7470703125
-118.52883911132812
-106.97904968261719
-103.27843475341797
-117.08456420898438
-108.27769470214844
-111.71407318115234
-110.08329772949219
-119.78662872314453
-113.80337524414062
-113.5283203125
-114.0896224975586
-108.74650573730469
-114.24608612060547
-109.22828674316406
-107.52320861816406
-117.91574096679688
-110.82485961914062
-118.10762023925781
-114.09183502197266
-116.39967346191406
-116.37554168701172
-113.86412811279297
-114.91059875488281
-117.81896209716797
-119.3690414428711
-122.64608001708984
-115.42037963867188
-114.39688110351562
-115.19878387451172
-107.3510971069336
-114.30525207519531
-115.58063507080078
-114.9637222290039
-109.67595672607422
-117.52578735351562
-110.91642761230469
-112.29976654052734
-114.5383529663086
-112.04326629638672
-113.95970916748047
-114.04353332519531
-115.07589721679688
-111.53670501708984
-109.17029571533203
-115.20752716064453
-114.027099609375
-110.93770599365234
-103.8438949584961
-110.15164947509766
-111.77120208740234
-115.19664001464844
-124.37216186523438
-110.33283996582031
-116.73316955566406
-115.18347930908203
-109.749267578125
-113.03736114501953
-106.84080505371094
-105.66260528564453
-113.8906021118164
-114.85562133789062
-106.52339172363281
-105.33769226074219
-112.68553161621094
-108.90950775146484
-113.72877502441406
-109.80055236816406
-115.77668762207031
-107.09396362304688
-113.23878479003906
-111.97930145263672
-106.07865905761719
-111.62971496582031
-115.26953125
-106.9645004272461
-110.24179077148438
-116.6817855834961
-109.4183120727539
-104.56001281738281
-114.3037338256836
-109.21559143066406
-115.97899627685547
-115.65767669677734
-112.70967864990234
-112.75157165527344
-106.8717041015625
-109.00376892089844
-114.4272232055664
-114.35356140136719
-112.97926330566406
-111.4324722290039
-115.24263763427734
-111.2752914428711
-107.6783218383789
-110.69387817382812
-112.24458312988281
-118.37710571289062
-112.44766998291016
-116.64173889160156
-109.54535675048828
-107.9626235961914
-116.56172180175781
-114.32872009277344
-113.96160888671875
-115.4000244140625
-111.44603729248047
-112.0683822631836
-113.1761245727539
-107.09912109375
-111.22128295898438
-109.43489074707031
-115.57792663574219
-110.86441802978516
-113.44427490234375
-113.48342895507812
-118.3905258178711
-107.88540649414062
-104.72913360595703
-107.66104125976562
-117.51921844482422
-119.13072204589844
-108.31027221679688
-117.13569641113281
-114.59696960449219
-113.82002258300781
-110.35212707519531
-111.37886810302734
-111.90817260742188
-119.2105712890625
-117.6445083618164
-110.83010864257812
-112.57917785644531
-109.03590393066406
-116.36927032470703
-118.1519546508789
-113.21855163574219
-116.60436248779297
-112.11959838867188
-117.60591125488281
-106.0188217163086
-107.55862426757812
-108.63045501708984
-112.78401947021484
-119.44668579101562
-111.98250579833984
-116.37762451171875
-116.63420867919922
-115.54558563232422
-110.14247131347656
-116.40811157226562
-115.07617950439453
-118.54551696777344
-118.20369720458984
-113.91839599609375
-114.35768127441406
-115.49055480957031
-112.1997299194336
-119.5118637084961
-113.34492492675781
-110.3202133178711
-113.60772705078125
-111.31096649169922
-114.01529693603516
-114.6925048828125
-111.86239624023438
-111.22541809082031
-106.40018463134766
-121.86168670654297
-112.53681945800781
-117.46456909179688
-109.65010070800781
-110.594970703125
-105.1440658569336
-109.5069351196289
-113.10814666748047
-109.20648193359375
-110.13004302978516
-110.00753784179688
-113.16690826416016
-110.94824981689453
-110.90312957763672
-113.67375183105469
-116.85987854003906
-108.92385864257812
-108.60313415527344
-110.50617218017578
-112.34520721435547
-110.88938903808594
-109.84800720214844
-109.78585815429688
-104.34184265136719
-118.11620330810547
-107.5689926147461
-109.27009582519531
-112.52086639404297
-110.5585708618164
-111.76020812988281
-109.39602661132812
-107.75939178466797
-118.81222534179688
-105.63957214355469
-111.5414047241211
-110.75101470947266
-111.91230010986328
-123.97654724121094
-115.99027252197266
-114.68892669677734
-108.08660888671875
-108.24878692626953
-106.09892272949219
-120.24957275390625
-107.34111785888672
-108.37477111816406
-116.32157897949219
-113.7330093383789
-106.28068542480469
-109.52178192138672
-118.42565155029297
-106.93507385253906
-108.12806701660156
-111.06710815429688
-106.14564514160156
-106.2861557006836
-114.87641143798828
-108.81096649169922
-117.65985107421875
-107.09513854980469
-109.37518310546875
-106.64395141601562
-114.23664093017578
-110.21511840820312
-109.60902404785156
-114.46666717529297
-107.25425720214844
-110.8050765991211
-109.7717514038086
-116.68634796142578
-99.91532135009766
-111.46061706542969
-107.13111114501953
-113.34697723388672
-107.83818817138672
-106.9070816040039
-112.92538452148438
-106.85718536376953
-115.73194885253906
-110.65528869628906
-108.9250717163086
-120.55342102050781
-111.38948059082031
-116.40506744384766
-114.37581634521484
-115.9084243774414
-106.29759979248047
-110.74291229248047
-106.93167877197266
-117.11642456054688
-102.03951263427734
-110.12281799316406
-116.24529266357422
-117.60489654541016
-112.83634185791016
-105.81039428710938
-104.08495330810547
-113.89989471435547
-108.27338409423828
-110.64196014404297
-112.58129119873047
-109.1729965209961
-110.625
-108.75555419921875
-120.61553192138672
-108.04781341552734
-109.24789428710938
-99.4151840209961
-111.0105209350586
-113.0979995727539
-103.26771545410156
-114.72767639160156
-106.73348999023438
-109.70761108398438
-102.56671905517578
-113.86163330078125
-114.36766052246094
-109.15522766113281
-105.9621810913086
-107.7965316772461
-113.48535919189453
-108.39269256591797
-113.27690124511719
-105.2821273803711
-110.01416015625
-104.30665588378906
-108.79765319824219
-109.85834503173828
-110.9237060546875
-108.29421997070312
-106.8342514038086
-110.93384552001953
-112.00302124023438
-115.29291534423828
-108.0364761352539
-112.38888549804688
-113.9479751586914
-111.49708557128906
-112.23444366455078
-117.70665740966797
-107.87435913085938
-105.87548828125
-106.80288696289062
-108.87312316894531
-107.42837524414062
-116.91828918457031
-107.85107421875
-110.708984375
-107.48827362060547
-111.83375549316406
-113.35428619384766
-107.84169006347656
-113.04218292236328
-110.74112701416016
-117.97862243652344
-106.38043975830078
-107.92639923095703
-110.14936828613281
-112.13337707519531
-112.23440551757812
-117.13253784179688
-116.12122344970703
-106.0058822631836
-112.32078552246094
-111.55807495117188
-107.53404235839844
-110.79693603515625
-116.51667785644531
-111.36343383789062
-103.4691390991211
-115.20327758789062
-116.41724395751953
-105.5382308959961
-112.61915588378906
-106.28627014160156
-116.6506118774414
-114.80712127685547
-114.37195587158203
-106.47929382324219
-109.00212097167969
-110.14286041259766
-112.8087387084961
-113.70011138916016
-112.7657470703125
-113.46626281738281
-114.63553619384766
-110.51919555664062
-114.55162048339844
-112.72057342529297
-107.18904113769531
-111.98383331298828
-118.62199401855469
-117.56419372558594
-114.26236724853516
-106.18729400634766
-110.79009246826172
-118.02821350097656
-106.3358154296875
-106.0320816040039
-106.98200988769531
-115.25626373291016
-102.20320892333984
-114.2492446899414
-103.85869598388672
-123.05731964111328
-116.17133331298828
-110.61980438232422
-112.6664047241211
-114.45018005371094
-112.2633056640625
-109.2857437133789
-111.31976318359375
-114.55691528320312
-107.74644470214844
-103.71563720703125
-110.0260009765625
-106.50542449951172
-110.98424530029297
-110.8379898071289
-109.12176513671875
-110.83381652832031
-107.60782623291016
-111.37965393066406
-105.08419799804688
-106.4505844116211
-115.63545227050781
-117.14842987060547
-109.58467864990234
-110.38653564453125
-112.81783294677734
-113.10820770263672
-107.57520294189453
-109.09123992919922
-111.15821838378906
-106.5566635131836
-113.56513977050781
-112.4356689453125
-106.62320709228516
-112.65924072265625
-109.54133605957031
-118.79083251953125
-114.77444458007812
-109.62258911132812
-108.12438201904297
-111.2310791015625
-107.31678771972656
-107.48200225830078
-109.66295623779297
-106.4256820678711
-107.00577545166016
-108.61893463134766
-105.9276351928711
-112.45489501953125
-116.47323608398438
-108.9323959350586
-111.4342269897461
-115.99320983886719
-112.03329467773438
-111.09705352783203
-114.68634796142578
-109.48743438720703
-105.63715362548828
-113.03620910644531
-113.5772476196289
-110.00621032714844
-104.97107696533203
-116.79524230957031
-114.05465698242188
-119.8439712524414
-118.1955795288086
-109.12744140625
-107.17591094970703
-104.33888244628906
-107.90142822265625
-109.57916259765625
-106.06541442871094
-109.79236602783203
-112.38807678222656
-119.85295104980469
-112.57000732421875
-116.2127456665039
-116.1812973022461
-113.95282745361328
-106.44172668457031
-114.31983947753906
-108.34806823730469
-108.95960235595703
-116.16799926757812
-107.42695617675781
-114.34354400634766
-109.2914047241211
-103.58778381347656
-110.24884796142578
-117.20610046386719
-109.1077880859375
-108.25424194335938
-113.1793441772461
-112.35717010498047
-116.33934020996094
-109.60029602050781
-107.64945220947266
-114.52344512939453
-107.04432678222656
-106.77479553222656
-115.33604431152344
-114.24397277832031
-116.17440795898438
-115.17351531982422
-112.79360961914062
-108.79945373535156
-113.12519073486328
-115.49141693115234
-108.99092102050781
-107.88159942626953
-108.18194580078125
-112.103759765625
-112.63630676269531
-106.7580337524414
-112.8974838256836
-101.45327758789062
-110.77993774414062
-110.9192123413086
-110.58134460449219
-111.40847778320312
-106.40386962890625
-109.80787658691406
-111.00511169433594
-107.7551498413086
-110.2093734741211
-117.84791564941406
-114.07884216308594
-111.43377685546875
-112.64859008789062
-111.7147445678711
-109.43441009521484
-112.41912841796875
-113.55224609375
-104.78288269042969
-111.76097869873047
-111.29193878173828
-107.43231201171875
-111.12208557128906
-108.56834411621094
-110.40103149414062
-107.05198669433594
-108.96531677246094
-112.5498275756836
-119.44583892822266
-108.87399291992188
-111.58979797363281
-113.68940734863281
-110.26283264160156
-112.04479217529297
-107.45995330810547
-111.01930236816406
-113.58833312988281
-102.67706298828125
-109.25408172607422
-117.4749755859375
-106.8719482421875
-110.11295318603516
-112.97918701171875
-113.89266967773438
-105.01872253417969
-112.11434173583984
-108.73063659667969
-102.27286529541016
-108.96461486816406
-111.97590637207031
-106.92139434814453
-104.0240249633789
-113.98280334472656
-112.15907287597656
-109.67816162109375
-106.97215270996094
-109.12948608398438
-114.40360260009766
-110.4249267578125
-109.6008071899414
-105.33766174316406
-108.79129028320312
-107.355712890625
-108.6426010131836
-113.28424835205078
-112.64840698242188
-105.37284851074219
-117.2168960571289
-106.33203887939453
-108.20807647705078
-105.43344116210938
-107.228271484375
-103.9320068359375
-107.72557830810547
-109.24259185791016
-99.94418334960938
-111.18780517578125
-113.38931274414062
-110.66580963134766
-107.00425720214844
-115.08607482910156
-118.45284271240234
-104.90713500976562
-105.71965026855469
-117.74375915527344
-114.9150619506836
-105.62992858886719
-113.09603118896484
-109.12239074707031
-109.6966781616211
-105.47913360595703
-111.29646301269531
-111.5114974975586
-110.25873565673828
-105.34125518798828
-106.49137115478516
-113.69554901123047
-105.94974517822266
-98.35969543457031
-106.91468048095703
-108.80301666259766
-111.48260498046875
-104.79694366455078
-110.97106170654297
-114.47569274902344
-109.49526977539062
-106.7598648071289
-110.32608795166016
-110.44239044189453
-114.50989532470703
-110.32717895507812
-118.24411010742188
-107.33404541015625
-107.09461975097656
-110.32942962646484
-115.01145935058594
-108.99949645996094
-111.66670227050781
-108.93707275390625
-107.1364517211914
-116.5739517211914
-106.08921813964844
-107.57133483886719
-110.34906005859375
-106.08409118652344
-111.47565460205078
-109.98124694824219
-114.09567260742188
-109.7059555053711
-111.52574157714844
-112.44559478759766
-110.46430206298828
-113.62773132324219
-110.333251953125
-113.82266998291016
-108.15609741210938
-105.58537292480469
-107.45098114013672
-114.6913070678711
-117.15660095214844
-112.39214324951172
-103.44945526123047
-108.90508270263672
-114.3970947265625
-114.83914184570312
-111.43450927734375
-109.71659851074219
-106.8429946899414
-113.96053314208984
-111.95843505859375
-109.56398010253906
-110.26981353759766
-109.53823852539062
-107.55257415771484
-108.40766906738281
-103.95269775390625
-111.29473876953125
-114.81245422363281
-112.43897247314453
-110.30753326416016
-112.7579116821289
-104.4726791381836
-107.18672180175781
-116.3128890991211
-108.83378601074219
-113.55525970458984
-108.46070098876953
-111.3927001953125
-101.13238525390625
-107.86744689941406
-112.14266204833984
-108.40027618408203
-108.81364440917969
-109.78466033935547
-107.72402954101562
-111.93917846679688
-107.27184295654297
-107.59600067138672
-110.10440826416016
-109.99888610839844
-113.94190979003906
-116.2338638305664
-111.07078552246094
-108.37791442871094
-105.91847229003906
-115.9628677368164
-103.66976165771484
-118.26458740234375
-110.65523529052734
-115.90141296386719
-107.91572570800781
-105.81802368164062
-109.24237060546875
-108.87078094482422
-109.5290298461914
-114.26917266845703
-113.48316192626953
-112.31560516357422
-107.48040771484375
-116.52947998046875
-112.05850982666016
-113.64319610595703
-116.3840560913086
-114.33565521240234
-111.52396392822266
-117.27049255371094
-110.31259155273438
-113.27700805664062
-107.12852478027344
-109.13446807861328
-110.8720703125
-111.86719512939453
-114.71358489990234
-112.45771789550781
-112.20174407958984
-107.40901947021484
-113.72627258300781
-112.00933074951172
-107.77098083496094
-113.17615509033203
-104.4800033569336
-113.89571380615234
-110.33047485351562
-106.60380554199219
-110.57640075683594
-112.79102325439453
-109.1917495727539
-108.87042999267578
-114.16633605957031
-111.31777954101562
-112.23490142822266
-118.30123901367188
-102.07169342041016
-109.87439727783203
-101.47542572021484
-114.00794982910156
-105.42218780517578
-107.15277099609375
-110.0456314086914
-113.58152770996094
-113.31542205810547
-111.23239135742188
-108.2448501586914
-110.1806640625
-110.83744049072266
-113.41138458251953
