-101.74726867675781
-113.47579956054688
-106.44064331054688
-110.18132781982422
-110.14702606201172
-108.81748962402344
-105.16593170166016
-95.875244140625
-110.43927001953125
-102.34494018554688
-108.39689636230469
-107.3360595703125
-109.43547821044922
-108.13319396972656
-104.37372589111328
-101.50605010986328
-100.57630157470703
-112.14924621582031
-108.15200805664062
-102.77953338623047
-106.828125
-105.03416442871094
-106.52759552001953
-109.42745208740234
-108.5115966796875
-115.19010925292969
-103.1572036743164
-109.68746948242188
-100.21219635009766
-103.27778625488281
-107.20915222167969
-116.31981658935547
-109.88395690917969
-112.05580139160156
-109.98393249511719
-102.67369079589844
-102.10877227783203
-105.00432586669922
-107.398681640625
-106.21646118164062
-97.47607421875
-101.5588150024414
-108.62886047363281
-104.1004638671875
-102.7803726196289
-111.37503051757812
-109.16016387939453
-108.65270233154297
-104.37612915039062
-104.53018188476562
-105.90460968017578
-105.06755065917969
-105.16378021240234
-115.57767486572266
-111.12777709960938
-108.27435302734375
-108.46521759033203
-101.95783233642578
-97.29630279541016
-113.84732818603516
-106.38229370117188
-107.22595977783203
-102.24625396728516
-106.14037322998047
-106.80393981933594
-101.65092468261719
-107.4118881225586
-107.52890014648438
-106.94107055664062
-101.27570343017578
-107.36638641357422
-101.40068054199219
-100.81705474853516
-110.15388488769531
-105.63077545166016
-108.71504211425781
-103.57405853271484
-105.98026275634766
-104.12423706054688
-108.742919921875
-102.45687103271484
-104.91454315185547
-99.31040954589844
-104.8690185546875
-110.14685821533203
-104.95328521728516
-108.85151672363281
-102.09120178222656
-108.0223159790039
-102.53927612304688
-103.64643096923828
-107.12353515625
-107.68123626708984
-109.51875305175781
-108.6172103881836
-104.14423370361328
-105.37672424316406
-104.64775848388672
-104.84212493896484
-108.91506958007812
-106.47164916992188
-96.56715393066406
-110.86063385009766
-108.30915069580078
-104.90164184570312
-110.43155670166016
-109.06370544433594
-102.63809204101562
-104.83811950683594
-101.28168487548828
-108.88043212890625
-95.6647720336914
-105.58448791503906
-99.9009017944336
-103.36156463623047
-103.02040100097656
-107.19490814208984
-105.67021179199219
-103.03841400146484
-100.58277893066406
-113.13133239746094
-106.21670532226562
-104.84700012207031
-101.94746398925781
-96.1426010131836
-107.51727294921875
-106.0210189819336
-99.86751556396484
-108.66657257080078
-106.07768249511719
-100.14989471435547
-107.33492279052734
-100.85255432128906
-104.80863952636719
-101.64732360839844
-103.95529174804688
-104.28651428222656
-108.86902618408203
-105.31648254394531
-104.41534423828125
-107.66059112548828
-106.6171646118164
-103.86268615722656
-105.87023162841797
-106.1920166015625
-101.40196990966797
-107.32022094726562
-104.39990997314453
-109.49669647216797
-107.92096710205078
-112.66178894042969
-101.20782470703125
-107.56803131103516
-107.52867126464844
-110.99525451660156
-112.90499114990234
-114.13996887207031
-108.43019104003906
-111.5603256225586
-103.05764770507812
-104.50465393066406
-105.78025817871094
-108.164794921875
-103.22953033447266
-102.6266098022461
-102.72959899902344
-108.600830078125
-112.79499816894531
-112.44236755371094
-107.99596405029297
-106.50035095214844
-96.54305267333984
-110.62560272216797
-105.36355590820312
-101.3928451538086
-108.10413360595703
-105.71615600585938
-104.56829071044922
-109.64904022216797
-102.48784637451172
-106.86148834228516
-111.8980484008789
-105.89730834960938
-106.41041564941406
-100.48289489746094
-106.71600341796875
-100.73589324951172
-108.028076171875
-107.49044036865234
-106.71044921875
-111.65452575683594
-101.80294799804688
-102.282958984375
-107.11653137207031
-104.17466735839844
-104.51419830322266
-105.07835388183594
-109.8614273071289
-101.14623260498047
-105.16830444335938
-103.26555633544922
-104.26790618896484
-107.6289291381836
-99.29691314697266
-104.66830444335938
-107.95936584472656
-112.1917953491211
-101.89838409423828
-97.75758361816406
-109.80032348632812
-103.59091186523438
-107.19817352294922
-103.05349731445312
-112.8004150390625
-107.65792846679688
-107.22024536132812
-106.80083465576172
-102.58116149902344
-107.74174499511719
-103.3025131225586
-102.57935333251953
-110.92555236816406
-103.28717041015625
-109.30139923095703
-107.3565902709961
-109.89683532714844
-108.96476745605469
-105.87020874023438
-108.67990112304688
-111.15591430664062
-111.4000244140625
-114.62187194824219
-109.22735595703125
-105.27584838867188
-109.00718688964844
-100.53364562988281
-107.18685150146484
-108.29996490478516
-108.65240478515625
-103.97451782226562
-109.77046966552734
-104.32304382324219
-105.63114166259766
-108.097900390625
-104.95446014404297
-108.76519012451172
-106.69632720947266
-108.9815902709961
-106.2335205078125
-103.83476257324219
-109.53656005859375
-107.65499877929688
-102.34821319580078
-98.03849029541016
-104.00853729248047
-104.93672180175781
-107.3104019165039
-115.13805389404297
-103.73626708984375
-110.15113830566406
-110.66905212402344
-105.26013946533203
-106.20491027832031
-101.76314544677734
-100.74943542480469
-108.72709655761719
-109.82862854003906
-100.36373901367188
-99.40775299072266
-105.20459747314453
-102.9786376953125
-106.02529907226562
-102.94872283935547
-108.31160736083984
-100.48115539550781
-104.96359252929688
-109.29374694824219
-98.8294677734375
-104.2521743774414
-107.65320587158203
-100.05595397949219
-104.2378158569336
-108.79183959960938
-102.3585433959961
-98.90203857421875
-107.11045837402344
-103.26396942138672
-109.2625732421875
-110.13017272949219
-107.25122833251953
-106.1275634765625
-99.7962646484375
-102.80252075195312
-107.80797576904297
-107.79885864257812
-105.76649475097656
-104.33796691894531
-109.30294799804688
-105.44475555419922
-101.80816650390625
-103.68394470214844
-104.7164306640625
-110.29769897460938
-106.09207153320312
-107.9061279296875
-104.3036880493164
-101.88672637939453
-108.93754577636719
-108.94380950927734
-108.59685516357422
-107.76173400878906
-106.62745666503906
-103.22144317626953
-106.9254150390625
-101.14806365966797
-104.32140350341797
-100.65596008300781
-108.06855010986328
-105.40837097167969
-106.18900299072266
-106.0904541015625
-110.30906677246094
-103.01537322998047
-100.94168090820312
-101.82835388183594
-108.98226928710938
-110.40765380859375
-101.92835998535156
-109.28948211669922
-108.89962768554688
-109.18294525146484
-103.60543060302734
-105.28753662109375
-106.37120819091797
-111.32484436035156
-110.21609497070312
-105.40091705322266
-109.60621643066406
-101.8846435546875
-110.76335906982422
-111.72779083251953
-105.814208984375
-110.96456146240234
-103.95053100585938
-111.15786743164062
-101.43885040283203
-100.37010955810547
-102.36617279052734
-107.40719604492188
-112.22679138183594
-104.80298614501953
-108.15799713134766
-108.73939514160156
-108.96258544921875
-104.6258773803711
-109.54444885253906
-108.8994140625
-112.78141021728516
-111.75733184814453
-108.70506286621094
-108.38108825683594
-109.27112579345703
-106.26980590820312
-111.79270935058594
-107.3843994140625
-104.614990234375
-107.021728515625
-104.93978118896484
-108.51097869873047
-106.2032470703125
-105.18739318847656
-106.17581939697266
-99.81891632080078
-112.83538818359375
-106.57063293457031
-112.32649230957031
-102.06593322753906
-104.15046691894531
-101.03094482421875
-102.88552856445312
-103.36795043945312
-100.39000701904297
-104.18220520019531
-102.8587875366211
-107.5406494140625
-105.24201965332031
-105.13709259033203
-106.44629669189453
-109.65386199951172
-105.68770599365234
-101.64807891845703
-103.38175201416016
-106.83444213867188
-105.59320831298828
-104.21588134765625
-104.0391845703125
-97.81383514404297
-111.39270782470703
-102.35874938964844
-103.71769714355469
-107.44166564941406
-103.01195526123047
-105.28230285644531
-104.19335174560547
-102.298828125
-113.51618957519531
-98.2200927734375
-106.35172271728516
-104.70020294189453
-107.5977554321289
-115.88438415527344
-108.73310852050781
-109.63803100585938
-101.21906280517578
-102.44308471679688
-99.42540740966797
-113.17677307128906
-101.39672088623047
-102.9336929321289
-110.38272094726562
-108.10997009277344
-101.46179962158203
-104.83353424072266
-112.120361328125
-101.38702392578125
-103.68701171875
-105.93558502197266
-103.95896911621094
-100.4605484008789
-108.75167846679688
-104.10303497314453
-111.38306427001953
-101.34820556640625
-103.56758117675781
-100.42860412597656
-108.1083755493164
-106.35302734375
-104.54837036132812
-108.05653381347656
-101.22621154785156
-106.03467559814453
-103.9825210571289
-111.71416473388672
-96.87525177001953
-105.833740234375
-102.1812973022461
-106.62786865234375
-102.53336334228516
-102.54833984375
-109.417236328125
-100.70536041259766
-110.30460357666016
-106.77754211425781
-103.07078552246094
-113.45374298095703
-105.43595123291016
-110.72273254394531
-107.823974609375
-109.73005676269531
-98.8553695678711
-106.19564056396484
-102.43728637695312
-111.9291000366211
-96.9709701538086
-104.931640625
-110.82432556152344
-112.31317901611328
-108.21459197998047
-100.99607849121094
-100.814453125
-107.77532958984375
-103.26615905761719
-106.63243103027344
-105.9056396484375
-102.7480697631836
-104.80660247802734
-103.73445129394531
-113.3462905883789
-101.16944885253906
-102.24082946777344
-95.47569274902344
-105.3141860961914
-107.20278930664062
-98.5620346069336
-108.73511505126953
-102.1712417602539
-104.48561096191406
-98.1994857788086
-109.94974517822266
-108.59349060058594
-102.92443084716797
-101.42787170410156
-101.58919525146484
-107.70124053955078
-103.5400390625
-106.9164810180664
-100.77098846435547
-104.89293670654297
-99.63668823242188
-104.93099975585938
-105.03462982177734
-105.93194580078125
-101.90522766113281
-101.70732116699219
-105.60005950927734
-105.25291442871094
-110.68978118896484
-102.36774444580078
-106.92728424072266
-108.63884735107422
-105.1134033203125
-107.45223236083984
-114.711669921875
-103.30892944335938
-101.19269561767578
-102.13111877441406
-103.54232025146484
-101.04391479492188
-110.46064758300781
-103.5708236694336
-106.16983795166016
-103.10151672363281
-107.26005554199219
-106.80441284179688
-101.17378997802734
-107.29981231689453
-106.49434661865234
-110.94931030273438
-102.47381591796875
-102.93411254882812
-104.04995727539062
-106.20435333251953
-106.7354507446289
-111.40806579589844
-111.10191345214844
-102.84782409667969
-106.19449615478516
-107.90362548828125
-102.20230102539062
-106.06592559814453
-111.65116882324219
-104.19538116455078
-99.3464584350586
-109.96572875976562
-111.81110382080078
-99.49459075927734
-104.63896179199219
-98.87653350830078
-111.7205810546875
-110.69615936279297
-109.71504211425781
-103.62077331542969
-106.04093170166016
-104.95842742919922
-107.86933898925781
-108.75737762451172
-108.6447982788086
-109.45420837402344
-109.7894287109375
-104.56153869628906
-109.75369262695312
-109.63807678222656
-101.62105560302734
-105.19703674316406
-111.90425109863281
-112.39257049560547
-108.68339538574219
-100.73528289794922
-103.68486022949219
-111.81553649902344
-101.08552551269531
-101.70562744140625
-102.19334411621094
-109.56007385253906
-96.56658935546875
-108.90520477294922
-99.14898681640625
-116.33831787109375
-110.33811950683594
-105.09696960449219
-107.60436248779297
-109.02208709716797
-107.49858093261719
-102.8950424194336
-107.36698150634766
-109.27765655517578
-105.44426727294922
-100.63146209716797
-106.2034683227539
-102.08370208740234
-105.66262817382812
-104.04466247558594
-104.27133178710938
-105.73725891113281
-103.4866714477539
-106.63388061523438
-99.92249298095703
-101.16925811767578
-110.28096008300781
-110.50093078613281
-105.2261962890625
-104.84696960449219
-106.97027587890625
-107.3569107055664
-101.65240478515625
-103.09791564941406
-105.2954330444336
-101.52323150634766
-108.14124298095703
-106.95027923583984
-102.02943420410156
-106.30763244628906
-104.49161529541016
-113.45054626464844
-107.80842590332031
-105.72451782226562
-103.53916931152344
-105.32734680175781
-103.32154083251953
-100.65289306640625
-106.01813507080078
-101.59017944335938
-102.4183120727539
-102.16495513916016
-102.32268524169922
-105.38600158691406
-112.74310302734375
-104.61994934082031
-105.98091888427734
-111.35154724121094
-106.6112289428711
-106.13624572753906
-110.66046905517578
-103.60710906982422
-102.13601684570312
-106.05133056640625
-109.96499633789062
-105.47484588623047
-99.72714233398438
-111.62769317626953
-108.64069366455078
-113.95651245117188
-111.68472290039062
-104.48388671875
-101.30316162109375
-97.30115509033203
-102.81668853759766
-104.77513122558594
-100.11148071289062
-103.28250122070312
-105.92774200439453
-117.3642578125
-108.348876953125
-110.86375427246094
-111.08121490478516
-107.65189361572266
-103.00064849853516
-107.62626647949219
-104.66334533691406
-103.7066650390625
-111.83647918701172
-102.0340805053711
-109.52363586425781
-103.2991943359375
-100.84147644042969
-105.72164916992188
-111.75712585449219
-105.24717712402344
-103.51361846923828
-108.7188491821289
-107.33345794677734
-111.8911361694336
-105.73504638671875
-102.14802551269531
-109.37181091308594
-102.0220718383789
-101.91624450683594
-109.44332885742188
-108.24925231933594
-110.87380981445312
-109.40672302246094
-105.61051940917969
-105.0115737915039
-109.28791046142578
-108.91230010986328
-103.74798583984375
-103.792236328125
-103.28226470947266
-106.0777359008789
-106.68914031982422
-100.14763641357422
-107.0295639038086
-96.377197265625
-102.9116439819336
-106.09569549560547
-104.70856475830078
-105.51070404052734
-101.53678894042969
-103.42227935791016
-104.52613830566406
-101.35479736328125
-104.45858001708984
-112.42755889892578
-109.12065887451172
-107.28472900390625
-105.5508804321289
-106.97612762451172
-103.95628356933594
-108.9410400390625
-108.69479370117188
-102.28791809082031
-107.11703491210938
-105.69881439208984
-103.31849670410156
-106.29981231689453
-104.79808807373047
-102.67247009277344
-101.93609619140625
-104.14459991455078
-110.41803741455078
-114.55574798583984
-104.58710479736328
-105.87264251708984
-108.47193145751953
-106.07528686523438
-108.03372192382812
-101.72346496582031
-104.1880874633789
-107.00704193115234
-98.6466064453125
-105.48694610595703
-110.75824737548828
-102.21224975585938
-105.66314697265625
-107.49073028564453
-107.92243957519531
-100.88677978515625
-106.2534408569336
-103.93769836425781
-98.859375
-102.32102966308594
-107.35909271240234
-103.8307113647461
-100.40676879882812
-109.4975814819336
-108.53562927246094
-104.35899353027344
-102.95091247558594
-104.4730453491211
-110.08153533935547
-106.26634979248047
-103.90423583984375
-101.35978698730469
-105.23084259033203
-102.65502166748047
-103.76959228515625
-106.61934661865234
-108.1316909790039
-101.9577865600586
-112.16242218017578
-102.23355102539062
-103.08943939208984
-99.9147720336914
-103.7723617553711
-99.65528106689453
-103.91743469238281
-104.98681640625
-96.42045593261719
-107.3617172241211
-108.1581802368164
-105.63775634765625
-102.62909698486328
-111.42707824707031
-113.53520965576172
-100.72943115234375
-99.9454345703125
-112.50574493408203
-109.45415496826172
-98.97795104980469
-106.58573913574219
-102.52818298339844
-105.06851959228516
-100.6780014038086
-105.2725830078125
-106.22989654541016
-105.5304183959961
-101.39683532714844
-103.53170776367188
-107.6361083984375
-100.07388305664062
-94.91468048095703
-102.6703872680664
-104.79779052734375
-104.58157348632812
-100.4920425415039
-106.56307983398438
-109.35955047607422
-103.90241241455078
-102.08068084716797
-105.9861068725586
-105.8154525756836
-107.77130889892578
-103.87934875488281
-112.31930541992188
-102.23612976074219
-104.38029479980469
-105.47940063476562
-110.59369659423828
-105.27003479003906
-105.02802276611328
-104.21119689941406
-102.17156982421875
-110.63154602050781
-100.0115966796875
-102.59710693359375
-104.89552307128906
-102.77525329589844
-106.2645034790039
-104.69581604003906
-111.98506164550781
-107.26134490966797
-106.63597106933594
-106.6544189453125
-105.8739242553711
-108.07097625732422
-106.41840362548828
-108.01420593261719
-104.0149917602539
-102.86273193359375
-103.43077850341797
-108.86699676513672
-114.50569152832031
-106.99983215332031
-101.0028076171875
-105.40252685546875
-110.39018249511719
-109.18789672851562
-106.49140930175781
-105.44878387451172
-103.39370727539062
-109.14661407470703
-106.8208999633789
-105.54948425292969
-105.71110534667969
-105.75184631347656
-103.21083068847656
-104.81732940673828
-98.0967788696289
-106.3396224975586
-108.01224517822266
-106.62931823730469
-105.5704345703125
-108.49966430664062
-101.10611724853516
-102.78230285644531
-109.59654998779297
-103.63906860351562
-108.71150207519531
-103.8602066040039
-106.08090209960938
-97.84856414794922
-102.66873931884766
-108.65357208251953
-103.8719711303711
-104.42052459716797
-107.31546020507812
-103.96959686279297
-109.07351684570312
-102.9437484741211
-103.85685729980469
-105.981201171875
-104.87115478515625
-109.15613555908203
-110.06407928466797
-104.60990142822266
-105.0237045288086
-100.95499420166016
-110.06429290771484
-99.34463500976562
-113.17469024658203
-106.95438385009766
-110.04472351074219
-102.56788635253906
-100.44554138183594
-103.38560485839844
-104.35682678222656
-102.89417266845703
-109.50407409667969
-108.73429870605469
-108.80899047851562
-101.5827407836914
-111.0235824584961
-106.16352844238281
-109.71582794189453
-111.3973617553711
-108.56519317626953
-105.85647583007812
-111.38395690917969
-104.08708190917969
-108.0267105102539
-102.150634765625
-105.03730010986328
-108.33678436279297
-107.66797637939453
-108.10438537597656
-108.8916015625
-107.85635375976562
-102.91378784179688
-108.18682861328125
-107.46865844726562
-103.02722930908203
-110.18292999267578
-101.23737335205078
-108.55110168457031
-105.73954010009766
-101.5663833618164
-107.58354949951172
-108.68539428710938
-103.9991226196289
-103.7711410522461
-109.08653259277344
-107.71244812011719
-107.81379699707031
-111.73155212402344
-99.757080078125
-104.51422882080078
-97.9173355102539
-108.376708984375
-103.10395812988281
-103.7696533203125
-105.61738586425781
-107.53504943847656
-108.64693450927734
-109.28298950195312
-104.44219970703125
-106.69305419921875
-107.47856903076172
-109.9928207397461
