-98.21585083007812
-110.82640838623047
-103.26056671142578
-107.23989868164062
-109.43843841552734
-108.05510711669922
-101.99639129638672
-93.13328552246094
-108.71047973632812
-102.00582885742188
-105.97924041748047
-106.54100036621094
-107.12550354003906
-106.2265396118164
-103.74127960205078
-99.98371124267578
-97.01429748535156
-111.43531036376953
-104.63113403320312
-99.94353485107422
-103.34541320800781
-102.36276245117188
-104.2168960571289
-107.41926574707031
-107.93345642089844
-112.69847869873047
-99.60550689697266
-106.14079284667969
-98.96015167236328
-101.35148620605469
-104.98151397705078
-113.65477752685547
-107.62339782714844
-108.95269775390625
-108.32843017578125
-101.87256622314453
-100.71234893798828
-102.72699737548828
-104.85417175292969
-103.88270568847656
-95.98404693603516
-98.7408676147461
-106.14859008789062
-101.37738037109375
-100.74163818359375
-108.89783477783203
-106.48442840576172
-107.53311157226562
-101.79328918457031
-102.91382598876953
-102.2676010131836
-101.95454406738281
-102.18887329101562
-113.45906829833984
-108.00712585449219
-105.61649322509766
-106.76106262207031
-100.65772247314453
-93.94166564941406
-111.51644897460938
-103.76631927490234
-105.18225860595703
-99.8797378540039
-102.89110565185547
-104.48834228515625
-96.89865112304688
-105.3694076538086
-105.56303405761719
-104.9859390258789
-99.6114730834961
-105.76908874511719
-98.18448638916016
-98.1544418334961
-108.80957794189453
-104.0203857421875
-104.28694915771484
-100.98438262939453
-105.12139129638672
-102.57617950439453
-106.1689224243164
-100.56790161132812
-103.57244110107422
-96.19822692871094
-103.6561508178711
-107.27979278564453
-103.75772094726562
-105.80259704589844
-97.59434509277344
-106.37374877929688
-99.52383422851562
-101.14202880859375
-103.23348999023438
-104.53837585449219
-107.20148468017578
-107.4075927734375
-101.76844024658203
-103.22513580322266
-103.5499267578125
-102.947021484375
-106.101806640625
-103.62864685058594
-94.20044708251953
-107.7008056640625
-106.25768280029297
-101.57905578613281
-107.78888702392578
-107.27159881591797
-100.94898223876953
-100.63570404052734
-98.24945068359375
-107.95562744140625
-93.82624053955078
-105.06837463378906
-97.94082641601562
-101.85797119140625
-100.55731964111328
-105.87146759033203
-101.75580596923828
-101.4945068359375
-97.62640380859375
-112.41259002685547
-101.88616943359375
-102.77168273925781
-100.1172103881836
-94.04549407958984
-105.85774993896484
-102.99195098876953
-98.92981719970703
-105.6779556274414
-103.56620788574219
-96.9527587890625
-105.46855163574219
-97.25912475585938
-101.24913024902344
-99.75629425048828
-101.30845642089844
-101.05865478515625
-107.72769927978516
-102.68484497070312
-101.52947998046875
-106.99457550048828
-103.9002456665039
-100.56044006347656
-103.02691650390625
-105.98133087158203
-99.68486785888672
-105.43740844726562
-100.96034240722656
-107.24015045166016
-106.54960632324219
-109.42313385009766
-98.24305725097656
-106.43912506103516
-105.46902465820312
-108.5020980834961
-111.03192138671875
-111.06561279296875
-105.79545593261719
-108.39971923828125
-99.69688415527344
-102.53404235839844
-102.23426818847656
-106.00810241699219
-99.64346313476562
-99.46804809570312
-99.29813385009766
-105.81474304199219
-109.92830657958984
-109.05736541748047
-104.15692138671875
-103.86812591552734
-94.67108917236328
-107.27429962158203
-102.87572479248047
-98.81210327148438
-104.19132232666016
-102.22832489013672
-101.54342651367188
-105.33350372314453
-98.5925064086914
-105.07327270507812
-110.22697448730469
-101.11821746826172
-103.72735595703125
-99.49109649658203
-105.68814849853516
-99.76895904541016
-105.47425842285156
-105.1341552734375
-104.563720703125
-109.488037109375
-99.3633041381836
-99.47528076171875
-104.59030151367188
-101.10938262939453
-101.21427917480469
-102.60343933105469
-108.05278015136719
-98.91563415527344
-102.96930694580078
-100.54652404785156
-103.15889739990234
-105.60096740722656
-96.89895629882812
-103.17996978759766
-104.92340850830078
-109.45989990234375
-98.40077209472656
-95.66666412353516
-107.1016616821289
-101.29701232910156
-104.94097900390625
-100.0799560546875
-110.9393539428711
-104.9056396484375
-105.09378814697266
-103.93961334228516
-100.38360595703125
-104.26728057861328
-100.47799682617188
-99.50724792480469
-107.84571075439453
-100.7812271118164
-106.89925384521484
-104.36949157714844
-107.77670288085938
-107.15330505371094
-104.5556411743164
-105.76237487792969
-107.40216064453125
-109.43836975097656
-114.14075469970703
-106.65094757080078
-103.61257934570312
-107.16744232177734
-98.21709442138672
-105.121826171875
-106.30247497558594
-106.38517761230469
-101.49789428710938
-106.77207946777344
-103.79756164550781
-103.80168151855469
-106.05075073242188
-102.24584197998047
-105.4820327758789
-103.56886291503906
-106.59855651855469
-103.1624755859375
-101.12593841552734
-107.8240737915039
-105.388671875
-99.18510437011719
-96.5950927734375
-101.43833923339844
-103.2182388305664
-103.99954986572266
-113.39710998535156
-102.24918365478516
-106.51888275146484
-108.60679626464844
-104.25606536865234
-103.99729919433594
-98.62967681884766
-97.64482116699219
-105.75444793701172
-106.30929565429688
-99.12425994873047
-97.62118530273438
-105.00827026367188
-101.16699981689453
-103.45571899414062
-100.68958282470703
-105.65299224853516
-99.38008880615234
-102.91626739501953
-105.22809600830078
-97.13750457763672
-101.7193374633789
-105.7535171508789
-97.53507232666016
-102.46601867675781
-106.41842651367188
-99.66996002197266
-96.66035461425781
-105.26296997070312
-101.09288787841797
-105.59437561035156
-106.83892822265625
-104.05313110351562
-103.12179565429688
-98.79845428466797
-99.95813751220703
-104.87628173828125
-106.22325897216797
-103.20947265625
-103.20004272460938
-107.84136199951172
-103.43960571289062
-99.2016372680664
-102.55164337158203
-103.16887664794922
-105.40982818603516
-102.5909423828125
-106.51207733154297
-101.96927642822266
-99.34092712402344
-108.42487335205078
-104.01412963867188
-106.65670013427734
-105.98082733154297
-104.1370620727539
-101.27094268798828
-106.24147033691406
-99.7216567993164
-103.45549774169922
-100.05770874023438
-106.41228485107422
-103.16905212402344
-106.49751281738281
-105.27775573730469
-108.24864959716797
-100.23812866210938
-99.92218017578125
-99.75386810302734
-106.36354064941406
-108.80706024169922
-98.88768768310547
-107.23741912841797
-105.46104431152344
-106.61214447021484
-100.68135833740234
-102.05770874023438
-104.84288787841797
-110.61995697021484
-107.78629302978516
-101.62391662597656
-106.54313659667969
-101.60608673095703
-108.9527816772461
-110.66205596923828
-104.33612060546875
-108.21682739257812
-103.6433334350586
-108.2720718383789
-99.86298370361328
-100.0591812133789
-100.1462173461914
-104.28377532958984
-110.15290832519531
-102.33262634277344
-106.52132415771484
-107.59297180175781
-106.80781555175781
-100.48710632324219
-108.59646606445312
-106.20086669921875
-109.17980194091797
-109.1657485961914
-105.45033264160156
-106.26361846923828
-107.0248031616211
-105.25604248046875
-109.12452697753906
-104.66410064697266
-102.06322479248047
-105.70834350585938
-102.36631774902344
-106.50675201416016
-104.71849060058594
-103.72237396240234
-104.611328125
-98.65619659423828
-111.30386352539062
-104.676513671875
-109.22409057617188
-98.43643951416016
-103.17731475830078
-98.03812408447266
-100.85242462158203
-103.23454284667969
-99.16307067871094
-100.94734191894531
-100.38967895507812
-104.47176361083984
-103.40418243408203
-102.08814239501953
-105.59907531738281
-107.61802673339844
-102.592529296875
-99.587646484375
-102.55876159667969
-104.64089965820312
-102.5947036743164
-102.35083770751953
-101.17261505126953
-96.39611053466797
-109.64459228515625
-100.9114990234375
-101.64581298828125
-103.3292236328125
-101.0517578125
-102.64754486083984
-101.97516632080078
-99.60609436035156
-111.73516845703125
-97.513916015625
-102.55284881591797
-102.72630310058594
-103.51514434814453
-113.10232543945312
-105.57585144042969
-105.87033081054688
-99.20054626464844
-98.84156799316406
-97.31184387207031
-110.03130340576172
-100.77681732177734
-101.0759506225586
-106.39744567871094
-104.53426361083984
-98.36384582519531
-102.88002014160156
-110.3074951171875
-98.57034301757812
-100.90209197998047
-103.66983795166016
-100.51656341552734
-98.55294799804688
-107.6202621459961
-101.69087982177734
-109.97831726074219
-99.3606185913086
-100.85245513916016
-99.46279907226562
-105.9051284790039
-103.08246612548828
-104.04695892333984
-106.74667358398438
-99.57946014404297
-102.54855346679688
-102.22232055664062
-107.50342559814453
-95.15217590332031
-103.32566833496094
-98.9608154296875
-103.44635009765625
-100.59913635253906
-100.32142639160156
-106.59230041503906
-98.77625274658203
-106.24657440185547
-102.69215393066406
-100.3296127319336
-110.71917724609375
-103.01659393310547
-109.349365234375
-105.72016143798828
-108.74284362792969
-97.7491455078125
-105.28456115722656
-100.3029556274414
-110.26351928710938
-93.8841781616211
-103.85047149658203
-107.8345947265625
-110.14110565185547
-105.29656219482422
-97.93016815185547
-97.20512390136719
-106.56674194335938
-100.48684692382812
-103.22237396240234
-105.7450942993164
-101.91342163085938
-100.82392883300781
-102.34805297851562
-110.3170166015625
-99.27128601074219
-100.43768310546875
-93.44999694824219
-103.44829559326172
-104.1792221069336
-96.42092895507812
-105.86106872558594
-99.53365325927734
-102.18706512451172
-95.71514892578125
-106.64602661132812
-106.59722900390625
-100.49043273925781
-97.75635528564453
-99.70201110839844
-104.51761627197266
-102.02375030517578
-106.57269287109375
-98.06291198730469
-103.42645263671875
-97.5261001586914
-103.12149810791016
-102.34375
-103.12451171875
-99.75148010253906
-100.0846176147461
-103.08965301513672
-103.05116271972656
-107.49869537353516
-100.37800598144531
-104.7629623413086
-105.01451873779297
-102.94204711914062
-104.82930755615234
-110.35450744628906
-102.1214599609375
-100.00148010253906
-99.10917663574219
-100.93407440185547
-99.54335021972656
-108.27342987060547
-100.87909698486328
-103.73294067382812
-99.2345199584961
-104.4162368774414
-103.41014862060547
-99.79069519042969
-105.2340087890625
-101.82325744628906
-110.88043212890625
-99.83618927001953
-100.201904296875
-101.33319854736328
-104.68963623046875
-103.78244018554688
-108.30734252929688
-108.30477905273438
-101.06916046142578
-103.47230529785156
-104.05292510986328
-100.4316635131836
-103.87724304199219
-108.74491119384766
-102.4437484741211
-97.72198486328125
-105.86778259277344
-108.69314575195312
-97.21748352050781
-104.03395080566406
-97.86331176757812
-108.9466552734375
-106.50440979003906
-108.18275451660156
-100.72176361083984
-101.0405502319336
-103.41386413574219
-104.56439208984375
-106.66498565673828
-104.94952392578125
-107.9236068725586
-107.58048248291016
-102.29656219482422
-106.94160461425781
-105.11397552490234
-99.1590576171875
-104.09469604492188
-110.06294250488281
-109.13557434082031
-106.07596588134766
-99.34243774414062
-101.63621520996094
-110.14862060546875
-99.35297393798828
-98.35337829589844
-100.11973571777344
-108.75253295898438
-95.0927734375
-107.02470397949219
-98.58981323242188
-114.44914245605469
-106.77970123291016
-101.73246002197266
-105.36837768554688
-106.7142105102539
-105.43887329101562
-100.38848876953125
-105.34153747558594
-106.09111022949219
-101.35985565185547
-97.60213470458984
-103.12174224853516
-98.65612030029297
-102.77328491210938
-102.44542694091797
-101.11707305908203
-103.93540954589844
-101.3028564453125
-104.57364654541016
-97.85646057128906
-99.76042175292969
-107.90611267089844
-107.86597442626953
-101.72391510009766
-102.4422378540039
-104.35543823242188
-105.3495101928711
-99.07081604003906
-101.13468933105469
-102.25304412841797
-98.45023345947266
-105.61544799804688
-103.303466796875
-99.69654083251953
-103.79679107666016
-101.33304595947266
-111.19912719726562
-104.97879791259766
-101.73296356201172
-100.48280334472656
-104.11111450195312
-101.34832763671875
-99.23553466796875
-102.41998291015625
-99.44153594970703
-98.61515045166016
-100.28944396972656
-98.66094970703125
-103.16878509521484
-108.41140747070312
-102.7455062866211
-103.45246124267578
-108.10599517822266
-103.57292938232422
-104.95130920410156
-107.86204528808594
-101.86149597167969
-99.23548889160156
-103.936767578125
-107.24171447753906
-103.21757507324219
-97.98218536376953
-108.04120635986328
-105.07203674316406
-111.04071807861328
-109.6866455078125
-102.52128601074219
-98.00767517089844
-95.4268798828125
-99.82022857666016
-102.25820922851562
-99.65425109863281
-100.95338439941406
-103.3646240234375
-112.64427947998047
-105.84397888183594
-107.34990692138672
-108.52800750732422
-104.55703735351562
-100.84819030761719
-105.41808319091797
-101.4856948852539
-103.49784851074219
-109.37892150878906
-99.88689422607422
-106.43998718261719
-100.67327880859375
-98.61328887939453
-103.63447570800781
-109.01179504394531
-101.84259796142578
-101.98975372314453
-105.6786880493164
-105.02202606201172
-107.32856750488281
-104.3716049194336
-99.89694213867188
-106.75305938720703
-98.58541870117188
-100.62629699707031
-105.67533111572266
-107.03488159179688
-108.21366882324219
-107.34661865234375
-104.66596221923828
-102.4498062133789
-106.47219848632812
-107.72030639648438
-102.39256286621094
-101.50387573242188
-101.06742095947266
-105.51214599609375
-104.37445068359375
-98.64695739746094
-104.76858520507812
-94.34376525878906
-100.81352996826172
-104.36817169189453
-103.75257873535156
-103.1216049194336
-98.96566009521484
-100.75084686279297
-101.62600708007812
-98.48979187011719
-101.75703430175781
-108.85935974121094
-107.19220733642578
-104.42433166503906
-103.7504653930664
-103.87706756591797
-101.61185455322266
-106.94170379638672
-105.0398941040039
-100.47132110595703
-103.21600341796875
-104.30306243896484
-100.24278259277344
-104.21990203857422
-102.625244140625
-101.51676940917969
-100.10584259033203
-100.40412902832031
-108.39274597167969
-111.83169555664062
-101.89757537841797
-102.80363464355469
-105.17481231689453
-104.41807556152344
-105.3558349609375
-99.7918472290039
-103.89408874511719
-105.68003845214844
-96.8180160522461
-102.75621032714844
-108.60954284667969
-102.06110382080078
-102.47944641113281
-102.74879455566406
-106.11616516113281
-98.79259490966797
-104.54939270019531
-101.8613510131836
-96.6174545288086
-99.9281005859375
-103.70184326171875
-102.0078125
-99.99029541015625
-107.16817474365234
-105.58210754394531
-101.88407897949219
-101.90060424804688
-103.4500503540039
-109.372802734375
-104.15443420410156
-102.77610778808594
-98.93311309814453
-102.62642669677734
-99.42693328857422
-102.16571807861328
-104.28763580322266
-106.11135864257812
-100.53671264648438
-111.12019348144531
-100.20420837402344
-101.18274688720703
-98.51404571533203
-102.33696746826172
-97.6282730102539
-99.7295150756836
-102.91246795654297
-94.96173858642578
-105.91996002197266
-105.91175842285156
-103.31714630126953
-99.7281494140625
-110.08638763427734
-111.33937072753906
-98.90516662597656
-99.91285705566406
-109.58660888671875
-107.63927459716797
-96.34300231933594
-103.30828857421875
-101.28126525878906
-103.823974609375
-100.57948303222656
-102.85555267333984
-105.33424377441406
-102.90946960449219
-99.36502075195312
-101.10826873779297
-106.12955474853516
-97.963134765625
-92.92306518554688
-101.6319808959961
-101.63076782226562
-101.48393249511719
-98.86260223388672
-105.14786529541016
-106.06675720214844
-102.89070129394531
-101.1059341430664
-102.98420715332031
-104.14136505126953
-105.26641082763672
-101.99701690673828
-109.18323516845703
-99.80819702148438
-101.59996032714844
-102.44647216796875
-107.63936614990234
-102.08688354492188
-103.76025390625
-103.23910522460938
-100.94291687011719
-109.25181579589844
-98.77530670166016
-101.0977783203125
-102.7125244140625
-101.46814727783203
-103.79077911376953
-102.83914184570312
-108.29889678955078
-103.41034698486328
-104.36776733398438
-105.06087493896484
-101.91866302490234
-106.20587921142578
-103.6693115234375
-106.39582061767578
-102.32939147949219
-97.43614959716797
-101.536376953125
-108.15298461914062
-112.47857666015625
-104.65792083740234
-97.54676818847656
-104.72232055664062
-106.67467498779297
-105.3311538696289
-103.87956237792969
-101.16407012939453
-101.49114990234375
-105.18183135986328
-104.04263305664062
-103.10413360595703
-103.06648254394531
-103.96438598632812
-99.51055908203125
-100.75963592529297
-96.7034912109375
-104.12034606933594
-106.06246185302734
-104.3940658569336
-103.68927764892578
-105.16010284423828
-97.98660278320312
-101.13055419921875
-109.1214370727539
-102.09276580810547
-107.70259857177734
-102.01757049560547
-104.12937927246094
-96.2508773803711
-101.21131134033203
-105.32612609863281
-101.92876434326172
-101.18203735351562
-102.73059844970703
-101.00669860839844
-106.69551849365234
-101.22163391113281
-102.73979949951172
-104.31312561035156
-103.34925842285156
-107.27008056640625
-106.4972915649414
-102.60981750488281
-103.57469177246094
-98.32100677490234
-108.42160034179688
-95.80674743652344
-110.41651916503906
-103.52477264404297
-106.65734100341797
-100.490478515625
-99.13697052001953
-101.01593017578125
-102.0085220336914
-101.64363098144531
-106.44026184082031
-107.3477554321289
-106.2100601196289
-99.8843002319336
-107.93970489501953
-102.59902954101562
-105.56861114501953
-108.03833770751953
-106.37325286865234
-103.77433013916016
-108.35442352294922
-102.43818664550781
-106.75146484375
-100.98147583007812
-103.37490844726562
-104.86305236816406
-105.3887939453125
-105.33338928222656
-106.60765838623047
-105.17048645019531
-101.18997955322266
-105.72406768798828
-103.972412109375
-99.8513412475586
-108.74899291992188
-98.94425964355469
-106.77718353271484
-104.52849578857422
-100.27472686767578
-105.01496887207031
-107.2962875366211
-102.62801361083984
-103.1731185913086
-105.63919830322266
-103.40996551513672
-105.9783706665039
-108.29987335205078
-97.94303131103516
-102.9982681274414
-95.3052749633789
-106.86319732666016
-98.82247161865234
-100.09668731689453
-102.32733154296875
-105.18719482421875
-106.2685775756836
-106.85346984863281
-100.7541732788086
-104.35294342041016
-105.76483917236328
-106.4488754272461
