-556.4981689453125
-479.2493591308594
-349.05908203125
-317.868408203125
-269.3944396972656
-253.84967041015625
-238.0359344482422
-225.93235778808594
-231.33294677734375
-221.60986328125
-222.65170288085938
-219.0752410888672
-220.34725952148438
-229.29815673828125
-211.92599487304688
-207.72988891601562
-206.30625915527344
-212.03907775878906
-207.42404174804688
-205.31069946289062
-212.3184356689453
-205.26425170898438
-205.28411865234375
-214.2894744873047
-221.51832580566406
-209.70254516601562
-198.21832275390625
-213.81407165527344
-203.16363525390625
-204.68421936035156
-209.6101531982422
-204.73477172851562
-214.73916625976562
-203.9784698486328
-204.2473602294922
-200.94712829589844
-201.405517578125
-196.15335083007812
-193.26760864257812
-202.6181182861328
-191.33949279785156
-193.06573486328125
-201.08950805664062
-197.3387908935547
-192.1780548095703
-201.72804260253906
-199.4940948486328
-199.7378387451172
-196.5433349609375
-193.91455078125
-191.76022338867188
-195.79095458984375
-197.359619140625
-207.70687866210938
-206.81922912597656
-198.07777404785156
-201.9898223876953
-190.0077362060547
-181.98709106445312
-207.59207153320312
-192.05262756347656
-196.91842651367188
-186.14700317382812
-191.65353393554688
-196.06112670898438
-180.68939208984375
-196.1239471435547
-195.81961059570312
-191.63548278808594
-188.90509033203125
-188.53860473632812
-188.45895385742188
-188.58428955078125
-198.08311462402344
-189.07577514648438
-188.59136962890625
-184.30191040039062
-192.9367218017578
-182.15078735351562
-196.12728881835938
-185.13438415527344
-195.1935577392578
-176.81626892089844
-192.90536499023438
-190.0313262939453
-188.2841033935547
-194.6267852783203
-182.0634002685547
-190.9706268310547
-180.41152954101562
-184.91868591308594
-182.2520294189453
-184.7596435546875
-186.49183654785156
-189.08546447753906
-178.8865509033203
-184.47207641601562
-187.43002319335938
-180.16183471679688
-185.75320434570312
-185.43649291992188
-168.64447021484375
-186.49459838867188
-182.4854736328125
-177.259033203125
-187.09103393554688
-185.630615234375
-171.23902893066406
-175.6041259765625
-169.67449951171875
-180.9771728515625
-167.92616271972656
-179.46534729003906
-170.57424926757812
-182.30679321289062
-175.32289123535156
-176.3414306640625
-176.23179626464844
-171.6231689453125
-171.3224639892578
-181.2977752685547
-173.19151306152344
-176.0755615234375
-171.69796752929688
-163.65423583984375
-180.731201171875
-165.8001708984375
-168.1210174560547
-174.06863403320312
-173.28570556640625
-156.41786193847656
-175.32183837890625
-162.04742431640625
-173.6234893798828
-164.9738006591797
-171.89613342285156
-165.6720428466797
-173.7305908203125
-173.6367950439453
-169.50753784179688
-170.47760009765625
-173.3919677734375
-169.86776733398438
-168.54159545898438
-167.9042510986328
-166.68496704101562
-164.45556640625
-163.60687255859375
-171.1123809814453
-171.48562622070312
-174.74874877929688
-165.7392578125
-171.03709411621094
-168.83143615722656
-171.5707550048828
-174.15631103515625
-175.4469757080078
-170.687255859375
-170.56605529785156
-159.58963012695312
-164.1607666015625
-161.70233154296875
-168.537841796875
-161.65447998046875
-157.63571166992188
-164.0481719970703
-171.8179168701172
-170.6636199951172
-170.36566162109375
-156.80413818359375
-160.93179321289062
-149.22537231445312
-163.1621856689453
-161.58802795410156
-154.08827209472656
-162.577880859375
-158.63973999023438
-158.64303588867188
-164.5432586669922
-154.8167266845703
-161.89503479003906
-164.248779296875
-160.74099731445312
-158.92324829101562
-149.6247100830078
-162.946533203125
-154.2693634033203
-161.82516479492188
-159.6678009033203
-157.63714599609375
-165.56077575683594
-156.0958709716797
-152.8911895751953
-157.5958709716797
-150.6231231689453
-158.80003356933594
-156.299560546875
-164.18043518066406
-150.77635192871094
-158.1196746826172
-151.63522338867188
-156.1400146484375
-157.29788208007812
-150.94851684570312
-156.75938415527344
-156.15858459472656
-159.42636108398438
-151.4239959716797
-149.893310546875
-159.46881103515625
-154.7171173095703
-152.41864013671875
-151.73094177246094
-164.63453674316406
-156.26962280273438
-154.7914276123047
-155.5812225341797
-153.49305725097656
-157.0849151611328
-153.52984619140625
-144.76431274414062
-161.27938842773438
-148.67404174804688
-162.9650421142578
-155.44606018066406
-156.95359802246094
-155.64431762695312
-155.23985290527344
-157.94552612304688
-156.19451904296875
-165.75491333007812
-165.66424560546875
-155.87673950195312
-155.63731384277344
-155.09873962402344
-144.02418518066406
-158.66734313964844
-157.6935577392578
-159.2362518310547
-148.60377502441406
-155.91041564941406
-149.3833465576172
-153.2303009033203
-156.39682006835938
-150.62649536132812
-148.91908264160156
-150.92752075195312
-151.9384002685547
-147.456787109375
-148.78158569335938
-152.04812622070312
-151.40924072265625
-149.40316772460938
-141.9131317138672
-150.0229034423828
-153.36732482910156
-151.56805419921875
-160.0748748779297
-147.78729248046875
-156.83631896972656
-156.850341796875
-151.51666259765625
-153.3869171142578
-147.27232360839844
-145.421630859375
-150.07754516601562
-151.1547393798828
-141.23809814453125
-141.98985290527344
-148.8583984375
-144.17002868652344
-151.02679443359375
-148.40597534179688
-153.17396545410156
-142.93357849121094
-145.68954467773438
-148.02688598632812
-138.88150024414062
-148.1197967529297
-152.68096923828125
-142.85531616210938
-150.19720458984375
-149.4509735107422
-144.95379638671875
-141.3465576171875
-148.57293701171875
-141.9136962890625
-149.76077270507812
-150.06500244140625
-148.29074096679688
-146.94906616210938
-140.51588439941406
-150.89512634277344
-148.497802734375
-148.4132080078125
-147.31292724609375
-146.39280700683594
-149.11007690429688
-149.46920776367188
-143.2816925048828
-145.85911560058594
-143.61204528808594
-151.67579650878906
-148.17787170410156
-149.95899963378906
-141.94049072265625
-142.06387329101562
-150.859130859375
-145.56561279296875
-147.760986328125
-150.15032958984375
-140.11013793945312
-144.3439483642578
-146.9287567138672
-137.8265380859375
-145.462890625
-139.5333251953125
-151.43789672851562
-142.96603393554688
-145.35894775390625
-145.2538604736328
-152.32261657714844
-141.74688720703125
-133.42816162109375
-137.69598388671875
-147.503662109375
-150.7177734375
-137.38931274414062
-149.74290466308594
-143.67153930664062
-146.07406616210938
-140.4256134033203
-140.75384521484375
-145.04537963867188
-152.09161376953125
-150.5482940673828
-143.87466430664062
-143.89642333984375
-139.3041229248047
-148.78475952148438
-151.1109619140625
-145.77145385742188
-145.59385681152344
-142.01223754882812
-146.93849182128906
-138.055908203125
-140.07904052734375
-138.5667724609375
-143.2528076171875
-149.7115020751953
-146.16941833496094
-147.99961853027344
-146.64430236816406
-144.72044372558594
-138.1035614013672
-145.54434204101562
-141.94725036621094
-145.8118438720703
-150.19554138183594
-145.8137664794922
-142.79490661621094
-144.04493713378906
-143.91783142089844
-147.1483154296875
-142.2730255126953
-140.7401580810547
-141.29196166992188
-139.84939575195312
-143.1224365234375
-140.964111328125
-140.3770751953125
-146.12709045410156
-132.09727478027344
-149.1380615234375
-143.85398864746094
-141.63259887695312
-136.9035186767578
-136.13897705078125
-133.05575561523438
-140.90101623535156
-142.39097595214844
-134.03887939453125
-138.5635528564453
-134.7089080810547
-140.61126708984375
-142.39694213867188
-136.30474853515625
-139.55160522460938
-146.68740844726562
-135.01571655273438
-134.3369598388672
-135.22076416015625
-143.57554626464844
-139.63656616210938
-137.4839324951172
-134.2683868408203
-131.91819763183594
-145.84657287597656
-133.58326721191406
-138.4588165283203
-141.35888671875
-135.00247192382812
-137.37660217285156
-132.54505920410156
-131.71771240234375
-149.3594207763672
-133.17320251464844
-135.4532012939453
-138.12738037109375
-139.93438720703125
-149.03472900390625
-140.44876098632812
-140.6195831298828
-133.280517578125
-130.21646118164062
-135.77162170410156
-148.7092742919922
-133.119384765625
-132.91172790527344
-139.79183959960938
-140.9361572265625
-132.27061462402344
-135.8658447265625
-141.4052276611328
-131.54226684570312
-135.57955932617188
-136.09950256347656
-132.24049377441406
-130.31005859375
-143.2269287109375
-131.5880889892578
-143.8532257080078
-133.32176208496094
-135.0449981689453
-131.2984161376953
-139.89810180664062
-139.14202880859375
-136.18870544433594
-141.16346740722656
-135.93125915527344
-138.4305877685547
-133.4703369140625
-141.69174194335938
-126.7506103515625
-137.40945434570312
-135.8813018798828
-138.86968994140625
-132.90235900878906
-131.10357666015625
-138.1586151123047
-130.46348571777344
-143.3061065673828
-135.35711669921875
-132.16912841796875
-142.3159637451172
-136.50819396972656
-139.70504760742188
-137.8910369873047
-141.5037384033203
-131.2486114501953
-137.54867553710938
-130.47727966308594
-145.75035095214844
-126.04804229736328
-136.23312377929688
-141.04318237304688
-142.62574768066406
-138.75787353515625
-127.90282440185547
-125.41004180908203
-135.7007293701172
-131.65553283691406
-135.57510375976562
-135.7965087890625
-128.7372589111328
-131.72584533691406
-132.7064971923828
-142.5098419189453
-130.51629638671875
-130.9723663330078
-120.3760986328125
-135.22779846191406
-136.0998077392578
-125.2035903930664
-138.38742065429688
-130.164794921875
-132.69358825683594
-128.18922424316406
-137.0777587890625
-137.6755828857422
-131.5178985595703
-131.15756225585938
-132.79771423339844
-139.44581604003906
-130.78720092773438
-136.39694213867188
-127.20831298828125
-132.0380859375
-125.41924285888672
-129.9366455078125
-130.75531005859375
-131.25445556640625
-129.94168090820312
-124.64114379882812
-136.67210388183594
-132.57186889648438
-134.68157958984375
-128.81446838378906
-136.88539123535156
-137.03073120117188
-135.1221160888672
-135.2088165283203
-139.5841827392578
-130.52919006347656
-130.17750549316406
-130.11187744140625
-128.3871612548828
-129.79122924804688
-139.56365966796875
-129.12892150878906
-133.23348999023438
-128.7535400390625
-135.64935302734375
-132.0523681640625
-130.84237670898438
-133.70896911621094
-131.45477294921875
-137.49034118652344
-130.26197814941406
-128.8594512939453
-132.3090057373047
-131.8924560546875
-131.80010986328125
-142.2179718017578
-142.62127685546875
-129.4591064453125
-132.56491088867188
-132.20704650878906
-130.3707275390625
-131.9494171142578
-139.62548828125
-130.9686737060547
-122.50981903076172
-138.36717224121094
-136.63795471191406
-127.81459045410156
-133.7587127685547
-127.73970031738281
-139.01852416992188
-137.67591857910156
-137.09364318847656
-127.39561462402344
-130.70286560058594
-132.480224609375
-132.92132568359375
-131.26759338378906
-134.34579467773438
-134.338134765625
-136.21231079101562
-132.39588928222656
-136.19650268554688
-134.26878356933594
-127.46697235107422
-132.95896911621094
-140.18325805664062
-138.0963592529297
-136.1791534423828
-127.61726379394531
-129.3247833251953
-137.4513702392578
-128.44049072265625
-126.57170867919922
-127.20035552978516
-136.85511779785156
-121.21809387207031
-135.21795654296875
-123.68824005126953
-142.8951416015625
-134.9912567138672
-132.8427734375
-135.53244018554688
-135.12704467773438
-133.3177947998047
-129.39035034179688
-131.92935180664062
-132.17481994628906
-128.95419311523438
-121.22991943359375
-130.77264404296875
-124.1490707397461
-130.71182250976562
-130.2566680908203
-128.0303955078125
-133.32044982910156
-127.41712188720703
-129.34242248535156
-124.73942565917969
-124.14374542236328
-138.49147033691406
-134.00941467285156
-128.86578369140625
-128.8429718017578
-133.0998992919922
-133.104248046875
-126.69754028320312
-124.86071014404297
-126.83055114746094
-123.98193359375
-132.68313598632812
-127.54735565185547
-123.39022064208984
-128.60513305664062
-129.7144317626953
-135.7450714111328
-135.6635284423828
-130.6056671142578
-126.81816101074219
-127.9745101928711
-125.17555236816406
-127.62338256835938
-127.59382629394531
-125.65961456298828
-124.82891845703125
-126.27606201171875
-123.10909271240234
-130.16162109375
-134.11537170410156
-131.364501953125
-127.7471923828125
-133.4237823486328
-132.27642822265625
-129.54013061523438
-136.5008087158203
-128.55612182617188
-122.54376983642578
-130.1376953125
-133.47775268554688
-126.8165512084961
-122.92457580566406
-132.93170166015625
-132.84063720703125
-134.8043670654297
-135.5655059814453
-129.99246215820312
-129.6401824951172
-119.0274658203125
-124.43978881835938
-123.34530639648438
-124.18058776855469
-127.41006469726562
-129.37625122070312
-137.81895446777344
-130.54959106445312
-136.1475067138672
-134.29429626464844
-130.36045837402344
-123.94300842285156
-131.8086395263672
-123.47996520996094
-123.33320617675781
-135.82200622558594
-123.13691711425781
-133.85426330566406
-125.15398406982422
-121.21619415283203
-126.55339050292969
-133.4593048095703
-127.33271789550781
-126.81832122802734
-130.3347625732422
-131.55307006835938
-131.07601928710938
-125.43569946289062
-124.08820343017578
-129.93310546875
-120.32577514648438
-122.74787139892578
-132.0342559814453
-130.29798889160156
-129.60903930664062
-129.90090942382812
-127.96905517578125
-122.84722137451172
-129.31114196777344
-132.4073486328125
-123.3265151977539
-124.83849334716797
-125.15779876708984
-128.0831298828125
-128.34710693359375
-121.74564361572266
-132.10890197753906
-114.83174133300781
-125.04280090332031
-126.8993148803711
-128.35507202148438
-129.57862854003906
-124.69860076904297
-126.9917221069336
-126.57076263427734
-126.13123321533203
-127.47112274169922
-136.17654418945312
-128.79052734375
-127.01748657226562
-130.42465209960938
-125.69728088378906
-129.5091094970703
-127.96651458740234
-129.08636474609375
-121.99302673339844
-129.2919464111328
-127.23171997070312
-121.97454071044922
-127.06623077392578
-123.90076446533203
-121.9957504272461
-125.41503143310547
-127.07215881347656
-127.52915954589844
-137.9497528076172
-123.61805725097656
-125.29032897949219
-133.49404907226562
-125.40193176269531
-131.62118530273438
-123.4735107421875
-125.80780029296875
-133.4326171875
-118.88282012939453
-122.31451416015625
-134.99851989746094
-125.72000885009766
-125.18411254882812
-131.98068237304688
-132.39407348632812
-118.70033264160156
-128.46621704101562
-128.25308227539062
-117.22370147705078
-127.90177154541016
-128.47442626953125
-122.37637329101562
-120.85749816894531
-130.3229522705078
-128.6541748046875
-128.5519256591797
-120.9117431640625
-121.99906158447266
-130.62908935546875
-127.94302368164062
-122.25309753417969
-124.53878784179688
-127.26056671142578
-119.11907196044922
-126.30398559570312
-131.66253662109375
-130.95584106445312
-121.50618743896484
-135.154541015625
-123.2861328125
-124.721923828125
-119.13465881347656
-122.64574432373047
-120.0863037109375
-123.63043975830078
-126.73109436035156
-112.83528137207031
-126.25906372070312
-128.1387939453125
-125.36273956298828
-121.56707000732422
-133.8734588623047
-136.43197631835938
-120.46221160888672
-117.31649780273438
-131.01483154296875
-125.74288177490234
-120.96115112304688
-123.45368957519531
-122.34205627441406
-125.965576171875
-119.79781341552734
-124.2657470703125
-127.65353393554688
-123.99767303466797
-119.88794708251953
-123.83598327636719
-130.4625701904297
-116.93994140625
-110.5042724609375
-119.86658477783203
-121.00568389892578
-125.31500244140625
-122.17210388183594
-126.06132507324219
-131.32102966308594
-124.93196105957031
-124.31729888916016
-127.33197784423828
-124.94988250732422
-126.32191467285156
-125.64945983886719
-132.03240966796875
-117.26302337646484
-121.63167572021484
-125.26606750488281
-130.2681884765625
-122.16155242919922
-125.25643920898438
-120.91950225830078
-121.80082702636719
-130.12338256835938
-119.19237518310547
-122.60580444335938
-123.81324768066406
-119.46745300292969
-127.77096557617188
-122.13562774658203
-131.31336975097656
-124.74317932128906
-125.59136199951172
-125.42294311523438
-124.29532623291016
-126.21613311767578
-121.4398422241211
-127.68370819091797
-118.473876953125
-119.17713928222656
-118.65509033203125
-129.0913543701172
-131.99810791015625
-125.61460876464844
-114.93658447265625
-122.19192504882812
-128.19639587402344
-128.40415954589844
-126.52800750732422
-123.7229995727539
-118.11196899414062
-129.43922424316406
-122.25594329833984
-125.79124450683594
-124.72761535644531
-123.80166625976562
-121.59584045410156
-120.86616516113281
-115.66553497314453
-124.48016357421875
-129.72535705566406
-126.22669982910156
-124.07502746582031
-127.3650131225586
-120.39971160888672
-121.37017822265625
-129.0458526611328
-121.19091033935547
-126.75605010986328
-123.58463287353516
-124.87898254394531
-114.9940185546875
-120.20267486572266
-124.60159301757812
-121.67921447753906
-121.46583557128906
-122.6043701171875
-120.36213684082031
-122.92597198486328
-119.1651382446289
-119.6838150024414
-121.01654052734375
-124.60114288330078
-130.3882293701172
-128.05833435058594
-121.34785461425781
-120.63729095458984
-115.57449340820312
-130.85354614257812
-116.16679382324219
-129.97598266601562
-120.96957397460938
-128.19671630859375
-123.30792999267578
-118.32466888427734
-122.58148956298828
-122.30279541015625
-124.52728271484375
-131.140625
-125.0484619140625
-123.34461975097656
-120.81741333007812
-129.20828247070312
-121.36027526855469
-126.99565887451172
-126.0816650390625
-124.19908142089844
-125.26334381103516
-129.61500549316406
-120.68938446044922
-127.94551849365234
-118.78666687011719
-123.16021728515625
-123.1553726196289
-128.6312713623047
-125.63578796386719
-125.85790252685547
-122.62873840332031
-120.8464584350586
-125.36341857910156
-123.88670349121094
-120.38761901855469
-127.31800079345703
-118.03097534179688
-128.29527282714844
-121.92170715332031
-116.88175201416016
-122.13717651367188
-124.40174102783203
-121.49955749511719
-122.0518569946289
-125.63653564453125
-122.54918670654297
-125.23541259765625
-130.96519470214844
-113.1338882446289
-124.19146728515625
-112.93632507324219
-126.5946044921875
-119.2387466430664
-119.2174072265625
-127.14656829833984
-124.60871887207031
-125.98820495605469
-124.51095581054688
-122.01757049560547
-123.26114654541016
-124.72523498535156
-123.93282318115234
