-104.66313934326172
-114.55030822753906
-107.55145263671875
-112.2136001586914
-111.67579650878906
-111.354736328125
-104.8586196899414
-100.27910614013672
-109.8215103149414
-103.51274108886719
-111.68138122558594
-106.1913070678711
-111.4764175415039
-107.5239028930664
-107.63953399658203
-103.50666046142578
-102.82009887695312
-111.93882751464844
-108.70646667480469
-102.39756774902344
-106.76860046386719
-106.77422332763672
-107.87474060058594
-110.29010772705078
-112.13848876953125
-115.53663635253906
-103.68379211425781
-113.21290588378906
-102.49081420898438
-104.83025360107422
-110.67241668701172
-117.11724090576172
-111.53032684326172
-115.29071807861328
-111.16899871826172
-105.34305572509766
-102.9975357055664
-106.95249938964844
-107.39305877685547
-108.01766967773438
-100.76268005371094
-101.68781280517578
-112.01420593261719
-106.75465393066406
-104.43779754638672
-111.13211059570312
-109.86009979248047
-110.0826187133789
-107.43360900878906
-105.4615478515625
-105.32765197753906
-107.48416900634766
-107.14736938476562
-119.65632629394531
-111.97154998779297
-108.16128540039062
-109.05795288085938
-100.39913940429688
-98.95465087890625
-114.34833526611328
-108.05030059814453
-108.73920440673828
-107.30884552001953
-108.3596420288086
-109.73184967041016
-101.97169494628906
-108.44670867919922
-108.89311218261719
-107.46048736572266
-102.06600952148438
-106.85299682617188
-104.01944732666016
-104.30941009521484
-113.66535186767578
-110.33039855957031
-111.06210327148438
-104.79192352294922
-109.16197967529297
-106.20294189453125
-112.03690338134766
-105.97045135498047
-109.76727294921875
-100.305908203125
-105.23686218261719
-112.31120300292969
-108.26897430419922
-108.16826629638672
-102.14352416992188
-107.82992553710938
-102.6610107421875
-104.90879821777344
-109.0107192993164
-106.66220092773438
-109.66355895996094
-113.95230865478516
-108.59072875976562
-108.96420288085938
-107.21996307373047
-106.5414810180664
-112.20382690429688
-108.85031127929688
-98.6279296875
-114.1298599243164
-108.75846862792969
-106.01266479492188
-113.573974609375
-111.75032806396484
-102.11470031738281
-107.16995239257812
-102.3644790649414
-108.54969024658203
-97.34941864013672
-109.6233139038086
-101.6993179321289
-107.90660095214844
-103.99820709228516
-109.42039489746094
-106.37699127197266
-104.56635284423828
-102.41046905517578
-114.98193359375
-105.6866455078125
-107.96038818359375
-104.96082305908203
-98.65548706054688
-111.72119140625
-106.85047912597656
-101.16908264160156
-107.76287078857422
-106.28968811035156
-101.45149993896484
-110.72051239013672
-103.1700439453125
-109.30008697509766
-102.71675109863281
-104.13935089111328
-107.07518768310547
-110.13749694824219
-106.21349334716797
-107.0817642211914
-112.08861541748047
-108.99237060546875
-105.1024398803711
-106.34809112548828
-108.6675796508789
-105.84309387207031
-107.36164093017578
-105.90548706054688
-109.77949523925781
-110.13263702392578
-114.31380462646484
-103.61638641357422
-111.74333190917969
-111.16414642333984
-113.2138442993164
-113.41935729980469
-117.12608337402344
-107.10087585449219
-110.57196044921875
-103.88111114501953
-107.01557922363281
-105.70484924316406
-109.50695037841797
-106.32151794433594
-102.83283996582031
-104.23198699951172
-110.90026092529297
-114.48408508300781
-114.12197875976562
-107.27671813964844
-108.9233627319336
-98.81914520263672
-111.41458129882812
-105.47149658203125
-103.17095947265625
-104.80146789550781
-104.69186401367188
-106.92300415039062
-109.55209350585938
-104.05509185791016
-110.31912231445312
-113.92488098144531
-109.5894546508789
-105.3621826171875
-100.79259490966797
-108.05003356933594
-103.92613220214844
-109.16636657714844
-108.68602752685547
-110.2252426147461
-110.60635375976562
-103.298583984375
-103.268310546875
-107.93650817871094
-103.9751205444336
-105.1448974609375
-105.9981689453125
-111.38431549072266
-102.8238296508789
-108.1055679321289
-105.73542785644531
-108.5938720703125
-108.97187805175781
-101.45588684082031
-107.51942443847656
-108.8941421508789
-113.90184783935547
-101.78329467773438
-100.1512451171875
-109.83008575439453
-104.52932739257812
-107.87616729736328
-105.22416687011719
-114.43312072753906
-108.3462905883789
-109.46488189697266
-110.29473114013672
-106.72845458984375
-108.79422760009766
-105.92139434814453
-101.88015747070312
-113.4241714477539
-104.61751556396484
-111.3823013305664
-108.748779296875
-112.40086364746094
-109.5524673461914
-109.67513275146484
-111.63104248046875
-110.35871887207031
-114.454345703125
-117.06916809082031
-109.53364562988281
-107.50885772705078
-110.14306640625
-99.99539184570312
-109.85527801513672
-109.9513931274414
-111.96092224121094
-107.8583755493164
-112.22269439697266
-108.50251007080078
-107.11277770996094
-108.78279113769531
-107.78960418701172
-107.66497802734375
-108.62012481689453
-110.08844757080078
-105.56857299804688
-103.7009506225586
-109.59281921386719
-108.47716522216797
-105.01824188232422
-98.99005126953125
-105.59242248535156
-107.9539794921875
-108.31008911132812
-117.13548278808594
-105.530517578125
-110.95166015625
-112.78194427490234
-108.18428039550781
-108.4478530883789
-104.0946273803711
-102.7949447631836
-108.39530181884766
-109.50740051269531
-100.27337646484375
-104.05284881591797
-109.45159912109375
-105.8626480102539
-108.40727996826172
-106.15824890136719
-109.907470703125
-102.69036102294922
-106.80720520019531
-108.24336242675781
-100.67503356933594
-108.09941101074219
-110.2648696899414
-99.65487670898438
-105.51109313964844
-107.85038757324219
-103.92656707763672
-102.357177734375
-109.61869049072266
-105.53336334228516
-108.92449951171875
-111.11563873291016
-107.39029693603516
-106.30514526367188
-101.88871765136719
-106.07604217529297
-109.61904907226562
-107.30406188964844
-108.74076843261719
-105.19062805175781
-114.31570434570312
-106.60226440429688
-105.230712890625
-105.20941925048828
-105.4187240600586
-110.3230209350586
-108.75674438476562
-110.6038818359375
-104.73895263671875
-105.06997680664062
-111.9662094116211
-109.04901885986328
-110.89240264892578
-109.42434692382812
-105.53824615478516
-107.36830139160156
-108.0912857055664
-101.79825592041016
-108.44865417480469
-103.6391830444336
-111.44091796875
-105.71788787841797
-106.93956756591797
-108.48284149169922
-113.66238403320312
-103.33235168457031
-102.02139282226562
-105.76850128173828
-111.95144653320312
-113.1042709350586
-103.31194305419922
-111.74896240234375
-110.63426971435547
-112.15278625488281
-104.72898864746094
-104.96424102783203
-107.64151000976562
-114.5860366821289
-112.65668487548828
-105.78020477294922
-108.05992889404297
-103.69934844970703
-113.37738800048828
-113.03778839111328
-110.3024673461914
-112.8533935546875
-107.7209243774414
-113.01744842529297
-103.09648132324219
-101.46013641357422
-106.6164779663086
-107.60205841064453
-116.0836181640625
-108.54058837890625
-112.08666229248047
-111.54999542236328
-113.74901580810547
-103.80834197998047
-112.3697738647461
-110.13297271728516
-112.38094329833984
-116.03855895996094
-111.67863464355469
-108.38375091552734
-110.43028259277344
-107.584228515625
-114.01909637451172
-108.2900390625
-108.65534973144531
-106.16027069091797
-106.4281997680664
-111.17781066894531
-107.82586669921875
-108.16465759277344
-106.1646957397461
-101.08930206298828
-113.66119384765625
-111.00648498535156
-112.60672760009766
-105.980712890625
-104.9835433959961
-101.84172058105469
-104.22541809082031
-108.9809799194336
-102.63508605957031
-106.00611877441406
-103.96279907226562
-113.47795867919922
-108.52093505859375
-105.81309509277344
-109.47537231445312
-112.10179138183594
-104.43062591552734
-104.70055389404297
-105.29057312011719
-105.72918701171875
-107.53182983398438
-108.01912689208984
-103.8917465209961
-99.9852523803711
-116.43243408203125
-103.8893814086914
-105.74629211425781
-109.1323013305664
-104.08743286132812
-107.66085815429688
-104.62420654296875
-102.53553771972656
-116.02213287353516
-100.18548583984375
-107.25677490234375
-108.56558227539062
-108.589111328125
-119.03022003173828
-109.30640411376953
-108.38384246826172
-103.25215148925781
-103.85816955566406
-101.84707641601562
-116.06985473632812
-106.40762329101562
-103.93598937988281
-109.77757263183594
-110.37730407714844
-102.24091339111328
-105.87083435058594
-113.1910400390625
-103.19218444824219
-105.5567626953125
-107.87476348876953
-105.00759887695312
-102.46729278564453
-111.7046890258789
-103.70838928222656
-113.1631851196289
-102.35710144042969
-105.89463806152344
-102.62030792236328
-109.46852111816406
-108.03418731689453
-107.88871002197266
-107.36717224121094
-103.94755554199219
-108.0737075805664
-106.54987335205078
-111.74410247802734
-99.03407287597656
-106.31843566894531
-103.49899291992188
-108.92056274414062
-104.89096069335938
-102.6182632446289
-109.541748046875
-103.5766372680664
-112.77426147460938
-106.62928771972656
-105.96007537841797
-114.03382110595703
-107.3895263671875
-111.46820068359375
-111.13093566894531
-111.80332946777344
-102.44578552246094
-108.18380737304688
-102.74459838867188
-114.44667053222656
-98.38928985595703
-107.06363677978516
-111.20264434814453
-113.3668441772461
-110.42252349853516
-102.56087493896484
-100.50138854980469
-110.14839172363281
-104.4565200805664
-106.13324737548828
-107.7218246459961
-102.7888412475586
-106.2310562133789
-103.74878692626953
-113.59967041015625
-103.73262023925781
-103.63671875
-98.37220764160156
-106.97091674804688
-108.41041564941406
-101.12861633300781
-109.75071716308594
-105.11921691894531
-105.24144744873047
-103.05158996582031
-111.35083770751953
-109.60611724853516
-105.4587631225586
-104.7225112915039
-104.87275695800781
-112.44612884521484
-107.80138397216797
-109.26585388183594
-102.64759826660156
-107.62632751464844
-101.75863647460938
-105.25624084472656
-107.23751831054688
-106.95408630371094
-103.66911315917969
-103.19606018066406
-110.46704864501953
-106.36859893798828
-110.36258697509766
-102.55485534667969
-108.97056579589844
-108.36727142333984
-106.73515319824219
-110.66964721679688
-114.33203125
-103.8335189819336
-103.77554321289062
-103.0246810913086
-102.7196273803711
-102.07514190673828
-114.10023498535156
-104.02123260498047
-106.03837585449219
-103.8293685913086
-108.08281707763672
-109.1158447265625
-103.16033172607422
-107.60724639892578
-103.70845031738281
-112.6987075805664
-102.28645324707031
-104.11141204833984
-107.4598617553711
-106.36505889892578
-108.24859619140625
-112.33457946777344
-113.39166259765625
-102.77892303466797
-104.810546875
-106.20133209228516
-104.44042205810547
-108.48299407958984
-114.10134887695312
-106.00117492675781
-100.64349365234375
-109.56582641601562
-111.67000579833984
-101.4339828491211
-106.56867218017578
-102.10883331298828
-113.2470932006836
-111.40106201171875
-109.38612365722656
-105.63261413574219
-106.54606628417969
-106.17393493652344
-106.77530670166016
-108.1567153930664
-109.69669342041016
-107.95801544189453
-113.12812805175781
-105.67787170410156
-108.65589141845703
-108.53831481933594
-105.13743591308594
-107.53817749023438
-113.57050323486328
-112.7860107421875
-111.57746124267578
-104.70382690429688
-104.63285064697266
-112.88064575195312
-103.99563598632812
-102.71453857421875
-103.13468933105469
-113.48286437988281
-99.6004867553711
-110.09165954589844
-102.73443603515625
-118.36517333984375
-113.3163833618164
-108.1577377319336
-110.04602813720703
-113.20585632324219
-107.49901580810547
-106.82102966308594
-108.68303680419922
-108.68746185302734
-106.1754150390625
-101.10343933105469
-106.59092712402344
-100.6602783203125
-106.37081909179688
-106.5727767944336
-105.27220916748047
-106.80062866210938
-103.73982238769531
-107.35651397705078
-101.9347915649414
-103.00753021240234
-114.36407470703125
-114.35091400146484
-106.0792236328125
-106.06046295166016
-109.72468566894531
-107.92174530029297
-104.62757873535156
-104.97628021240234
-105.07347869873047
-102.51496124267578
-108.58306884765625
-106.59027862548828
-102.41801452636719
-108.39730834960938
-107.51655578613281
-114.76032257080078
-109.7695083618164
-107.37945556640625
-105.33650207519531
-107.08867645263672
-105.1505126953125
-105.1028823852539
-107.63075256347656
-103.21337890625
-102.09544372558594
-105.16938781738281
-104.40258026123047
-107.03059387207031
-109.84356689453125
-107.99120330810547
-108.62284088134766
-112.16465759277344
-106.19562530517578
-105.39607238769531
-114.28838348388672
-105.85458374023438
-102.34780883789062
-107.89302062988281
-111.34089660644531
-106.50839233398438
-103.32981872558594
-115.96821594238281
-110.9006118774414
-113.99632263183594
-113.95477294921875
-108.61067962646484
-104.32280731201172
-99.6677017211914
-104.86527252197266
-105.00601959228516
-103.25253295898438
-105.35489654541016
-107.72342681884766
-118.34261322021484
-109.013671875
-113.89344024658203
-112.4728775024414
-109.86871337890625
-103.01756286621094
-110.3344497680664
-104.52767944335938
-104.5037841796875
-112.92166137695312
-100.79558563232422
-110.78345489501953
-105.71173858642578
-102.41073608398438
-105.9638671875
-112.26172637939453
-105.51609802246094
-107.13934326171875
-110.775146484375
-110.82291412353516
-110.9723129272461
-104.31686401367188
-103.31183624267578
-109.54293060302734
-103.05546569824219
-104.35411071777344
-111.43087005615234
-109.36731719970703
-110.47034454345703
-110.3736343383789
-106.25263214111328
-103.22710418701172
-108.95732879638672
-111.90436553955078
-105.83914947509766
-103.26502990722656
-105.04024505615234
-109.0311508178711
-109.14010620117188
-104.07461547851562
-110.34343719482422
-96.75656127929688
-104.6697769165039
-106.71099090576172
-108.29194641113281
-108.85209655761719
-104.75647735595703
-106.98585510253906
-106.15544891357422
-104.84163665771484
-105.6994400024414
-115.5821762084961
-110.33966827392578
-106.09147644042969
-107.34962463378906
-106.21366882324219
-108.6806869506836
-108.5179672241211
-107.91437530517578
-104.16241455078125
-106.40692901611328
-107.74713134765625
-103.6313705444336
-105.75397491455078
-105.57828521728516
-105.54270935058594
-104.0507583618164
-107.46607971191406
-111.38816833496094
-114.94571685791016
-106.13514709472656
-106.21490478515625
-109.93045806884766
-107.43390655517578
-109.78526306152344
-104.84939575195312
-105.19711303710938
-109.91825866699219
-99.12432098388672
-104.82943725585938
-114.27494812011719
-105.09976959228516
-108.23957061767578
-109.84815216064453
-111.19467163085938
-101.98441314697266
-106.31067657470703
-107.76366424560547
-101.53370666503906
-105.88883972167969
-110.01750183105469
-105.62187194824219
-101.75992584228516
-113.0401611328125
-110.822021484375
-109.35310363769531
-104.10466766357422
-105.62689208984375
-111.96312713623047
-108.58224487304688
-105.58077239990234
-104.91202545166016
-106.98278045654297
-101.80230712890625
-104.63414001464844
-108.51666259765625
-108.55780029296875
-102.4876937866211
-115.46453857421875
-102.55720520019531
-106.2821273803711
-100.71788024902344
-103.47844696044922
-101.34317016601562
-105.73037719726562
-107.1814193725586
-96.57933807373047
-108.28465270996094
-109.82769012451172
-107.70811462402344
-104.27635955810547
-114.01963806152344
-114.89075469970703
-102.9056167602539
-101.74515533447266
-112.90438079833984
-108.10033416748047
-103.13958740234375
-108.10099029541016
-103.09577178955078
-107.46746826171875
-101.82762908935547
-105.74254608154297
-108.91796875
-107.76959228515625
-101.14012908935547
-104.4557113647461
-110.15715026855469
-101.59846496582031
-94.44476318359375
-102.8642578125
-105.05970001220703
-106.1911849975586
-103.82913970947266
-106.29341888427734
-112.33331298828125
-108.11736297607422
-104.54991149902344
-107.49034118652344
-105.2859878540039
-108.0014877319336
-108.0075912475586
-113.51441192626953
-100.72864532470703
-104.8453369140625
-105.19442749023438
-111.8519287109375
-104.62718963623047
-106.14430236816406
-104.12921905517578
-105.9071273803711
-110.75416564941406
-103.05064392089844
-104.52886962890625
-107.89408874511719
-103.30491638183594
-110.22744750976562
-105.65071105957031
-112.79788208007812
-106.31674194335938
-107.89926147460938
-108.7015151977539
-109.07953643798828
-108.14654541015625
-104.66935729980469
-109.54821014404297
-103.76435089111328
-101.63031768798828
-103.97723388671875
-111.8912124633789
-114.70208740234375
-108.40050506591797
-99.43610382080078
-106.62357330322266
-110.90909576416016
-109.9181900024414
-109.24020385742188
-108.32891845703125
-101.92432403564453
-109.69009399414062
-107.77091217041016
-108.03385925292969
-107.55905151367188
-105.72927856445312
-103.19876861572266
-105.98087310791016
-100.98629760742188
-107.81708526611328
-112.07783508300781
-110.26384735107422
-108.46656799316406
-107.99279022216797
-103.4403076171875
-104.3187484741211
-110.01314544677734
-104.13327026367188
-111.24664306640625
-106.65100860595703
-109.20823669433594
-100.00081634521484
-103.98136901855469
-108.36466217041016
-106.00431823730469
-105.18035888671875
-109.47218322753906
-103.84207153320312
-109.54142761230469
-102.63175964355469
-106.41059112548828
-106.10469818115234
-107.50873565673828
-113.73213958740234
-111.84233093261719
-106.19812774658203
-106.8121109008789
-103.02915954589844
-113.19630432128906
-100.62681579589844
-114.29589080810547
-105.52730560302734
-112.79345703125
-105.98104095458984
-104.27706909179688
-102.9953384399414
-105.53140258789062
-108.12716674804688
-112.0633544921875
-109.76184844970703
-107.93351745605469
-100.7226333618164
-112.27691650390625
-103.6982421875
-109.98016357421875
-110.82504272460938
-110.9954833984375
-108.19535064697266
-112.10400390625
-105.60184478759766
-109.82400512695312
-104.6778564453125
-104.44172668457031
-109.77159881591797
-111.07987213134766
-110.60597229003906
-109.69046783447266
-109.54905700683594
-105.7330093383789
-109.59195709228516
-107.76914978027344
-107.18040466308594
-112.12724304199219
-102.61567687988281
-111.69844055175781
-104.95913696289062
-100.5483169555664
-109.63479614257812
-108.37956237792969
-105.97521209716797
-106.0430908203125
-108.34937286376953
-106.70864868164062
-108.50247192382812
-113.44041442871094
-98.87614440917969
-106.97467041015625
-101.9764404296875
-111.33843231201172
-104.92755126953125
-104.12750244140625
-107.9114990234375
-109.23013305664062
-108.09600067138672
-108.96728515625
-105.01626586914062
-108.0632553100586
-108.98876190185547
-107.08138275146484
