-101.47361755371094
-112.73967742919922
-103.8132553100586
-109.38829040527344
-108.60406494140625
-107.15449523925781
-101.7535400390625
-98.74977111816406
-107.406005859375
-101.15807342529297
-110.16264343261719
-104.86712646484375
-108.35508728027344
-104.06610870361328
-105.21398162841797
-100.80206298828125
-99.73260498046875
-109.03388214111328
-105.43323516845703
-99.07630157470703
-102.72909545898438
-105.8089828491211
-104.40345001220703
-108.08649444580078
-109.09930419921875
-113.20856475830078
-100.40166473388672
-110.841552734375
-100.64289093017578
-102.87378692626953
-109.04972076416016
-113.92381286621094
-110.00670623779297
-113.08772277832031
-110.09912872314453
-103.73764038085938
-101.19440460205078
-105.40930938720703
-104.15213775634766
-105.00420379638672
-99.45773315429688
-98.61750793457031
-108.09856414794922
-104.34858703613281
-102.71723175048828
-109.17044067382812
-107.16758728027344
-107.73493957519531
-103.86027526855469
-102.34285736083984
-102.82342529296875
-104.42594146728516
-104.4883041381836
-114.5948257446289
-110.60797882080078
-104.0862045288086
-105.73343658447266
-97.77993774414062
-95.23697662353516
-109.97581481933594
-105.74606323242188
-106.07439422607422
-101.95730590820312
-105.73491668701172
-105.2999038696289
-98.55343627929688
-106.27730560302734
-106.09313201904297
-105.1452865600586
-99.32438659667969
-104.57633972167969
-102.12358093261719
-101.7774887084961
-111.4783706665039
-107.19283294677734
-108.47240447998047
-101.14665222167969
-106.59850311279297
-103.76200866699219
-109.09368133544922
-101.1021728515625
-105.47389221191406
-96.42352294921875
-101.8603286743164
-109.83293151855469
-103.92778778076172
-104.4225082397461
-99.94659423828125
-107.41288757324219
-99.98805236816406
-102.19556427001953
-105.58553314208984
-105.80699920654297
-107.66482543945312
-111.80891418457031
-104.5116958618164
-105.2704086303711
-104.3889389038086
-103.14361572265625
-108.91657257080078
-105.99649810791016
-96.25732421875
-109.34332275390625
-106.29375457763672
-103.0656509399414
-110.95481872558594
-108.564697265625
-98.93348693847656
-104.29336547851562
-100.50275421142578
-106.43575286865234
-95.97825622558594
-106.01338958740234
-99.56355285644531
-104.60851287841797
-102.68290710449219
-106.00725555419922
-104.57621002197266
-102.8281478881836
-100.78131866455078
-110.91790771484375
-103.68818664550781
-104.46434020996094
-102.17201232910156
-97.55059814453125
-108.01785278320312
-103.24491119384766
-97.75251007080078
-103.75172424316406
-104.63549041748047
-98.8061752319336
-106.7776107788086
-99.15541076660156
-106.79096221923828
-98.61898040771484
-100.13983917236328
-104.23917388916016
-107.557373046875
-103.8697738647461
-104.53388214111328
-107.75910186767578
-104.95269012451172
-103.82217407226562
-102.33583068847656
-105.44575500488281
-103.52760314941406
-104.17509460449219
-103.68316650390625
-107.13829803466797
-106.27293395996094
-110.22513580322266
-100.81068420410156
-107.74678802490234
-106.9388427734375
-109.9818115234375
-109.83076477050781
-113.40087890625
-104.78646850585938
-108.0197525024414
-102.26182556152344
-105.89151000976562
-105.09803771972656
-107.49727630615234
-105.12998962402344
-99.9560775756836
-101.43565368652344
-107.25288391113281
-111.94004821777344
-110.67278289794922
-104.12687683105469
-105.846435546875
-96.5445556640625
-107.84376525878906
-102.65068817138672
-99.97203826904297
-101.95355987548828
-102.01260375976562
-104.50778198242188
-105.86697387695312
-101.50182342529297
-105.79097747802734
-110.15567779541016
-105.61650085449219
-103.66928100585938
-99.2918701171875
-104.0826644897461
-100.52474975585938
-105.19588470458984
-106.85107421875
-108.45897674560547
-108.44142150878906
-99.97219848632812
-100.54032135009766
-104.78169250488281
-103.22648620605469
-102.2303466796875
-103.33246612548828
-109.55662536621094
-99.87845611572266
-106.03811645507812
-102.3636703491211
-104.16377258300781
-105.26295471191406
-97.88835906982422
-105.76351165771484
-104.23471069335938
-112.43864440917969
-99.7220230102539
-97.2187271118164
-106.5570297241211
-101.7050552368164
-104.8385009765625
-101.2198257446289
-111.52519989013672
-105.0110092163086
-107.3216781616211
-106.93472290039062
-102.10601806640625
-106.65127563476562
-102.47496795654297
-99.46688079833984
-111.40074157714844
-100.867431640625
-107.1828842163086
-105.2524642944336
-108.38121032714844
-106.3928451538086
-105.27703094482422
-108.95903015136719
-107.11788940429688
-112.70353698730469
-115.25981140136719
-107.11990356445312
-105.91039276123047
-107.47471618652344
-98.31352996826172
-107.01177215576172
-105.5439224243164
-109.10582733154297
-103.63578796386719
-108.9500961303711
-106.2114028930664
-107.18355560302734
-106.6226806640625
-104.76210021972656
-105.19463348388672
-106.11141204833984
-108.39389038085938
-103.53677368164062
-102.30626678466797
-107.20406341552734
-105.99275970458984
-101.6617660522461
-96.81893920898438
-103.39871215820312
-104.35690307617188
-105.20286560058594
-113.67725372314453
-103.58739471435547
-107.37647247314453
-110.18977355957031
-105.40988159179688
-106.9806137084961
-101.00315856933594
-100.70891571044922
-103.94288635253906
-107.34062957763672
-97.71827697753906
-100.95919799804688
-104.89325714111328
-105.19226837158203
-105.71802520751953
-103.63501739501953
-107.59297180175781
-101.55948638916016
-104.4100341796875
-106.76229858398438
-99.45014190673828
-103.98782348632812
-107.70635223388672
-98.74003601074219
-103.86944580078125
-106.38511657714844
-102.78303527832031
-98.4413833618164
-106.78449249267578
-103.93767547607422
-107.40733337402344
-107.27207946777344
-105.5679702758789
-104.17256164550781
-100.81719207763672
-103.73661804199219
-105.722900390625
-104.68737030029297
-106.57064056396484
-102.36920928955078
-110.79531860351562
-105.49259185791016
-102.51245880126953
-102.35314178466797
-102.49887084960938
-107.0731201171875
-105.79396057128906
-108.61824035644531
-102.81451416015625
-101.39271545410156
-109.13057708740234
-107.25163269042969
-109.62803649902344
-105.1092758178711
-103.8543701171875
-104.53694915771484
-106.73304748535156
-98.78461456298828
-105.49581909179688
-101.04580688476562
-108.74620819091797
-103.5352554321289
-104.59678649902344
-106.22795104980469
-111.77111053466797
-99.5335693359375
-100.46214294433594
-103.14546203613281
-107.94608306884766
-111.12786102294922
-100.90049743652344
-108.426025390625
-106.99852752685547
-108.59932708740234
-103.04792785644531
-101.13541412353516
-104.5271987915039
-111.60250091552734
-108.76194763183594
-103.73606872558594
-106.4520492553711
-101.92216491699219
-112.58979797363281
-109.13523864746094
-107.25527954101562
-109.6389389038086
-105.41365051269531
-111.20099639892578
-99.13188171386719
-100.14002990722656
-101.74590301513672
-104.70420837402344
-114.24874114990234
-105.26106262207031
-111.20011138916016
-108.16752624511719
-109.1816177368164
-101.08887481689453
-109.96135711669922
-107.01461029052734
-108.50975799560547
-112.2384262084961
-108.48902893066406
-105.94495391845703
-107.4451904296875
-104.84443664550781
-110.90116882324219
-106.4935531616211
-106.67058563232422
-103.96051025390625
-103.7998046875
-107.69108581542969
-106.55956268310547
-103.98389434814453
-104.15369415283203
-100.43830871582031
-111.29489135742188
-106.48519897460938
-108.83193969726562
-102.33536529541016
-103.45760345458984
-100.09601593017578
-101.37479400634766
-106.62821197509766
-99.9475326538086
-102.3157730102539
-100.9093017578125
-109.56791687011719
-104.61095428466797
-103.71174621582031
-105.87246704101562
-110.28939819335938
-102.56221008300781
-100.95494842529297
-102.2615737915039
-105.21824645996094
-103.59016418457031
-104.45628356933594
-100.86865234375
-98.06090545654297
-113.31097412109375
-102.75607299804688
-103.98199462890625
-105.96763610839844
-102.61876678466797
-102.88776397705078
-102.55335998535156
-101.07537841796875
-113.67628479003906
-97.93286895751953
-104.06329345703125
-106.01402282714844
-106.09457397460938
-116.67127227783203
-106.60830688476562
-105.81786346435547
-98.89639282226562
-102.1335220336914
-99.71611022949219
-111.79266357421875
-101.93905639648438
-100.5287094116211
-108.36172485351562
-107.78590393066406
-99.19961547851562
-101.97590637207031
-110.0246810913086
-98.47431182861328
-102.7455825805664
-104.81929779052734
-102.11541748046875
-98.58372497558594
-108.60816192626953
-100.75910186767578
-110.04674530029297
-99.49346160888672
-103.00033569335938
-100.41056060791016
-106.69110107421875
-104.56489562988281
-104.91761779785156
-104.06997680664062
-102.66181182861328
-105.62165069580078
-103.57939910888672
-107.50333404541016
-96.33214569091797
-104.0169677734375
-101.0696029663086
-105.7928237915039
-101.14968872070312
-100.45401000976562
-107.65667724609375
-100.05915832519531
-110.96559143066406
-103.09996795654297
-101.59681701660156
-109.89122772216797
-104.81603240966797
-108.71124267578125
-108.79163360595703
-108.51618194580078
-99.83100128173828
-105.08724212646484
-99.98915100097656
-110.81372833251953
-95.5901107788086
-103.50175476074219
-109.32743835449219
-110.34619140625
-107.90528106689453
-100.4820327758789
-96.87791442871094
-106.95874786376953
-101.97473907470703
-104.2498779296875
-105.86778259277344
-101.05570983886719
-103.98503112792969
-100.97321319580078
-110.91803741455078
-99.71190643310547
-100.8955307006836
-96.55033111572266
-102.44618225097656
-104.69792938232422
-98.45472717285156
-106.5113754272461
-101.48681640625
-102.98524475097656
-100.4468994140625
-108.17869567871094
-107.38121795654297
-100.72628784179688
-102.78136444091797
-102.11935424804688
-107.7130126953125
-102.63414764404297
-107.43728637695312
-99.90237426757812
-105.236572265625
-99.03530883789062
-102.9094467163086
-104.70618438720703
-103.02880096435547
-101.2894515991211
-100.8349609375
-106.64791107177734
-103.8877944946289
-106.87201690673828
-99.90143585205078
-104.78007507324219
-106.10835266113281
-104.44084930419922
-106.40879821777344
-110.80757904052734
-101.32899475097656
-102.04280090332031
-99.14997863769531
-100.88936614990234
-99.86783599853516
-110.58928680419922
-99.92971801757812
-103.43836212158203
-101.65802001953125
-104.79246520996094
-106.99112701416016
-100.87139892578125
-104.60519409179688
-102.22889709472656
-110.91787719726562
-100.35614776611328
-101.89674377441406
-104.25926208496094
-104.65827178955078
-104.2499008178711
-110.95850372314453
-111.59505462646484
-100.71244812011719
-102.44139099121094
-103.98542022705078
-101.70668029785156
-105.07295227050781
-110.48441314697266
-104.35678100585938
-98.54588317871094
-107.76290130615234
-109.50308990478516
-98.87680053710938
-104.8644790649414
-99.22335815429688
-109.85417938232422
-107.34901428222656
-106.35858154296875
-101.7312240600586
-102.83869934082031
-102.59916687011719
-105.89437866210938
-104.82561492919922
-106.18138122558594
-105.64060974121094
-109.61737060546875
-103.69938659667969
-107.09143829345703
-106.07274627685547
-102.62657928466797
-104.20723724365234
-110.70149230957031
-110.92239379882812
-106.95582580566406
-100.59593963623047
-102.52867889404297
-108.77836608886719
-101.83894348144531
-100.20295715332031
-101.03176879882812
-108.10691833496094
-96.66019439697266
-108.42597198486328
-99.24616241455078
-114.7530746459961
-110.32400512695312
-106.5338363647461
-106.42320251464844
-108.91412353515625
-104.59891510009766
-102.8797607421875
-105.2906723022461
-106.57247924804688
-102.35533142089844
-99.0093002319336
-103.78996276855469
-97.21642303466797
-103.25421905517578
-102.57491302490234
-102.37421417236328
-105.38629150390625
-101.7217025756836
-105.79930877685547
-99.91426086425781
-100.00094604492188
-112.95487213134766
-110.05036926269531
-102.66602325439453
-102.23786926269531
-106.19718933105469
-106.07461547851562
-101.27142333984375
-100.32770538330078
-103.12487030029297
-100.48328399658203
-106.22386932373047
-101.56591796875
-100.86991882324219
-104.71751403808594
-103.53007507324219
-112.5280990600586
-107.60041046142578
-103.40238189697266
-103.08621978759766
-105.43334197998047
-102.01116943359375
-101.64534759521484
-104.72612762451172
-100.45783233642578
-100.94685363769531
-102.82230377197266
-102.85543823242188
-106.88352966308594
-107.51181030273438
-104.76614379882812
-105.2701187133789
-111.42410278320312
-105.26766967773438
-102.97795867919922
-111.6831283569336
-102.50198364257812
-102.13276672363281
-105.1364517211914
-109.26779174804688
-105.15369415283203
-102.03902435302734
-112.80522155761719
-109.00405883789062
-111.46148681640625
-111.23505401611328
-107.78321838378906
-101.83533477783203
-97.16415405273438
-102.25129699707031
-103.22860717773438
-100.03009796142578
-102.93635559082031
-106.99750518798828
-117.30117797851562
-108.32208251953125
-109.6539077758789
-109.67868041992188
-107.6821060180664
-101.0793228149414
-107.33526611328125
-102.0615234375
-101.99800872802734
-110.96404266357422
-99.29832458496094
-106.71643829345703
-104.06592559814453
-99.45462799072266
-104.22511291503906
-110.79139709472656
-102.04470825195312
-104.15277099609375
-108.67586517333984
-106.7407455444336
-108.6273422241211
-102.84710693359375
-98.70533752441406
-108.69699096679688
-101.17813873291016
-100.97262573242188
-108.57161712646484
-105.96894073486328
-109.10501098632812
-105.79752349853516
-106.48259735107422
-99.96064758300781
-107.44938659667969
-108.46085357666016
-103.14067077636719
-101.71192932128906
-103.0978775024414
-107.03690338134766
-105.06378936767578
-100.59344482421875
-107.25234985351562
-95.42007446289062
-103.45890045166016
-105.23998260498047
-105.2930908203125
-104.96773529052734
-100.07450103759766
-105.33777618408203
-103.78252410888672
-101.36390686035156
-102.2608642578125
-111.78701782226562
-108.20829010009766
-103.31301879882812
-104.05897521972656
-104.84931182861328
-106.32557678222656
-107.45752716064453
-105.34782409667969
-100.95701599121094
-104.74463653564453
-104.59102630615234
-100.06189727783203
-103.638916015625
-103.56864929199219
-103.43717956542969
-102.5636978149414
-102.67444610595703
-108.67658996582031
-112.09061431884766
-104.06385040283203
-103.5029525756836
-108.08403778076172
-105.21196746826172
-107.3807373046875
-100.1095199584961
-103.74423217773438
-108.3299789428711
-98.00850677490234
-102.70179748535156
-111.74282836914062
-102.98555755615234
-105.42052459716797
-107.70652770996094
-109.20848083496094
-99.07994842529297
-104.57795715332031
-106.37487030029297
-99.19844055175781
-104.5129623413086
-105.48966979980469
-102.90946960449219
-100.70520782470703
-109.33619689941406
-107.6107177734375
-107.63410186767578
-101.9351577758789
-104.14644622802734
-107.09525299072266
-106.57846069335938
-104.20127868652344
-103.80514526367188
-105.00992584228516
-98.99454498291016
-103.55858612060547
-105.63201141357422
-105.92437744140625
-102.20095825195312
-112.96892547607422
-102.23833465576172
-102.50865173339844
-96.95811462402344
-101.15213012695312
-99.21464538574219
-101.4334487915039
-105.93450927734375
-94.44804382324219
-106.53361511230469
-107.50041198730469
-105.20022583007812
-102.76126098632812
-113.14224243164062
-112.01289367675781
-99.8776626586914
-99.87391662597656
-110.41773223876953
-106.01424407958984
-100.12915802001953
-106.06593322753906
-102.08927154541016
-105.38660430908203
-99.256103515625
-103.04105377197266
-106.8661117553711
-104.82587432861328
-100.55059051513672
-102.3585205078125
-108.18767547607422
-99.26530456542969
-94.3748779296875
-101.17189025878906
-102.85643768310547
-102.85347747802734
-99.89411163330078
-105.0280532836914
-109.37893676757812
-106.34648132324219
-102.80447387695312
-104.02562713623047
-103.80931854248047
-105.47046661376953
-106.67294311523438
-111.06069946289062
-99.52982330322266
-104.63093566894531
-103.05426788330078
-107.70923614501953
-104.85449981689453
-104.7786865234375
-102.49989318847656
-103.11392974853516
-108.4134292602539
-100.65495300292969
-102.40705871582031
-106.00608825683594
-100.2801513671875
-108.36549377441406
-104.76754760742188
-108.90047454833984
-104.91558074951172
-104.89307403564453
-107.32679748535156
-105.1646957397461
-108.07386016845703
-102.22381591796875
-106.8690185546875
-102.39712524414062
-98.9209213256836
-101.3328857421875
-108.73619079589844
-112.51947021484375
-106.04200744628906
-98.65675354003906
-105.41756439208984
-108.716064453125
-107.79011535644531
-107.93035888671875
-106.88353729248047
-101.76963806152344
-107.40767669677734
-105.22731018066406
-105.78890991210938
-104.47334289550781
-103.92950439453125
-101.72473907470703
-103.15057373046875
-99.4883804321289
-105.30278778076172
-109.15917205810547
-108.31413269042969
-105.94189453125
-104.00877380371094
-100.59829711914062
-101.44296264648438
-107.19650268554688
-102.18932342529297
-109.07884216308594
-104.9233627319336
-107.15019989013672
-98.42474365234375
-101.85960388183594
-106.55415344238281
-103.34078216552734
-103.47660064697266
-107.15386199951172
-102.03861999511719
-105.34075164794922
-101.50531768798828
-104.36863708496094
-104.81822204589844
-103.91490936279297
-112.77973175048828
-107.75840759277344
-104.87454986572266
-102.64366149902344
-100.1384506225586
-110.94099426269531
-97.56072998046875
-111.92756652832031
-104.47107696533203
-108.52179718017578
-103.14478302001953
-99.80062866210938
-99.56438446044922
-103.72008514404297
-107.42056274414062
-109.78390502929688
-108.2739486694336
-107.04965209960938
-99.10904693603516
-109.80075073242188
-102.98959350585938
-108.0530776977539
-110.41432189941406
-108.32177734375
-106.03535461425781
-110.05762481689453
-102.32100677490234
-108.1100845336914
-103.70116424560547
-102.37427520751953
-106.26932525634766
-107.62478637695312
-108.92619323730469
-106.71855926513672
-107.27658081054688
-104.87736511230469
-108.25234985351562
-105.44638061523438
-105.77307891845703
-109.92908477783203
-100.14892578125
-107.65928649902344
-101.52790832519531
-98.98993682861328
-106.66905212402344
-105.74219512939453
-103.61663818359375
-104.46849060058594
-106.79889678955078
-103.53594207763672
-104.6454849243164
-110.2454833984375
-96.15453338623047
-104.1137924194336
-99.23323822021484
-109.14892578125
-102.34620666503906
-102.40282440185547
-105.07743835449219
-106.20775604248047
-106.69719696044922
-107.65233612060547
-103.79621124267578
-106.8869400024414
-106.52178955078125
-103.03445434570312
