-99.88553619384766
-112.17504119873047
-103.28460693359375
-109.16423034667969
-109.46393585205078
-107.12744140625
-100.37824249267578
-97.6229248046875
-107.19232177734375
-100.68148040771484
-108.90052032470703
-103.96276092529297
-108.99697875976562
-104.96598052978516
-104.49504852294922
-99.6218490600586
-98.78241729736328
-107.34918212890625
-104.99952697753906
-98.48257446289062
-103.94371032714844
-103.94155883789062
-104.3232650756836
-106.0672607421875
-108.11138153076172
-112.53753662109375
-101.00711822509766
-108.46436309814453
-99.83206176757812
-101.71218872070312
-109.31062316894531
-113.38640594482422
-107.64125061035156
-112.31683349609375
-109.03235626220703
-103.00360870361328
-100.45164489746094
-104.62788391113281
-104.25527954101562
-104.9551773071289
-97.81299591064453
-98.66830444335938
-107.97359466552734
-103.00214385986328
-100.99283599853516
-107.44264221191406
-105.91357421875
-107.233642578125
-104.3822250366211
-101.78826904296875
-101.43515014648438
-103.96572875976562
-103.2464599609375
-114.57251739501953
-108.1054458618164
-104.85841369628906
-106.2857894897461
-97.6041488647461
-95.67994689941406
-110.82118225097656
-105.21784973144531
-105.46393585205078
-101.84071350097656
-102.62644958496094
-105.8043212890625
-98.6534423828125
-104.9310531616211
-104.85147857666016
-105.39984893798828
-98.49919128417969
-103.45247650146484
-100.82168579101562
-101.18319702148438
-109.56875610351562
-105.59636688232422
-107.6241455078125
-101.26637268066406
-105.845458984375
-102.38643646240234
-108.32331085205078
-101.64865112304688
-106.02408599853516
-97.36494445800781
-101.15324401855469
-108.34748840332031
-104.28579711914062
-104.75285339355469
-99.1944808959961
-106.02388000488281
-99.2520523071289
-100.67332458496094
-105.59870147705078
-103.7015380859375
-107.51978302001953
-111.44779205322266
-104.59184265136719
-105.43782043457031
-102.95774841308594
-101.62246704101562
-108.88253784179688
-105.02574157714844
-96.02021789550781
-109.24777221679688
-106.91055297851562
-103.44087982177734
-110.48355102539062
-106.09407043457031
-98.00117492675781
-103.83827209472656
-100.03936004638672
-105.58671569824219
-94.35737609863281
-104.92018127441406
-98.72583770751953
-104.27754974365234
-100.55197143554688
-106.44989776611328
-103.57159423828125
-102.7611312866211
-100.55647277832031
-110.5592041015625
-104.52164459228516
-103.46363830566406
-101.0321044921875
-95.58758544921875
-109.77813720703125
-104.1573257446289
-96.7203598022461
-104.13920593261719
-103.86695098876953
-97.95072174072266
-106.58128356933594
-100.529296875
-104.3858413696289
-100.01119995117188
-100.01428985595703
-102.98436737060547
-106.67041778564453
-103.14247131347656
-102.99498748779297
-106.94252014160156
-105.09078216552734
-102.89804077148438
-102.37358856201172
-105.97265625
-102.75761413574219
-101.84931182861328
-103.5967025756836
-107.73827362060547
-107.42198944091797
-109.85843658447266
-99.369140625
-106.75977325439453
-106.59083557128906
-109.3019027709961
-109.28739929199219
-112.20978546142578
-106.35657501220703
-109.28059387207031
-101.42854309082031
-103.4647445678711
-103.6743392944336
-108.03740692138672
-103.8597183227539
-100.21003723144531
-101.35101318359375
-106.760986328125
-111.32196044921875
-110.0432357788086
-104.18536376953125
-106.18840026855469
-97.03596496582031
-107.3658447265625
-102.32804107666016
-99.77777862548828
-101.27337646484375
-102.04314422607422
-103.48162841796875
-105.18457794189453
-100.64047241210938
-106.1625747680664
-110.38011932373047
-103.65559387207031
-102.53074645996094
-99.00238037109375
-103.8565444946289
-100.34063720703125
-104.67060089111328
-106.94061279296875
-108.05506134033203
-108.71293640136719
-100.56183624267578
-100.94502258300781
-104.03406524658203
-102.83199310302734
-102.14218139648438
-104.19014739990234
-106.88196563720703
-100.2570571899414
-104.97518157958984
-102.44276428222656
-105.25926208496094
-105.17887878417969
-96.9605712890625
-104.49064636230469
-104.4888687133789
-110.97286987304688
-99.00099182128906
-96.67462158203125
-105.42389678955078
-102.03386688232422
-104.7694091796875
-101.77454376220703
-110.74951171875
-104.83872985839844
-106.3349609375
-106.92610168457031
-103.18301391601562
-104.68035888671875
-103.08462524414062
-99.3516845703125
-112.8051986694336
-101.05557250976562
-107.10553741455078
-104.93050384521484
-108.49605560302734
-107.5343017578125
-105.4637451171875
-106.7726821899414
-106.9611587524414
-112.90072631835938
-115.27372741699219
-105.94103240966797
-104.79335021972656
-108.34813690185547
-98.54741668701172
-106.88194274902344
-105.95148468017578
-109.020751953125
-102.74244689941406
-109.35319519042969
-106.38571166992188
-106.32715606689453
-106.3489761352539
-104.00301361083984
-105.48907470703125
-105.9859848022461
-108.757080078125
-101.98678588867188
-101.05744934082031
-106.51067352294922
-104.32308197021484
-101.52853393554688
-95.86031341552734
-101.90473175048828
-105.75879669189453
-104.0904312133789
-113.86611938476562
-102.66964721679688
-106.51522827148438
-108.6724853515625
-103.7005844116211
-106.21038055419922
-101.06306457519531
-98.85206604003906
-104.21360778808594
-105.52151489257812
-97.368408203125
-99.50872039794922
-104.7948989868164
-104.43270111083984
-103.70906829833984
-102.79872131347656
-106.26656341552734
-100.40563201904297
-103.9301528930664
-105.69547271728516
-97.89659118652344
-102.80909729003906
-106.70376586914062
-96.30855560302734
-103.2135238647461
-102.36654663085938
-101.65519714355469
-97.82113647460938
-106.51956939697266
-103.01175689697266
-106.40904998779297
-107.55699157714844
-105.37907409667969
-105.50142669677734
-99.3492431640625
-102.94241333007812
-106.25347900390625
-104.71160888671875
-106.21605682373047
-102.0859603881836
-110.38927459716797
-103.72372436523438
-101.14849853515625
-101.73052215576172
-101.48048400878906
-106.51968383789062
-105.2269287109375
-107.58893585205078
-102.65782928466797
-101.85651397705078
-108.19313049316406
-106.33170318603516
-108.59602355957031
-104.7679214477539
-101.93997192382812
-102.6053695678711
-106.19371795654297
-99.3405990600586
-104.51737976074219
-99.8867416381836
-107.97270202636719
-103.1517333984375
-103.8980712890625
-105.47879028320312
-111.20454406738281
-101.2626953125
-99.02436828613281
-102.64212036132812
-107.22423553466797
-110.2029800415039
-100.65721130371094
-107.68794250488281
-108.12187957763672
-107.24069213867188
-104.02787017822266
-100.17742919921875
-105.31858825683594
-111.9154281616211
-108.78148651123047
-103.17158508300781
-105.82404327392578
-102.05571746826172
-111.15985107421875
-107.43588256835938
-105.4408950805664
-109.51266479492188
-105.24449920654297
-111.15949249267578
-99.4040298461914
-98.4421615600586
-102.0899658203125
-103.60069274902344
-112.84780883789062
-103.8426742553711
-108.93112182617188
-107.37379455566406
-109.03805541992188
-102.20992279052734
-107.90936279296875
-106.82537078857422
-109.42313385009766
-111.82333374023438
-109.3700942993164
-105.46896362304688
-107.0641098022461
-103.02086639404297
-111.01223754882812
-105.04207611083984
-105.30970764160156
-102.3662109375
-103.53178405761719
-106.82618713378906
-105.93229675292969
-103.93104553222656
-103.06515502929688
-98.70264434814453
-110.3978042602539
-105.98758697509766
-107.8334732055664
-101.68570709228516
-101.97974395751953
-97.8946762084961
-100.53929901123047
-106.24281311035156
-99.97591400146484
-101.85161590576172
-100.01486206054688
-107.98204803466797
-103.0896987915039
-102.5748291015625
-105.0921401977539
-109.51666259765625
-100.9541244506836
-100.40258026123047
-102.11515808105469
-104.67044067382812
-102.87958526611328
-103.83250427246094
-100.4844970703125
-98.08916473388672
-112.03273010253906
-100.46847534179688
-102.96675109863281
-104.99159240722656
-101.6458740234375
-103.18567657470703
-101.61140441894531
-101.23489379882812
-112.18746185302734
-96.66195678710938
-103.08052062988281
-104.26177978515625
-105.44248962402344
-116.12734985351562
-106.8630142211914
-105.28831481933594
-99.93157958984375
-100.80754852294922
-97.2218017578125
-111.07794189453125
-103.75492095947266
-100.30474853515625
-107.2771987915039
-106.95793151855469
-98.84532165527344
-102.31552124023438
-109.96841430664062
-99.56021118164062
-105.29411315917969
-106.18578338623047
-102.06486511230469
-99.34152221679688
-109.135009765625
-100.19129943847656
-108.77970123291016
-99.59568786621094
-102.29148864746094
-99.0145263671875
-106.2600326538086
-104.74556732177734
-105.34102630615234
-104.9178695678711
-101.06175994873047
-104.87638092041016
-103.32413482666016
-106.6875
-95.65017700195312
-103.85013580322266
-100.67828369140625
-105.56250762939453
-100.13134765625
-99.72683715820312
-106.7894515991211
-101.32373809814453
-108.87926483154297
-102.06993103027344
-102.25863647460938
-110.18097686767578
-104.74864196777344
-109.03961181640625
-107.92830657958984
-109.44214630126953
-99.80339050292969
-105.40410614013672
-100.7081527709961
-110.81476593017578
-95.5354995727539
-101.9665756225586
-108.47947692871094
-110.49129486083984
-108.56495666503906
-100.16545104980469
-97.1436767578125
-105.32441711425781
-101.20777893066406
-104.17753601074219
-104.86177825927734
-100.8083267211914
-104.21051788330078
-100.0744857788086
-111.20028686523438
-100.60051727294922
-101.77108764648438
-95.80110168457031
-102.12369537353516
-104.46241760253906
-97.89496612548828
-107.26830291748047
-101.20452117919922
-102.92102813720703
-101.3756103515625
-109.40980529785156
-106.83145904541016
-101.77271270751953
-99.2003402709961
-100.74929809570312
-107.51458740234375
-104.41551971435547
-107.38688659667969
-100.03395080566406
-104.71031951904297
-99.37152862548828
-102.27776336669922
-103.64105987548828
-102.6409683227539
-102.18120574951172
-100.67452239990234
-105.65689849853516
-102.73565673828125
-107.31290435791016
-99.42465209960938
-104.89517211914062
-105.45903015136719
-104.60151672363281
-107.06857299804688
-111.83626556396484
-102.0289535522461
-101.41851043701172
-99.35880279541016
-100.09310913085938
-99.3073959350586
-111.48135375976562
-100.27143859863281
-103.25326538085938
-102.7467269897461
-105.9834213256836
-106.43230438232422
-101.08084106445312
-105.1122055053711
-102.17594146728516
-110.92596435546875
-100.796875
-102.17220306396484
-105.21581268310547
-103.56107330322266
-105.06616973876953
-111.80359649658203
-110.93577575683594
-101.21324920654297
-102.4860610961914
-104.13322448730469
-101.200439453125
-104.50473022460938
-110.07087707519531
-102.99092864990234
-97.10786437988281
-105.54837036132812
-109.27214050292969
-99.07030487060547
-104.4516372680664
-100.05853271484375
-110.83230590820312
-107.6883316040039
-106.26704406738281
-101.47129821777344
-103.25823974609375
-103.14254760742188
-104.51347351074219
-106.19731140136719
-105.8714828491211
-106.2509765625
-110.7222671508789
-101.79349517822266
-106.50398254394531
-105.58366394042969
-102.13079833984375
-102.49510955810547
-110.92838287353516
-109.39090728759766
-107.16902923583984
-101.27066802978516
-101.25749969482422
-108.71879577636719
-101.08537292480469
-99.0650634765625
-99.93124389648438
-108.84928131103516
-96.82330322265625
-107.13874053955078
-98.53974151611328
-113.6072998046875
-110.387939453125
-104.849609375
-107.5198745727539
-108.66230773925781
-104.6489028930664
-102.50778198242188
-104.72110748291016
-105.64651489257812
-102.28214263916016
-98.57072448730469
-103.54729461669922
-97.25125122070312
-102.37939453125
-102.32050323486328
-101.28307342529297
-104.56111907958984
-101.81953430175781
-104.23147583007812
-97.75608825683594
-100.38858795166016
-112.31720733642578
-109.82029724121094
-102.78545379638672
-102.46846771240234
-107.74909210205078
-105.30753326416016
-101.62181854248047
-100.63191223144531
-102.29297637939453
-99.72783660888672
-106.6391372680664
-103.6342544555664
-100.80396270751953
-104.84186553955078
-102.36149597167969
-112.31806182861328
-105.48138427734375
-104.2359390258789
-102.91166687011719
-103.71538543701172
-103.09947204589844
-101.26531219482422
-105.41781616210938
-99.93048858642578
-99.12747955322266
-101.86077880859375
-102.03923797607422
-105.19706726074219
-107.34317779541016
-104.29011535644531
-103.54962158203125
-109.56380462646484
-103.50528717041016
-102.0290756225586
-110.67298126220703
-101.9521255493164
-100.33588409423828
-104.6748275756836
-106.94387817382812
-102.9363021850586
-100.00263214111328
-111.45909118652344
-107.51620483398438
-110.84362030029297
-112.7311019897461
-107.14751434326172
-100.97354888916016
-95.70594787597656
-101.85542297363281
-101.86742401123047
-99.98102569580078
-101.33602142333984
-105.3799819946289
-115.42278289794922
-106.89460754394531
-110.71356964111328
-108.60230255126953
-107.34317016601562
-99.47027587890625
-106.71028137207031
-102.0265121459961
-100.84063720703125
-109.53451538085938
-97.80486297607422
-106.15374755859375
-103.56585693359375
-100.07050323486328
-102.09918975830078
-110.31917572021484
-101.89997100830078
-103.78053283691406
-108.6939468383789
-107.2815170288086
-108.07620239257812
-100.96533203125
-99.71704864501953
-108.581298828125
-100.79844665527344
-100.67919921875
-107.41576385498047
-106.37464141845703
-107.23225402832031
-106.7081527709961
-104.53197479248047
-98.70130920410156
-107.44953918457031
-107.70655059814453
-102.3548355102539
-101.21880340576172
-101.8799819946289
-105.74701690673828
-104.78260803222656
-100.50289916992188
-107.91971588134766
-93.81143951416016
-102.59941101074219
-103.03910064697266
-105.05801391601562
-104.18267059326172
-101.33773803710938
-106.08824157714844
-101.74153900146484
-101.45156860351562
-102.03052520751953
-111.54277801513672
-107.2374496459961
-102.99737548828125
-105.68804168701172
-103.39041137695312
-104.3457260131836
-105.91746520996094
-105.23258972167969
-100.33541870117188
-103.80440521240234
-105.63961029052734
-100.21598815917969
-104.24931335449219
-102.33967590332031
-102.55176544189453
-100.58055877685547
-103.5465316772461
-107.22455596923828
-109.77518463134766
-103.54325866699219
-104.06249237060547
-107.30909729003906
-104.67321014404297
-107.57201385498047
-100.76062774658203
-103.74126434326172
-107.853759765625
-97.74891662597656
-101.9968490600586
-109.93022155761719
-102.4892578125
-104.67955780029297
-106.54139709472656
-108.1700439453125
-97.58982849121094
-102.70201110839844
-105.4944839477539
-98.72621154785156
-104.07237243652344
-106.45240783691406
-102.74500274658203
-99.28414916992188
-109.11298370361328
-106.66465759277344
-105.93392944335938
-101.05431365966797
-104.27063751220703
-108.8330307006836
-105.79912567138672
-103.62996673583984
-101.07240295410156
-103.62877655029297
-98.96035766601562
-102.14202117919922
-105.68614196777344
-104.9542236328125
-99.07457733154297
-110.18359375
-100.61848449707031
-102.98331451416016
-95.11286926269531
-101.4731674194336
-98.92150115966797
-101.21947479248047
-105.34142303466797
-93.8448715209961
-106.9233627319336
-107.95970916748047
-105.44993591308594
-101.85314178466797
-112.0000991821289
-111.82926940917969
-98.95352172851562
-97.89602661132812
-110.53280639648438
-105.78044128417969
-97.9444808959961
-104.95112609863281
-99.33631896972656
-104.24761962890625
-99.74275970458984
-102.63319396972656
-105.95032501220703
-105.51350402832031
-99.59951782226562
-100.20446014404297
-107.00779724121094
-98.888916015625
-93.19410705566406
-99.78606414794922
-101.21636962890625
-102.49735260009766
-100.379150390625
-104.41236877441406
-108.59856414794922
-104.70597839355469
-101.69943237304688
-104.99913024902344
-102.12098693847656
-105.44058227539062
-103.21077728271484
-111.5522689819336
-98.7781753540039
-103.95970916748047
-102.24348449707031
-107.15966033935547
-102.47184753417969
-105.06656646728516
-100.97662353515625
-103.05876922607422
-108.58816528320312
-100.15208435058594
-102.12052917480469
-106.15201568603516
-100.84373474121094
-106.80532836914062
-104.82062530517578
-108.95954895019531
-103.36416625976562
-104.55502319335938
-106.97643280029297
-106.32645416259766
-106.20281219482422
-101.92350769042969
-107.2137680053711
-100.98587799072266
-99.60845947265625
-100.67984008789062
-108.35440063476562
-112.17701721191406
-106.423828125
-98.16841888427734
-104.20268249511719
-108.77759552001953
-108.54896545410156
-107.36106872558594
-105.29375457763672
-99.7370376586914
-106.4983139038086
-104.58726501464844
-103.62998962402344
-104.18358612060547
-102.27132415771484
-101.02763366699219
-102.80052947998047
-98.69093322753906
-104.57537841796875
-108.45452117919922
-107.98754119873047
-106.03042602539062
-104.22959899902344
-100.65118408203125
-100.01465606689453
-108.72309112548828
-100.66293334960938
-109.70711517333984
-103.31147766113281
-106.23689270019531
-97.77899932861328
-101.31441497802734
-106.86792755126953
-102.2488784790039
-102.68889617919922
-106.4989013671875
-101.14035034179688
-106.17434692382812
-101.36671447753906
-104.18528747558594
-104.82540130615234
-103.96886444091797
-110.35302734375
-107.32247161865234
-105.95313262939453
-104.04147338867188
-99.46601867675781
-110.08721923828125
-97.75569915771484
-112.00485229492188
-103.18185424804688
-107.5659408569336
-101.74549865722656
-99.98299407958984
-98.42466735839844
-103.25890350341797
-104.40025329589844
-108.18984985351562
-105.98455810546875
-106.31739807128906
-98.38568115234375
-107.87127685546875
-102.09822082519531
-108.01370239257812
-109.16472625732422
-108.49687194824219
-105.29241180419922
-111.64358520507812
-102.56890869140625
-107.11363983154297
-101.78172302246094
-102.45751190185547
-106.73968505859375
-107.06277465820312
-106.92620849609375
-107.61209106445312
-106.24686431884766
-103.13545227050781
-106.92608642578125
-104.52186584472656
-103.76056671142578
-109.94122314453125
-100.77503204345703
-108.53377532958984
-101.88556671142578
-99.37369537353516
-107.15206909179688
-106.69647216796875
-105.47889709472656
-104.62612915039062
-105.73362731933594
-103.1326675415039
-105.85741424560547
-109.66049194335938
-96.3040771484375
-104.69261169433594
-98.26205444335938
-108.9117660522461
-102.00299835205078
-100.38192749023438
-104.55725860595703
-104.94770812988281
-105.50630950927734
-107.03467559814453
-103.32666778564453
-105.08995819091797
-106.05650329589844
-103.15425109863281
