-106.18275451660156
-116.9333267211914
-110.02024841308594
-114.17161560058594
-114.87970733642578
-113.84193420410156
-107.51617431640625
-102.13825225830078
-112.3941421508789
-106.2267837524414
-114.36492919921875
-108.99833679199219
-113.46150207519531
-109.38013458251953
-108.43867492675781
-104.77690887451172
-104.74632263183594
-113.71138763427734
-110.77072143554688
-103.32398986816406
-108.75502014160156
-109.7474365234375
-108.92282104492188
-111.54386901855469
-115.28717803955078
-118.88729858398438
-105.7450180053711
-115.98915100097656
-106.30914306640625
-106.96976470947266
-114.37593078613281
-118.77006530761719
-113.36067199707031
-117.54420471191406
-114.06829833984375
-108.58833312988281
-105.02528381347656
-108.33734130859375
-109.24535369873047
-109.89704132080078
-101.917724609375
-103.68875122070312
-113.196044921875
-108.15267181396484
-106.46330261230469
-114.02021789550781
-111.49492645263672
-111.50059509277344
-109.14642333984375
-109.0753173828125
-106.27494812011719
-109.78707122802734
-108.08805847167969
-119.69575500488281
-113.15121459960938
-109.40221405029297
-110.74717712402344
-102.31526947021484
-100.41968536376953
-115.8340835571289
-109.12197875976562
-110.74201965332031
-106.7763900756836
-110.8773193359375
-112.41947937011719
-104.79340362548828
-110.14295196533203
-109.9439697265625
-109.08206939697266
-104.20403289794922
-109.22187805175781
-104.81734466552734
-106.42517852783203
-115.96952056884766
-111.55885314941406
-112.69025421142578
-106.4551010131836
-110.16239929199219
-107.86465454101562
-114.00431060791016
-106.65099334716797
-111.00300598144531
-101.66839599609375
-107.6559829711914
-114.31336975097656
-109.53495025634766
-110.11199188232422
-103.95211791992188
-109.83419036865234
-104.39824676513672
-106.37093353271484
-109.75736999511719
-109.60581970214844
-111.60647583007812
-115.7794418334961
-110.71149444580078
-110.05320739746094
-109.50702667236328
-109.29222106933594
-111.95034790039062
-111.86399841308594
-100.05814361572266
-116.97743225097656
-110.93475341796875
-107.73291015625
-116.94314575195312
-112.97744750976562
-103.22392272949219
-110.2364730834961
-103.993408203125
-111.50625610351562
-99.03284454345703
-110.58232879638672
-102.99944305419922
-109.92912292480469
-106.27423095703125
-111.49830627441406
-109.59095764160156
-107.66387176513672
-105.05473327636719
-116.79757690429688
-109.2931900024414
-110.06451416015625
-106.14152526855469
-100.45736694335938
-114.36943054199219
-109.54098510742188
-103.16285705566406
-109.48046112060547
-108.29835510253906
-102.21971893310547
-111.95899200439453
-103.19745635986328
-110.74971008300781
-105.10126495361328
-106.54633331298828
-109.4078598022461
-112.80799102783203
-107.93488311767578
-108.18673706054688
-112.40380096435547
-112.40792846679688
-107.76864624023438
-108.21659088134766
-109.71805572509766
-107.82734680175781
-109.46952056884766
-109.56521606445312
-113.01620483398438
-112.13345336914062
-115.4342041015625
-104.4798355102539
-114.46337127685547
-111.8407974243164
-114.16600036621094
-116.22198486328125
-118.37966918945312
-109.89677429199219
-113.64228057861328
-105.64463806152344
-108.95061492919922
-107.95362091064453
-112.01419067382812
-107.78814697265625
-104.52091217041016
-107.03002166748047
-111.82251739501953
-116.46778869628906
-115.17847442626953
-109.41543579101562
-110.70586395263672
-100.63541412353516
-114.2013931274414
-107.52007293701172
-104.12909698486328
-105.87581634521484
-108.0031967163086
-108.54486846923828
-111.45291900634766
-105.30233001708984
-111.15849304199219
-115.02056884765625
-110.77287292480469
-106.4818344116211
-103.2398452758789
-108.9159927368164
-105.42017364501953
-110.3335189819336
-110.05282592773438
-111.54426574707031
-113.12894439697266
-105.75446319580078
-104.39683532714844
-109.86968994140625
-104.50033569335938
-107.29169464111328
-107.80123138427734
-113.30766296386719
-103.10979461669922
-109.98307037353516
-106.8619384765625
-109.07576751708984
-109.37952423095703
-102.82379150390625
-108.7568588256836
-111.14614868164062
-115.11568450927734
-105.0448989868164
-100.92879486083984
-111.72941589355469
-106.5549087524414
-109.88888549804688
-106.14752197265625
-115.38363647460938
-109.82833862304688
-113.0113754272461
-112.47173309326172
-108.70245361328125
-110.58090209960938
-107.9961929321289
-103.6146011352539
-118.20281219482422
-105.9809341430664
-114.54219818115234
-110.15333557128906
-114.20175170898438
-109.66371154785156
-110.13640594482422
-113.22200012207031
-112.9950942993164
-117.69013977050781
-120.15238189697266
-111.11874389648438
-109.97187805175781
-112.2751235961914
-103.70539093017578
-112.65736389160156
-110.03850555419922
-112.8150405883789
-110.28294372558594
-113.64911651611328
-112.3185043334961
-110.1758041381836
-112.18160247802734
-109.35588073730469
-110.85354614257812
-111.29771423339844
-113.0075454711914
-107.02534484863281
-105.34068298339844
-113.6272201538086
-110.6223373413086
-105.62442779541016
-100.49819946289062
-107.27704620361328
-109.54153442382812
-110.33165740966797
-118.4227066040039
-106.44803619384766
-111.73948669433594
-115.55135345458984
-108.95922088623047
-111.18527221679688
-104.8615493774414
-103.6346435546875
-109.2388687133789
-110.46714782714844
-102.15526580810547
-104.12208557128906
-109.62850952148438
-107.92823028564453
-108.71113586425781
-108.8760986328125
-111.1126708984375
-104.15946960449219
-108.29602813720703
-108.5670166015625
-102.48776245117188
-109.92543029785156
-111.89778137207031
-102.1806869506836
-107.92876434326172
-109.47137451171875
-106.97234344482422
-102.69468688964844
-111.92852783203125
-108.17681121826172
-111.63688659667969
-111.49964904785156
-109.40391540527344
-109.48975372314453
-104.07398986816406
-106.7286376953125
-111.61563873291016
-108.32444763183594
-111.05801391601562
-107.30931091308594
-114.13192749023438
-107.9604263305664
-106.63423919677734
-107.07160186767578
-106.68179321289062
-113.17436218261719
-110.19635772705078
-112.10359954833984
-106.905517578125
-105.29415893554688
-114.60098266601562
-110.38322448730469
-114.03316497802734
-109.85658264160156
-107.17597961425781
-108.735107421875
-109.03797149658203
-104.35354614257812
-109.76620483398438
-104.53042602539062
-112.6358871459961
-108.12159729003906
-110.14479064941406
-112.08244323730469
-116.0227279663086
-106.03466796875
-104.1944808959961
-107.88328552246094
-113.57816314697266
-115.77771759033203
-104.7287368774414
-113.33562469482422
-112.43910217285156
-112.96610260009766
-107.4333724975586
-107.9808120727539
-108.83094024658203
-117.07171630859375
-113.00445556640625
-108.61446380615234
-110.31916046142578
-106.37474060058594
-115.76085662841797
-116.15714263916016
-112.53658294677734
-114.43211364746094
-110.40088653564453
-114.79277801513672
-104.637451171875
-103.51937103271484
-108.36067962646484
-109.50064849853516
-118.87166595458984
-110.67981719970703
-115.44715118408203
-113.00005340576172
-115.12120056152344
-106.51441192626953
-113.88530731201172
-113.71507263183594
-114.0088882446289
-117.75835418701172
-113.5986328125
-110.9451904296875
-111.63855743408203
-109.82691192626953
-116.81763458251953
-110.94361114501953
-109.49016571044922
-109.70953369140625
-107.26667785644531
-114.66429901123047
-111.61073303222656
-108.05068969726562
-108.26915740966797
-103.61416625976562
-116.62791442871094
-113.20745849609375
-114.43878173828125
-107.54235076904297
-107.13899230957031
-103.99955749511719
-107.18727111816406
-110.92774200439453
-104.40090942382812
-108.31278991699219
-106.28115844726562
-115.25215148925781
-108.72093200683594
-107.76298522949219
-110.81642150878906
-115.0976333618164
-105.0897445678711
-105.28815460205078
-107.16152954101562
-109.99298095703125
-108.96138763427734
-109.09137725830078
-105.09200286865234
-102.43997955322266
-116.2475814819336
-105.8558349609375
-108.18303680419922
-110.01595306396484
-106.6552963256836
-109.95869445800781
-107.1186294555664
-104.63225555419922
-118.42906951904297
-102.0334701538086
-108.51751708984375
-109.99955749511719
-110.72422790527344
-119.62213134765625
-111.05574035644531
-110.11824035644531
-105.45028686523438
-105.1584701538086
-103.10147857666016
-117.373779296875
-108.51335906982422
-103.94457244873047
-112.38030242919922
-111.96099853515625
-104.54915618896484
-107.29335021972656
-114.0698471069336
-104.01457977294922
-108.3778076171875
-110.36747741699219
-106.32679748535156
-104.10162353515625
-114.69731903076172
-106.44052124023438
-116.43724060058594
-103.93537902832031
-106.69818115234375
-105.38654327392578
-111.50150299072266
-109.25537109375
-109.05459594726562
-109.48208618164062
-106.7159652709961
-110.95260620117188
-108.46581268310547
-112.39899444580078
-99.5468521118164
-108.60240173339844
-105.14396667480469
-110.41917419433594
-105.06541442871094
-104.75382232666016
-111.7166748046875
-106.8711166381836
-115.43170166015625
-107.63053894042969
-106.18879699707031
-114.7071762084961
-108.53205871582031
-112.7828369140625
-111.26074981689453
-114.32369995117188
-104.90998840332031
-109.42182159423828
-104.26142883300781
-115.51848602294922
-99.19244384765625
-108.41645812988281
-114.46554565429688
-115.83331298828125
-113.73690032958984
-103.97242736816406
-102.35260772705078
-111.199951171875
-106.32582092285156
-108.83628845214844
-110.710693359375
-106.90131378173828
-107.48912048339844
-106.18909454345703
-117.15367126464844
-106.54501342773438
-106.92546081542969
-98.61524200439453
-108.46769714355469
-108.9053955078125
-100.62252807617188
-112.00650787353516
-107.06837463378906
-107.34268951416016
-103.90827178955078
-112.96076202392578
-111.47712707519531
-106.0492172241211
-105.89483642578125
-105.62305450439453
-112.49319458007812
-109.80007934570312
-112.08963012695312
-104.08710479736328
-108.38562774658203
-102.17117309570312
-105.82964324951172
-108.68658447265625
-110.28765869140625
-106.39612579345703
-104.73239135742188
-111.01898956298828
-107.41793060302734
-111.66576385498047
-102.85248565673828
-109.55259704589844
-109.80863952636719
-109.15579986572266
-113.08528900146484
-116.07880401611328
-105.68590545654297
-105.32667541503906
-104.84261322021484
-104.54109954833984
-103.71904754638672
-114.98043823242188
-105.94136810302734
-108.3656005859375
-105.58206939697266
-109.2800064086914
-111.36902618408203
-104.93386840820312
-111.4481201171875
-106.89892578125
-114.59062194824219
-104.32821655273438
-106.2074203491211
-110.00586700439453
-108.4013442993164
-108.80470275878906
-115.74376678466797
-116.33680725097656
-105.24998474121094
-107.1355209350586
-108.33753204345703
-106.38105010986328
-110.09837341308594
-114.5398178100586
-108.91905212402344
-103.14515686035156
-111.33717346191406
-112.83196258544922
-104.3660888671875
-109.30519104003906
-103.4785385131836
-116.53309631347656
-112.09689331054688
-110.85543823242188
-107.7788314819336
-107.00322723388672
-108.26217651367188
-109.68421936035156
-109.81737518310547
-109.84803009033203
-111.00899505615234
-114.98150634765625
-106.52017211914062
-111.22142028808594
-110.06414794921875
-107.07646942138672
-110.08360290527344
-115.68661499023438
-114.20524597167969
-112.57107543945312
-105.720703125
-107.41073608398438
-114.83354187011719
-105.86063385009766
-104.87709045410156
-105.0391616821289
-114.46686553955078
-101.0752182006836
-112.7286376953125
-104.90510559082031
-120.38257598876953
-115.8210678100586
-110.63880920410156
-112.15030670166016
-113.48731994628906
-110.24362182617188
-108.30220031738281
-109.5594711303711
-110.47467041015625
-107.09823608398438
-102.7186050415039
-109.39107513427734
-102.04206848144531
-107.97992706298828
-107.6317367553711
-107.38298034667969
-108.5680923461914
-106.12705993652344
-109.6700439453125
-104.62330627441406
-103.68119812011719
-115.42974853515625
-115.13519287109375
-107.97377014160156
-107.69524383544922
-111.19242095947266
-110.3744125366211
-106.45883178710938
-105.67037963867188
-107.65971374511719
-104.24935150146484
-111.75843811035156
-108.82447052001953
-104.50743865966797
-110.13043212890625
-108.22689056396484
-116.2838363647461
-110.866943359375
-110.28974151611328
-107.51610565185547
-107.490478515625
-106.24427795410156
-106.03478240966797
-108.72478485107422
-103.19593048095703
-103.41673278808594
-106.08638000488281
-105.48104858398438
-109.9838638305664
-111.6322021484375
-109.45808410644531
-109.56047058105469
-115.6395263671875
-109.51994323730469
-107.43644714355469
-114.73300170898438
-107.1484375
-103.95735931396484
-109.61798095703125
-112.4405288696289
-108.66423797607422
-105.10321807861328
-117.69029235839844
-112.46168518066406
-115.11907196044922
-113.99989318847656
-109.91348266601562
-107.11116027832031
-101.43184661865234
-107.37909698486328
-106.65984344482422
-105.2054214477539
-106.72361755371094
-109.02251434326172
-119.998046875
-110.61561584472656
-115.75164031982422
-113.27676391601562
-111.4667739868164
-104.07315826416016
-112.60235595703125
-106.46659851074219
-106.95746612548828
-114.05988311767578
-102.9614028930664
-113.06961822509766
-107.91011810302734
-103.31975555419922
-107.64521026611328
-114.55915832519531
-107.7207260131836
-108.47135162353516
-113.64349365234375
-112.05924987792969
-113.35678100585938
-107.64704895019531
-106.41439819335938
-111.93303680419922
-104.8788070678711
-106.94629669189453
-113.77909851074219
-110.84658813476562
-112.06217956542969
-111.12840270996094
-109.68692779541016
-104.50718688964844
-110.80142974853516
-112.85585021972656
-106.2783203125
-105.1655502319336
-105.9912338256836
-110.399658203125
-109.66710662841797
-105.38237762451172
-111.91049194335938
-98.59231567382812
-107.3252944946289
-109.79595947265625
-109.69876098632812
-109.18653869628906
-105.95195007324219
-109.04293823242188
-108.03093719482422
-105.46357727050781
-106.5086669921875
-116.6712646484375
-111.92469024658203
-107.71471405029297
-109.15362548828125
-107.98026275634766
-109.22662353515625
-109.66732788085938
-110.52690887451172
-104.78459930419922
-107.56727600097656
-108.8659896850586
-104.33679962158203
-107.89846801757812
-106.0785140991211
-107.75062561035156
-106.01714324951172
-108.21333312988281
-110.72604370117188
-115.25331115722656
-106.76615142822266
-106.9656982421875
-111.22917938232422
-109.49539184570312
-110.87374877929688
-106.15804290771484
-107.0115737915039
-112.48421478271484
-101.35906219482422
-106.7800521850586
-116.50997161865234
-106.3360595703125
-109.1790771484375
-111.45771789550781
-113.6810073852539
-103.27066040039062
-108.97457122802734
-109.71497344970703
-101.84744262695312
-109.14219665527344
-112.74678802490234
-107.8717041015625
-102.51384735107422
-113.30807495117188
-111.4281997680664
-110.40629577636719
-104.85324096679688
-106.24492645263672
-113.52926635742188
-111.3001480102539
-107.80558013916016
-106.2345199584961
-108.54443359375
-104.58024597167969
-107.05665588378906
-110.71662139892578
-109.88185119628906
-103.61970520019531
-115.75244903564453
-105.02690887451172
-105.86705780029297
-101.69085693359375
-104.86978912353516
-103.90888214111328
-106.5099105834961
-108.18965911865234
-97.77201080322266
-109.36849975585938
-110.9949722290039
-108.77346801757812
-105.74333953857422
-116.73439025878906
-116.34747314453125
-104.22814178466797
-103.50531005859375
-115.29082489013672
-111.11409759521484
-103.78935241699219
-109.46505737304688
-104.2752685546875
-109.80699157714844
-104.4391860961914
-108.04521942138672
-111.88323974609375
-110.06166076660156
-104.63330078125
-105.93309020996094
-112.4703369140625
-102.42925262451172
-97.42416381835938
-104.85193634033203
-107.65634155273438
-107.32386016845703
-106.00054168701172
-108.67805480957031
-114.72651672363281
-109.73008728027344
-107.52716064453125
-109.75470733642578
-106.66522979736328
-110.31464385986328
-109.13921356201172
-114.16839599609375
-103.67271423339844
-106.4321060180664
-108.78113555908203
-114.32865142822266
-105.88965606689453
-108.47172546386719
-104.3587646484375
-107.48839569091797
-112.27037048339844
-103.97022247314453
-106.6210708618164
-109.85089874267578
-104.43360137939453
-111.21060180664062
-107.17589569091797
-113.72860717773438
-108.5975570678711
-109.78150939941406
-112.33689880371094
-110.42304992675781
-111.17234802246094
-107.0770492553711
-111.10891723632812
-105.77808380126953
-104.31135559082031
-105.74173736572266
-114.00769805908203
-117.38421630859375
-109.82832336425781
-102.05181884765625
-108.76351165771484
-114.2079849243164
-113.50234985351562
-111.88908386230469
-109.80867004394531
-103.94586944580078
-112.84919738769531
-108.7756118774414
-108.6574478149414
-107.70197296142578
-108.04610443115234
-106.64395904541016
-107.03662872314453
-103.42816162109375
-109.56861877441406
-114.9194107055664
-111.54100799560547
-108.8338623046875
-109.87112426757812
-106.56067657470703
-105.8353042602539
-111.81087493896484
-106.0373306274414
-112.47736358642578
-107.17351531982422
-108.99758911132812
-100.47100830078125
-104.65522766113281
-109.66177368164062
-107.81904602050781
-106.68408203125
-110.61038970947266
-106.44981384277344
-110.34298706054688
-103.60657501220703
-106.64907836914062
-107.89356994628906
-108.51486206054688
-115.28486633300781
-111.8791732788086
-108.30812072753906
-107.62223052978516
-103.35553741455078
-113.93586730957031
-102.10560607910156
-116.72639465332031
-106.6612319946289
-112.82743835449219
-107.353271484375
-105.31987762451172
-104.15645599365234
-108.59500122070312
-109.53255462646484
-114.0051040649414
-110.91659545898438
-110.07073211669922
-104.13047790527344
-114.25206756591797
-106.61858367919922
-112.00056457519531
-112.7567138671875
-111.65372467041016
-108.75733947753906
-115.54741668701172
-106.82113647460938
-112.86399841308594
-105.16280364990234
-106.29268646240234
-110.44904327392578
-112.56480407714844
-112.46070098876953
-112.47859191894531
-112.69906616210938
-106.52327728271484
-111.69868469238281
-109.84673309326172
-108.8254165649414
-114.08680725097656
-103.90301513671875
-111.89201354980469
-107.36485290527344
-102.20073699951172
-111.4465103149414
-109.13401794433594
-107.52128601074219
-107.87320709228516
-111.97225952148438
-109.03630828857422
-110.56389617919922
-115.95989990234375
-99.97210693359375
-109.02080535888672
-102.92289733886719
-112.50601196289062
-106.2088623046875
-106.35720825195312
-110.60065460205078
-109.56605529785156
-111.14070129394531
-110.26936340332031
-107.14342498779297
-110.35134887695312
-110.2138442993164
-108.31043243408203
