-103.2315902709961
-114.04241180419922
-105.63906860351562
-112.51680755615234
-112.59484100341797
-110.09194946289062
-104.76505279541016
-99.81472778320312
-110.06887817382812
-104.00066375732422
-112.74109649658203
-106.10604095458984
-111.01497650146484
-106.71603393554688
-106.62462615966797
-102.04203796386719
-102.62020111083984
-112.531494140625
-109.2945327758789
-101.5566177368164
-106.78398132324219
-106.735595703125
-106.0042953491211
-109.11672973632812
-111.95980072021484
-114.92414093017578
-102.47560119628906
-112.20294189453125
-101.46674346923828
-104.07530975341797
-110.892578125
-116.05194091796875
-111.66666412353516
-114.8430404663086
-110.49903869628906
-107.2565689086914
-103.11172485351562
-108.37122344970703
-106.91456604003906
-107.78058624267578
-100.02477264404297
-101.359375
-110.67735290527344
-106.32228088378906
-103.69573211669922
-110.35244750976562
-109.50851440429688
-109.84134674072266
-107.23218536376953
-104.33229064941406
-105.26591491699219
-107.32945251464844
-105.69837188720703
-117.17125701904297
-111.54750061035156
-107.11778259277344
-108.44500732421875
-100.33734893798828
-98.41146850585938
-114.49739074707031
-107.73295593261719
-109.24720001220703
-105.29825592041016
-106.77713775634766
-112.01128387451172
-102.68343353271484
-106.87088012695312
-108.32476043701172
-106.90314483642578
-101.65205383300781
-106.95814514160156
-103.42455291748047
-104.18289947509766
-111.79440307617188
-109.10810852050781
-110.75347137451172
-103.44234466552734
-108.00668334960938
-106.24622344970703
-111.74797821044922
-105.41717529296875
-108.38896942138672
-98.30062103271484
-104.5848617553711
-111.79492950439453
-106.52537536621094
-107.49597930908203
-102.48709869384766
-107.8618392944336
-100.44841766357422
-105.00456237792969
-108.26367950439453
-106.09439086914062
-109.355712890625
-112.74707794189453
-106.49964141845703
-108.76073455810547
-105.82300567626953
-105.76251220703125
-113.61476135253906
-108.1412582397461
-98.50369262695312
-113.4423828125
-108.61304473876953
-106.41996002197266
-113.43610382080078
-110.82878112792969
-102.8676528930664
-105.99317932128906
-102.17947387695312
-108.44278717041016
-97.37041473388672
-109.99726867675781
-101.16178131103516
-107.23958587646484
-102.7915267944336
-109.76411437988281
-105.43415069580078
-104.20490264892578
-101.89591217041016
-113.75399780273438
-105.7570571899414
-107.2169418334961
-104.46763610839844
-98.23882293701172
-109.95005798339844
-107.52422332763672
-100.04747009277344
-106.66732025146484
-106.21937561035156
-100.39397430419922
-109.00054168701172
-102.03944396972656
-108.6057357788086
-101.55154418945312
-103.75642395019531
-107.10301971435547
-109.7337646484375
-106.46871185302734
-105.78063201904297
-109.87652587890625
-109.11182403564453
-105.46546173095703
-106.4697494506836
-106.98133850097656
-105.1707763671875
-106.0064697265625
-106.67376708984375
-109.8376235961914
-109.20284271240234
-112.39744567871094
-101.41610717773438
-110.78507232666016
-109.16133880615234
-112.0531234741211
-112.97077941894531
-115.96809387207031
-108.30195617675781
-111.84058380126953
-104.38765716552734
-107.31085205078125
-105.85625457763672
-110.03197479248047
-105.5030288696289
-101.88947296142578
-104.67951965332031
-109.81199645996094
-114.58328247070312
-113.03367614746094
-105.31901550292969
-107.36662292480469
-99.21311950683594
-109.74932098388672
-104.56134033203125
-101.71487426757812
-104.15826416015625
-103.95333862304688
-105.76326751708984
-108.87594604492188
-103.37747955322266
-108.6502456665039
-112.56930541992188
-107.45507049560547
-103.86283111572266
-101.54833221435547
-107.31207275390625
-102.91668701171875
-108.62627410888672
-107.92852020263672
-110.38617706298828
-110.22421264648438
-102.53973388671875
-103.00342559814453
-106.52709197998047
-105.12406158447266
-105.86077880859375
-106.44866180419922
-110.3235092163086
-101.63166809082031
-108.10415649414062
-104.41472625732422
-106.67646789550781
-107.66768646240234
-101.7652359008789
-106.38978576660156
-107.44928741455078
-113.91389465332031
-102.38610076904297
-98.90594482421875
-109.78682708740234
-104.84716033935547
-107.57557678222656
-103.41415405273438
-113.68881225585938
-108.02365112304688
-108.09651947021484
-109.64300537109375
-106.97276306152344
-107.65142059326172
-105.8312759399414
-101.96480560302734
-113.64039611816406
-103.28971862792969
-110.12364959716797
-107.01779174804688
-110.42382049560547
-108.29347229003906
-108.26901245117188
-109.84283447265625
-109.35424041748047
-114.57167053222656
-116.75102233886719
-108.1945571899414
-108.76933288574219
-110.154052734375
-100.73162078857422
-109.38299560546875
-108.30903625488281
-110.4952392578125
-106.4198226928711
-112.19070434570312
-108.32683563232422
-109.2823486328125
-108.18177032470703
-105.84280395507812
-107.494384765625
-108.3525161743164
-109.91658782958984
-104.996337890625
-102.82715606689453
-110.32196044921875
-109.12271118164062
-104.22901153564453
-98.35208129882812
-104.89714050292969
-106.97174835205078
-107.21403503417969
-116.64295196533203
-105.1410903930664
-110.26242065429688
-112.67536926269531
-108.32320404052734
-108.72648620605469
-102.75912475585938
-102.61314392089844
-106.78314208984375
-108.04124450683594
-99.80020904541016
-102.63360595703125
-107.9003677368164
-106.722412109375
-106.09004974365234
-106.82731628417969
-109.63583374023438
-101.49284362792969
-106.3169174194336
-107.64338684082031
-100.76174926757812
-106.94355773925781
-110.03549194335938
-99.07726287841797
-105.47649383544922
-107.62328338623047
-104.23355865478516
-99.06036376953125
-109.37328338623047
-105.90013122558594
-108.23870849609375
-109.9211654663086
-105.8599624633789
-107.21127319335938
-101.45513916015625
-106.04019165039062
-109.00757598876953
-107.67548370361328
-108.08541870117188
-105.88677978515625
-112.732421875
-107.05430603027344
-106.18507385253906
-104.79102325439453
-104.36392974853516
-110.4468002319336
-108.23563385009766
-111.51689147949219
-103.62846374511719
-104.17918395996094
-111.3934097290039
-108.28966522216797
-111.4974594116211
-107.31547546386719
-105.68940734863281
-107.01727294921875
-107.2619857788086
-101.0511703491211
-108.10942077636719
-103.11919403076172
-110.7386474609375
-105.18222045898438
-107.1068344116211
-108.33839416503906
-112.45883178710938
-103.48007202148438
-102.01082611083984
-104.85842895507812
-110.72135925292969
-113.1413345336914
-104.57553100585938
-111.72977447509766
-110.0719223022461
-109.64376831054688
-106.37140655517578
-103.76263427734375
-105.9344253540039
-114.27123260498047
-112.14461517333984
-106.37896728515625
-108.79106903076172
-103.1412124633789
-114.35830688476562
-111.58082580566406
-108.48263549804688
-111.69511413574219
-108.61566162109375
-112.89534759521484
-101.8530502319336
-101.76311492919922
-104.76399993896484
-106.57670593261719
-115.25688171386719
-107.32496643066406
-112.62328338623047
-110.13436889648438
-111.39585876464844
-104.26476287841797
-111.10368347167969
-110.316162109375
-112.08690643310547
-114.66173553466797
-110.1863784790039
-108.29973602294922
-109.91609954833984
-107.50961303710938
-112.75774383544922
-108.8728256225586
-106.73475646972656
-105.12094116210938
-105.59989166259766
-109.770263671875
-106.52272033691406
-106.22434997558594
-105.70867919921875
-100.51262664794922
-113.27360534667969
-109.2189712524414
-110.48817443847656
-104.52483367919922
-103.90245056152344
-102.55525970458984
-103.2688980102539
-108.04484558105469
-101.93692016601562
-103.46244812011719
-104.02227020263672
-113.08955383300781
-107.86861419677734
-105.53334045410156
-107.74335479736328
-111.40730285644531
-103.32958221435547
-103.8363265991211
-105.60942077636719
-106.50752258300781
-106.99675750732422
-106.91370391845703
-103.71173858642578
-99.40323638916016
-116.29554748535156
-104.29415893554688
-105.75563049316406
-108.26513671875
-104.31733703613281
-106.6351318359375
-104.7799301147461
-102.84709930419922
-114.87354278564453
-100.4349136352539
-105.88098907470703
-107.20671844482422
-109.40205383300781
-117.28759765625
-111.06073760986328
-107.40927124023438
-103.6189956665039
-102.43632507324219
-101.4269027709961
-114.86575317382812
-104.86217498779297
-103.16322326660156
-110.1651382446289
-109.42285919189453
-102.31472778320312
-104.5674819946289
-112.64793395996094
-101.85027313232422
-104.57017517089844
-106.7093276977539
-103.04631042480469
-100.64993286132812
-111.43468475341797
-103.68354034423828
-112.9291000366211
-100.66405487060547
-105.66970825195312
-100.58528900146484
-108.19686126708984
-106.81729125976562
-108.04113006591797
-107.13484954833984
-104.23052978515625
-110.13236999511719
-106.47874450683594
-110.32823181152344
-99.66018676757812
-105.95502471923828
-103.07735443115234
-108.69705200195312
-103.8818588256836
-102.81505584716797
-109.69917297363281
-102.56891632080078
-112.91410827636719
-105.07906341552734
-105.54706573486328
-113.23479461669922
-106.21072387695312
-111.02169799804688
-110.7982406616211
-112.41426849365234
-102.69967651367188
-108.00206756591797
-102.3001708984375
-112.67765808105469
-97.54718017578125
-105.31046295166016
-111.17439270019531
-112.75611877441406
-109.90518951416016
-102.58174896240234
-99.34113311767578
-108.68498229980469
-102.75119018554688
-105.65520477294922
-107.94257354736328
-103.01045227050781
-105.58976745605469
-102.14065551757812
-113.96702575683594
-102.32791137695312
-102.57274627685547
-96.5037841796875
-106.17130279541016
-106.04986572265625
-99.05239868164062
-108.66755676269531
-103.94369506835938
-105.48877716064453
-102.60757446289062
-110.98174285888672
-108.96820831298828
-104.36724853515625
-103.15125274658203
-103.33331298828125
-111.81380462646484
-108.44268035888672
-110.01649475097656
-101.15301513671875
-106.52046203613281
-100.84513854980469
-104.19741821289062
-106.4834213256836
-105.96942138671875
-103.37887573242188
-102.06210327148438
-109.85973358154297
-105.54693603515625
-109.30928802490234
-101.90898132324219
-107.63424682617188
-108.00286865234375
-106.34210205078125
-110.091796875
-114.475341796875
-102.63789367675781
-103.731689453125
-101.55644226074219
-103.8721923828125
-100.76913452148438
-112.52838897705078
-103.214599609375
-104.87779235839844
-102.78715515136719
-106.21131134033203
-109.07640075683594
-102.72339630126953
-107.80905151367188
-104.31346893310547
-113.02262878417969
-101.31431579589844
-103.95237731933594
-107.52114868164062
-106.66537475585938
-107.68782043457031
-113.39598846435547
-113.51482391357422
-103.31610107421875
-105.4241943359375
-106.88821411132812
-104.05239868164062
-107.4617691040039
-113.44927978515625
-105.33619689941406
-101.31014251708984
-109.0616683959961
-111.32808685302734
-101.53407287597656
-107.09817504882812
-101.48197174072266
-112.01487731933594
-110.79380798339844
-109.56989288330078
-104.43755340576172
-104.764404296875
-105.716064453125
-107.8221206665039
-107.7550277709961
-107.7123794555664
-108.02776336669922
-111.97494506835938
-104.54244995117188
-109.36847686767578
-107.78052520751953
-103.41218566894531
-106.38325500488281
-111.64079284667969
-110.53627014160156
-110.05421447753906
-102.48565673828125
-103.58203125
-110.47840118408203
-103.03981018066406
-101.91902160644531
-102.52610778808594
-112.02679443359375
-99.26020812988281
-110.44075775146484
-101.7105712890625
-117.70303344726562
-113.42910766601562
-108.60183715820312
-108.91803741455078
-111.89442443847656
-107.83383178710938
-105.769775390625
-107.75735473632812
-108.72505950927734
-105.88086700439453
-100.50115966796875
-105.94165802001953
-100.3631362915039
-106.3412094116211
-105.47895812988281
-104.59272003173828
-107.53070068359375
-103.97684478759766
-106.81867218017578
-102.49012756347656
-101.22677612304688
-114.93550872802734
-112.84425354003906
-106.12014770507812
-104.66455078125
-109.07434844970703
-109.3639907836914
-104.48204040527344
-103.32034301757812
-105.65333557128906
-101.84931182861328
-108.96998596191406
-105.91325378417969
-102.57198333740234
-107.66158294677734
-104.98038482666016
-115.24134063720703
-108.81839752197266
-107.26631927490234
-105.55979919433594
-105.44747161865234
-105.49920654296875
-103.95576477050781
-106.57350158691406
-101.5901870727539
-101.61058044433594
-105.28154754638672
-103.08496856689453
-108.44390106201172
-108.8774185180664
-106.53937530517578
-107.5532455444336
-112.2314453125
-107.68730926513672
-104.64382934570312
-113.94841003417969
-104.78984069824219
-102.13636016845703
-106.87442779541016
-110.6600112915039
-105.90347290039062
-102.4766845703125
-113.83322143554688
-110.57579040527344
-112.93891906738281
-112.5973129272461
-108.44945526123047
-104.09481811523438
-98.99805450439453
-105.13788604736328
-105.57994079589844
-103.7165298461914
-106.8768081665039
-107.98201751708984
-118.13581085205078
-108.19245910644531
-113.37447357177734
-111.18775177001953
-108.64990234375
-102.0108642578125
-110.05257415771484
-104.90059661865234
-104.06607818603516
-111.6788558959961
-100.36808776855469
-110.7028579711914
-105.42739868164062
-103.06068420410156
-105.4294662475586
-113.2361831665039
-105.4609603881836
-106.32463836669922
-111.12487030029297
-109.50688934326172
-110.67522430419922
-104.47285461425781
-102.6025161743164
-110.98125457763672
-102.96050262451172
-103.51335906982422
-110.05541229248047
-109.0159912109375
-110.05386352539062
-109.77106475830078
-106.19719696044922
-102.13845825195312
-109.69849395751953
-110.06025695800781
-104.39722442626953
-105.2801513671875
-105.10159301757812
-106.772705078125
-107.01666259765625
-103.7541275024414
-110.27909088134766
-97.5257339477539
-105.32743072509766
-106.64932250976562
-107.67951965332031
-107.18609619140625
-104.32271575927734
-107.87124633789062
-105.9394760131836
-104.33454895019531
-104.67656707763672
-113.2964096069336
-110.88011169433594
-106.2739486694336
-107.24010467529297
-105.81002807617188
-107.15931701660156
-108.63023376464844
-106.8131103515625
-102.10761260986328
-104.9871826171875
-106.15104675292969
-101.50116729736328
-106.02909851074219
-105.63336944580078
-105.08287811279297
-103.69640350341797
-106.2493896484375
-108.99945068359375
-114.73345947265625
-104.77909088134766
-104.9778060913086
-110.30123138427734
-105.42688751220703
-110.59663391113281
-104.32749938964844
-104.53915405273438
-110.59242248535156
-100.97286987304688
-105.69884490966797
-111.97124481201172
-105.57864379882812
-107.41446685791016
-110.04300689697266
-111.04988861083984
-102.30904388427734
-106.72920227050781
-108.46439361572266
-102.20823669433594
-105.34117126464844
-109.30965423583984
-104.13632202148438
-102.42880249023438
-113.41104888916016
-110.32937622070312
-108.83334350585938
-103.11186218261719
-106.03160095214844
-111.01410675048828
-108.4891586303711
-106.07186126708984
-105.63787078857422
-106.49650573730469
-102.04798889160156
-104.7579116821289
-107.94344329833984
-108.44673919677734
-102.04193878173828
-113.90995025634766
-104.28314208984375
-103.8124008178711
-99.53382110595703
-103.91783905029297
-100.6700210571289
-104.65018463134766
-107.2809829711914
-95.8248291015625
-107.40792846679688
-109.10049438476562
-105.22669219970703
-103.93690490722656
-114.55522918701172
-114.45879364013672
-101.95572662353516
-102.28854370117188
-112.0590591430664
-107.8775405883789
-101.33549499511719
-107.19805908203125
-102.97815704345703
-106.03189086914062
-101.52947235107422
-104.39987182617188
-108.78205871582031
-106.69317626953125
-101.5960922241211
-103.39152526855469
-109.73656463623047
-100.83460235595703
-94.64845275878906
-103.25130462646484
-104.3889389038086
-105.32266998291016
-102.43888092041016
-106.3685073852539
-111.59346008300781
-107.14098358154297
-104.05553436279297
-107.84652709960938
-106.24239349365234
-106.911376953125
-107.81094360351562
-113.11669158935547
-101.34403228759766
-105.2962646484375
-104.90312957763672
-110.4039077758789
-106.14714050292969
-106.88702392578125
-102.68434143066406
-105.88990783691406
-110.84687042236328
-102.34406280517578
-105.57609558105469
-107.70903778076172
-102.76156616210938
-109.34510040283203
-104.1785659790039
-111.53150939941406
-107.4790267944336
-106.87725830078125
-109.78836059570312
-108.56778717041016
-109.15762329101562
-104.44169616699219
-109.10745239257812
-103.79489135742188
-100.56873321533203
-103.4817886352539
-110.51173400878906
-115.3260726928711
-108.98159790039062
-101.158935546875
-105.740478515625
-110.89578247070312
-110.67855834960938
-110.21199035644531
-109.99456787109375
-102.0225601196289
-110.4886474609375
-108.09326171875
-107.83226013183594
-105.16987609863281
-106.7291259765625
-104.38375091552734
-105.59346008300781
-101.92912292480469
-107.34406280517578
-111.47737884521484
-110.20359802246094
-107.6463394165039
-108.24468994140625
-102.43734741210938
-102.64273071289062
-110.72028350830078
-103.43911743164062
-110.80389404296875
-105.34080505371094
-107.51560974121094
-98.558349609375
-103.5475082397461
-108.96095275878906
-104.5465087890625
-105.37645721435547
-109.20613861083984
-104.11164093017578
-107.96333312988281
-102.10850524902344
-106.31075286865234
-106.67117309570312
-107.21951293945312
-114.11901092529297
-109.7119140625
-106.58474731445312
-105.6767807006836
-101.50953674316406
-112.06847381591797
-99.99308013916016
-114.60944366455078
-104.98320770263672
-111.36290740966797
-105.55936431884766
-102.4262466430664
-103.1944808959961
-107.20341491699219
-109.05685424804688
-111.63006591796875
-109.7964859008789
-107.3333969116211
-102.0047378540039
-111.02580261230469
-104.58641815185547
-110.780517578125
-111.75646209716797
-110.40174102783203
-107.89048767089844
-114.22913360595703
-105.07024383544922
-110.90038299560547
-105.27426147460938
-104.656982421875
-108.66551208496094
-110.4698486328125
-111.52423095703125
-108.95821380615234
-110.2046127319336
-106.07251739501953
-109.87702178955078
-107.3946304321289
-107.36714935302734
-112.3130874633789
-102.51524353027344
-110.36797332763672
-105.10261535644531
-102.02013397216797
-109.90927124023438
-107.61815643310547
-105.39751434326172
-107.28047943115234
-109.24746704101562
-107.35832214355469
-108.1546859741211
-115.4030990600586
-99.32052612304688
-107.896484375
-102.04235076904297
-111.46572875976562
-105.05940246582031
-103.302001953125
-108.12438201904297
-108.6623306274414
-109.3267822265625
-109.8857650756836
-106.00214385986328
-108.18500518798828
-108.26549530029297
-106.58529663085938
