-99.44401550292969
-111.40174102783203
-102.20830535888672
-109.69161224365234
-109.02167510986328
-106.08918762207031
-99.66288757324219
-97.64360046386719
-106.42898559570312
-100.05713653564453
-108.31089782714844
-103.00453186035156
-107.82723999023438
-104.1035385131836
-104.24581146240234
-100.60433197021484
-99.15599060058594
-108.32798767089844
-104.95165252685547
-98.64514923095703
-102.36219024658203
-103.4281234741211
-105.1489028930664
-107.15898895263672
-107.48438262939453
-112.16410827636719
-100.1948471069336
-108.94434356689453
-99.00993347167969
-101.75069427490234
-109.67436981201172
-113.3253402709961
-107.10316467285156
-112.82365417480469
-109.65744018554688
-102.8707504272461
-100.8155288696289
-103.60465240478516
-104.88850402832031
-103.92357635498047
-97.18029022216797
-98.07784271240234
-107.81636047363281
-102.93876647949219
-101.11796569824219
-108.555908203125
-105.32884979248047
-106.32347869873047
-103.11711883544922
-101.34679412841797
-103.08682250976562
-104.5794677734375
-103.47760009765625
-114.08622741699219
-108.56299591064453
-103.65953826904297
-105.82344818115234
-97.41461181640625
-95.90103149414062
-110.06673431396484
-105.20561218261719
-106.86531829833984
-100.57347869873047
-102.36095428466797
-106.32264709472656
-99.39599609375
-106.15177154541016
-104.52213287353516
-105.16490173339844
-98.61723327636719
-103.80377197265625
-101.48697662353516
-101.2547836303711
-109.27374267578125
-105.56624603271484
-107.61917114257812
-100.5012435913086
-105.46436309814453
-102.70652770996094
-108.39128112792969
-101.15121459960938
-105.53770446777344
-95.68890380859375
-100.57158660888672
-108.86424255371094
-104.11177062988281
-107.35484313964844
-100.06694030761719
-105.25950622558594
-98.90511322021484
-101.80640411376953
-105.22785949707031
-104.55105590820312
-106.07139587402344
-111.1279067993164
-103.29114532470703
-105.43209838867188
-104.88666534423828
-102.24433898925781
-109.02630615234375
-104.80317687988281
-95.57415008544922
-108.24543762207031
-106.38609313964844
-102.14794921875
-109.5837173461914
-106.96310424804688
-98.35328674316406
-105.25591278076172
-98.49676513671875
-105.47644805908203
-95.72069549560547
-105.14817810058594
-98.53981018066406
-105.66793060302734
-100.5733871459961
-105.86385345458984
-103.09308624267578
-102.31181335449219
-99.99053955078125
-110.61378479003906
-104.122314453125
-102.01834106445312
-100.64054107666016
-95.29388427734375
-109.28366088867188
-103.16838073730469
-97.23309326171875
-102.79341125488281
-103.0921859741211
-97.8575439453125
-107.52954864501953
-100.1358413696289
-103.55252075195312
-99.29165649414062
-99.88836669921875
-103.6672592163086
-106.22245788574219
-104.16521453857422
-103.07686614990234
-107.01153564453125
-104.36997985839844
-103.52908325195312
-102.97779083251953
-105.12810516357422
-102.66743469238281
-102.7356185913086
-102.97673797607422
-105.61094665527344
-106.35969543457031
-109.95664978027344
-99.09054565429688
-105.90607452392578
-107.04834747314453
-109.46792602539062
-109.17984771728516
-112.42314910888672
-105.18257141113281
-107.50859832763672
-100.26383209228516
-103.18623352050781
-104.0260009765625
-107.7488784790039
-103.41291046142578
-99.37200164794922
-101.62149810791016
-107.30918884277344
-110.38148498535156
-110.54564666748047
-103.30221557617188
-104.14790344238281
-95.87615203857422
-105.66619110107422
-102.3215560913086
-99.38951873779297
-100.66421508789062
-102.62194061279297
-105.15739440917969
-105.5643310546875
-99.58316040039062
-105.07933044433594
-109.21831512451172
-103.09586334228516
-100.94755554199219
-100.10041809082031
-103.50070190429688
-100.312744140625
-103.05233764648438
-105.1072769165039
-107.76984405517578
-109.02189636230469
-99.89517974853516
-99.32278442382812
-103.23242950439453
-101.68831634521484
-102.68810272216797
-103.15758514404297
-107.34741973876953
-100.43970489501953
-104.89002990722656
-100.58755493164062
-103.9757308959961
-104.58047485351562
-98.25929260253906
-104.50074768066406
-105.27888488769531
-112.04539489746094
-98.56085205078125
-96.41956329345703
-106.58995056152344
-101.36083221435547
-104.124267578125
-101.57793426513672
-112.27865600585938
-104.78313446044922
-106.69091033935547
-105.94190216064453
-102.08531951904297
-104.56890106201172
-102.02958679199219
-98.31751251220703
-112.66455841064453
-99.33409881591797
-107.70118713378906
-104.52185821533203
-107.48859405517578
-107.37313842773438
-103.9505615234375
-105.97718048095703
-106.35746002197266
-112.7997055053711
-113.39390563964844
-106.36961364746094
-105.53192901611328
-106.8091049194336
-97.54778289794922
-108.12702941894531
-104.92317962646484
-107.32959747314453
-103.55792236328125
-108.68516540527344
-106.11346435546875
-106.4618148803711
-106.19252014160156
-103.75291442871094
-104.04167938232422
-104.82426452636719
-107.52894592285156
-102.47200012207031
-99.29581451416016
-106.66084289550781
-106.31395721435547
-100.53178405761719
-94.9316177368164
-102.40083312988281
-104.27584075927734
-103.52275848388672
-114.03903198242188
-101.60376739501953
-106.2096176147461
-108.03668975830078
-104.18167877197266
-105.6163330078125
-100.5158920288086
-100.38693237304688
-103.43892669677734
-105.02661895751953
-97.45343780517578
-100.9876480102539
-104.2801284790039
-104.05138397216797
-104.07605743408203
-102.4098892211914
-106.17211151123047
-100.3241195678711
-104.75533294677734
-106.02144622802734
-98.587646484375
-103.57393646240234
-106.03763580322266
-97.31578063964844
-102.36444091796875
-104.03043365478516
-101.97662353515625
-98.04225158691406
-105.52802276611328
-102.11002349853516
-105.98385620117188
-106.78632354736328
-105.55282592773438
-105.62262725830078
-98.74762725830078
-102.97928619384766
-105.08772277832031
-102.93992614746094
-105.97444152832031
-102.40889739990234
-108.69817352294922
-102.491455078125
-102.32624053955078
-100.18431091308594
-101.92367553710938
-107.20413970947266
-105.39425659179688
-108.00398254394531
-101.35391998291016
-101.64860534667969
-110.17550659179688
-107.38906860351562
-108.60743713378906
-105.02555847167969
-102.60718536376953
-101.86605072021484
-105.50484466552734
-98.17958068847656
-105.6822509765625
-100.380615234375
-106.95532989501953
-102.33091735839844
-105.16230773925781
-106.44985961914062
-111.58806610107422
-100.64336395263672
-99.75569915771484
-102.15801239013672
-106.67540740966797
-108.71588897705078
-100.98220825195312
-108.17715454101562
-106.31163787841797
-109.42302703857422
-102.44744873046875
-100.73136138916016
-105.68639373779297
-112.62802124023438
-106.81932830810547
-103.76124572753906
-106.6084213256836
-101.68352508544922
-110.39619445800781
-109.04610443115234
-107.18817138671875
-108.24193572998047
-106.46800231933594
-110.57951354980469
-100.25226593017578
-99.76174926757812
-102.12195587158203
-104.04390716552734
-112.86397552490234
-104.56068420410156
-110.50028991699219
-108.99056243896484
-109.12377166748047
-100.6695785522461
-108.67132568359375
-108.66957092285156
-108.77979278564453
-111.0100326538086
-108.01175689697266
-105.62459564208984
-108.15428161621094
-103.1975326538086
-109.85108184814453
-103.48834228515625
-104.13574981689453
-102.69990539550781
-102.23104858398438
-106.08728790283203
-105.33064270019531
-105.3438949584961
-103.60353088378906
-98.88821411132812
-110.58331298828125
-110.14227294921875
-108.64210510253906
-102.95866394042969
-102.23300170898438
-97.77649688720703
-99.57813262939453
-106.3034439086914
-99.71383666992188
-101.75496673583984
-100.517578125
-108.45930480957031
-103.14419555664062
-102.35037231445312
-104.46432495117188
-108.79443359375
-100.49298095703125
-101.68511199951172
-103.0243911743164
-103.41961669921875
-102.58123779296875
-102.42579650878906
-100.7764663696289
-98.19367218017578
-111.73016357421875
-100.85244750976562
-103.30451965332031
-105.55125427246094
-101.75509643554688
-104.030517578125
-101.75289916992188
-100.54869842529297
-111.5841064453125
-96.97901153564453
-102.6068115234375
-105.34935760498047
-105.25996398925781
-115.1178207397461
-106.20299530029297
-104.21076202392578
-99.98673248291016
-101.6544189453125
-98.20711517333984
-110.05282592773438
-102.7103500366211
-100.25244903564453
-106.71192932128906
-106.47952270507812
-99.79197692871094
-102.30785369873047
-109.12928771972656
-99.10664367675781
-102.31282806396484
-104.1299057006836
-101.8682861328125
-98.80045318603516
-108.42648315429688
-101.03397369384766
-108.43949127197266
-98.07588958740234
-102.12329864501953
-98.80149841308594
-105.63824462890625
-103.60283660888672
-104.93075561523438
-103.16345977783203
-100.93350982666016
-106.22819519042969
-103.34133911132812
-107.6240005493164
-94.59101104736328
-102.11605072021484
-100.78241729736328
-107.48406982421875
-100.905517578125
-100.2201919555664
-107.86502075195312
-100.87911224365234
-108.64522552490234
-102.91666412353516
-102.06752014160156
-109.37491607666016
-103.09109497070312
-108.82942199707031
-108.953369140625
-112.68150329589844
-100.36548614501953
-105.43252563476562
-100.26263427734375
-110.1973876953125
-95.47554779052734
-103.7467269897461
-108.45663452148438
-109.99603271484375
-107.5057144165039
-98.50712585449219
-96.01814270019531
-105.86740112304688
-99.9453125
-103.14878845214844
-104.99913024902344
-99.41411590576172
-102.32915496826172
-100.94998931884766
-110.35922241210938
-99.81144714355469
-101.00672149658203
-95.67948913574219
-102.03229522705078
-103.7357177734375
-98.04157257080078
-107.02932739257812
-101.49668884277344
-103.23946380615234
-99.95655059814453
-108.68321228027344
-106.78028869628906
-102.0368423461914
-100.29420471191406
-101.20652770996094
-107.41499328613281
-103.40528106689453
-107.0677490234375
-99.62381744384766
-106.17472839355469
-98.9769287109375
-103.41492462158203
-103.52196502685547
-103.15462493896484
-100.323486328125
-100.6292724609375
-106.17552185058594
-103.46377563476562
-106.85344696044922
-99.80052947998047
-104.3895492553711
-104.9184341430664
-102.64925384521484
-105.98995208740234
-111.78885650634766
-100.70001220703125
-100.98161315917969
-99.53035736083984
-99.87220001220703
-99.13426971435547
-110.54528045654297
-100.22429656982422
-102.22956848144531
-101.11643981933594
-103.96583557128906
-104.87256622314453
-98.96238708496094
-105.51241302490234
-101.89584350585938
-109.81806182861328
-100.01258850097656
-101.44013977050781
-104.44395446777344
-104.39073944091797
-104.54033660888672
-110.27255249023438
-109.41999053955078
-100.8926773071289
-101.53143310546875
-104.56770324707031
-100.06373596191406
-104.27201843261719
-109.62498474121094
-101.63607788085938
-98.89119720458984
-106.93289947509766
-108.35987091064453
-98.61244201660156
-104.8700180053711
-99.41648864746094
-109.45830535888672
-107.96846008300781
-105.79431915283203
-100.3469009399414
-103.20721435546875
-102.05394744873047
-104.99479675292969
-104.49263763427734
-105.42012023925781
-105.50437927246094
-109.87018585205078
-102.199462890625
-105.53800201416016
-103.77251434326172
-101.21611785888672
-103.04606628417969
-108.97289276123047
-108.91490936279297
-105.87397003173828
-100.28092956542969
-101.00785827636719
-107.9747085571289
-100.64179229736328
-98.72025299072266
-100.9146499633789
-107.4825210571289
-97.69308471679688
-106.34257507324219
-98.12458801269531
-114.092529296875
-108.10303497314453
-104.0880355834961
-107.00788116455078
-109.13165283203125
-104.77242279052734
-101.4504623413086
-103.02869415283203
-107.12057495117188
-102.6796646118164
-98.00308227539062
-101.90904235839844
-96.9205093383789
-103.28136444091797
-101.86511993408203
-100.33233642578125
-103.75238037109375
-103.52592468261719
-105.1819076538086
-98.34364318847656
-99.66261291503906
-111.2107925415039
-110.62060546875
-102.03956604003906
-101.69509887695312
-107.7243423461914
-104.75850677490234
-101.89813995361328
-100.8349609375
-104.28936767578125
-99.06766510009766
-105.9777603149414
-102.75454711914062
-100.90080261230469
-105.64033508300781
-101.84911346435547
-111.74058532714844
-106.505859375
-104.57875061035156
-102.92667388916016
-104.55638885498047
-101.93843841552734
-101.85192108154297
-105.01896667480469
-100.03089141845703
-100.49764251708984
-103.42588806152344
-101.55216217041016
-105.93637084960938
-105.66886901855469
-104.1635513305664
-104.48975372314453
-108.5663833618164
-102.47392272949219
-103.4007797241211
-110.46218872070312
-102.66007995605469
-99.73595428466797
-103.93830108642578
-107.14893341064453
-104.0071792602539
-101.627197265625
-111.61023712158203
-106.56916809082031
-111.11394500732422
-111.30887603759766
-107.01216125488281
-100.06175231933594
-94.93289184570312
-100.41497802734375
-102.73528289794922
-99.98031616210938
-101.77452087402344
-105.3103256225586
-116.08533477783203
-107.3376235961914
-109.90200805664062
-108.36546325683594
-106.16948699951172
-99.57340240478516
-105.66429901123047
-100.98218536376953
-100.52471160888672
-108.34188079833984
-97.37301635742188
-106.3036117553711
-102.86286163330078
-99.20880126953125
-102.72947692871094
-123.42755126953125
-102.02043914794922
-103.42701721191406
-109.23988342285156
-106.97714233398438
-108.75300598144531
-101.38115692138672
-99.71853637695312
-108.18104553222656
-100.05899810791016
-101.55855560302734
-107.9758071899414
-104.93331909179688
-108.0346908569336
-105.98323059082031
-104.42794799804688
-99.72845458984375
-107.6441879272461
-107.2965087890625
-102.28163146972656
-100.6952896118164
-102.79564666748047
-104.8857421875
-105.66946411132812
-100.1324691772461
-106.93348693847656
-92.78530883789062
-101.78230285644531
-103.80459594726562
-105.30647277832031
-104.42440032958984
-100.40618896484375
-104.83544158935547
-102.0498275756836
-101.3621826171875
-102.6876449584961
-111.55548858642578
-106.49187469482422
-102.86475372314453
-104.04706573486328
-102.90457916259766
-104.45851135253906
-107.54679107666016
-104.89402770996094
-100.9111328125
-103.01817321777344
-103.85954284667969
-99.77312469482422
-103.16464233398438
-104.03208923339844
-101.65746307373047
-101.6066665649414
-103.53349304199219
-108.3558120727539
-110.95104217529297
-102.90641784667969
-102.9231185913086
-107.95616149902344
-104.72295379638672
-106.27346801757812
-99.48948669433594
-103.29733276367188
-108.2240982055664
-96.48622131347656
-101.26660919189453
-109.44133758544922
-101.96068572998047
-105.91073608398438
-105.96807098388672
-108.81373596191406
-97.95177459716797
-104.61209869384766
-104.64273834228516
-98.04457092285156
-103.79792785644531
-106.34780883789062
-100.6458740234375
-98.6062240600586
-108.89884185791016
-107.48868560791016
-105.56879425048828
-101.25398254394531
-102.71599578857422
-107.99882507324219
-105.17205810546875
-104.14509582519531
-100.85260009765625
-104.04893493652344
-100.01077270507812
-102.31157684326172
-104.5787353515625
-104.75260925292969
-98.63737487792969
-110.69294738769531
-100.38245391845703
-101.66067504882812
-96.5955581665039
-101.28416442871094
-99.08187103271484
-102.3447494506836
-104.31836700439453
-93.2265625
-105.7138671875
-107.21366119384766
-104.23737335205078
-101.71725463867188
-114.6206283569336
-111.19174194335938
-99.51079559326172
-99.47148895263672
-110.70413208007812
-105.76039123535156
-98.1799087524414
-105.52777862548828
-100.477783203125
-103.80582427978516
-99.739013671875
-103.14673614501953
-108.12551879882812
-106.10124969482422
-98.677001953125
-100.96568298339844
-106.54084014892578
-98.28057098388672
-93.31910705566406
-99.63518524169922
-101.91304016113281
-103.09646606445312
-101.22119140625
-103.26890563964844
-109.25240325927734
-104.85375213623047
-101.82710266113281
-104.88883209228516
-102.23033905029297
-104.950439453125
-104.17765045166016
-110.68603515625
-99.07758331298828
-101.91632843017578
-103.6015396118164
-106.92053985595703
-102.53781127929688
-103.56098937988281
-101.66064453125
-103.99632263183594
-107.88330841064453
-99.19020080566406
-101.0138931274414
-105.24230194091797
-99.38672637939453
-106.384765625
-103.36515808105469
-108.39300537109375
-104.07106018066406
-103.78715515136719
-107.1805648803711
-106.54762268066406
-107.19232940673828
-102.30146789550781
-106.8619384765625
-100.7611083984375
-98.80660247802734
-101.1113052368164
-107.63969421386719
-110.93141174316406
-105.49685668945312
-95.2643814086914
-103.72966766357422
-107.75951385498047
-107.42842102050781
-107.34373474121094
-105.8081283569336
-99.7795181274414
-107.46542358398438
-105.04766082763672
-104.16000366210938
-104.31416320800781
-103.00065612792969
-101.9870834350586
-101.47262573242188
-99.36579895019531
-104.37248992919922
-108.25247955322266
-108.77642059326172
-106.19473266601562
-104.08065795898438
-100.2733154296875
-99.962890625
-108.30708312988281
-100.45304870605469
-108.38420867919922
-103.5792236328125
-105.6468734741211
-96.2768325805664
-101.48331451416016
-104.58175659179688
-102.85425567626953
-101.65390014648438
-106.4147720336914
-101.16254425048828
-104.55738830566406
-100.59622955322266
-101.48235321044922
-103.45838928222656
-104.50560760498047
-110.6927261352539
-106.78325653076172
-102.69252014160156
-103.30696868896484
-99.01221466064453
-108.7589111328125
-96.6627426147461
-111.7881851196289
-102.73638916015625
-108.2083740234375
-102.31748962402344
-99.64213562011719
-100.39542388916016
-104.59027862548828
-105.44694519042969
-108.99243927001953
-106.60821533203125
-105.56327819824219
-98.44711303710938
-109.66742706298828
-102.82861328125
-108.1090087890625
-109.2449722290039
-108.98677062988281
-105.52957153320312
-110.58525085449219
-102.1671142578125
-108.44816589355469
-100.91159057617188
-103.19037628173828
-106.53262329101562
-106.53038787841797
-108.01002502441406
-107.74226379394531
-105.69220733642578
-103.28789520263672
-107.26945495605469
-104.98214721679688
-103.66145324707031
-110.72537231445312
-99.71310424804688
-107.21039581298828
-102.07881164550781
-98.31582641601562
-106.51102447509766
-104.82318878173828
-103.16316986083984
-102.51010131835938
-106.28509521484375
-104.06523895263672
-106.90723419189453
-109.68950653076172
-95.78384399414062
-104.95990753173828
-99.97859191894531
-107.42002868652344
-101.38565063476562
-100.78347778320312
-105.10770416259766
-104.8299560546875
-106.16295623779297
-106.71017456054688
-103.7100830078125
-104.8502426147461
-104.95057678222656
-102.8588638305664
