-119.33271789550781
-131.45437622070312
-120.77104949951172
-127.75201416015625
-127.68038940429688
-122.6028823852539
-122.1080322265625
-113.0249252319336
-125.86942291259766
-116.58103942871094
-125.06108093261719
-121.59906768798828
-125.2187271118164
-123.14968872070312
-120.80073547363281
-116.1001205444336
-118.1044921875
-124.97529602050781
-122.1988525390625
-114.29331970214844
-121.12940216064453
-123.00343322753906
-121.6820068359375
-121.97686004638672
-127.10430908203125
-128.89590454101562
-116.04190063476562
-128.7419891357422
-116.82548522949219
-116.12455749511719
-126.39045715332031
-130.54849243164062
-128.14398193359375
-130.0666046142578
-124.6795654296875
-119.76388549804688
-117.28871154785156
-119.22808837890625
-121.5712890625
-120.82078552246094
-114.2014389038086
-114.54906463623047
-127.02264404296875
-120.31749725341797
-119.06311798095703
-126.94330596923828
-121.07782745361328
-121.21490478515625
-121.96043395996094
-119.23184204101562
-115.1729507446289
-119.4794921875
-118.67332458496094
-131.51243591308594
-128.21365356445312
-122.42793273925781
-124.04318237304688
-112.08003997802734
-112.74897766113281
-128.70489501953125
-121.90137481689453
-124.0067367553711
-118.479736328125
-122.43006134033203
-124.12422180175781
-115.86017608642578
-122.8443603515625
-122.68496704101562
-120.53845977783203
-114.32296752929688
-117.32061004638672
-113.42076110839844
-118.16145324707031
-128.79208374023438
-122.14363098144531
-124.08082580566406
-117.8264389038086
-121.94552612304688
-117.31495666503906
-124.64466857910156
-116.4442367553711
-121.89444732666016
-111.11054992675781
-118.51111602783203
-125.34381866455078
-119.81442260742188
-121.52825164794922
-112.92839813232422
-120.15837860107422
-114.20967864990234
-117.69776916503906
-122.29962921142578
-117.78913116455078
-122.75352478027344
-126.74183654785156
-118.80769348144531
-121.84754943847656
-119.38025665283203
-117.9593505859375
-121.40177917480469
-121.8997802734375
-111.19193267822266
-127.02559661865234
-122.56201171875
-118.76756286621094
-127.08090209960938
-123.5628433227539
-115.1401596069336
-121.34077453613281
-112.60430908203125
-121.07511138916016
-107.9447250366211
-122.50110626220703
-114.68731689453125
-117.66020202636719
-117.04011535644531
-122.53775024414062
-119.51764678955078
-116.4017105102539
-115.79898071289062
-128.25390625
-118.00989532470703
-120.75469207763672
-117.67938232421875
-110.39132690429688
-124.06050109863281
-117.82844543457031
-112.9572982788086
-120.34891510009766
-118.25447845458984
-113.53539276123047
-123.78974151611328
-112.87381744384766
-121.0406494140625
-112.90306854248047
-118.81137084960938
-118.34812927246094
-123.00489044189453
-118.54869842529297
-119.5206298828125
-122.11723327636719
-122.91474914550781
-117.6016616821289
-118.7768783569336
-121.00144958496094
-119.14031982421875
-118.85092163085938
-119.45850372314453
-124.27879333496094
-124.18525695800781
-127.68855285644531
-114.46585845947266
-123.26998138427734
-122.51052856445312
-125.40205383300781
-128.04579162597656
-128.9050750732422
-119.912109375
-123.45177459716797
-114.94924926757812
-118.23728942871094
-118.62225341796875
-122.30999755859375
-117.60166931152344
-113.69982147216797
-118.6432113647461
-121.59791564941406
-123.96823120117188
-126.38578033447266
-119.215087890625
-121.20979309082031
-109.9822998046875
-124.28963470458984
-118.11709594726562
-111.7291030883789
-119.06446075439453
-115.52021026611328
-116.93063354492188
-121.64237976074219
-113.76768493652344
-120.0818862915039
-123.86222839355469
-120.97570037841797
-116.31565856933594
-111.55162048339844
-120.70726013183594
-114.22517395019531
-121.33375549316406
-120.16770935058594
-122.74835968017578
-125.37430572509766
-116.35722351074219
-114.48007202148438
-121.04127502441406
-114.12830352783203
-120.0909423828125
-117.67627716064453
-122.51215362548828
-113.7990951538086
-120.4840087890625
-115.73530578613281
-117.28461456298828
-120.2981948852539
-112.06996154785156
-118.96680450439453
-120.2991943359375
-123.85114288330078
-115.8019027709961
-111.28608703613281
-122.05399322509766
-116.80408477783203
-117.7269515991211
-117.5826644897461
-125.50144958496094
-120.44532012939453
-118.8058853149414
-121.96316528320312
-118.0475845336914
-122.21253967285156
-116.94766998291016
-112.58536529541016
-127.98504638671875
-114.69961547851562
-124.53640747070312
-119.46041870117188
-121.47612762451172
-120.16266632080078
-121.21599578857422
-122.77719116210938
-119.07965087890625
-127.39899444580078
-128.2061309814453
-121.23462677001953
-120.71470642089844
-120.88947296142578
-113.39192962646484
-122.52677154541016
-120.39263916015625
-124.41559600830078
-117.55390167236328
-122.84727478027344
-118.86115264892578
-119.89015197753906
-120.15956115722656
-117.5295181274414
-117.74019622802734
-121.57672119140625
-121.03055572509766
-117.0224380493164
-113.84264373779297
-121.91083526611328
-120.056396484375
-116.40758514404297
-109.15388488769531
-117.4204330444336
-120.45240783691406
-119.97480773925781
-130.5015106201172
-116.78507232666016
-121.48902130126953
-124.72776794433594
-118.59451293945312
-119.85457611083984
-114.22998046875
-114.1469955444336
-117.27723693847656
-120.76539611816406
-111.58596801757812
-113.10284423828125
-119.6324691772461
-117.7926025390625
-118.63065338134766
-117.08050537109375
-120.49288177490234
-112.74494934082031
-118.23423767089844
-119.85418701171875
-111.44410705566406
-119.0465316772461
-121.63313293457031
-112.62637329101562
-117.20104217529297
-120.0143814086914
-116.02471160888672
-110.61579895019531
-120.34284973144531
-117.632080078125
-121.96382904052734
-120.95089721679688
-119.54106903076172
-119.70833587646484
-111.91195678710938
-117.76521301269531
-119.76500701904297
-118.86434936523438
-118.2711181640625
-116.08206176757812
-123.44834899902344
-116.57624816894531
-114.19465637207031
-114.49496459960938
-117.03772735595703
-122.43177795410156
-119.31417846679688
-122.29088592529297
-115.3153305053711
-115.16506958007812
-120.77984619140625
-121.15139770507812
-122.24562072753906
-120.99242401123047
-115.54755401611328
-117.03609466552734
-119.2796630859375
-111.43948364257812
-117.51148223876953
-115.04389190673828
-123.15411376953125
-116.0224380493164
-116.83123779296875
-119.71066284179688
-124.07455444335938
-112.28948211669922
-110.92817687988281
-115.40995788574219
-122.90363311767578
-124.14482116699219
-113.01506805419922
-124.01798248291016
-119.51801300048828
-120.80449676513672
-116.68999481201172
-115.8943862915039
-119.24552154541016
-125.80005645751953
-123.73824310302734
-117.69222259521484
-118.81379699707031
-114.82977294921875
-124.46111297607422
-124.96778106689453
-119.94803619384766
-123.28431701660156
-119.7496566772461
-122.33370971679688
-112.38614654541016
-112.89379119873047
-114.7309341430664
-116.9207763671875
-126.47644805908203
-120.57933044433594
-124.33783721923828
-121.43435668945312
-121.51947784423828
-114.42636108398438
-121.20293426513672
-119.71363830566406
-123.33988952636719
-125.82768249511719
-122.99075317382812
-118.2520523071289
-120.75592803955078
-117.89661407470703
-125.06253814697266
-118.02723693847656
-116.83787536621094
-117.69414520263672
-115.61106872558594
-121.04109954833984
-118.08206939697266
-118.03022003173828
-117.52981567382812
-111.93955993652344
-125.10387420654297
-120.67864990234375
-121.03040313720703
-115.06166076660156
-115.15666961669922
-110.61353302001953
-114.12313079833984
-120.49671936035156
-112.29939270019531
-115.25889587402344
-112.64498138427734
-121.52891540527344
-116.42726135253906
-116.34963989257812
-119.42507934570312
-122.3463134765625
-113.95027923583984
-113.28211212158203
-113.66116333007812
-119.4189682006836
-117.77046966552734
-117.80936431884766
-113.4338607788086
-109.19245147705078
-126.45275115966797
-112.96096801757812
-116.48723602294922
-118.0422592163086
-112.90370178222656
-117.98705291748047
-111.67066192626953
-112.02020263671875
-126.16645050048828
-109.40996551513672
-115.19824981689453
-118.49732971191406
-118.30924224853516
-126.97057342529297
-120.09504699707031
-119.50416564941406
-110.79637145996094
-111.3949966430664
-112.09562683105469
-126.03736114501953
-114.7518310546875
-113.82011413574219
-118.35408020019531
-119.15380096435547
-112.39378356933594
-115.76946258544922
-123.05091094970703
-112.66922760009766
-114.95507049560547
-118.14063262939453
-112.65604400634766
-110.44100952148438
-121.28176879882812
-112.67958068847656
-123.55689239501953
-111.49409484863281
-115.31327056884766
-111.54741668701172
-119.67926788330078
-116.52557373046875
-116.37466430664062
-117.53717803955078
-115.28356170654297
-119.9761962890625
-114.5494613647461
-121.34142303466797
-106.55989837646484
-117.92779541015625
-112.55419158935547
-118.59310913085938
-112.81378173828125
-111.33104705810547
-118.25513458251953
-113.20813751220703
-121.62738800048828
-115.42611694335938
-115.3316879272461
-123.55547332763672
-116.8375473022461
-120.28211975097656
-119.15544891357422
-123.28115844726562
-112.08769226074219
-117.48326110839844
-113.35971069335938
-124.1036148071289
-106.221435546875
-116.1623306274414
-123.05088806152344
-123.73516845703125
-121.6274642944336
-111.11675262451172
-107.09294128417969
-119.54639434814453
-114.339111328125
-115.16429138183594
-116.58771514892578
-112.14266204833984
-116.09092712402344
-113.380126953125
-123.7452392578125
-111.59809875488281
-114.71955871582031
-106.61666107177734
-114.95542907714844
-116.5551986694336
-109.34708404541016
-120.52716064453125
-112.26871490478516
-116.3148193359375
-111.62367248535156
-119.97058868408203
-118.5531234741211
-114.50939178466797
-113.08966064453125
-113.69396209716797
-121.2256851196289
-114.42477416992188
-118.57633209228516
-110.38866424560547
-116.18833923339844
-112.28114318847656
-113.05274963378906
-115.61388397216797
-114.7907943725586
-112.44551849365234
-111.7419662475586
-118.64411163330078
-114.79351043701172
-119.15625
-110.77357482910156
-117.19770050048828
-118.1189956665039
-116.27217102050781
-120.16114044189453
-121.94522094726562
-110.94939422607422
-112.11640930175781
-111.96553039550781
-110.9901351928711
-110.78677368164062
-122.4349365234375
-113.23649597167969
-114.38814544677734
-112.12590789794922
-115.67645263671875
-117.92463684082031
-113.62162017822266
-116.93482208251953
-113.23573303222656
-123.49272155761719
-110.60769653320312
-113.13774108886719
-116.08537292480469
-115.52005767822266
-116.87770080566406
-125.39118194580078
-123.57736206054688
-111.85910034179688
-114.53501892089844
-115.25469970703125
-114.22932434082031
-115.24237060546875
-121.49398040771484
-115.9327621459961
-109.1785888671875
-119.97221374511719
-121.36128997802734
-111.53500366210938
-117.32025146484375
-111.59369659423828
-123.43635559082031
-120.30786895751953
-117.87623596191406
-114.12983703613281
-113.62213897705078
-115.1217269897461
-117.69351959228516
-117.32302856445312
-116.3987045288086
-115.6861572265625
-121.44524383544922
-115.34144592285156
-119.3304672241211
-118.23392486572266
-112.89899444580078
-116.23882293701172
-124.16459655761719
-122.74710083007812
-120.6641616821289
-111.77328491210938
-114.24150085449219
-121.38922882080078
-112.92301940917969
-111.22888946533203
-111.50653839111328
-121.29300689697266
-107.14469146728516
-119.00313568115234
-110.22444915771484
-127.30447387695312
-122.62655639648438
-116.96363830566406
-118.9117202758789
-120.58776092529297
-117.56307983398438
-114.60700988769531
-116.19768524169922
-118.59925842285156
-113.65294647216797
-107.27849578857422
-114.92974090576172
-109.55292510986328
-115.62425994873047
-115.65636444091797
-112.55221557617188
-117.40735626220703
-114.3987808227539
-115.16046142578125
-109.41802215576172
-109.50218963623047
-122.30622863769531
-121.56028747558594
-113.6948471069336
-114.54088592529297
-116.94461059570312
-118.0324478149414
-112.6247787475586
-113.32989501953125
-113.01687622070312
-109.1734619140625
-117.76842498779297
-116.26590728759766
-110.85536193847656
-115.19483947753906
-114.40972900390625
-123.32475280761719
-118.93904113769531
-116.96543884277344
-112.77531433105469
-114.05594635009766
-112.71106719970703
-112.92149353027344
-116.35327911376953
-109.31817626953125
-111.00721740722656
-112.97955322265625
-110.49586486816406
-116.05403137207031
-117.86920928955078
-117.00591278076172
-115.84829711914062
-119.7767562866211
-117.38538360595703
-115.49310302734375
-122.70853424072266
-113.88086700439453
-110.72486877441406
-116.17060852050781
-119.27059936523438
-116.23888397216797
-111.91970825195312
-122.12474822998047
-119.2999496459961
-120.71942901611328
-122.34468078613281
-115.67970275878906
-114.41554260253906
-107.63916015625
-112.73551940917969
-112.56871032714844
-112.28968811035156
-114.23818969726562
-117.59613037109375
-124.88716125488281
-116.44364929199219
-122.21328735351562
-121.48855590820312
-118.54401397705078
-111.93207550048828
-118.00247955322266
-111.0950698852539
-112.0001220703125
-120.38229370117188
-107.27642059326172
-121.52986907958984
-112.69902038574219
-108.92679595947266
-114.93421173095703
-121.50929260253906
-112.01205444335938
-115.92481231689453
-120.72962951660156
-118.37582397460938
-118.40996551513672
-112.6771240234375
-111.67678833007812
-117.1934585571289
-109.63358306884766
-111.962158203125
-119.90668487548828
-118.13671875
-119.0117416381836
-117.72920227050781
-115.33605194091797
-111.44120025634766
-117.66911315917969
-120.60801696777344
-112.16879272460938
-111.8992691040039
-112.8682632446289
-115.27081298828125
-116.42694854736328
-112.18362426757812
-117.705810546875
-103.98644256591797
-112.53529357910156
-114.97464752197266
-117.2310791015625
-116.63725280761719
-111.42332458496094
-115.26764678955078
-114.60466003417969
-113.12174224853516
-112.0433349609375
-122.89356994628906
-116.76036834716797
-115.0549087524414
-118.17903900146484
-114.6822738647461
-116.78936004638672
-114.96562957763672
-117.21430206298828
-111.47030639648438
-115.91826629638672
-117.69689178466797
-110.97221374511719
-113.59071350097656
-113.05970001220703
-112.19080352783203
-112.4526596069336
-114.84829711914062
-116.72417449951172
-123.65021514892578
-113.14925384521484
-114.79763793945312
-118.52537536621094
-116.07353973388672
-118.55683898925781
-111.14903259277344
-114.11222076416016
-120.04368591308594
-106.7848129272461
-112.595458984375
-123.08647918701172
-113.76463317871094
-115.13958740234375
-118.48379516601562
-119.40248107910156
-109.15010833740234
-114.90968322753906
-115.14375305175781
-107.52330780029297
-115.35157012939453
-117.36611938476562
-113.16398620605469
-109.46505737304688
-119.53730773925781
-117.21395874023438
-116.75706481933594
-110.72734832763672
-111.69095611572266
-119.10433197021484
-115.95386505126953
-113.6974868774414
-113.24252319335938
-115.5721206665039
-109.81647491455078
-115.45753479003906
-117.94047546386719
-118.57140350341797
-112.45849609375
-123.40386199951172
-110.91996002197266
-113.38941192626953
-108.00878143310547
-112.80963897705078
-108.02853393554688
-113.08499908447266
-114.50700378417969
-102.22943115234375
-116.60548400878906
-117.39411163330078
-114.09696197509766
-111.7741928100586
-122.01547241210938
-124.02233123779297
-111.19926452636719
-107.99887084960938
-121.14894104003906
-117.23001098632812
-111.02899932861328
-115.31259155273438
-110.9466552734375
-114.50132751464844
-108.82331848144531
-114.43718719482422
-118.41712951660156
-115.97044372558594
-109.87368774414062
-111.90070343017578
-117.88192749023438
-108.53571319580078
-102.12395477294922
-111.32965850830078
-111.33179473876953
-114.95712280273438
-110.47189331054688
-114.4552001953125
-120.77456665039062
-114.87985229492188
-112.90177917480469
-117.05513000488281
-114.01492309570312
-118.00691223144531
-114.43875885009766
-121.03519439697266
-108.19023132324219
-112.70475006103516
-114.3681411743164
-119.9714126586914
-112.01280975341797
-114.95574951171875
-111.02137756347656
-112.31820678710938
-118.40026092529297
-110.2391586303711
-112.47020721435547
-116.72156524658203
-110.36902618408203
-117.048583984375
-113.05995178222656
-120.40779876708984
-115.26399230957031
-115.28046417236328
-116.65150451660156
-115.63575744628906
-116.43866729736328
-113.14446258544922
-116.98285675048828
-110.58760833740234
-110.14427185058594
-110.82013702392578
-119.99982452392578
-122.8579330444336
-115.86275482177734
-106.09864807128906
-114.62129211425781
-118.84724426269531
-118.22817993164062
-116.31523132324219
-114.76475524902344
-107.85003662109375
-117.10723114013672
-114.72747802734375
-114.46961975097656
-114.81718444824219
-114.77814483642578
-110.88343048095703
-112.57830047607422
-108.85943603515625
-114.39682006835938
-120.52894592285156
-118.75688934326172
-114.55084991455078
-115.38452911376953
-112.01343536376953
-112.04612731933594
-117.88421630859375
-111.0087661743164
-118.10755920410156
-112.96509552001953
-114.49159240722656
-106.53526306152344
-111.39787292480469
-116.17250061035156
-112.6905517578125
-111.53262329101562
-115.86167907714844
-111.96212005615234
-115.94418334960938
-109.47991943359375
-113.3958740234375
-113.72615814208984
-115.50524139404297
-121.39031219482422
-118.39517974853516
-113.39409637451172
-113.43104553222656
-108.49617767333984
-120.60618591308594
-107.5475082397461
-122.42970275878906
-113.16670989990234
-119.02558135986328
-113.53852081298828
-109.99185943603516
-111.24794006347656
-113.4087142944336
-114.05024719238281
-119.92664337158203
-117.40188598632812
-115.0993423461914
-110.9173812866211
-119.20510864257812
-113.98865509033203
-118.26406860351562
-119.03575897216797
-118.0289535522461
-116.36687469482422
-120.0907211303711
-112.79463195800781
-119.06565856933594
-110.66116333007812
-112.91645812988281
-116.42835235595703
-118.59556579589844
-116.09930419921875
-116.33698272705078
-117.2550048828125
-112.67601013183594
-117.58146667480469
-115.72667694091797
-113.48870849609375
-117.95275115966797
-109.197021484375
-118.51598358154297
-113.53080749511719
-107.69258117675781
-116.04454040527344
-116.06169891357422
-113.68636322021484
-113.98152160644531
-117.3785171508789
-115.64460754394531
-116.09686279296875
-121.99726104736328
-105.38390350341797
-115.20037841796875
-106.93924713134766
-119.48931884765625
-111.44654083251953
-111.1141357421875
-117.26556396484375
-115.1844253540039
-117.73223876953125
-116.0678939819336
-112.3759994506836
-115.52384948730469
-117.35581970214844
-115.92823028564453
