-102.10498046875
-114.34739685058594
-105.59977722167969
-110.5928726196289
-110.80908203125
-109.44208526611328
-103.01789093017578
-97.72047424316406
-108.31450653076172
-102.70304870605469
-109.27604675292969
-105.13671875
-109.46240234375
-106.44854736328125
-105.91036987304688
-101.37984466552734
-101.71615600585938
-109.84471130371094
-106.78573608398438
-100.02047729492188
-106.40764617919922
-105.19586181640625
-105.21897888183594
-108.23651885986328
-109.93760681152344
-114.9856185913086
-101.82172393798828
-110.69627380371094
-100.13771057128906
-102.93179321289062
-110.59551239013672
-114.880615234375
-108.88973236083984
-113.50732421875
-109.96453094482422
-104.6351318359375
-102.45861053466797
-105.72633361816406
-106.96463012695312
-105.44874572753906
-99.1549072265625
-99.89812469482422
-109.53168487548828
-104.25077056884766
-103.4634017944336
-109.21017456054688
-108.14697265625
-108.52383422851562
-106.26334381103516
-104.31883239746094
-103.85894012451172
-106.18804931640625
-105.21966552734375
-116.67760467529297
-110.30485534667969
-105.87545013427734
-107.75808715820312
-98.75474548339844
-97.32569885253906
-112.44609069824219
-107.35305786132812
-108.01305389404297
-104.19107055664062
-105.6820068359375
-109.069580078125
-100.59314727783203
-106.55401611328125
-106.58058166503906
-106.57201385498047
-100.888916015625
-106.19335174560547
-101.82267761230469
-103.12040710449219
-111.72638702392578
-108.21843719482422
-108.36851501464844
-103.30440521240234
-108.02703857421875
-104.90862274169922
-110.27241516113281
-104.09188842773438
-107.02583312988281
-96.62398529052734
-102.49409484863281
-110.83964538574219
-105.0691909790039
-105.82284545898438
-101.2765121459961
-106.78582000732422
-99.91849517822266
-103.78193664550781
-107.19802856445312
-105.90630340576172
-108.01602935791016
-111.958251953125
-106.26563262939453
-106.56884002685547
-105.82417297363281
-103.80916595458984
-109.89268493652344
-106.91647338867188
-96.635986328125
-112.43746948242188
-107.02648162841797
-104.23997497558594
-113.3782730102539
-109.48026275634766
-100.2754135131836
-106.08216857910156
-102.02628326416016
-107.0013427734375
-96.63782501220703
-105.7795181274414
-99.84618377685547
-107.70629119873047
-102.89370727539062
-107.1695327758789
-106.43891143798828
-103.62346649169922
-101.56550598144531
-112.24781036376953
-105.07390594482422
-105.27855682373047
-102.71141052246094
-97.27854919433594
-109.33407592773438
-105.08757019042969
-98.6470718383789
-105.87583923339844
-104.71133422851562
-99.47844696044922
-107.55372619628906
-100.0538330078125
-106.74427032470703
-100.91036987304688
-101.64641571044922
-105.21390533447266
-108.31079864501953
-104.49127960205078
-104.16788482666016
-108.29624938964844
-106.85250091552734
-104.23442077636719
-103.06922912597656
-105.88179016113281
-104.48370361328125
-104.28253173828125
-104.46426391601562
-106.9664306640625
-107.65583038330078
-111.0284423828125
-99.93250274658203
-108.21923065185547
-109.02070617675781
-111.21510314941406
-112.9966812133789
-114.51295471191406
-106.79640197753906
-109.09707641601562
-102.82307434082031
-106.15727233886719
-106.44389343261719
-108.8387451171875
-104.80806732177734
-101.18951416015625
-101.77164459228516
-109.1975326538086
-112.827392578125
-111.79476928710938
-104.93360900878906
-106.78768920898438
-96.21757507324219
-108.5893325805664
-104.06986999511719
-101.4024429321289
-102.68910217285156
-102.68608856201172
-105.599365234375
-108.10400390625
-101.7356185913086
-107.40554809570312
-111.17656707763672
-106.07949829101562
-103.61405944824219
-100.8741455078125
-105.66907501220703
-100.5831527709961
-106.00225067138672
-107.33200073242188
-109.04241943359375
-109.4900131225586
-101.50792694091797
-101.66596221923828
-106.68211364746094
-103.15222930908203
-103.16036224365234
-103.35665893554688
-108.33971405029297
-101.81153106689453
-105.97911071777344
-103.61534118652344
-105.82001495361328
-106.28227233886719
-99.54268646240234
-105.76504516601562
-107.0763931274414
-113.06498718261719
-101.0260238647461
-98.60701751708984
-108.14846801757812
-103.46724700927734
-104.93631744384766
-102.87809753417969
-113.88045501708984
-105.92241668701172
-107.50218200683594
-109.1402359008789
-103.85053253173828
-108.17000579833984
-105.0948257446289
-101.467529296875
-112.57271575927734
-101.95005798339844
-110.51210021972656
-106.70890045166016
-109.87504577636719
-107.52175903320312
-107.12249755859375
-108.74327087402344
-108.75131225585938
-113.21451568603516
-117.72233581542969
-108.70257568359375
-107.37184143066406
-108.61315155029297
-99.16584777832031
-109.29946899414062
-107.52479553222656
-110.43627166748047
-103.61088562011719
-109.99827575683594
-106.91700744628906
-107.06939697265625
-107.31259155273438
-104.95480346679688
-106.91413879394531
-106.7771224975586
-108.93389892578125
-103.60195922851562
-102.7649917602539
-108.97499084472656
-107.15397644042969
-103.39990234375
-96.19145965576172
-104.33798217773438
-106.44808959960938
-106.15463256835938
-117.02434539794922
-103.79036712646484
-109.05048370361328
-110.71524047851562
-105.41851806640625
-106.77670288085938
-102.2604751586914
-101.65902709960938
-105.16871643066406
-107.31019592285156
-99.25115203857422
-100.50330352783203
-106.21623229980469
-106.41524505615234
-104.90921020507812
-104.9000244140625
-109.13340759277344
-101.6274185180664
-105.84345245361328
-106.84601593017578
-101.68651580810547
-104.94029998779297
-108.45521545410156
-99.26605224609375
-104.08936309814453
-106.12886047363281
-102.92896270751953
-100.24658203125
-107.66535949707031
-104.0084457397461
-109.41719055175781
-110.95894622802734
-107.1162338256836
-105.926513671875
-100.9731216430664
-104.92613220214844
-108.17692565917969
-106.17232513427734
-107.47262573242188
-103.97486877441406
-111.5657730102539
-105.27775573730469
-104.32801818847656
-103.82412719726562
-104.34944152832031
-109.8122329711914
-106.79934692382812
-110.24400329589844
-104.31603240966797
-102.24361419677734
-109.95657348632812
-107.10436248779297
-110.12628173828125
-106.47786712646484
-104.8163833618164
-103.93765258789062
-106.2743148803711
-99.64813995361328
-105.46292114257812
-102.20215606689453
-108.8162841796875
-104.64656829833984
-105.28350830078125
-108.1609115600586
-111.46109771728516
-101.88883972167969
-99.9380111694336
-102.91889190673828
-109.65361022949219
-111.44679260253906
-101.77643585205078
-110.14539337158203
-108.33099365234375
-109.26073455810547
-104.33049774169922
-103.16200256347656
-105.39558410644531
-112.9658203125
-110.51647186279297
-104.04788970947266
-107.9608154296875
-102.20867919921875
-112.19978332519531
-110.15508270263672
-107.89132690429688
-110.01058959960938
-108.2874755859375
-111.67764282226562
-100.58168029785156
-99.74627685546875
-104.61460876464844
-104.20228576660156
-114.6555404663086
-105.85244750976562
-109.84197235107422
-108.73272705078125
-110.36521911621094
-101.88027954101562
-108.07386016845703
-108.03189849853516
-110.00935363769531
-113.0605697631836
-109.88943481445312
-106.22587585449219
-109.03363800048828
-106.61627197265625
-111.76201629638672
-106.39163970947266
-105.95268249511719
-104.58170318603516
-103.96119689941406
-108.93961334228516
-107.91767883300781
-105.12228393554688
-104.35127258300781
-99.87876892089844
-111.75502014160156
-107.75244140625
-109.24267578125
-104.1082992553711
-104.0375747680664
-99.82042694091797
-100.59346008300781
-106.80033111572266
-100.63113403320312
-103.07792663574219
-101.66355895996094
-110.40111541748047
-105.52635955810547
-103.42062377929688
-107.1243667602539
-110.99539947509766
-103.16352844238281
-102.03203582763672
-103.77345275878906
-105.19979858398438
-104.25341796875
-105.86176300048828
-102.81060028076172
-99.4952392578125
-113.20687103271484
-102.12776947021484
-104.86058044433594
-105.04586791992188
-103.13501739501953
-105.33639526367188
-103.09497833251953
-102.02220153808594
-114.18714904785156
-97.48966217041016
-105.11844635009766
-106.61849212646484
-106.96258544921875
-115.88948822021484
-108.1997299194336
-107.43733215332031
-100.8121337890625
-101.42378234863281
-101.43644714355469
-112.73867797851562
-105.26712036132812
-102.90772247314453
-108.62675476074219
-107.97137451171875
-101.77862548828125
-103.98694610595703
-112.12741088867188
-101.09264373779297
-104.88661193847656
-105.96109771728516
-103.48148345947266
-100.54847717285156
-109.50831604003906
-101.46488189697266
-109.7994384765625
-100.48854064941406
-103.80663299560547
-100.67754364013672
-108.12801361083984
-106.19800567626953
-106.33331298828125
-105.65989685058594
-102.22994995117188
-106.55419921875
-103.80625915527344
-109.49909210205078
-95.61260223388672
-104.17262268066406
-101.45072937011719
-106.67511749267578
-101.4023666381836
-101.85487365722656
-107.62059783935547
-100.89507293701172
-111.32353210449219
-102.7559585571289
-103.81397247314453
-111.61813354492188
-105.67891693115234
-109.41788482666016
-109.72286987304688
-110.65660095214844
-100.74198913574219
-107.05103302001953
-101.76322174072266
-112.22763061523438
-96.59705352783203
-104.1100845336914
-110.77899932861328
-112.28082275390625
-109.59600067138672
-100.1354751586914
-97.72332000732422
-108.8544692993164
-103.0832290649414
-104.7063217163086
-106.5605239868164
-102.0565414428711
-103.727294921875
-102.34750366210938
-112.27177429199219
-102.20909881591797
-102.4336166381836
-96.18121337890625
-104.2969741821289
-104.48454284667969
-98.8096694946289
-107.61414337158203
-102.94344329833984
-103.68035888671875
-100.14048767089844
-110.01876068115234
-107.7775650024414
-102.54586029052734
-101.76354217529297
-103.21359252929688
-109.27667999267578
-105.897216796875
-108.85713958740234
-100.8292236328125
-106.25007629394531
-99.28009033203125
-103.36408996582031
-105.59856414794922
-104.9144515991211
-102.57037353515625
-101.77874755859375
-107.09624481201172
-104.60629272460938
-108.8766860961914
-101.96060943603516
-105.01042938232422
-106.79588317871094
-106.20841217041016
-108.54034423828125
-113.11074829101562
-102.1142807006836
-101.80432891845703
-99.95158386230469
-100.53459167480469
-100.29428100585938
-111.44325256347656
-102.31664276123047
-103.2276611328125
-102.84944915771484
-107.20081329345703
-108.10484313964844
-101.98919677734375
-106.92166137695312
-102.69636535644531
-110.88705444335938
-99.67853546142578
-102.68206024169922
-106.009033203125
-106.0319595336914
-106.47119140625
-111.4503402709961
-113.00757598876953
-102.17420196533203
-102.97501373291016
-104.57969665527344
-102.92500305175781
-105.43515014648438
-111.03282928466797
-103.47986602783203
-98.61661529541016
-107.92431640625
-110.73001861572266
-100.30760955810547
-105.56822204589844
-101.0406494140625
-112.31956481933594
-109.63592529296875
-108.2524642944336
-103.47762298583984
-104.86448669433594
-104.7591323852539
-107.22622680664062
-106.93317413330078
-107.63593292236328
-107.63468933105469
-112.50511932373047
-104.24075317382812
-107.95257568359375
-106.20244598388672
-103.47037506103516
-106.12673950195312
-109.88831329345703
-110.85774230957031
-111.18710327148438
-103.72193908691406
-103.2165298461914
-111.76951599121094
-103.57743835449219
-101.4599380493164
-102.51749420166016
-110.41388702392578
-98.63443756103516
-108.71448516845703
-101.21504211425781
-115.73039245605469
-111.93439483642578
-106.47293853759766
-108.71259307861328
-111.16461181640625
-106.82157135009766
-104.79669189453125
-106.90554809570312
-107.33409118652344
-104.91049194335938
-99.55201721191406
-104.48301696777344
-98.50617980957031
-104.24842834472656
-103.21444702148438
-102.09375
-106.69246673583984
-103.677001953125
-105.85194396972656
-100.36219787597656
-101.0201416015625
-113.33267211914062
-110.27484893798828
-104.16771697998047
-103.44197082519531
-107.51007843017578
-106.73726654052734
-101.72467803955078
-102.54288482666016
-105.37545776367188
-101.59090423583984
-108.10926818847656
-104.68790435791016
-102.84098815917969
-107.57878112792969
-103.38739776611328
-113.2541275024414
-108.27511596679688
-107.21482849121094
-104.44145202636719
-104.87713623046875
-104.40634155273438
-102.7345199584961
-105.28101348876953
-101.47032928466797
-101.94029998779297
-103.19300842285156
-100.92550659179688
-105.7683334350586
-108.88056945800781
-105.02808380126953
-106.38995361328125
-111.15830993652344
-104.65475463867188
-104.3624038696289
-111.0610580444336
-104.75965118408203
-101.30725860595703
-106.02163696289062
-109.63070678710938
-104.968994140625
-101.37621307373047
-112.91434478759766
-109.57579803466797
-112.74019622802734
-111.77824401855469
-108.17414855957031
-102.1751708984375
-97.70372772216797
-104.78815460205078
-104.37059020996094
-101.23674774169922
-103.59776306152344
-106.8301773071289
-120.21893310546875
-108.35449981689453
-111.73069763183594
-110.64989471435547
-108.43865203857422
-101.5888900756836
-107.66079711914062
-101.91069030761719
-101.95172882080078
-111.05965423583984
-99.40470886230469
-106.6446304321289
-104.74393463134766
-100.74110412597656
-103.97455596923828
-110.5878677368164
-104.13910675048828
-103.88945007324219
-109.27149963378906
-108.49740600585938
-109.54792022705078
-103.19304656982422
-101.66820526123047
-109.90010833740234
-101.50691223144531
-102.32508087158203
-109.94762420654297
-107.31328582763672
-109.74659729003906
-109.22216796875
-106.74711608886719
-100.74015045166016
-108.2070541381836
-109.19120025634766
-105.18466186523438
-103.2632064819336
-103.70952606201172
-106.13513946533203
-105.66304016113281
-101.44752502441406
-109.6436996459961
-94.54399108886719
-103.80865478515625
-105.9751205444336
-106.75977325439453
-107.78914642333984
-102.45471954345703
-106.48431396484375
-104.57815551757812
-102.45536804199219
-104.99164581298828
-113.12735748291016
-109.48196411132812
-105.70209503173828
-105.79044342041016
-105.00684356689453
-107.92964935302734
-108.97139739990234
-106.99988555908203
-103.04130554199219
-105.2758560180664
-107.13140869140625
-100.86258697509766
-106.52812194824219
-105.15818786621094
-103.98692321777344
-103.36907196044922
-105.5147933959961
-109.13304138183594
-112.55196380615234
-104.57544708251953
-104.23360443115234
-108.3276138305664
-107.03105926513672
-108.99304962158203
-101.67694854736328
-104.56047058105469
-109.87499237060547
-98.85855102539062
-104.46089935302734
-111.875
-103.46553802490234
-107.23848724365234
-108.29409790039062
-109.78921508789062
-99.6684341430664
-105.05381774902344
-106.21434783935547
-101.14280700683594
-104.95018768310547
-107.03923034667969
-103.00430297851562
-101.24541473388672
-111.4765396118164
-108.68926239013672
-107.1002197265625
-104.00827026367188
-105.59439849853516
-110.2659683227539
-108.11448669433594
-103.89356994628906
-103.42427825927734
-106.43705749511719
-101.83255004882812
-104.14176940917969
-107.09812927246094
-105.8841552734375
-102.0474853515625
-112.84937286376953
-101.66156005859375
-104.30974578857422
-99.328369140625
-103.23802185058594
-99.81295776367188
-103.204833984375
-106.62415313720703
-95.60189056396484
-107.73939514160156
-107.28844451904297
-105.65686798095703
-103.60857391357422
-114.65003204345703
-113.22899627685547
-101.07125091552734
-100.47276306152344
-112.44308471679688
-106.97364044189453
-100.96394348144531
-106.75618743896484
-103.4109115600586
-106.44007110595703
-101.28436279296875
-104.87039947509766
-107.77459716796875
-107.82857513427734
-101.27490997314453
-103.17962646484375
-109.98330688476562
-100.06124114990234
-94.38034057617188
-101.71733093261719
-104.6973876953125
-104.69650268554688
-101.7632827758789
-104.4864730834961
-111.51615905761719
-107.12248229980469
-103.8275375366211
-105.52240753173828
-102.79265594482422
-106.242431640625
-105.79594421386719
-111.84776306152344
-100.55007934570312
-103.77862548828125
-103.90701293945312
-109.49512481689453
-104.00369262695312
-105.18741607666016
-102.49083709716797
-104.00179290771484
-108.95403289794922
-101.73483276367188
-102.9686050415039
-106.10694885253906
-101.66962432861328
-108.36264038085938
-104.66203308105469
-110.33380126953125
-104.42741394042969
-105.14270782470703
-106.8838882446289
-106.88740539550781
-106.87442779541016
-104.744384765625
-107.76422882080078
-100.85999298095703
-99.82647705078125
-101.99421691894531
-110.51361846923828
-113.37993621826172
-107.03529357910156
-98.50475311279297
-105.9636459350586
-110.87837982177734
-109.94080352783203
-108.22257232666016
-106.66088104248047
-100.809326171875
-108.66800689697266
-106.39983367919922
-104.95635986328125
-106.59331512451172
-104.4349365234375
-102.58683776855469
-103.67523193359375
-101.02501678466797
-106.37886047363281
-109.36936950683594
-109.04895782470703
-107.3621826171875
-106.03884887695312
-101.8407974243164
-100.84076690673828
-109.09403228759766
-101.35444641113281
-110.39899444580078
-105.2530746459961
-106.95275115966797
-96.91139221191406
-101.75759887695312
-107.45354461669922
-103.73571014404297
-102.97875213623047
-107.99285125732422
-102.4505844116211
-107.49758911132812
-102.37258911132812
-104.56591033935547
-106.19222259521484
-104.64308166503906
-111.86321258544922
-109.91790008544922
-104.85269927978516
-104.46823120117188
-100.38774108886719
-110.67916870117188
-98.71268463134766
-113.05018615722656
-102.8433837890625
-109.38526153564453
-104.01451110839844
-101.1931381225586
-102.24263000488281
-105.02322387695312
-106.39323425292969
-110.29240417480469
-108.46660614013672
-107.13675689697266
-101.39083099365234
-111.08781433105469
-103.26823425292969
-108.23346710205078
-109.48774719238281
-108.91029357910156
-106.80526733398438
-112.37696838378906
-102.53115844726562
-109.19602966308594
-103.8677749633789
-103.31915283203125
-107.14065551757812
-109.67739868164062
-108.90731048583984
-108.36996459960938
-109.58563232421875
-104.63717651367188
-108.8567886352539
-108.01919555664062
-105.35688781738281
-110.3496322631836
-100.82882690429688
-109.36934661865234
-103.59909057617188
-99.78398132324219
-108.10930633544922
-105.97283172607422
-105.26429748535156
-105.17216491699219
-106.2862548828125
-105.50282287597656
-106.19738006591797
-111.9113540649414
-96.98937225341797
-105.7711410522461
-99.70606231689453
-108.83428955078125
-103.3111572265625
-102.30232238769531
-107.85304260253906
-106.37078857421875
-107.30789184570312
-106.70389556884766
-104.92562103271484
-106.59619903564453
-106.7611312866211
-104.19776916503906
