-100.17658233642578
-111.63203430175781
-104.36677551269531
-109.41788482666016
-108.76866149902344
-107.69637298583984
-101.59928131103516
-97.48976135253906
-107.23171997070312
-100.77815246582031
-110.65798950195312
-103.271728515625
-107.6737289428711
-104.79499816894531
-104.22026824951172
-99.495849609375
-100.32044219970703
-108.86121368408203
-106.18529510498047
-99.55592346191406
-103.77816772460938
-104.75505828857422
-105.55821990966797
-107.64279174804688
-108.79297637939453
-113.4869384765625
-100.57440185546875
-110.18374633789062
-99.02283477783203
-102.78851318359375
-108.74481964111328
-113.39418029785156
-108.96586608886719
-113.244384765625
-107.82864379882812
-102.64915466308594
-100.4172134399414
-104.57447814941406
-104.89772033691406
-105.10724639892578
-97.93744659423828
-98.99908447265625
-107.67960357666016
-104.15199279785156
-102.16006469726562
-109.32502746582031
-106.62788391113281
-108.42132568359375
-104.51799011230469
-101.71760559082031
-102.51063537597656
-105.37588500976562
-105.03738403320312
-115.5622787475586
-110.14567565917969
-104.77379608154297
-106.3390121459961
-98.65148162841797
-96.14280700683594
-111.47383880615234
-104.74552917480469
-106.71113586425781
-100.32272338867188
-103.30327606201172
-107.12870788574219
-99.7932357788086
-105.93849182128906
-105.02593994140625
-105.15644836425781
-99.39302062988281
-104.20941162109375
-101.13373565673828
-102.39058685302734
-109.0880126953125
-106.74385070800781
-107.45440673828125
-102.88050842285156
-105.78221130371094
-102.85194396972656
-109.59599304199219
-102.23614501953125
-105.74079132080078
-95.53047943115234
-102.33163452148438
-109.19891357421875
-104.27486419677734
-104.53703308105469
-100.75739288330078
-106.74453735351562
-98.77810668945312
-101.62606811523438
-105.54971313476562
-103.67369842529297
-106.95570373535156
-111.19634246826172
-103.92842102050781
-105.68416595458984
-104.15299987792969
-102.84820556640625
-110.17413330078125
-105.73103332519531
-95.98458862304688
-109.63761138916016
-106.23780059814453
-104.26599884033203
-111.42454528808594
-106.11321258544922
-99.73722076416016
-103.76161193847656
-98.42021179199219
-105.85235595703125
-95.18759155273438
-105.24512481689453
-98.73932647705078
-104.69629669189453
-100.19642639160156
-106.54559326171875
-103.32572174072266
-101.47872161865234
-100.19058990478516
-111.1678466796875
-103.46675109863281
-104.78485870361328
-100.88773345947266
-96.5230712890625
-108.7664566040039
-103.52114868164062
-97.59251403808594
-103.25923156738281
-104.8663101196289
-98.26731872558594
-107.22746276855469
-99.34756469726562
-105.49874877929688
-99.586669921875
-101.11753845214844
-103.7569808959961
-106.66773223876953
-104.39876556396484
-102.29964447021484
-108.26649475097656
-105.49525451660156
-102.4178237915039
-103.70556640625
-106.04537963867188
-103.28571319580078
-103.40383911132812
-103.285400390625
-106.3328857421875
-106.60072326660156
-108.8990478515625
-99.04927062988281
-108.33108520507812
-107.79792022705078
-109.74707794189453
-109.62226104736328
-112.81840515136719
-105.434814453125
-107.72463989257812
-102.32184600830078
-104.55399322509766
-103.31464385986328
-107.97290802001953
-103.55773162841797
-99.89427185058594
-101.08032989501953
-106.29186248779297
-111.49870300292969
-111.26321411132812
-104.92576599121094
-106.29631042480469
-97.2279052734375
-105.70128631591797
-101.62799835205078
-100.62408447265625
-102.12921905517578
-101.9700927734375
-103.76245880126953
-105.65985107421875
-100.28233337402344
-105.66744995117188
-109.01249694824219
-104.48555755615234
-103.19038391113281
-100.05712127685547
-104.00018310546875
-99.72476959228516
-104.88871765136719
-106.51024627685547
-107.50094604492188
-108.6571273803711
-100.37831115722656
-101.2771987915039
-104.8197250366211
-102.85795593261719
-102.90052795410156
-103.32413482666016
-107.73117065429688
-99.72636413574219
-105.79072570800781
-102.17961120605469
-105.6551284790039
-103.84085845947266
-98.6922607421875
-105.00965118408203
-104.30606842041016
-111.90501403808594
-99.22874450683594
-97.4618911743164
-106.10760498046875
-101.49799346923828
-105.41165161132812
-101.8667984008789
-113.08971405029297
-105.2188491821289
-106.02252197265625
-107.12680053710938
-102.84161376953125
-106.8477554321289
-104.9148941040039
-98.90877532958984
-111.78598022460938
-102.35015869140625
-108.11139678955078
-106.45314025878906
-108.24950408935547
-108.86105346679688
-105.65731048583984
-108.77100372314453
-108.51155090332031
-112.12257385253906
-115.742919921875
-106.90802001953125
-106.96662902832031
-107.47978973388672
-97.86744689941406
-107.27764892578125
-106.42537689208984
-109.53721618652344
-104.3702163696289
-108.94854736328125
-106.17271423339844
-105.53321838378906
-106.57217407226562
-103.80519104003906
-104.38716125488281
-106.17932891845703
-108.65109252929688
-102.71882629394531
-101.1789321899414
-107.90940856933594
-105.66764831542969
-101.16143035888672
-96.165283203125
-103.40496063232422
-105.05659484863281
-104.56853485107422
-114.3308334350586
-103.51292419433594
-107.66615295410156
-109.78173065185547
-103.86396789550781
-107.28907012939453
-101.33065795898438
-99.23907470703125
-104.80109405517578
-107.14295196533203
-97.73125457763672
-101.74305725097656
-104.66729736328125
-103.7369384765625
-103.81876373291016
-104.88679504394531
-107.06681060791016
-99.68482971191406
-104.31563568115234
-106.72879028320312
-99.4168930053711
-103.573486328125
-107.55650329589844
-97.97515869140625
-103.29209899902344
-105.44773864746094
-102.6933364868164
-99.45855712890625
-107.35115051269531
-104.32036590576172
-107.48477172851562
-107.25575256347656
-105.04659271240234
-105.64323425292969
-100.77278900146484
-104.17929077148438
-106.20557403564453
-105.95411682128906
-106.97077178955078
-102.19766998291016
-110.58673858642578
-104.0952377319336
-104.62046813964844
-102.37923431396484
-101.64097595214844
-107.51935577392578
-105.3010482788086
-107.96099090576172
-101.81602478027344
-102.00528717041016
-110.39411926269531
-106.25074768066406
-108.47667694091797
-105.35306549072266
-102.95830535888672
-103.77347564697266
-105.03298950195312
-99.11648559570312
-105.2771224975586
-100.38758850097656
-107.40298461914062
-103.49687194824219
-104.40380859375
-106.21321868896484
-110.54985046386719
-100.2633056640625
-99.82406616210938
-102.51019287109375
-108.45740509033203
-110.8836669921875
-102.01274108886719
-107.57537078857422
-108.63002014160156
-109.22380828857422
-102.39278411865234
-100.27069091796875
-105.27679443359375
-112.09172821044922
-108.89974212646484
-103.33060455322266
-108.51300048828125
-101.20072174072266
-111.32640838623047
-108.78595733642578
-106.96820831298828
-109.54943084716797
-104.64032745361328
-109.73077392578125
-99.77240753173828
-99.52644348144531
-103.12484741210938
-106.13208770751953
-113.4525375366211
-105.12184143066406
-107.77898406982422
-107.72721862792969
-109.79637145996094
-101.11302185058594
-108.38192749023438
-107.01628875732422
-109.2358627319336
-112.72769927978516
-109.42707824707031
-106.53489685058594
-108.01483154296875
-103.90943145751953
-108.98103332519531
-104.24549865722656
-103.93115234375
-103.59366607666016
-101.8875732421875
-106.65882873535156
-105.97648620605469
-104.44417572021484
-104.18216705322266
-98.60044860839844
-110.01799011230469
-107.763916015625
-109.75389099121094
-102.1571044921875
-103.0197982788086
-97.89112091064453
-101.40066528320312
-106.3814697265625
-99.7319564819336
-102.15646362304688
-101.30751037597656
-109.17558288574219
-105.17984008789062
-103.18971252441406
-105.23481750488281
-108.58561706542969
-102.73517608642578
-103.04090118408203
-103.49596405029297
-104.02931213378906
-103.57466125488281
-104.90164947509766
-101.71263122558594
-98.85152435302734
-112.0484390258789
-101.4079818725586
-103.9837646484375
-104.89815521240234
-102.19482421875
-104.63751983642578
-102.13230895996094
-100.09317779541016
-113.4128189086914
-98.11166381835938
-103.6231689453125
-104.94844055175781
-106.17915344238281
-118.2495346069336
-106.06571960449219
-104.70272827148438
-99.52655792236328
-102.19700622558594
-99.7631607055664
-111.87178039550781
-104.03732299804688
-100.80310821533203
-107.21785736083984
-107.8843002319336
-99.84111022949219
-102.91983795166016
-110.27301025390625
-100.02486419677734
-103.64390563964844
-104.35789489746094
-102.18746948242188
-99.12434387207031
-109.30220031738281
-100.01826477050781
-109.38821411132812
-99.84132385253906
-102.68173217773438
-99.52456665039062
-106.04497528076172
-103.739501953125
-105.02198028564453
-103.95946502685547
-99.750244140625
-106.14815521240234
-103.01283264160156
-108.26981353759766
-95.4688949584961
-103.17974853515625
-101.49278259277344
-106.18289184570312
-101.7018814086914
-100.78972625732422
-108.36676788330078
-100.05235290527344
-108.89618682861328
-103.4235610961914
-101.53430938720703
-110.01097106933594
-104.73182678222656
-109.72803497314453
-108.53319549560547
-109.65434265136719
-100.2713623046875
-105.37307739257812
-100.85052490234375
-109.480712890625
-94.8841781616211
-103.73516082763672
-110.27401733398438
-110.5309829711914
-108.05554962158203
-99.20484924316406
-96.75074005126953
-106.39564514160156
-101.70380401611328
-103.6642074584961
-105.84239196777344
-101.01730346679688
-102.98886108398438
-100.3827133178711
-110.72361755371094
-99.77922058105469
-101.31307983398438
-95.94136047363281
-104.28897094726562
-105.03398895263672
-98.30545806884766
-107.16065979003906
-101.72276306152344
-101.98949432373047
-100.33547973632812
-108.47459411621094
-106.39195251464844
-101.086669921875
-101.05809783935547
-100.76966094970703
-107.80570220947266
-103.5363998413086
-106.1268310546875
-99.24640655517578
-103.72544860839844
-98.7948226928711
-102.67817687988281
-103.63043975830078
-103.66561126708984
-99.8167724609375
-100.6263656616211
-105.72972106933594
-104.68385314941406
-108.00582122802734
-100.53217315673828
-103.54119873046875
-104.57218170166016
-106.17521667480469
-106.24768829345703
-112.55278015136719
-100.19144439697266
-101.84947967529297
-99.9456558227539
-99.69644165039062
-99.12013244628906
-110.9707260131836
-100.94969177246094
-101.90328979492188
-101.01444244384766
-105.89665985107422
-106.06096649169922
-101.08902740478516
-106.31315612792969
-102.1899185180664
-111.5531997680664
-99.94374084472656
-102.06269073486328
-104.35538482666016
-104.35540008544922
-105.72728729248047
-110.12635803222656
-110.72135162353516
-100.98700714111328
-103.76565551757812
-103.91835021972656
-101.632568359375
-104.8799819946289
-110.81461334228516
-103.15794372558594
-97.67594909667969
-106.30575561523438
-109.01453399658203
-99.50326538085938
-104.60867309570312
-100.8864517211914
-109.97681427001953
-107.57439422607422
-105.50814819335938
-101.89310455322266
-102.80196380615234
-103.43893432617188
-106.25662231445312
-105.7273178100586
-105.69642639160156
-105.28550720214844
-110.85395050048828
-102.2699203491211
-106.83686828613281
-104.50621032714844
-102.12470245361328
-103.61027526855469
-108.83135986328125
-108.81727600097656
-107.1226806640625
-102.68070220947266
-102.49140167236328
-109.96636962890625
-101.71504974365234
-101.07759857177734
-101.684326171875
-108.62934112548828
-96.9530029296875
-107.5377197265625
-99.5645751953125
-115.60711669921875
-109.08912658691406
-105.18610382080078
-108.8255615234375
-110.9068603515625
-104.82762145996094
-103.56321716308594
-105.48959350585938
-107.13367462158203
-103.73495483398438
-99.02203369140625
-103.81636810302734
-98.59308624267578
-103.22239685058594
-102.57685089111328
-101.82711791992188
-104.2230453491211
-102.79955291748047
-105.7491226196289
-99.05450439453125
-100.02075958251953
-112.51837921142578
-109.41667175292969
-103.0867919921875
-101.80445861816406
-107.19960021972656
-106.16681671142578
-100.87593841552734
-101.41841888427734
-103.32830810546875
-99.8067398071289
-105.76458740234375
-103.94304656982422
-100.12843322753906
-105.3223648071289
-102.60899353027344
-112.06454467773438
-105.92967224121094
-103.99221801757812
-101.89556884765625
-103.56809997558594
-103.29695129394531
-102.3444595336914
-104.73502349853516
-99.74341583251953
-101.35902404785156
-102.81725311279297
-102.39434814453125
-105.36397552490234
-106.7864761352539
-103.65740966796875
-104.75856018066406
-108.7813720703125
-104.12822723388672
-103.58869171142578
-111.14836883544922
-103.90741729736328
-100.54417419433594
-106.50591278076172
-108.36489868164062
-102.59993743896484
-100.63143920898438
-113.78593444824219
-109.38581848144531
-110.80211639404297
-111.17863464355469
-106.58743286132812
-102.00889587402344
-97.18923950195312
-101.82942199707031
-104.10545349121094
-100.63906860351562
-102.8248291015625
-105.26986694335938
-115.8216552734375
-107.63433837890625
-111.4720458984375
-109.09920501708984
-106.76876068115234
-101.52333068847656
-106.16382598876953
-101.36445617675781
-101.52003479003906
-109.5908203125
-98.79639434814453
-106.16907501220703
-102.18732452392578
-99.40438079833984
-103.2111587524414
-109.47187042236328
-103.51978302001953
-103.78894805908203
-109.49365997314453
-107.40771484375
-109.65218353271484
-103.41092681884766
-98.45083618164062
-108.71757507324219
-101.49082946777344
-100.9336166381836
-108.26841735839844
-106.41171264648438
-108.68890380859375
-106.48068237304688
-104.85610961914062
-100.58447265625
-108.63880157470703
-108.99866485595703
-103.26045989990234
-102.9793701171875
-102.15953063964844
-105.55330657958984
-104.72319030761719
-101.29017639160156
-107.19005584716797
-93.0999984741211
-102.55095672607422
-103.5374526977539
-105.90237426757812
-105.09151458740234
-101.5424575805664
-104.34024810791016
-101.01134490966797
-102.36756134033203
-103.96588134765625
-111.08338165283203
-106.53312683105469
-103.77961730957031
-105.45059967041016
-103.60135650634766
-105.38074493408203
-106.49067687988281
-105.10870361328125
-100.68252563476562
-103.91535949707031
-105.08316802978516
-100.27777099609375
-102.50373840332031
-102.74951934814453
-100.9798812866211
-101.09242248535156
-103.68805694580078
-108.48310852050781
-109.81742858886719
-102.9245376586914
-102.824951171875
-107.52066040039062
-104.69540405273438
-108.23568725585938
-101.15986633300781
-102.6943359375
-108.84228515625
-97.1683349609375
-101.1908950805664
-111.42090606689453
-103.03437042236328
-105.71195220947266
-106.49491882324219
-108.37911987304688
-99.12284088134766
-104.3060302734375
-104.23287963867188
-99.35813903808594
-102.03834533691406
-106.38078308105469
-103.36771392822266
-99.31920623779297
-108.37220764160156
-106.15668487548828
-106.73910522460938
-101.4207534790039
-104.15113067626953
-107.34986114501953
-105.19149017333984
-103.84695434570312
-103.00260925292969
-104.27394104003906
-98.88248443603516
-103.84016418457031
-107.13847351074219
-104.34088134765625
-99.78137969970703
-112.74713897705078
-101.34061431884766
-102.352783203125
-96.84696197509766
-101.6964111328125
-99.24407958984375
-102.9525146484375
-104.82159423828125
-94.4114990234375
-105.8430404663086
-106.64484405517578
-105.19812774658203
-101.76374053955078
-113.35989379882812
-111.33489227294922
-100.85140228271484
-99.59231567382812
-110.4299087524414
-106.18514251708984
-99.32290649414062
-105.62161254882812
-100.87651062011719
-104.54610443115234
-100.14666748046875
-103.2030029296875
-106.74388122558594
-105.90607452392578
-99.38851928710938
-101.3697280883789
-106.64656829833984
-98.86478424072266
-92.0650634765625
-99.8056411743164
-102.38226318359375
-103.33792114257812
-100.51337432861328
-104.16410064697266
-108.0886001586914
-105.40303039550781
-101.41166687011719
-105.60609436035156
-102.766845703125
-105.26936340332031
-104.88003540039062
-111.51419067382812
-99.65692901611328
-103.41357421875
-103.56326293945312
-107.7938461303711
-102.6728515625
-105.07942199707031
-101.22615814208984
-103.01182556152344
-108.51618957519531
-100.10743713378906
-103.1436538696289
-105.06990051269531
-102.19758605957031
-106.71682739257812
-104.38910675048828
-108.837158203125
-104.3471450805664
-105.42827606201172
-107.66736602783203
-107.09774017333984
-106.02533721923828
-102.91590118408203
-107.25874328613281
-101.68201446533203
-98.47560119628906
-101.13704681396484
-109.00981903076172
-113.19715118408203
-106.13815307617188
-96.73023986816406
-105.08045196533203
-108.96102905273438
-107.43858337402344
-107.514404296875
-106.33152770996094
-100.23746490478516
-107.48263549804688
-104.96952819824219
-105.14772033691406
-104.34302520751953
-103.24783325195312
-101.83507537841797
-102.65519714355469
-99.697998046875
-105.85848999023438
-108.6107177734375
-108.4305419921875
-105.80935668945312
-103.44791412353516
-100.71339416503906
-100.5398178100586
-109.20997619628906
-101.08696746826172
-107.78756713867188
-104.62995147705078
-105.52214813232422
-96.88691711425781
-100.9771957397461
-106.11865997314453
-102.67961120605469
-102.79593658447266
-106.24737548828125
-101.85619354248047
-106.7198486328125
-100.88396453857422
-105.041259765625
-104.79519653320312
-105.11287689208984
-111.82340240478516
-108.91949462890625
-104.54339599609375
-104.14102935791016
-100.53006744384766
-109.4443130493164
-98.32290649414062
-112.62686157226562
-104.00936889648438
-109.12902069091797
-103.6860580444336
-100.92657470703125
-99.37709045410156
-103.84857177734375
-106.30430603027344
-107.38691711425781
-106.99911499023438
-105.01990509033203
-98.89371490478516
-111.25900268554688
-102.19322204589844
-107.71297454833984
-109.7936019897461
-108.31787109375
-104.17113494873047
-112.34617614746094
-103.00675201416016
-107.0025863647461
-104.1884994506836
-103.48200225830078
-107.1158676147461
-106.34148406982422
-108.01982116699219
-107.75601959228516
-106.02447509765625
-102.93107604980469
-108.07491302490234
-104.6761474609375
-104.30659484863281
-110.2319564819336
-98.88186645507812
-108.67121124267578
-101.69871520996094
-98.24146270751953
-106.64777374267578
-104.1402816772461
-103.61034393310547
-103.03809356689453
-106.73099517822266
-104.20704650878906
-105.61258697509766
-109.98841857910156
-96.0946273803711
-105.53366088867188
-99.27127075195312
-107.65601348876953
-101.74549102783203
-100.80329132080078
-104.16028594970703
-106.08576202392578
-107.3182373046875
-107.13138580322266
-103.50386810302734
-106.05537414550781
-106.08990478515625
-103.66922760009766
