-102.08678436279297
-112.25436401367188
-104.71747589111328
-112.23992156982422
-112.25392150878906
-107.71038055419922
-101.90204620361328
-98.72819519042969
-108.60077667236328
-101.82205963134766
-110.6422348022461
-105.04420471191406
-107.75114440917969
-105.69638061523438
-106.3553466796875
-102.36416625976562
-100.61417388916016
-109.83096313476562
-105.1541519165039
-100.04779052734375
-104.27153015136719
-105.33267974853516
-104.6158218383789
-107.47132110595703
-110.25472259521484
-115.030029296875
-101.98490142822266
-111.24931335449219
-100.09973907470703
-102.5263671875
-109.67467498779297
-113.0282974243164
-108.93614959716797
-113.13169860839844
-108.28611755371094
-103.2214584350586
-100.90787506103516
-106.14909362792969
-104.58181762695312
-104.4434814453125
-99.54876708984375
-99.5743179321289
-109.25614929199219
-104.66680145263672
-101.85865020751953
-108.87248229980469
-107.08484649658203
-108.11019897460938
-105.79791259765625
-102.8863754272461
-102.90045166015625
-105.20415496826172
-104.4019775390625
-115.9009017944336
-108.71665954589844
-105.32322692871094
-107.56147766113281
-99.47978973388672
-97.34451293945312
-111.69725799560547
-105.74104309082031
-108.20507049560547
-101.87313079833984
-103.7097396850586
-106.69678497314453
-100.9110107421875
-105.85193634033203
-105.63658905029297
-106.00425720214844
-99.91820526123047
-105.01356506347656
-101.46221160888672
-102.36679077148438
-111.01074981689453
-107.4319076538086
-108.97942352294922
-101.56658172607422
-107.31295013427734
-104.48592376708984
-109.42378997802734
-103.15740203857422
-105.95758819580078
-96.45927429199219
-103.77638244628906
-111.12080383300781
-104.62591552734375
-106.87946319580078
-100.56763458251953
-106.50362396240234
-99.37657165527344
-102.2311782836914
-107.70449829101562
-105.50485229492188
-109.36380004882812
-110.4921875
-103.7667465209961
-106.86752319335938
-106.09840393066406
-103.00005340576172
-108.9293212890625
-106.52108764648438
-95.8308334350586
-110.05500793457031
-107.80696868896484
-103.54499053955078
-111.38265228271484
-108.3057861328125
-100.61241912841797
-105.15275573730469
-100.84014892578125
-106.84744262695312
-96.64188385009766
-106.46871948242188
-100.39912414550781
-106.93448638916016
-102.47037506103516
-107.14251708984375
-104.56307220458984
-102.31671905517578
-101.14642333984375
-111.67576599121094
-105.36488342285156
-104.70248413085938
-102.91252899169922
-96.02867889404297
-109.04997253417969
-104.28369140625
-98.43437957763672
-104.18086242675781
-103.6549072265625
-98.98621368408203
-106.83539581298828
-101.35157775878906
-105.44124603271484
-100.64497375488281
-101.4057846069336
-104.20275115966797
-108.1838150024414
-104.73294830322266
-104.29454803466797
-108.41504669189453
-106.1353988647461
-102.11360168457031
-104.54991149902344
-106.5287857055664
-104.20207214355469
-104.1963119506836
-104.88772583007812
-108.01258850097656
-107.25560760498047
-110.46871948242188
-100.24210357666016
-108.48533630371094
-108.45797729492188
-111.07537078857422
-112.09547424316406
-113.84434509277344
-106.0782699584961
-109.1107406616211
-102.31774139404297
-105.64247131347656
-104.59011840820312
-107.67921447753906
-105.08595275878906
-101.63526153564453
-102.31854248046875
-108.20528411865234
-112.91480255126953
-110.8256607055664
-104.18153381347656
-106.71578216552734
-97.95520782470703
-108.7230224609375
-103.0330810546875
-99.83887481689453
-102.1955337524414
-102.0187759399414
-104.74089813232422
-107.38186645507812
-102.00383758544922
-107.1502914428711
-110.50874328613281
-105.76530456542969
-102.11021423339844
-99.52714538574219
-105.68883514404297
-100.57003021240234
-105.3570556640625
-108.00973510742188
-108.95864868164062
-109.66138458251953
-100.90629577636719
-100.8261947631836
-105.45022583007812
-103.42484283447266
-102.53067016601562
-103.47183990478516
-109.18307495117188
-100.1780014038086
-105.54299926757812
-102.84452056884766
-105.80953979492188
-105.75848388671875
-98.824951171875
-104.32376098632812
-105.16983032226562
-111.81143951416016
-101.27116394042969
-97.98723602294922
-108.00798797607422
-102.78431701660156
-105.67144775390625
-103.04639434814453
-113.01710510253906
-106.48894500732422
-107.49632263183594
-106.99370574951172
-102.93647003173828
-107.53060150146484
-103.46304321289062
-101.06363677978516
-112.63603973388672
-101.36451721191406
-107.24434661865234
-105.48946380615234
-109.2616195678711
-107.2787094116211
-106.66010284423828
-108.94654083251953
-108.64163970947266
-112.9834213256836
-115.07054901123047
-108.39198303222656
-106.8150863647461
-107.8078384399414
-98.04328918457031
-107.25384521484375
-107.38911437988281
-109.33900451660156
-104.43704986572266
-109.71819305419922
-108.05452728271484
-107.41653442382812
-107.13467407226562
-104.64923095703125
-105.56956481933594
-106.98131561279297
-109.00794219970703
-104.52095031738281
-102.21739196777344
-108.31130981445312
-105.61626434326172
-101.95844268798828
-97.25414276123047
-103.27003479003906
-105.1238021850586
-105.13174438476562
-115.8612289428711
-104.06549072265625
-108.49237060546875
-111.41395568847656
-105.69168853759766
-107.57266235351562
-102.07174682617188
-100.3543930053711
-105.75542449951172
-106.74828338623047
-98.2157974243164
-100.60687255859375
-105.4598388671875
-105.57588195800781
-103.7178955078125
-102.9070053100586
-106.93951416015625
-100.41117095947266
-106.45639038085938
-106.76097869873047
-99.65467071533203
-103.91934204101562
-108.51671600341797
-97.66423034667969
-103.38502502441406
-104.877197265625
-102.24138641357422
-98.33148956298828
-107.02066802978516
-104.02552032470703
-106.47637939453125
-108.08984375
-104.4305419921875
-106.38378143310547
-100.2006607055664
-104.56639862060547
-106.1426773071289
-105.21912384033203
-107.31011962890625
-103.35685729980469
-110.9406509399414
-105.8056411743164
-103.8865966796875
-102.0948257446289
-102.19401550292969
-108.31111907958984
-105.96297454833984
-110.50653076171875
-102.35025024414062
-103.4010009765625
-110.57371520996094
-106.63854217529297
-109.6466293334961
-105.6445541381836
-103.41658782958984
-103.8389892578125
-106.40319061279297
-100.80797576904297
-104.96073913574219
-101.05931854248047
-108.02815246582031
-103.6309585571289
-105.77547454833984
-107.16720581054688
-111.87732696533203
-99.4833755493164
-100.65275573730469
-103.57925415039062
-108.5239486694336
-111.56950378417969
-102.37543487548828
-110.50298309326172
-108.72962188720703
-108.03939819335938
-102.81057739257812
-101.96304321289062
-106.12089538574219
-113.55847930908203
-109.34383392333984
-103.41126251220703
-108.05774688720703
-103.07389068603516
-111.94365692138672
-109.42926025390625
-107.14517211914062
-110.60797119140625
-105.84550476074219
-110.6622314453125
-99.9096908569336
-99.31967163085938
-104.15135955810547
-105.84761810302734
-113.90514373779297
-104.8043212890625
-108.52769470214844
-108.77579498291016
-110.51441192626953
-101.79448699951172
-110.20221710205078
-107.82129669189453
-109.73067474365234
-111.68302154541016
-109.6209487915039
-106.46195220947266
-108.31326293945312
-104.19940948486328
-110.37076568603516
-104.77367401123047
-105.46627807617188
-104.65462493896484
-104.13922882080078
-108.33699035644531
-106.34302520751953
-104.02149200439453
-104.08940124511719
-99.865234375
-111.0503158569336
-107.81648254394531
-109.24457550048828
-103.45758819580078
-103.34449768066406
-99.02411651611328
-101.94927978515625
-107.74504852294922
-100.43608093261719
-102.81863403320312
-102.13504791259766
-109.92282104492188
-104.56704711914062
-103.00167846679688
-105.6526107788086
-109.72090148925781
-103.38457489013672
-102.14412689208984
-103.44158935546875
-102.71778869628906
-103.7684097290039
-103.66763305664062
-100.84281921386719
-98.22268676757812
-112.9218978881836
-100.0575180053711
-104.79035949707031
-105.60748291015625
-102.141357421875
-104.40809631347656
-102.452392578125
-101.5484848022461
-113.77086639404297
-97.384521484375
-104.0572509765625
-106.71388244628906
-107.5077133178711
-115.8255615234375
-107.71268463134766
-107.01280975341797
-101.29916381835938
-101.11458587646484
-99.93354034423828
-112.9686279296875
-103.6626968383789
-100.38546752929688
-108.85491943359375
-107.9894027709961
-101.19886779785156
-103.49008178710938
-112.49109649658203
-99.3792953491211
-104.12244415283203
-104.75078582763672
-102.51455688476562
-100.57962799072266
-110.71273803710938
-100.94393157958984
-110.21212005615234
-100.39786529541016
-103.29566955566406
-100.82404327392578
-107.01930236816406
-104.96331787109375
-106.40215301513672
-105.10625457763672
-103.48335266113281
-106.21810150146484
-103.96842193603516
-108.78370666503906
-96.36263275146484
-103.78012084960938
-101.56771850585938
-106.35094451904297
-102.05207061767578
-100.06952667236328
-106.84373474121094
-101.03067779541016
-111.06597900390625
-102.65172576904297
-102.41117095947266
-111.28843688964844
-104.78318786621094
-109.09539794921875
-109.25624084472656
-111.34899139404297
-99.42888641357422
-105.49919128417969
-101.07587432861328
-110.76820373535156
-96.30705261230469
-105.08442687988281
-109.30867004394531
-111.4910888671875
-109.6200180053711
-100.84231567382812
-98.8467788696289
-107.42585754394531
-102.6869125366211
-104.31196594238281
-106.61273193359375
-100.735595703125
-104.76031494140625
-101.36101531982422
-112.14768981933594
-101.92252349853516
-101.27132415771484
-95.73499298095703
-104.10810089111328
-105.07564544677734
-99.4258041381836
-107.96005249023438
-101.16041564941406
-104.0103530883789
-100.80682373046875
-109.29671478271484
-108.28913116455078
-103.6473159790039
-101.5867919921875
-102.35492706298828
-108.6388168334961
-105.88658905029297
-108.59150695800781
-99.3890151977539
-105.8602066040039
-99.42259979248047
-103.39321899414062
-103.4878921508789
-104.3283920288086
-101.85307312011719
-101.03690338134766
-106.5888442993164
-104.67322540283203
-106.71773529052734
-100.98028564453125
-105.02830505371094
-106.15478515625
-104.46621704101562
-108.22779083251953
-113.5365982055664
-101.94277954101562
-102.37183380126953
-99.26258850097656
-100.45977783203125
-99.10763549804688
-112.28587341308594
-100.67520141601562
-103.2306137084961
-101.82463073730469
-104.5792465209961
-106.55611419677734
-101.29776763916016
-105.13378143310547
-102.45198059082031
-111.98051452636719
-100.01028442382812
-101.32001495361328
-104.84098815917969
-103.36785125732422
-104.71770477294922
-111.27677917480469
-111.32051086425781
-101.20161437988281
-102.71062469482422
-104.45472717285156
-101.11986541748047
-106.38272857666016
-111.0445327758789
-104.33785247802734
-98.52151489257812
-108.34898376464844
-109.86672973632812
-100.32760620117188
-104.52516174316406
-101.16331481933594
-111.12767791748047
-108.36857604980469
-107.26961517333984
-102.9195785522461
-105.24254608154297
-103.60447692871094
-104.86822509765625
-104.62320709228516
-107.81533813476562
-107.58417510986328
-111.90542602539062
-103.18862915039062
-106.8820571899414
-106.8022689819336
-103.11119079589844
-103.92810821533203
-110.7713851928711
-111.09497833251953
-108.28556823730469
-102.34137725830078
-103.74298858642578
-109.67369842529297
-102.57654571533203
-99.88440704345703
-102.44381713867188
-109.41635131835938
-97.54141235351562
-108.94351196289062
-98.59174346923828
-115.20220947265625
-111.53547668457031
-106.00011444091797
-108.2586669921875
-109.84889221191406
-105.01675415039062
-102.4806137084961
-106.01292419433594
-106.40971374511719
-104.3119888305664
-98.40828704833984
-104.74712371826172
-98.69452667236328
-103.69902038574219
-103.84098052978516
-103.02100372314453
-106.07411193847656
-102.67338562011719
-105.68545532226562
-100.74320983886719
-100.47303009033203
-112.2197494506836
-111.04705810546875
-104.00119018554688
-102.73333740234375
-108.39436340332031
-106.39205932617188
-101.63140869140625
-101.12615203857422
-103.86971282958984
-100.76905822753906
-106.56502532958984
-104.26095581054688
-101.16932678222656
-105.21550750732422
-103.93698120117188
-112.98944091796875
-106.83049011230469
-106.18357849121094
-104.15508270263672
-104.8685073852539
-103.77388000488281
-102.28976440429688
-104.48249816894531
-99.80355072021484
-100.99158477783203
-104.02296447753906
-102.6381607055664
-105.29031372070312
-108.08281707763672
-106.45436096191406
-104.69041442871094
-110.34232330322266
-104.1640625
-103.85317993164062
-112.07028198242188
-104.20336151123047
-100.55538940429688
-105.36994934082031
-109.71791076660156
-105.3064193725586
-100.09782409667969
-113.4251708984375
-108.36237335205078
-111.90884399414062
-111.60816955566406
-106.9781265258789
-101.98507690429688
-97.8545913696289
-103.3031005859375
-103.35382080078125
-101.75209045410156
-103.36980438232422
-106.16645050048828
-116.14723205566406
-108.11943054199219
-110.46375274658203
-109.44102478027344
-107.77103424072266
-101.23513793945312
-107.2560043334961
-102.87609100341797
-101.66170501708984
-111.5199203491211
-98.38983154296875
-106.45130157470703
-103.40567016601562
-101.60052490234375
-104.75334167480469
-110.18860626220703
-102.99170684814453
-103.78719329833984
-108.92290496826172
-107.7711181640625
-109.56107330322266
-103.15638732910156
-99.77654266357422
-109.42835998535156
-102.21659851074219
-102.24978637695312
-108.763671875
-106.5837173461914
-108.28059387207031
-108.63885498046875
-105.26114654541016
-99.88549041748047
-108.50994873046875
-108.90499877929688
-103.27761840820312
-102.51241302490234
-103.14701080322266
-106.07672882080078
-106.0565414428711
-102.24454498291016
-108.5920181274414
-94.97413635253906
-102.49032592773438
-104.75102996826172
-106.0642318725586
-105.91836547851562
-100.60086822509766
-105.55319213867188
-103.98981475830078
-102.40753936767578
-103.28998565673828
-114.44246673583984
-108.03266906738281
-103.54986572265625
-106.21971893310547
-104.57923889160156
-106.55052185058594
-108.57666778564453
-106.38782501220703
-101.83538055419922
-103.76417541503906
-105.97091674804688
-100.2110366821289
-103.82640075683594
-103.30821990966797
-102.24947357177734
-102.02500915527344
-104.36848449707031
-108.45618438720703
-113.0289077758789
-103.8375244140625
-104.37071990966797
-107.53223419189453
-105.24823760986328
-107.69217681884766
-101.42820739746094
-104.41146087646484
-108.1486587524414
-96.89644622802734
-103.68082427978516
-111.8385009765625
-103.3135757446289
-107.16161346435547
-107.76226806640625
-109.61979675292969
-99.6563720703125
-106.5244140625
-106.41512298583984
-99.86927032470703
-103.69977569580078
-107.8299331665039
-102.95059967041016
-99.7224349975586
-110.49935150146484
-107.8283920288086
-106.24009704589844
-102.51337432861328
-105.50811767578125
-109.62696838378906
-106.26000213623047
-103.97602844238281
-102.57097625732422
-104.42121887207031
-99.50672912597656
-103.58135986328125
-106.9723892211914
-106.2895736694336
-101.01658630371094
-111.91603088378906
-103.6858139038086
-101.6021499633789
-98.46234130859375
-101.9665756225586
-99.46513366699219
-104.0854721069336
-106.86853790283203
-95.82353973388672
-106.44913482666016
-106.2927474975586
-105.31231689453125
-101.28858184814453
-113.882080078125
-113.19874572753906
-100.52325439453125
-100.28335571289062
-112.02532958984375
-106.25183868408203
-99.89239501953125
-106.4520263671875
-101.35631561279297
-104.60094451904297
-100.68550872802734
-104.61967468261719
-106.91658020019531
-106.71833038330078
-99.91822814941406
-102.37937927246094
-108.66362762451172
-97.98310852050781
-93.65123748779297
-101.36380004882812
-103.78466033935547
-104.7853012084961
-100.23560333251953
-104.8813705444336
-110.1893539428711
-105.56774139404297
-102.85272216796875
-106.38856506347656
-103.45220184326172
-105.50589752197266
-106.22100067138672
-110.990966796875
-99.43258666992188
-104.07848358154297
-103.1222915649414
-108.46526336669922
-103.43035888671875
-105.29767608642578
-103.29666900634766
-104.31672668457031
-109.6280746459961
-101.82278442382812
-103.72813415527344
-106.25289154052734
-101.38616180419922
-108.15360260009766
-105.17562866210938
-109.51180267333984
-105.31751251220703
-104.8907470703125
-106.55877685546875
-106.31205749511719
-107.81587219238281
-104.31503295898438
-107.9023666381836
-101.80501556396484
-98.89242553710938
-100.97103881835938
-109.87865447998047
-112.48987579345703
-107.28857421875
-98.06256866455078
-104.76813507080078
-109.80003356933594
-108.63362884521484
-108.19540405273438
-107.5268783569336
-100.92427062988281
-107.69872283935547
-105.28237915039062
-104.05828094482422
-104.63508605957031
-102.8701171875
-101.85403442382812
-104.03704833984375
-99.44265747070312
-105.73373413085938
-109.92162322998047
-108.20684051513672
-106.82897186279297
-106.4806137084961
-101.1728286743164
-101.85901641845703
-108.37145233154297
-101.37327575683594
-108.2175521850586
-104.73371887207031
-107.20397186279297
-97.94915008544922
-100.7488784790039
-106.36772918701172
-102.3241195678711
-102.69509887695312
-106.11933898925781
-102.94906616210938
-106.67406463623047
-101.49172973632812
-105.4203109741211
-104.28154754638672
-104.5901870727539
-112.9371109008789
-109.0826644897461
-105.03484344482422
-103.78744506835938
-100.36872863769531
-109.78555297851562
-98.50647735595703
-112.10345458984375
-104.02205657958984
-108.51410675048828
-103.5257339477539
-100.63350677490234
-100.29317474365234
-104.87047576904297
-106.9438705444336
-110.63809967041016
-108.94596099853516
-105.70026397705078
-100.19879150390625
-110.08840942382812
-103.0838394165039
-108.8726806640625
-108.60823822021484
-108.34119415283203
-106.89598083496094
-112.37796020507812
-103.0749282836914
-109.28363037109375
-103.15164947509766
-102.4967269897461
-108.53518676757812
-107.88877868652344
-109.15221405029297
-107.11579895019531
-108.03256225585938
-104.07514953613281
-107.82418823242188
-105.7441177368164
-103.90625
-110.0062026977539
-99.9256820678711
-108.06684875488281
-102.943359375
-99.87963104248047
-107.97264862060547
-105.67881774902344
-104.27955627441406
-103.56249237060547
-106.5116958618164
-105.58756256103516
-107.60094451904297
-112.68303680419922
-98.14729309082031
-104.58535766601562
-99.60118103027344
-108.65462493896484
-102.96418762207031
-103.64862823486328
-106.2259292602539
-106.16885375976562
-107.6856460571289
-107.10781860351562
-104.39786529541016
-105.58895874023438
-107.00235748291016
-104.68484497070312
