-102.21453857421875
-113.54670715332031
-105.27305603027344
-111.02381134033203
-110.66752624511719
-109.705322265625
-103.25404357910156
-99.1066665649414
-108.66675567626953
-102.76141357421875
-111.67776489257812
-106.33619689941406
-110.05089569091797
-106.40428161621094
-105.13594055175781
-100.9621353149414
-102.72762298583984
-111.56436920166016
-106.64453125
-101.58602905273438
-105.88147735595703
-105.64986419677734
-105.88420867919922
-108.74462890625
-109.86160278320312
-114.80601501464844
-102.61181640625
-112.07049560546875
-101.47647857666016
-103.11579895019531
-109.95783233642578
-114.66641235351562
-111.02332305908203
-113.5242919921875
-110.86891174316406
-104.68878173828125
-102.59733581542969
-105.96519470214844
-107.01140594482422
-106.41336822509766
-100.0232925415039
-101.08222961425781
-109.71200561523438
-104.5877685546875
-103.53133392333984
-109.77507019042969
-109.30802154541016
-108.4834976196289
-106.38336181640625
-104.0469970703125
-104.627685546875
-106.33970642089844
-105.01112365722656
-116.38584899902344
-109.17527770996094
-105.30842590332031
-107.0687255859375
-99.70726013183594
-97.89164733886719
-113.68851470947266
-105.4746322631836
-108.27513122558594
-102.6419448852539
-105.57221221923828
-107.13074493408203
-99.69849395751953
-106.8116226196289
-106.29810333251953
-105.95220947265625
-99.92184448242188
-105.72915649414062
-103.12013244628906
-104.51786804199219
-111.39381408691406
-107.71650695800781
-109.53282165527344
-103.43195343017578
-107.79473876953125
-104.9745864868164
-109.33528137207031
-103.60430145263672
-106.07494354248047
-97.57539367675781
-102.8118896484375
-110.74315643310547
-106.67975616455078
-107.57666778564453
-101.0074691772461
-108.79317474365234
-101.80550384521484
-103.45393371582031
-106.92816162109375
-105.86936950683594
-106.87307739257812
-111.50379943847656
-106.0980224609375
-107.70935821533203
-105.00630950927734
-104.67646789550781
-110.9088363647461
-107.30351257324219
-97.96141052246094
-111.62249755859375
-108.7891845703125
-105.13349151611328
-112.93833923339844
-109.27230072021484
-101.32061767578125
-106.60131072998047
-101.77318572998047
-107.67113494873047
-96.65287780761719
-108.10637664794922
-101.57440185546875
-106.74173736572266
-103.02940368652344
-108.36033630371094
-105.20347595214844
-103.54962158203125
-102.54774475097656
-113.98486328125
-106.12701416015625
-105.79127502441406
-102.29981994628906
-99.17174530029297
-111.10846710205078
-106.32561492919922
-99.616455078125
-105.42797088623047
-105.44415283203125
-100.12543487548828
-108.80179595947266
-101.48941040039062
-106.9223861694336
-100.91961669921875
-102.19791412353516
-106.02007293701172
-108.64127349853516
-105.5237808227539
-104.74748992919922
-108.09394073486328
-107.34335327148438
-105.54024505615234
-105.01625061035156
-106.86898803710938
-104.96043395996094
-106.52637481689453
-105.0318832397461
-109.26581573486328
-107.10179901123047
-112.08708953857422
-101.51912689208984
-109.70082092285156
-107.87277221679688
-111.9404067993164
-112.52234649658203
-114.69972229003906
-106.73326110839844
-110.29802703857422
-102.24270629882812
-106.0545425415039
-105.25052642822266
-109.26036071777344
-105.9662094116211
-101.34420776367188
-102.49967193603516
-109.45037078857422
-111.63072204589844
-113.1897201538086
-105.48490905761719
-107.80357360839844
-97.41128540039062
-110.30005645751953
-102.85906982421875
-100.18878936767578
-102.66969299316406
-102.38868713378906
-106.68315124511719
-107.8184585571289
-103.23687744140625
-108.0938949584961
-111.76393127441406
-106.40142822265625
-102.68513488769531
-100.9884033203125
-105.6624755859375
-102.07628631591797
-108.50836944580078
-108.06380462646484
-109.32699584960938
-109.45613861083984
-101.84813690185547
-101.57278442382812
-105.63410949707031
-102.92859649658203
-103.91797637939453
-104.51799774169922
-109.90824890136719
-100.00347900390625
-107.0307846069336
-103.46717834472656
-106.12068176269531
-105.91426086425781
-100.82213592529297
-105.09374237060547
-107.30375671386719
-113.12174987792969
-101.01663208007812
-99.05878448486328
-107.91148376464844
-102.99832153320312
-105.75261688232422
-103.99761962890625
-112.930908203125
-106.0398178100586
-108.56678771972656
-109.66117858886719
-104.95596313476562
-107.01537322998047
-103.94363403320312
-100.97019958496094
-114.31802368164062
-103.20207977294922
-108.9917221069336
-106.82133483886719
-110.51476287841797
-107.38733673095703
-106.26782989501953
-109.61734771728516
-108.3646011352539
-112.5457534790039
-115.59927368164062
-107.74396514892578
-107.44523620605469
-108.24642944335938
-98.9061279296875
-108.31233978271484
-106.91789245605469
-110.00433349609375
-105.5746841430664
-112.0253677368164
-106.79723358154297
-107.84373474121094
-107.66799926757812
-106.8433609008789
-106.95758819580078
-106.88501739501953
-109.38995361328125
-104.95598602294922
-101.1895751953125
-109.57414245605469
-107.76282501220703
-102.60102844238281
-97.02875518798828
-104.99977111816406
-107.21453094482422
-106.42898559570312
-115.23002624511719
-105.26900482177734
-109.4395751953125
-111.91873168945312
-106.09487915039062
-107.30699920654297
-102.47999572753906
-100.51480865478516
-106.41879272460938
-107.53540802001953
-99.04058074951172
-102.07958984375
-106.7979507446289
-106.75528717041016
-105.89751434326172
-105.0208511352539
-107.59712219238281
-101.45762634277344
-107.08517456054688
-106.30783081054688
-100.0522232055664
-105.78903198242188
-108.55851745605469
-99.93357849121094
-104.28665924072266
-105.3875503540039
-102.77709197998047
-99.57244110107422
-107.90575408935547
-104.4942398071289
-108.1729736328125
-110.12530517578125
-107.34330749511719
-106.6870346069336
-102.45906066894531
-106.12335968017578
-108.8178482055664
-104.92808532714844
-107.11174774169922
-103.96407318115234
-112.24832153320312
-105.69607543945312
-104.97112274169922
-102.37831115722656
-103.30224609375
-108.17794799804688
-106.05322265625
-110.00005340576172
-103.84745025634766
-103.4674072265625
-110.91693115234375
-108.5128402709961
-110.15097045898438
-107.60466766357422
-103.23969268798828
-105.5091781616211
-107.40506744384766
-99.40325164794922
-107.05559539794922
-101.7063217163086
-109.36614227294922
-104.8056640625
-106.45177459716797
-109.45317840576172
-112.87306213378906
-101.49761962890625
-101.87979125976562
-104.72696685791016
-109.33628845214844
-111.88468933105469
-101.54910278320312
-110.2397689819336
-108.78939819335938
-109.66351318359375
-103.92487335205078
-103.09127807617188
-106.15727996826172
-113.66663360595703
-109.49718475341797
-104.91309356689453
-107.80853271484375
-103.46943664550781
-113.01226806640625
-110.02091217041016
-107.84818267822266
-111.53623962402344
-107.10932922363281
-111.06779479980469
-101.05020904541016
-100.69938659667969
-104.54373168945312
-106.07284545898438
-115.3196792602539
-106.0268783569336
-110.19944763183594
-108.35037231445312
-111.02639770507812
-101.68136596679688
-110.78691101074219
-109.50920104980469
-111.20748901367188
-113.7994613647461
-109.53158569335938
-107.02030944824219
-109.38965606689453
-106.33582305908203
-110.92866516113281
-106.82392120361328
-107.02747344970703
-104.42793273925781
-104.692138671875
-109.31990051269531
-107.86872863769531
-105.82294464111328
-105.51925659179688
-100.78412628173828
-110.61682891845703
-107.70671844482422
-110.00190734863281
-104.01476287841797
-104.85352325439453
-99.8656234741211
-101.97760009765625
-108.1527099609375
-102.06964111328125
-103.54908752441406
-101.79684448242188
-109.78958892822266
-106.3882064819336
-103.37056732177734
-106.4483871459961
-110.96819305419922
-102.65606689453125
-102.29072570800781
-104.3885726928711
-105.96839904785156
-105.25535583496094
-105.80780029296875
-102.00475311279297
-99.7690658569336
-113.81658172607422
-102.5325698852539
-104.4509506225586
-105.71793365478516
-102.91270446777344
-105.70818328857422
-102.41738891601562
-101.5079116821289
-114.72882080078125
-99.09125518798828
-104.69223022460938
-107.62313842773438
-107.67855072021484
-117.63134002685547
-107.92952728271484
-105.72891998291016
-101.8404769897461
-101.97185516357422
-100.49906158447266
-112.85297393798828
-104.8957290649414
-102.81681823730469
-109.0460205078125
-109.15123748779297
-100.32778930664062
-103.86421966552734
-111.23037719726562
-100.66022491455078
-104.03397369384766
-105.62334442138672
-104.08168029785156
-101.118896484375
-110.24981689453125
-103.34261322021484
-111.39120483398438
-101.30087280273438
-104.76458740234375
-103.07604217529297
-108.36524963378906
-106.85365295410156
-106.51271057128906
-105.83402252197266
-103.00379180908203
-108.61825561523438
-105.94088745117188
-109.48165130615234
-97.66504669189453
-105.82612609863281
-102.86045837402344
-109.34489440917969
-102.73943328857422
-101.3825912475586
-110.95567321777344
-101.39772033691406
-110.74015045166016
-104.18916320800781
-103.55927276611328
-110.88211059570312
-105.53768920898438
-109.25372314453125
-109.92493438720703
-111.95143127441406
-102.97377014160156
-106.71690368652344
-101.18211364746094
-112.28785705566406
-96.6296615600586
-103.04006958007812
-110.77716827392578
-112.28533172607422
-108.42848205566406
-101.53617858886719
-98.0694580078125
-108.44060516357422
-103.26384735107422
-105.39939880371094
-106.10448455810547
-101.6983413696289
-104.82910919189453
-103.7795639038086
-113.12759399414062
-101.57073211669922
-102.4770736694336
-96.26197052001953
-104.74007415771484
-105.94865417480469
-100.27242279052734
-108.50640106201172
-101.28234100341797
-104.2531967163086
-101.55318450927734
-109.77538299560547
-108.61676025390625
-103.5733871459961
-103.54582214355469
-102.18203735351562
-109.68512725830078
-105.95938873291016
-108.07156372070312
-101.76811981201172
-106.88370513916016
-100.65618896484375
-104.73847198486328
-106.42424011230469
-105.09191131591797
-103.05558013916016
-102.69477844238281
-108.7732162475586
-105.33091735839844
-107.94383239746094
-101.40809631347656
-106.53968048095703
-107.04328918457031
-105.69257354736328
-109.64411163330078
-113.69792938232422
-101.64434814453125
-103.25199890136719
-101.17955017089844
-100.38745880126953
-101.09082794189453
-112.55432891845703
-103.88594818115234
-104.89098358154297
-103.22521209716797
-106.24288177490234
-107.94318389892578
-102.66281127929688
-106.70604705810547
-102.84417724609375
-113.24152374267578
-100.18340301513672
-102.40187072753906
-107.1228256225586
-105.65066528320312
-106.69771575927734
-111.39776611328125
-113.3544692993164
-103.50811004638672
-103.46084594726562
-106.13047790527344
-104.41252136230469
-106.7276840209961
-113.12638092041016
-104.60929107666016
-100.0363998413086
-109.1003646850586
-110.84662628173828
-100.66545867919922
-106.99323272705078
-101.86897277832031
-111.86042785644531
-109.36397552490234
-107.14798736572266
-102.6470947265625
-104.90653991699219
-104.83779907226562
-107.44078826904297
-106.9593734741211
-107.83788299560547
-107.96622467041016
-112.62372589111328
-104.11263275146484
-107.31423950195312
-106.4103775024414
-103.32360076904297
-106.2693099975586
-112.2137222290039
-112.11015319824219
-109.94023132324219
-101.58741760253906
-103.82231140136719
-110.82475280761719
-103.88406372070312
-101.63574981689453
-101.88899993896484
-109.96829986572266
-99.23761749267578
-110.28883361816406
-100.83605194091797
-115.89927673339844
-112.08844757080078
-106.07542419433594
-108.89849853515625
-111.76347351074219
-108.07720184326172
-105.8396224975586
-106.62018585205078
-107.99624633789062
-104.3131103515625
-100.32923889160156
-106.01146697998047
-100.74234771728516
-104.78214263916016
-104.54965209960938
-104.25684356689453
-108.6493911743164
-102.84649658203125
-106.37931823730469
-101.77607727050781
-102.68006134033203
-113.55146026611328
-111.14569091796875
-105.45101928710938
-105.56183624267578
-111.02166748046875
-108.93440246582031
-103.24932861328125
-102.93278503417969
-106.06236267089844
-102.51411437988281
-107.84034729003906
-105.78091430664062
-101.59732818603516
-106.88520812988281
-103.80305480957031
-113.87627410888672
-108.17509460449219
-107.10074615478516
-105.77257537841797
-104.98040771484375
-104.20487213134766
-103.03055572509766
-106.0501937866211
-101.37195587158203
-101.46929931640625
-103.5197982788086
-102.26292419433594
-106.3477783203125
-107.68096923828125
-106.40750122070312
-106.16010284423828
-112.04076385498047
-104.98503112792969
-104.052978515625
-111.11918640136719
-103.93585205078125
-102.18574523925781
-106.12823486328125
-108.75372314453125
-105.95735168457031
-101.41058349609375
-114.44966125488281
-110.19178009033203
-113.25186920166016
-113.85533142089844
-107.6539535522461
-102.08118438720703
-98.70916748046875
-104.19953918457031
-105.15788269042969
-101.18603515625
-103.54104614257812
-106.19136047363281
-117.88079071044922
-109.22975158691406
-111.998779296875
-110.21290588378906
-108.11217498779297
-101.97687530517578
-108.51638793945312
-103.30960845947266
-102.6724853515625
-112.07548522949219
-99.38151550292969
-109.2032470703125
-103.25167846679688
-100.90419006347656
-105.14344024658203
-111.35225677490234
-103.15648651123047
-106.03397369384766
-109.89385986328125
-108.49098205566406
-109.96475219726562
-103.36325073242188
-101.04019927978516
-111.47876739501953
-100.7745361328125
-102.85416412353516
-110.58381652832031
-108.32512664794922
-109.72322845458984
-109.2627182006836
-107.02738952636719
-102.02694702148438
-108.51483917236328
-109.96524047851562
-102.91140747070312
-102.91250610351562
-104.3506851196289
-107.64361572265625
-106.73693084716797
-103.2283935546875
-109.4504165649414
-96.80266571044922
-105.366943359375
-105.25785827636719
-106.63581085205078
-107.79869842529297
-104.16699981689453
-106.36128234863281
-104.0911636352539
-104.19132232666016
-105.76768493652344
-113.60205078125
-108.67652893066406
-104.98168182373047
-106.75944519042969
-105.12582397460938
-106.51567840576172
-107.30245208740234
-105.93524932861328
-103.01299285888672
-106.02237701416016
-106.03434753417969
-101.12419891357422
-104.71271514892578
-105.0932388305664
-103.10133361816406
-102.43842315673828
-104.99083709716797
-108.98464965820312
-112.49937438964844
-104.53298950195312
-104.76399993896484
-108.13137817382812
-106.36953735351562
-109.6479263305664
-100.95833587646484
-104.44882202148438
-108.91305541992188
-99.40000915527344
-103.98175048828125
-113.05767822265625
-103.10352325439453
-106.079833984375
-109.2780532836914
-111.22805786132812
-100.67772674560547
-105.46685028076172
-106.24808502197266
-100.01455688476562
-106.85334777832031
-108.07633972167969
-103.27626037597656
-100.23062133789062
-111.0922622680664
-108.49066162109375
-107.21104431152344
-102.5296859741211
-104.3139877319336
-110.43484497070312
-108.7919692993164
-106.10446166992188
-103.21742248535156
-106.49750518798828
-102.21094512939453
-103.84764099121094
-108.69416809082031
-107.00963592529297
-101.06685638427734
-112.99162292480469
-102.67496490478516
-103.67677307128906
-97.30528259277344
-102.1187973022461
-100.57072448730469
-104.85211944580078
-106.7291030883789
-95.73981475830078
-107.455322265625
-108.22868347167969
-106.29556274414062
-102.61216735839844
-114.43693542480469
-112.76513671875
-102.02059173583984
-100.51238250732422
-112.63346862792969
-107.10984802246094
-102.49431610107422
-107.082763671875
-101.79806518554688
-105.81529235839844
-100.74980163574219
-104.904052734375
-107.71253967285156
-107.05711364746094
-100.62107849121094
-103.07527923583984
-108.96996307373047
-99.06717681884766
-93.73855590820312
-102.4501953125
-103.39707946777344
-104.50679779052734
-101.96263122558594
-105.85576629638672
-110.77481842041016
-107.3276596069336
-103.01359558105469
-106.81443786621094
-104.98738861083984
-107.26416778564453
-106.34385681152344
-112.59675598144531
-101.40003967285156
-104.2621078491211
-104.58084106445312
-108.85334777832031
-104.57958221435547
-105.68391418457031
-103.556884765625
-104.15199279785156
-109.70303344726562
-102.39313507080078
-104.64474487304688
-107.76675415039062
-101.27208709716797
-109.02650451660156
-105.88216400146484
-111.72882080078125
-106.9651107788086
-107.52628326416016
-107.9968032836914
-107.9729995727539
-108.33623504638672
-105.45648193359375
-108.49163818359375
-103.61080932617188
-100.06620788574219
-103.33815002441406
-110.45098876953125
-114.2567138671875
-107.34556579589844
-99.1721420288086
-106.19647979736328
-110.37177276611328
-109.55810546875
-109.66783905029297
-107.40433502197266
-101.3881607055664
-108.67638397216797
-106.9652099609375
-106.38984680175781
-105.75253295898438
-105.7681884765625
-101.60897064208984
-104.37552642822266
-100.4728012084961
-106.76573944091797
-110.2192153930664
-109.13447570800781
-107.5522689819336
-106.81038665771484
-100.98220825195312
-102.12027740478516
-108.83064270019531
-102.89396667480469
-109.58541107177734
-105.71943664550781
-106.43803405761719
-98.1500244140625
-102.08228302001953
-107.51065826416016
-104.05773162841797
-103.44361114501953
-108.06964111328125
-103.18151092529297
-107.37406921386719
-102.17884826660156
-104.82398223876953
-105.76823425292969
-106.8126220703125
-112.72723388671875
-109.66897583007812
-106.65719604492188
-105.45339965820312
-100.90422821044922
-110.45032501220703
-99.33168029785156
-115.01669311523438
-104.59149932861328
-109.98723602294922
-105.38175964355469
-101.94427490234375
-101.98602294921875
-105.85431671142578
-107.45270538330078
-110.0452651977539
-107.80633544921875
-106.79084777832031
-100.54350280761719
-110.69591522216797
-104.10803985595703
-109.23534393310547
-110.2788314819336
-108.13836669921875
-106.49800109863281
-112.71910858154297
-103.47858428955078
-110.00589752197266
-103.13043212890625
-104.07057189941406
-107.74205780029297
-109.74897003173828
-109.54747009277344
-108.82118225097656
-109.29525756835938
-103.72139739990234
-108.08566284179688
-105.1727066040039
-105.04228973388672
-110.49253845214844
-101.45024108886719
-109.87932586669922
-103.52018737792969
-99.42113494873047
-109.28388977050781
-106.80872344970703
-104.48949432373047
-105.5234146118164
-109.42728424072266
-104.59735870361328
-106.8643569946289
-110.89630126953125
-97.22732543945312
-105.46125793457031
-99.49575805664062
-108.06379699707031
-104.5140609741211
-102.81048583984375
-107.14604949951172
-107.39282989501953
-107.08441925048828
-108.39585876464844
-104.24137115478516
-106.9925308227539
-108.38390350341797
-105.17598724365234
