-100.38699340820312
-112.87178802490234
-101.68338775634766
-110.0926513671875
-108.81245422363281
-107.2682876586914
-100.55888366699219
-98.01947784423828
-108.0547866821289
-100.37007141113281
-108.63780212402344
-103.86888885498047
-107.5035400390625
-104.56905364990234
-104.07501983642578
-99.89371490478516
-99.12261199951172
-108.95401000976562
-105.08012390136719
-98.2850570678711
-104.61735534667969
-104.0739517211914
-102.86444091796875
-105.1559066772461
-108.00604248046875
-113.61668395996094
-99.86445617675781
-108.68243408203125
-98.49603271484375
-102.43955993652344
-109.1274642944336
-113.0875473022461
-108.24205780029297
-112.258544921875
-108.65277099609375
-103.15138244628906
-100.11012268066406
-104.14179229736328
-104.55619049072266
-105.18962097167969
-98.40350341796875
-99.04341888427734
-107.07337951660156
-103.74736785888672
-102.4072036743164
-108.8666000366211
-105.4749755859375
-106.80912780761719
-103.88361358642578
-102.47027587890625
-101.77500915527344
-104.33822631835938
-102.95329284667969
-114.00719451904297
-109.87310028076172
-104.50469207763672
-105.27098846435547
-98.34793853759766
-94.86483001708984
-111.28305053710938
-105.07710266113281
-107.41246795654297
-100.167724609375
-102.58280944824219
-107.30311584472656
-98.67656707763672
-105.11869812011719
-103.99141693115234
-105.18193817138672
-98.8701171875
-104.37925720214844
-101.08560180664062
-101.36074829101562
-110.00235748291016
-106.95362091064453
-108.30766296386719
-100.9100112915039
-105.66580963134766
-104.2397689819336
-107.60494232177734
-102.17735290527344
-104.58440399169922
-96.45206451416016
-101.42852783203125
-108.77901458740234
-104.50300598144531
-103.98934173583984
-99.1828842163086
-106.42888641357422
-100.13225555419922
-101.02653503417969
-105.68634033203125
-103.81134033203125
-106.67507934570312
-111.13911437988281
-103.36532592773438
-104.69376373291016
-104.2965087890625
-102.61040496826172
-109.17462158203125
-104.82707214355469
-94.99259185791016
-110.00284576416016
-106.05812072753906
-102.2012710571289
-109.30564880371094
-107.11006927490234
-99.05693817138672
-103.55721282958984
-98.71588897705078
-105.05191040039062
-95.42225646972656
-104.9626693725586
-98.22286224365234
-104.76171875
-100.29278564453125
-107.05755615234375
-104.79253387451172
-102.97523498535156
-100.4618911743164
-110.38736724853516
-103.47129821777344
-103.14287567138672
-101.21629333496094
-95.99295806884766
-108.1483383178711
-103.38416290283203
-97.46942901611328
-102.82667541503906
-103.56394958496094
-97.54810333251953
-105.76529693603516
-100.84001159667969
-105.0972671508789
-98.78089141845703
-99.36021423339844
-103.28478240966797
-106.11609649658203
-103.58480072021484
-103.1170425415039
-105.98835754394531
-104.53307342529297
-102.34606170654297
-102.04778289794922
-105.69366455078125
-102.92586517333984
-102.48641204833984
-103.0017318725586
-106.87191009521484
-105.82073211669922
-110.96202087402344
-98.74078369140625
-108.20861053466797
-107.06708526611328
-110.1266098022461
-111.12025451660156
-113.21705627441406
-104.91841125488281
-108.64826965332031
-102.07777404785156
-104.2928237915039
-104.46179962158203
-107.10334014892578
-103.29004669189453
-99.65081024169922
-99.80644226074219
-108.24315643310547
-111.87930297851562
-110.39329528808594
-104.39131927490234
-105.09407806396484
-95.06190490722656
-106.10185241699219
-100.9231948852539
-99.46643829345703
-101.31391906738281
-101.88438415527344
-103.89736938476562
-105.70780944824219
-99.78617858886719
-104.95597839355469
-110.04073333740234
-104.4225845336914
-102.27104949951172
-99.48820495605469
-104.45448303222656
-100.19218444824219
-105.79136657714844
-107.07225036621094
-107.41526794433594
-107.57817840576172
-99.69419860839844
-99.34957885742188
-104.02994537353516
-102.28424072265625
-102.57645416259766
-103.40838623046875
-108.06082153320312
-100.959228515625
-105.4188461303711
-102.9363784790039
-103.97814178466797
-105.97084045410156
-98.08430480957031
-103.25407409667969
-104.04336547851562
-112.00503540039062
-99.17789459228516
-97.7553939819336
-105.77021789550781
-101.6970443725586
-104.87869262695312
-101.25872802734375
-110.67757415771484
-103.56381225585938
-105.53773498535156
-106.68202209472656
-101.90372467041016
-104.85762786865234
-103.02886199951172
-99.29991149902344
-111.20953369140625
-101.01583099365234
-106.56849670410156
-105.17115020751953
-106.92235565185547
-106.26012420654297
-105.96102905273438
-107.1772689819336
-107.43367767333984
-111.79508972167969
-113.43582916259766
-106.13217163085938
-104.76258850097656
-105.72248077392578
-97.65219116210938
-107.27277374267578
-105.52112579345703
-109.17830657958984
-102.99557495117188
-107.84951782226562
-106.31098175048828
-106.79373168945312
-105.4265365600586
-103.13898468017578
-104.24490356445312
-104.99935150146484
-106.81649780273438
-102.64491271972656
-99.70403289794922
-107.42675018310547
-105.21198272705078
-99.53711700439453
-94.86132049560547
-102.54957580566406
-104.45977783203125
-104.16535949707031
-112.26882934570312
-103.10161590576172
-106.42060089111328
-108.5558853149414
-102.6229476928711
-106.72396850585938
-100.2221450805664
-98.49378204345703
-103.65312194824219
-105.91707611083984
-96.84586334228516
-100.5862045288086
-103.39051055908203
-103.98255920410156
-104.36603546142578
-104.50740051269531
-106.53128814697266
-99.75373840332031
-104.6934585571289
-106.39932250976562
-97.82514953613281
-103.60309600830078
-106.47486114501953
-98.01657104492188
-103.63817596435547
-103.73258209228516
-102.8705825805664
-97.22023010253906
-107.22224426269531
-102.58438110351562
-105.5693359375
-107.5916976928711
-103.42961120605469
-105.06216430664062
-99.03046417236328
-103.42386627197266
-105.12287902832031
-103.82694244384766
-106.27454376220703
-102.93982696533203
-109.66471099853516
-103.5240478515625
-102.1969985961914
-101.14056396484375
-103.3740234375
-107.29024505615234
-103.69934844970703
-106.68084716796875
-103.01822662353516
-101.3072738647461
-108.64742279052734
-107.17900085449219
-108.6429672241211
-104.51227569580078
-103.99929809570312
-102.91876220703125
-105.22509765625
-98.7120361328125
-104.80282592773438
-100.13176727294922
-108.1221923828125
-102.30169677734375
-104.3591537475586
-106.45732116699219
-111.44196319580078
-100.3415298461914
-98.59517669677734
-102.59228515625
-108.95508575439453
-109.99698638916016
-99.9486312866211
-106.91631317138672
-107.62882232666016
-108.21957397460938
-103.26605224609375
-100.27342987060547
-105.0235595703125
-112.630126953125
-108.19876098632812
-103.4684829711914
-108.93008422851562
-101.73778533935547
-111.46420288085938
-108.90191650390625
-105.47925567626953
-107.88469696044922
-106.04524230957031
-112.66459655761719
-100.77313995361328
-100.07719421386719
-102.16798400878906
-104.32577514648438
-114.1731185913086
-104.9571533203125
-109.00782012939453
-108.36458587646484
-108.29940032958984
-103.47293090820312
-108.47491455078125
-106.97162628173828
-108.8314208984375
-111.11885833740234
-108.44766235351562
-105.11833190917969
-107.58939361572266
-104.3619613647461
-108.1198501586914
-104.4658203125
-104.87435150146484
-102.60543823242188
-102.01376342773438
-105.87830352783203
-106.71958923339844
-103.32295227050781
-103.56321716308594
-98.77104187011719
-110.45638275146484
-106.65728759765625
-107.92072296142578
-103.01033020019531
-102.66292572021484
-98.0247573852539
-100.15447235107422
-106.20094299316406
-99.65379333496094
-101.9594955444336
-100.8987808227539
-107.51480865478516
-104.83641815185547
-101.7872085571289
-105.1326675415039
-109.08184051513672
-100.9544677734375
-99.69091796875
-102.10176086425781
-103.5503158569336
-102.61572265625
-103.12476348876953
-101.52098846435547
-97.40065002441406
-111.8196029663086
-100.38514709472656
-102.85515594482422
-104.4192886352539
-101.55738067626953
-102.4878158569336
-101.85103607177734
-100.71586608886719
-112.7763671875
-97.07698059082031
-102.4124526977539
-104.37199401855469
-104.91210174560547
-116.24653625488281
-106.43795013427734
-105.41859436035156
-99.08506774902344
-99.61277770996094
-98.15180206298828
-110.93815612792969
-102.63215637207031
-99.95963287353516
-107.67835998535156
-106.46652221679688
-98.74482727050781
-102.77220153808594
-110.51689147949219
-99.3405990600586
-102.04987335205078
-104.30925750732422
-100.88231658935547
-98.5715560913086
-107.41323852539062
-101.00312042236328
-109.25794982910156
-98.5075912475586
-102.26036834716797
-98.87998962402344
-105.8248519897461
-103.98953247070312
-106.02954864501953
-103.98686981201172
-101.98077392578125
-105.67858123779297
-102.4879150390625
-107.8700942993164
-95.53286743164062
-103.83484649658203
-99.00480651855469
-106.49750518798828
-101.1137466430664
-100.1915512084961
-106.6113510131836
-99.49983215332031
-108.04702758789062
-102.99534606933594
-100.81787872314453
-109.14862823486328
-103.71304321289062
-108.45691680908203
-108.12882995605469
-111.025146484375
-99.62854766845703
-105.89776611328125
-102.03846740722656
-108.94390106201172
-95.58055877685547
-102.9136962890625
-109.21001434326172
-109.72346496582031
-107.81854248046875
-100.18941497802734
-98.07709503173828
-106.59932708740234
-101.12822723388672
-104.35667419433594
-104.90071868896484
-100.13151550292969
-103.23582458496094
-101.15740966796875
-110.57286071777344
-99.86979675292969
-100.86959838867188
-95.42517852783203
-102.4131851196289
-103.57430267333984
-98.18549346923828
-107.78578186035156
-100.1134033203125
-103.54629516601562
-100.44080352783203
-107.97817993164062
-107.53936004638672
-101.3253173828125
-100.90182495117188
-101.30284881591797
-107.53805541992188
-102.92073822021484
-104.964111328125
-99.7082290649414
-105.10671997070312
-99.09770202636719
-102.58246612548828
-104.3466567993164
-103.852294921875
-101.52879333496094
-100.79007720947266
-104.6123275756836
-103.80779266357422
-107.32637023925781
-98.60508728027344
-102.8739242553711
-104.50848388671875
-105.12093353271484
-106.58587646484375
-111.46356201171875
-99.9351577758789
-99.52074432373047
-98.8194351196289
-99.23096466064453
-99.14599609375
-111.16326141357422
-100.11231994628906
-103.71302795410156
-100.23699951171875
-103.73541259765625
-105.86705017089844
-100.58953094482422
-105.339599609375
-100.44037628173828
-110.29557037353516
-99.55500793457031
-101.42727661132812
-104.34439849853516
-104.06493377685547
-104.3214340209961
-109.71487426757812
-111.67451477050781
-100.84492492675781
-101.72539520263672
-104.66343688964844
-101.39292907714844
-104.78801727294922
-109.6441879272461
-102.93275451660156
-98.6885757446289
-106.21446228027344
-109.48333740234375
-98.75068664550781
-104.39295196533203
-99.1333999633789
-108.77973937988281
-108.95501708984375
-105.90780639648438
-101.1894760131836
-103.19322204589844
-103.19933319091797
-103.69340515136719
-104.51175689697266
-106.34733581542969
-104.6906967163086
-110.59964752197266
-102.36752319335938
-105.31037902832031
-104.5068588256836
-101.78267669677734
-104.4692611694336
-109.46036529541016
-108.93993377685547
-106.6864242553711
-101.29671478271484
-102.75145721435547
-109.35118865966797
-101.52061462402344
-100.30205535888672
-102.11072540283203
-108.18846893310547
-96.44393920898438
-106.42550659179688
-98.96614074707031
-114.90795135498047
-108.99976348876953
-104.84889221191406
-106.01586151123047
-109.58014678955078
-105.14007568359375
-102.38978576660156
-104.5766372680664
-105.3430404663086
-102.84526062011719
-97.89615631103516
-102.97117614746094
-97.15013885498047
-103.29423522949219
-102.21192932128906
-101.80756378173828
-105.16793060302734
-101.63243103027344
-105.09851837158203
-98.67351531982422
-99.87664794921875
-112.32113647460938
-109.81130981445312
-102.90245056152344
-102.05109405517578
-107.95214080810547
-104.55257415771484
-100.74803924560547
-101.11552429199219
-103.51863098144531
-99.44447326660156
-105.49700927734375
-103.21393585205078
-99.94210815429688
-104.9818115234375
-102.0822982788086
-111.78272247314453
-105.47847747802734
-103.870361328125
-102.62761688232422
-103.11238098144531
-102.54034423828125
-101.97261047363281
-104.36216735839844
-101.1236343383789
-99.86405944824219
-102.29611206054688
-101.1693344116211
-106.68079376220703
-106.15886688232422
-103.23887634277344
-104.01779174804688
-109.25316619873047
-103.8006820678711
-102.50825500488281
-109.92394256591797
-101.72236633300781
-100.32243347167969
-104.01516723632812
-106.12615966796875
-104.0933837890625
-99.92960357666016
-111.37775421142578
-107.67957305908203
-110.13044738769531
-110.7185287475586
-106.00102233886719
-101.20301055908203
-97.60330963134766
-101.16996765136719
-102.93421173095703
-99.57888793945312
-103.10167694091797
-106.47140502929688
-115.77847290039062
-107.07202911376953
-109.74421691894531
-107.91930389404297
-107.91776275634766
-99.62061309814453
-106.475830078125
-102.80413055419922
-101.96674346923828
-110.7372817993164
-99.73245239257812
-106.64201354980469
-103.3866195678711
-99.11337280273438
-103.33816528320312
-110.2939224243164
-102.73649597167969
-103.6052017211914
-107.17311096191406
-107.87480926513672
-108.6669692993164
-102.69926452636719
-99.60603332519531
-108.33174896240234
-99.25128936767578
-100.21196746826172
-108.02410888671875
-105.47190856933594
-106.74417877197266
-107.69012451171875
-104.87063598632812
-100.015380859375
-108.4481430053711
-107.07549285888672
-101.7927017211914
-101.06755065917969
-101.65189361572266
-105.65873718261719
-103.81808471679688
-101.09044647216797
-107.36197662353516
-93.88692474365234
-103.19052124023438
-104.19110107421875
-105.21521759033203
-104.54400634765625
-100.63871765136719
-103.27625274658203
-102.1742935180664
-101.17877960205078
-101.85298156738281
-111.36821746826172
-106.70242309570312
-103.43180847167969
-104.33069610595703
-102.61182403564453
-105.15642547607422
-106.64234161376953
-105.39466094970703
-100.27648162841797
-103.73338317871094
-103.40901947021484
-99.47879791259766
-103.86837005615234
-103.79522705078125
-102.58087158203125
-100.42479705810547
-103.53765869140625
-107.99576568603516
-109.85883331298828
-103.21501922607422
-102.00492095947266
-105.13719940185547
-104.12071990966797
-107.31681823730469
-99.33604431152344
-103.11671447753906
-107.08082580566406
-97.45195007324219
-101.84900665283203
-109.28142547607422
-102.8478775024414
-104.23079681396484
-106.52017211914062
-107.58300018310547
-99.71775817871094
-104.64054107666016
-103.92472076416016
-99.78307342529297
-102.8602066040039
-106.31482696533203
-102.59618377685547
-98.89168548583984
-107.5378189086914
-106.06877899169922
-105.38220977783203
-102.09905242919922
-103.33631896972656
-107.30665588378906
-104.5765151977539
-102.52682495117188
-101.45059204101562
-103.97371673583984
-99.03016662597656
-101.86285400390625
-106.41385650634766
-105.71753692626953
-99.16551971435547
-110.0184097290039
-100.78050231933594
-101.43742370605469
-97.15330505371094
-101.69000244140625
-99.10887908935547
-101.50383758544922
-104.70235443115234
-93.28311157226562
-107.21306610107422
-106.25926971435547
-103.26350402832031
-102.00987243652344
-113.25991821289062
-111.3876724243164
-99.36701965332031
-98.84852600097656
-108.996826171875
-105.44386291503906
-98.37277221679688
-106.48851776123047
-100.54204559326172
-104.29750061035156
-99.69752502441406
-101.99717712402344
-106.24051666259766
-105.14208984375
-99.5683822631836
-101.27156829833984
-107.60380554199219
-98.17318725585938
-93.17289733886719
-99.9243392944336
-102.0397720336914
-102.42225646972656
-101.18824005126953
-102.99317932128906
-109.37335968017578
-106.00619506835938
-101.9698486328125
-104.27654266357422
-101.69883728027344
-104.6896743774414
-104.52288818359375
-110.3429183959961
-99.52904510498047
-103.61328125
-102.98003387451172
-108.47272491455078
-101.49292755126953
-104.75855255126953
-102.44728088378906
-104.61722564697266
-108.4918212890625
-100.58374786376953
-102.35359954833984
-104.77513122558594
-100.81488037109375
-106.73358917236328
-104.53073120117188
-109.00608825683594
-103.9079360961914
-103.6912841796875
-106.37125396728516
-104.77169799804688
-105.58074951171875
-102.8714828491211
-107.54939270019531
-100.92929077148438
-98.97731018066406
-101.2296371459961
-107.8385238647461
-111.7344741821289
-106.88701629638672
-97.88665771484375
-104.52747344970703
-108.66316223144531
-107.45625305175781
-106.64958190917969
-104.21501159667969
-101.39364624023438
-107.69223022460938
-104.35704040527344
-104.10244750976562
-104.57002258300781
-103.86351013183594
-100.42158508300781
-101.81266784667969
-98.72101593017578
-105.73754119873047
-108.47210693359375
-107.56576538085938
-105.3927230834961
-103.98296356201172
-101.55702209472656
-99.75342559814453
-106.96434020996094
-100.75899505615234
-107.51624298095703
-103.78836059570312
-104.77870178222656
-96.29176330566406
-101.16053009033203
-104.66047668457031
-102.6572036743164
-101.06156158447266
-104.77749633789062
-100.71846008300781
-105.39030456542969
-101.72746276855469
-103.41699981689453
-103.88419342041016
-104.02823638916016
-112.68939208984375
-108.30738067626953
-104.53459167480469
-103.24661254882812
-99.84579467773438
-108.45784759521484
-97.71874237060547
-111.83658599853516
-102.85198974609375
-107.89767456054688
-102.121337890625
-99.04113006591797
-98.5293197631836
-103.0687026977539
-106.1977310180664
-108.50875854492188
-106.20604705810547
-105.75784301757812
-99.17456817626953
-108.87769317626953
-102.39558410644531
-107.02127075195312
-107.28961181640625
-107.2733383178711
-105.02893829345703
-111.08013916015625
-101.64157104492188
-108.14080810546875
-102.7126693725586
-100.7626953125
-106.24041748046875
-106.62928771972656
-108.64579772949219
-106.26864624023438
-106.61361694335938
-103.47647857666016
-106.53041076660156
-104.04566955566406
-103.99585723876953
-109.04415893554688
-99.26121520996094
-106.50759887695312
-101.8143310546875
-98.2557373046875
-107.5079116821289
-103.98658752441406
-102.90406799316406
-103.12124633789062
-105.8499526977539
-104.23930358886719
-104.80793762207031
-110.56087493896484
-97.09715270996094
-104.08763122558594
-99.2830810546875
-108.33404541015625
-101.9232177734375
-101.41029357910156
-104.56422424316406
-105.29969787597656
-105.72107696533203
-107.63199615478516
-103.41531372070312
-105.26605224609375
-106.48351287841797
-104.71294403076172
