-104.97986602783203
-116.15322875976562
-107.52711486816406
-114.1169662475586
-113.88252258300781
-111.68214416503906
-106.50389862060547
-100.88966369628906
-111.01419067382812
-106.61058807373047
-112.97198486328125
-107.18346405029297
-111.50291442871094
-109.5824966430664
-107.881103515625
-104.43582153320312
-103.71527099609375
-112.25816345214844
-110.50633239746094
-103.68907928466797
-107.26728057861328
-108.38079833984375
-108.78617095947266
-110.88877868652344
-114.20936584472656
-117.3034896850586
-105.5623550415039
-113.79354095458984
-104.39861297607422
-104.95262908935547
-111.73536682128906
-117.85482025146484
-111.8222885131836
-116.72621154785156
-112.77547454833984
-108.40223693847656
-103.33003997802734
-107.88041687011719
-109.49806213378906
-108.39845275878906
-102.30810546875
-103.26128387451172
-113.15629577636719
-109.1685791015625
-105.29293060302734
-111.8486099243164
-110.60222625732422
-110.44258117675781
-108.81945037841797
-106.3648681640625
-105.71875
-109.0320816040039
-108.29023742675781
-118.65505981445312
-112.50677490234375
-109.27470397949219
-110.1493911743164
-100.96000671386719
-100.68659210205078
-115.45712280273438
-108.63921356201172
-109.56135559082031
-105.96540069580078
-109.054931640625
-112.53556060791016
-103.90210723876953
-109.68172454833984
-108.60124969482422
-108.72032928466797
-104.56392669677734
-107.83214569091797
-104.23452758789062
-105.21073913574219
-113.69956970214844
-110.66081237792969
-111.1721420288086
-105.65534973144531
-110.14088439941406
-107.55450439453125
-111.94429016113281
-107.09833526611328
-110.95591735839844
-100.63723754882812
-105.33729553222656
-113.55195617675781
-108.2208480834961
-108.89785766601562
-103.13514709472656
-108.6664810180664
-103.11869049072266
-105.78545379638672
-108.9972915649414
-108.2010726928711
-110.38642120361328
-113.45976257324219
-109.66036987304688
-108.86819458007812
-109.07687377929688
-108.0574951171875
-111.72476196289062
-109.53091430664062
-98.54531860351562
-115.20027160644531
-110.2138900756836
-107.52033996582031
-114.83942413330078
-113.01058959960938
-104.42166900634766
-107.61333465576172
-102.5447769165039
-109.62017822265625
-98.68490600585938
-110.0412368774414
-102.95873260498047
-108.40008544921875
-104.4441146850586
-110.90572357177734
-106.70683288574219
-105.1223373413086
-104.17965698242188
-115.90126037597656
-107.2093505859375
-106.72340393066406
-105.18048858642578
-102.07405090332031
-111.80856323242188
-108.38807678222656
-100.93783569335938
-107.91644287109375
-107.5623550415039
-102.6695327758789
-110.33911895751953
-103.35650634765625
-109.10052490234375
-103.06446075439453
-105.29429626464844
-108.17718505859375
-110.80181884765625
-106.61474609375
-106.11439514160156
-111.56759643554688
-110.56794738769531
-106.33578491210938
-106.90641021728516
-109.62952423095703
-106.89384460449219
-108.21044158935547
-106.65483093261719
-111.6915512084961
-110.3932876586914
-113.83566284179688
-103.5145034790039
-112.42906188964844
-110.31436920166016
-114.98168182373047
-113.89410400390625
-117.31700134277344
-109.60700988769531
-111.96602630615234
-105.79670715332031
-106.97340393066406
-106.99066162109375
-111.82632446289062
-107.44493865966797
-104.45536804199219
-105.39193725585938
-111.34809875488281
-116.20156860351562
-114.2171859741211
-108.37738800048828
-110.4678955078125
-100.58088684082031
-112.41136932373047
-106.01029205322266
-103.12095642089844
-104.3436279296875
-105.16751861572266
-106.86125946044922
-110.99363708496094
-103.17987060546875
-110.04467010498047
-113.18931579589844
-110.17656707763672
-106.25289154052734
-102.4303207397461
-109.1001205444336
-104.55699920654297
-109.99645233154297
-109.4145736694336
-110.81099700927734
-113.49205017089844
-104.37664031982422
-104.58277130126953
-108.6007080078125
-104.41710662841797
-107.22462463378906
-106.25663757324219
-112.53395080566406
-103.80354309082031
-108.77044677734375
-106.1014633178711
-108.64103698730469
-109.28221130371094
-102.41726684570312
-107.60565948486328
-109.54867553710938
-114.11864471435547
-103.15863800048828
-99.97125244140625
-110.5509262084961
-106.36075592041016
-109.20467376708984
-105.17512512207031
-114.98175048828125
-107.94288635253906
-111.16764831542969
-111.38716888427734
-107.44442749023438
-109.60003662109375
-106.48704528808594
-103.47672271728516
-115.65614318847656
-104.75950622558594
-113.09881591796875
-109.37580108642578
-113.51911926269531
-109.88037109375
-109.71368408203125
-112.27808380126953
-110.6760482788086
-115.34380340576172
-119.1187744140625
-110.0568618774414
-109.9359359741211
-110.22135925292969
-102.6392822265625
-111.3587646484375
-109.44001770019531
-112.3989028930664
-106.64188385009766
-112.33070373535156
-110.33788299560547
-109.52909851074219
-110.0523452758789
-109.05469512939453
-109.41780090332031
-110.2855224609375
-110.8457260131836
-106.19173431396484
-104.74169158935547
-110.87203979492188
-109.11650848388672
-104.03091430664062
-99.74578857421875
-106.29772186279297
-109.54923248291016
-108.17129516601562
-117.44706726074219
-106.40937805175781
-110.6504898071289
-113.46163177490234
-109.34809875488281
-109.63275909423828
-103.7840805053711
-103.44328308105469
-109.70411682128906
-111.25170135498047
-100.98675537109375
-103.52930450439453
-109.0592269897461
-107.63618469238281
-108.23590087890625
-106.70733642578125
-110.75343322753906
-103.84383392333984
-107.57107543945312
-107.87664794921875
-100.95899963378906
-107.49630737304688
-111.14144134521484
-100.72101593017578
-106.2080078125
-108.01465606689453
-106.29875946044922
-100.52369689941406
-111.04367065429688
-106.52919006347656
-110.98592376708984
-111.48259735107422
-109.59587860107422
-108.25308227539062
-102.97640991210938
-106.92488861083984
-110.15640258789062
-107.35443115234375
-109.41323852539062
-106.53323364257812
-114.9466323852539
-107.84587097167969
-106.00031280517578
-105.78253936767578
-104.98651123046875
-112.43142700195312
-108.97321319580078
-112.1123046875
-105.56983184814453
-105.09346008300781
-113.1801528930664
-110.49824523925781
-112.16571044921875
-109.14578247070312
-106.4946060180664
-106.91195678710938
-109.1996841430664
-102.4685287475586
-108.20225524902344
-103.4947509765625
-110.6738510131836
-105.64570617675781
-107.3572998046875
-109.82215881347656
-113.3917007446289
-103.64871215820312
-103.70976257324219
-107.22706604003906
-112.38189697265625
-115.37315368652344
-104.20809936523438
-111.99971008300781
-110.22651672363281
-110.33476257324219
-105.4939956665039
-105.07274627685547
-108.23186492919922
-116.65258026123047
-112.5934066772461
-107.9188003540039
-109.07334899902344
-104.43704223632812
-115.32382202148438
-113.64207458496094
-111.52532958984375
-112.90369415283203
-108.53822326660156
-114.46974182128906
-103.46951293945312
-102.85746002197266
-105.42359924316406
-108.31239318847656
-117.70172882080078
-108.32088470458984
-114.12112426757812
-112.73896789550781
-114.44203186035156
-105.65975189208984
-112.62832641601562
-111.6046142578125
-112.85991668701172
-116.28709411621094
-112.92887115478516
-108.98051452636719
-111.03334045410156
-107.92491912841797
-114.43218994140625
-107.6971664428711
-108.69364166259766
-109.38573455810547
-107.53898620605469
-112.68644714355469
-108.70272064208984
-108.4561767578125
-107.5488052368164
-102.16556549072266
-115.69591522216797
-110.65481567382812
-111.98848724365234
-106.1834716796875
-106.0467529296875
-102.9964599609375
-105.27915954589844
-109.39569091796875
-103.95062255859375
-105.96234893798828
-104.86488342285156
-111.61287689208984
-108.50849151611328
-105.2122573852539
-109.27507019042969
-113.16690826416016
-104.88475799560547
-103.90082550048828
-105.48304748535156
-109.73477172851562
-108.19744873046875
-107.45138549804688
-104.63906860351562
-100.97183990478516
-116.40371704101562
-104.7353744506836
-106.31770324707031
-108.73397827148438
-105.93326568603516
-108.35443878173828
-104.3005142211914
-102.738525390625
-116.41384887695312
-101.8811264038086
-107.34122467041016
-109.2854995727539
-109.49304962158203
-118.78433227539062
-111.01326751708984
-108.53485107421875
-104.69646453857422
-104.31664276123047
-102.27989959716797
-116.49337005615234
-106.0324478149414
-104.2631607055664
-111.3484115600586
-111.63235473632812
-103.91998291015625
-105.44659423828125
-114.10655212402344
-104.09193420410156
-106.26192474365234
-109.32994842529297
-105.81636047363281
-102.73287963867188
-113.80235290527344
-103.81580352783203
-113.25430297851562
-102.53936004638672
-105.91889190673828
-103.00603485107422
-110.0821533203125
-108.12052917480469
-108.04609680175781
-107.50572204589844
-104.82755279541016
-110.10307312011719
-106.02885437011719
-111.16893768310547
-98.4724349975586
-106.48316955566406
-104.23814392089844
-108.8987808227539
-103.95611572265625
-103.51318359375
-110.45085906982422
-103.80128479003906
-112.23009490966797
-106.56813049316406
-106.58404541015625
-114.22496795654297
-108.39189147949219
-111.81991577148438
-112.90350341796875
-112.83168029785156
-103.69461059570312
-108.90018463134766
-103.22816467285156
-114.35088348388672
-98.92059326171875
-107.66144561767578
-113.04508972167969
-114.16645812988281
-111.87104034423828
-103.10494995117188
-100.2805404663086
-110.02825927734375
-105.63109588623047
-107.20953369140625
-108.74520111083984
-104.5715103149414
-106.73784637451172
-104.31181335449219
-115.85987854003906
-104.58010864257812
-105.78988647460938
-99.29401397705078
-106.3381118774414
-108.31697082519531
-100.63020324707031
-111.73043823242188
-104.34661102294922
-105.9235610961914
-103.22802734375
-111.16627502441406
-110.6375961303711
-105.47334289550781
-103.979736328125
-103.42603302001953
-112.80164337158203
-108.76708984375
-110.3521499633789
-103.16981506347656
-107.90587615966797
-103.34765625
-105.17276000976562
-107.50634765625
-108.14891052246094
-105.1698226928711
-104.63776397705078
-109.7283706665039
-107.23519897460938
-110.29936218261719
-102.66570281982422
-109.09564971923828
-108.84012603759766
-107.71939086914062
-111.72106170654297
-115.30521392822266
-103.35646057128906
-104.44296264648438
-102.99174499511719
-102.9587173461914
-103.60420989990234
-113.97413635253906
-103.85906219482422
-106.43793487548828
-104.74042510986328
-106.73919677734375
-109.39508056640625
-103.1910629272461
-108.72502899169922
-105.62847137451172
-114.3435287475586
-102.023193359375
-104.35316467285156
-108.12100219726562
-108.47374725341797
-107.99213409423828
-114.09689331054688
-115.12360382080078
-106.59806060791016
-105.9880142211914
-107.7342758178711
-105.17933654785156
-108.41805267333984
-115.30323791503906
-106.56950378417969
-101.22981262207031
-110.8410873413086
-113.88142395019531
-104.37841796875
-106.9391860961914
-102.67705535888672
-113.70933532714844
-111.1911849975586
-109.6967544555664
-105.0203857421875
-106.71968841552734
-107.25973510742188
-108.59034729003906
-109.38809967041016
-109.97967529296875
-109.8651351928711
-114.73185729980469
-105.7460708618164
-109.61829376220703
-107.88915252685547
-106.46768951416016
-107.13567352294922
-114.32105255126953
-112.83238220214844
-110.89875793457031
-104.28446960449219
-106.30039978027344
-113.80846405029297
-105.0476303100586
-103.31446838378906
-103.4691390991211
-112.72430419921875
-99.5618667602539
-111.279541015625
-103.96772766113281
-118.04936218261719
-113.40069580078125
-109.12984466552734
-111.26770782470703
-113.46775817871094
-110.1960678100586
-106.82286834716797
-108.9452896118164
-110.75225067138672
-106.52125549316406
-100.80833435058594
-107.35955047607422
-101.78691864013672
-106.984619140625
-105.67027282714844
-104.9347915649414
-109.19647979736328
-104.39376831054688
-109.82101440429688
-102.60281372070312
-103.35504150390625
-115.74205017089844
-114.83409118652344
-106.45764923095703
-107.2236099243164
-110.08495330810547
-108.66255187988281
-105.03036499023438
-104.71355438232422
-108.06559753417969
-103.77432250976562
-110.97238159179688
-107.70462799072266
-102.91507720947266
-109.10183715820312
-107.69184875488281
-115.73966217041016
-110.46363830566406
-109.04948425292969
-106.42314147949219
-106.98392486572266
-106.34318542480469
-105.0613784790039
-108.01194763183594
-103.56131744384766
-103.38784790039062
-105.67997741699219
-104.71217346191406
-108.47924041748047
-109.89847564697266
-108.81573486328125
-107.89260864257812
-114.74120330810547
-108.37477111816406
-106.86531829833984
-113.88372802734375
-106.42223358154297
-103.64188385009766
-109.32390594482422
-110.92955017089844
-107.46733093261719
-103.6888427734375
-116.18508911132812
-110.88786315917969
-113.957275390625
-114.88113403320312
-110.01316833496094
-106.90560150146484
-100.25265502929688
-105.88423156738281
-105.53479766845703
-104.88236999511719
-105.90440368652344
-109.45296478271484
-119.86318969726562
-109.59720611572266
-114.41012573242188
-113.42816162109375
-110.39086151123047
-103.85497283935547
-109.8022232055664
-104.54212188720703
-105.95526123046875
-113.56962585449219
-101.27195739746094
-112.01551818847656
-106.80174255371094
-102.3725357055664
-106.4575424194336
-113.9414291381836
-105.85435485839844
-107.93509674072266
-112.13185119628906
-110.2853012084961
-112.427001953125
-104.58808898925781
-102.9920654296875
-111.051513671875
-105.84703063964844
-105.16081237792969
-112.7094955444336
-110.21902465820312
-111.10991668701172
-112.0172119140625
-108.86116790771484
-105.10443115234375
-110.91064453125
-112.81465148925781
-106.72615051269531
-106.4510726928711
-106.24073028564453
-108.70604705810547
-108.78598022460938
-104.72550964355469
-110.65350341796875
-96.95934295654297
-105.87687683105469
-108.64344024658203
-108.99169158935547
-109.53749084472656
-106.43157196044922
-108.55751037597656
-107.08366394042969
-105.72391510009766
-105.34796905517578
-116.11649322509766
-111.31974029541016
-106.75186920166016
-108.74945068359375
-107.29293060302734
-109.57537841796875
-110.71935272216797
-108.29408264160156
-104.4617691040039
-108.27347564697266
-108.69160461425781
-105.11595916748047
-109.24398040771484
-107.61775207519531
-105.881591796875
-104.49613189697266
-108.53848266601562
-111.16284942626953
-113.87284088134766
-105.81040954589844
-107.47423553466797
-112.10940551757812
-108.6733169555664
-110.7474594116211
-103.07656860351562
-106.49711608886719
-111.57225799560547
-99.95893859863281
-105.489013671875
-114.39862823486328
-104.83758544921875
-109.3607177734375
-110.2449951171875
-112.33027648925781
-102.47716522216797
-107.5698013305664
-109.97249603271484
-101.7701416015625
-107.0527114868164
-110.37421417236328
-106.14730072021484
-103.63278198242188
-112.66340637207031
-111.00080871582031
-110.5999755859375
-105.09342193603516
-105.36547088623047
-111.4384994506836
-110.04591369628906
-106.35806274414062
-106.05255126953125
-108.62224578857422
-102.53117370605469
-107.9863052368164
-109.12122344970703
-109.32417297363281
-103.9885025024414
-115.17584228515625
-105.21646881103516
-105.9900894165039
-100.16175079345703
-105.0560531616211
-102.4545669555664
-105.79377746582031
-107.99913024902344
-96.91878509521484
-109.36328125
-109.8640365600586
-106.92462921142578
-104.83099365234375
-116.89710998535156
-116.00077819824219
-104.1563720703125
-103.2238998413086
-113.49483489990234
-109.67676544189453
-103.08378601074219
-108.11518096923828
-104.17967224121094
-108.103271484375
-103.13231658935547
-106.57893371582031
-110.26925659179688
-108.5015869140625
-103.13890075683594
-105.12347412109375
-110.93401336669922
-101.59707641601562
-95.90218353271484
-103.78724670410156
-105.44725036621094
-105.79582977294922
-104.67589569091797
-107.36243438720703
-112.98934936523438
-108.48869323730469
-106.18584442138672
-108.50530242919922
-105.4319076538086
-109.97046661376953
-108.22520446777344
-114.84300231933594
-102.11381530761719
-106.0509262084961
-106.82292175292969
-111.14189910888672
-104.75191497802734
-108.38317108154297
-104.94945526123047
-106.8295669555664
-111.4929428100586
-104.57110595703125
-105.03677368164062
-109.27153015136719
-104.43986511230469
-111.82785034179688
-107.16110229492188
-113.85342407226562
-107.54278564453125
-108.6255874633789
-110.65278625488281
-110.00106811523438
-110.71063995361328
-106.28413391113281
-110.1678237915039
-105.49856567382812
-102.85491180419922
-103.9992904663086
-113.34170532226562
-114.63459777832031
-110.45396423339844
-99.96778106689453
-107.44204711914062
-113.70584106445312
-110.93254089355469
-110.08181762695312
-108.77281188964844
-102.05268096923828
-111.17431640625
-109.25605010986328
-107.30125427246094
-107.19659423828125
-107.93976593017578
-105.15837860107422
-106.04415893554688
-102.68368530273438
-108.06299591064453
-111.90557098388672
-111.18327331542969
-107.30741119384766
-108.48466491699219
-104.2490234375
-104.35813903808594
-111.28955841064453
-105.76019287109375
-112.92058563232422
-107.08261108398438
-109.50667572021484
-98.8523178100586
-105.13255310058594
-109.17301940917969
-106.48258209228516
-106.08982849121094
-111.10697937011719
-104.56048583984375
-110.26380157470703
-103.78091430664062
-106.87538146972656
-107.44345092773438
-108.60651397705078
-114.22281646728516
-112.22522735595703
-107.52452850341797
-105.70501708984375
-102.43009185791016
-113.13479614257812
-102.71247863769531
-115.95897674560547
-105.54598999023438
-112.89977264404297
-107.7139663696289
-104.05547332763672
-102.87599182128906
-107.53165435791016
-109.59022521972656
-113.68538665771484
-110.491455078125
-110.11589813232422
-103.45863342285156
-113.17343139648438
-105.6656723022461
-112.539794921875
-112.81389617919922
-110.77095794677734
-109.36253356933594
-115.38683319091797
-105.20657348632812
-111.3758773803711
-105.099853515625
-105.8795394897461
-109.65767669677734
-110.63929748535156
-110.8727035522461
-110.86825561523438
-111.05492401123047
-105.78694915771484
-108.83112335205078
-107.70492553710938
-107.45405578613281
-112.26568603515625
-103.3329849243164
-111.18793487548828
-105.09581756591797
-101.9342269897461
-111.37930297851562
-108.38285827636719
-106.81250762939453
-105.67893981933594
-109.87938690185547
-108.15959167480469
-109.46788787841797
-115.07656860351562
-99.30450439453125
-106.58025360107422
-101.5031509399414
-113.0619125366211
-104.67408752441406
-104.26150512695312
-109.28955078125
-108.4925308227539
-109.77131652832031
-110.61530303955078
-105.6112289428711
-108.42533111572266
-109.09889221191406
-108.15076446533203
