-110.72463989257812
-122.24765014648438
-113.9267807006836
-118.73828125
-119.036376953125
-115.68667602539062
-111.59336853027344
-105.28042602539062
-118.10856628417969
-110.09970092773438
-117.72737884521484
-112.45643615722656
-118.36167907714844
-114.94352722167969
-112.40850830078125
-108.26001739501953
-109.58821105957031
-118.61628723144531
-114.8437271118164
-106.40386199951172
-112.67012023925781
-112.24516296386719
-114.40641021728516
-115.96969604492188
-119.26762390136719
-120.98542022705078
-109.60640716552734
-120.75872802734375
-108.03570556640625
-109.95677185058594
-116.96940612792969
-124.21971130371094
-117.99857330322266
-121.65451049804688
-118.1633529663086
-114.06605529785156
-110.39293670654297
-112.26988220214844
-114.25727081298828
-114.02241516113281
-106.25587463378906
-107.84501647949219
-118.83348083496094
-111.52024841308594
-111.56318664550781
-118.75492095947266
-114.82184600830078
-115.2552490234375
-113.21053314208984
-112.47570037841797
-109.5815658569336
-114.94774627685547
-112.81271362304688
-124.66241455078125
-120.15005493164062
-114.8555679321289
-115.87469482421875
-105.73331451416016
-105.76856231689453
-122.43497467041016
-114.1751708984375
-116.10465240478516
-111.15998077392578
-114.68939208984375
-117.90436553955078
-109.26685333251953
-114.88378143310547
-114.6325454711914
-112.04550170898438
-107.82882690429688
-113.3044662475586
-108.12110900878906
-111.28578186035156
-120.38780975341797
-115.93262481689453
-115.8165512084961
-110.90850067138672
-114.71550750732422
-110.96537780761719
-118.07241821289062
-110.79219055175781
-114.96971893310547
-106.60728454589844
-112.72592163085938
-119.26364135742188
-113.32450866699219
-115.3515396118164
-106.9924087524414
-113.68040466308594
-108.2308120727539
-110.89988708496094
-114.82051849365234
-112.32550048828125
-115.86561584472656
-120.82368469238281
-113.70924377441406
-114.58740234375
-112.78803253173828
-112.71922302246094
-116.20789337158203
-114.7298355102539
-103.73738098144531
-120.35132598876953
-114.85366821289062
-112.38819122314453
-120.05044555664062
-117.05116271972656
-108.2243881225586
-114.11550903320312
-106.17306518554688
-114.99591064453125
-103.69743347167969
-114.8978271484375
-107.40238952636719
-111.78459930419922
-109.27151489257812
-116.47332763671875
-113.78125
-110.08070373535156
-107.6074447631836
-119.26126098632812
-111.79812622070312
-113.44107818603516
-110.17100524902344
-103.1359634399414
-117.7855224609375
-112.26908111572266
-106.26146697998047
-113.51057434082031
-112.9120864868164
-106.28787994384766
-116.64978790283203
-106.31861114501953
-115.33956909179688
-107.22773742675781
-111.33924102783203
-112.39089965820312
-117.87273406982422
-111.62434387207031
-112.52500915527344
-116.928955078125
-116.18097686767578
-111.06718444824219
-112.5455322265625
-114.09368133544922
-111.24689483642578
-112.88288116455078
-113.05245971679688
-116.05731201171875
-116.4711685180664
-120.85981750488281
-107.45046997070312
-116.47718811035156
-115.79737854003906
-118.09314727783203
-119.44229125976562
-122.876220703125
-113.56416320800781
-116.85958862304688
-110.35967254638672
-111.65217590332031
-110.41609191894531
-115.75453186035156
-112.43934631347656
-107.84591674804688
-110.24262237548828
-117.06246185302734
-120.51896667480469
-117.93534851074219
-113.7011489868164
-115.13550567626953
-104.12528991699219
-118.3519287109375
-110.21508026123047
-107.1513442993164
-112.23535919189453
-110.1595230102539
-111.62460327148438
-115.8399658203125
-109.39144134521484
-114.60356140136719
-117.88238525390625
-115.58042907714844
-110.25509643554688
-106.90221405029297
-114.45431518554688
-110.29935455322266
-115.21968078613281
-113.23450469970703
-115.09402465820312
-116.78185272216797
-109.98387145996094
-108.21805572509766
-114.44951629638672
-107.56475830078125
-111.4383773803711
-110.8380126953125
-116.79335021972656
-106.28909301757812
-113.69358825683594
-111.46529388427734
-112.86348724365234
-114.44591522216797
-105.96090698242188
-114.42711639404297
-115.12477111816406
-118.40841674804688
-108.79541015625
-105.3437728881836
-117.6461181640625
-111.56143188476562
-111.9529037475586
-110.45941162109375
-121.44074249267578
-115.27877044677734
-114.3525619506836
-115.00513458251953
-111.81884765625
-115.22565460205078
-111.43900299072266
-106.80574035644531
-122.044677734375
-109.24151611328125
-118.507080078125
-114.81884765625
-117.53008270263672
-114.90351104736328
-115.38677978515625
-117.76224517822266
-115.37531280517578
-120.66358184814453
-123.43290710449219
-114.39767456054688
-113.37068176269531
-116.9780044555664
-105.86190795898438
-116.08129119873047
-114.13251495361328
-117.92759704589844
-112.732177734375
-118.5217514038086
-114.15780639648438
-115.5007095336914
-114.84098815917969
-112.23101043701172
-112.07833099365234
-115.95404052734375
-116.03864288330078
-111.75145721435547
-109.31797790527344
-116.25220489501953
-115.4307861328125
-111.09640502929688
-105.64148712158203
-111.86168670654297
-114.18368530273438
-114.16954040527344
-123.53846740722656
-110.20620727539062
-116.77326965332031
-119.3534927368164
-112.99124908447266
-114.57154846191406
-108.46952056884766
-107.73839569091797
-112.76829528808594
-114.3255386352539
-105.97113800048828
-107.58426666259766
-113.24626159667969
-113.1291275024414
-112.58496856689453
-110.61648559570312
-115.53897857666016
-109.17135620117188
-114.21197509765625
-113.16818237304688
-106.19939422607422
-114.18949890136719
-117.34947967529297
-105.81033325195312
-111.5671615600586
-114.75965881347656
-111.20890808105469
-105.66487121582031
-114.95931243896484
-113.34174346923828
-117.22845458984375
-115.64701843261719
-113.19763946533203
-114.91219329833984
-108.31327819824219
-112.02458953857422
-114.51272583007812
-113.2682876586914
-115.11288452148438
-111.59645080566406
-117.072265625
-112.12360382080078
-110.54818725585938
-110.45647430419922
-111.21023559570312
-117.97906494140625
-114.01081848144531
-116.93128204345703
-111.49361419677734
-108.12999725341797
-116.80877685546875
-115.3843994140625
-116.85980987548828
-114.59840393066406
-110.47746276855469
-111.61048889160156
-113.18594360351562
-107.4621353149414
-115.12854766845703
-108.61433410644531
-116.89881896972656
-111.01193237304688
-112.78565216064453
-116.08602905273438
-119.43089294433594
-108.48255920410156
-105.50643157958984
-110.48326873779297
-117.66139221191406
-119.072265625
-108.12213897705078
-118.3578872680664
-115.6240463256836
-116.27464294433594
-111.8292465209961
-110.7948989868164
-113.99480438232422
-119.74124145507812
-118.56304931640625
-113.4928970336914
-114.48606872558594
-109.54896545410156
-118.875
-119.17029571533203
-115.51521301269531
-117.91493225097656
-113.92658996582031
-118.42201232910156
-108.16632080078125
-107.37069702148438
-109.8786849975586
-112.35675048828125
-121.43518829345703
-113.97166442871094
-118.61587524414062
-117.06370544433594
-117.81581115722656
-108.97190856933594
-116.38594055175781
-115.37548065185547
-117.65161895751953
-120.16294860839844
-116.75408172607422
-113.48854064941406
-115.63494110107422
-112.47782897949219
-118.09220886230469
-113.6367416381836
-112.8936996459961
-112.55110931396484
-110.22207641601562
-116.29035186767578
-113.3749008178711
-112.34786987304688
-111.0596694946289
-106.20970916748047
-119.66149139404297
-116.5297622680664
-117.39898681640625
-109.85092163085938
-109.57272338867188
-108.09039306640625
-110.0488052368164
-114.52323913574219
-107.30420684814453
-110.10089111328125
-108.2650146484375
-116.1339111328125
-112.01057434082031
-110.45320892333984
-114.47975158691406
-118.65985107421875
-109.31267547607422
-108.14630126953125
-108.45709228515625
-112.23572540283203
-112.2386474609375
-112.58922576904297
-107.91748046875
-105.83839416503906
-120.37315368652344
-109.19367980957031
-111.3586196899414
-112.50753784179688
-111.07512664794922
-113.89854431152344
-108.18817901611328
-107.04791259765625
-122.16278076171875
-105.286865234375
-111.43376922607422
-114.24356079101562
-113.56121063232422
-123.5262451171875
-114.65721893310547
-114.77764892578125
-107.52818298339844
-107.51100158691406
-107.8031234741211
-120.57930755615234
-108.79216003417969
-108.53406524658203
-115.27444458007812
-114.26689147949219
-107.89109802246094
-110.69941711425781
-117.57514953613281
-107.54149627685547
-109.7663803100586
-113.05122375488281
-108.85711669921875
-106.69051361083984
-116.59516143798828
-108.0772476196289
-117.98265838623047
-106.88941192626953
-110.24091339111328
-108.18531799316406
-114.88433837890625
-111.53744506835938
-113.0032730102539
-114.16651153564453
-110.05304718017578
-115.66275024414062
-110.03221130371094
-116.04733276367188
-102.54370880126953
-112.86023712158203
-107.71128845214844
-114.31959533691406
-109.62257385253906
-108.04278564453125
-114.5971450805664
-108.94886016845703
-117.49642944335938
-109.46719360351562
-110.5849609375
-120.10169219970703
-112.83357238769531
-115.673095703125
-116.60355377197266
-116.74385833740234
-108.25944519042969
-112.88744354248047
-108.35796356201172
-118.66645812988281
-102.83190155029297
-112.93169403076172
-117.66688537597656
-120.46383666992188
-116.28860473632812
-106.14590454101562
-104.00531005859375
-114.28162384033203
-110.25682067871094
-110.66622161865234
-112.80633544921875
-108.64531707763672
-111.12725830078125
-108.32933044433594
-120.17539978027344
-108.4403305053711
-110.67169952392578
-102.48713684082031
-111.3486328125
-111.92913818359375
-103.88848114013672
-115.31096649169922
-108.92386627197266
-110.15364074707031
-106.21851348876953
-115.71167755126953
-115.03072357177734
-109.86698150634766
-109.617431640625
-109.10945892333984
-116.28679656982422
-110.69634246826172
-115.8355712890625
-108.6168441772461
-113.3667984008789
-106.93238067626953
-109.30059814453125
-113.30738830566406
-112.19510650634766
-108.59032440185547
-107.6546401977539
-114.6366195678711
-110.20280456542969
-115.06536865234375
-107.70005798339844
-113.64730834960938
-112.34024810791016
-114.57400512695312
-115.58467102050781
-119.76632690429688
-108.6611557006836
-109.36428833007812
-106.80699157714844
-108.31926727294922
-107.77436828613281
-118.05120849609375
-108.44747161865234
-111.5983657836914
-108.80799865722656
-112.24873352050781
-114.52181243896484
-108.79171752929688
-112.84558868408203
-110.02893829345703
-118.54615020751953
-106.62578582763672
-108.4012222290039
-112.92281341552734
-112.74848937988281
-112.08181762695312
-120.83366394042969
-119.80841827392578
-108.57647705078125
-110.98026275634766
-111.5867691040039
-108.66120910644531
-112.54147338867188
-117.70919799804688
-112.29962921142578
-104.60005187988281
-114.83622741699219
-116.61917877197266
-107.02055358886719
-113.56236267089844
-106.94074249267578
-119.51751708984375
-116.83512878417969
-113.68885040283203
-109.54078674316406
-110.96461486816406
-111.63565063476562
-112.7347183227539
-113.65616607666016
-114.19776916503906
-113.55481719970703
-117.64917755126953
-110.0669937133789
-114.5418472290039
-112.97119140625
-108.72721099853516
-112.34971618652344
-119.41129302978516
-118.2564468383789
-115.57971954345703
-108.01516723632812
-110.18090057373047
-119.13323211669922
-108.83673095703125
-107.55677795410156
-107.06065368652344
-116.69075775146484
-103.66742706298828
-115.4843978881836
-108.3319320678711
-123.89722442626953
-118.671142578125
-114.3407974243164
-115.49469757080078
-115.95198822021484
-112.63238525390625
-112.73974609375
-112.67748260498047
-115.69097137451172
-110.16686248779297
-105.20600128173828
-111.5872573852539
-104.6746826171875
-111.04242706298828
-109.78768920898438
-108.7184829711914
-112.01142120361328
-109.92953491210938
-112.04122161865234
-105.59402465820312
-106.26115417480469
-119.06834411621094
-117.79931640625
-110.31539154052734
-110.52197265625
-113.99124145507812
-113.68594360351562
-108.63802337646484
-109.97531127929688
-110.4605484008789
-107.96278381347656
-114.72483825683594
-111.9742431640625
-107.51878356933594
-112.95206451416016
-110.83513641357422
-119.41800689697266
-116.6801528930664
-112.8151626586914
-110.21341705322266
-111.77564239501953
-109.43104553222656
-109.95942687988281
-112.42218017578125
-106.26680755615234
-108.03507995605469
-110.8508529663086
-108.06493377685547
-112.78682708740234
-114.81536102294922
-112.46009063720703
-112.38188934326172
-117.63768005371094
-113.75636291503906
-110.17156982421875
-118.44403839111328
-110.09686279296875
-107.06409454345703
-113.8219985961914
-115.19970703125
-112.23155212402344
-108.11590576171875
-120.02741241455078
-115.75436401367188
-119.02275085449219
-118.95938110351562
-113.1158447265625
-111.12892150878906
-104.32994842529297
-108.90902709960938
-109.86746215820312
-109.48063659667969
-110.40375518798828
-113.54417419433594
-123.6634521484375
-113.69876861572266
-119.54515075683594
-117.15071105957031
-114.94224548339844
-108.09559631347656
-115.23501586914062
-107.74341583251953
-109.22923278808594
-117.57334899902344
-105.97435760498047
-116.86624908447266
-110.95555114746094
-105.01856994628906
-110.73834228515625
-118.03372955322266
-110.73175811767578
-112.93180084228516
-116.76416015625
-116.3109130859375
-116.38835144042969
-109.41670989990234
-108.50619506835938
-114.08639526367188
-108.06861877441406
-109.22078704833984
-117.21341705322266
-113.10990142822266
-114.94053649902344
-114.7337875366211
-112.15834045410156
-107.57890319824219
-114.6800537109375
-118.135009765625
-108.4384536743164
-108.21084594726562
-109.16658782958984
-112.35618591308594
-112.62515258789062
-108.77442169189453
-115.64714050292969
-100.93390655517578
-110.13773345947266
-112.8152847290039
-112.12332153320312
-114.57180786132812
-108.84676361083984
-112.2801513671875
-111.59770202636719
-109.28466033935547
-110.97950744628906
-120.32776641845703
-114.19889068603516
-110.26356506347656
-113.23332214355469
-111.46751403808594
-112.78059387207031
-112.05267333984375
-112.31785583496094
-108.9090805053711
-111.95558166503906
-112.68106842041016
-107.318115234375
-110.43618774414062
-110.83477020263672
-109.23493194580078
-108.40914916992188
-111.40642547607422
-113.98835754394531
-120.51444244384766
-110.6539535522461
-110.44120788574219
-115.0914077758789
-112.91346740722656
-114.83623504638672
-108.47607421875
-111.97471618652344
-115.62535095214844
-104.73638153076172
-109.98921203613281
-119.2849349975586
-110.96503448486328
-111.95519256591797
-115.88948059082031
-117.86724090576172
-107.2029800415039
-111.01739501953125
-112.03520202636719
-105.09905242919922
-112.96563720703125
-113.60688781738281
-111.1049575805664
-106.75811767578125
-116.4885482788086
-114.32723236083984
-113.31295776367188
-107.58935546875
-109.05098724365234
-115.35037231445312
-112.28643035888672
-109.77018737792969
-110.03372955322266
-112.14508056640625
-106.00231170654297
-110.16385650634766
-113.44222259521484
-114.28656005859375
-106.60820770263672
-119.92019653320312
-108.25475311279297
-110.10001373291016
-104.85111236572266
-107.71450805664062
-106.68168640136719
-110.29341125488281
-110.85253143310547
-99.29967498779297
-112.71172332763672
-113.92363739013672
-111.1258544921875
-108.52806854248047
-119.81024169921875
-118.98257446289062
-109.19876861572266
-106.7252426147461
-117.7048110961914
-112.5091552734375
-107.78489685058594
-111.72392272949219
-109.39508056640625
-112.77046203613281
-107.45037841796875
-110.50090789794922
-114.08535766601562
-114.09944915771484
-108.37276458740234
-109.45433044433594
-115.75601959228516
-104.96015167236328
-99.49203491210938
-109.4961929321289
-108.93431854248047
-111.49272155761719
-108.7760238647461
-111.35940551757812
-118.55921936035156
-112.8318862915039
-111.05777740478516
-113.9979019165039
-109.58213806152344
-114.37122344970703
-112.42574310302734
-117.87211608886719
-107.29631805419922
-110.18694305419922
-112.45608520507812
-116.44117736816406
-109.95243835449219
-111.5228271484375
-108.54857635498047
-110.52255249023438
-115.62347412109375
-107.48933410644531
-110.2089614868164
-112.78533172607422
-107.9424057006836
-114.91207885742188
-109.63086700439453
-116.6444320678711
-111.01812744140625
-112.94003295898438
-114.58267211914062
-112.29756164550781
-113.64322662353516
-109.3080062866211
-113.8483657836914
-108.01676940917969
-107.3770523071289
-108.0478515625
-116.3641357421875
-119.88721466064453
-112.66490936279297
-103.8343505859375
-110.2538833618164
-116.28578186035156
-116.19959259033203
-114.29279327392578
-112.49500274658203
-104.77686309814453
-116.70861053466797
-112.56017303466797
-112.05254364013672
-111.06122589111328
-111.50135040283203
-109.59324645996094
-110.31452178955078
-105.78980255126953
-112.94883728027344
-116.34886932373047
-114.9843978881836
-111.59906768798828
-112.8919906616211
-108.23082733154297
-107.241943359375
-114.90037536621094
-108.92723083496094
-115.19541931152344
-111.1026840209961
-112.47840881347656
-102.63758850097656
-108.37732696533203
-112.59773254394531
-108.9476089477539
-108.02637481689453
-113.68959045410156
-108.4739761352539
-111.68626403808594
-107.74383544921875
-109.52112579345703
-111.70398712158203
-112.3140869140625
-117.71208953857422
-116.93982696533203
-110.9117431640625
-110.7411117553711
-106.09454345703125
-117.96199035644531
-105.39295959472656
-118.95800018310547
-110.59331512451172
-117.79215240478516
-110.24222564697266
-108.71127319335938
-109.39482879638672
-111.50715637207031
-113.54393005371094
-116.43302154541016
-115.62110900878906
-112.5214614868164
-108.51287078857422
-115.37494659423828
-109.38270568847656
-115.99958801269531
-115.76018524169922
-114.41532897949219
-113.36470031738281
-118.02684020996094
-110.19852447509766
-114.76860046386719
-107.36625671386719
-109.98064422607422
-113.48770141601562
-115.87114715576172
-115.19995880126953
-113.81814575195312
-113.8562240600586
-109.7877197265625
-113.8659439086914
-112.28297424316406
-110.04791259765625
-114.5591812133789
-107.15535736083984
-114.95880126953125
-110.13607025146484
-105.60199737548828
-113.99918365478516
-112.75828552246094
-111.86012268066406
-111.02275085449219
-113.26404571533203
-111.56478118896484
-114.40354919433594
-119.7932357788086
-102.82699584960938
-112.5414047241211
-103.53350067138672
-116.88330078125
-108.25310516357422
-107.35090637207031
-112.9037094116211
-112.4159164428711
-114.70237731933594
-114.05784606933594
-109.29939270019531
-113.67015075683594
-112.95915985107422
-111.86682891845703
