-100.26470947265625
-112.58397674560547
-105.65359497070312
-110.0319595336914
-110.78364562988281
-108.87503814697266
-102.8524398803711
-99.38737487792969
-107.58698272705078
-102.36787414550781
-111.12771606445312
-103.25506591796875
-109.42007446289062
-106.31233978271484
-105.99706268310547
-100.2374038696289
-101.05001068115234
-108.65643310546875
-107.12767028808594
-101.38262939453125
-103.80343627929688
-105.89778137207031
-105.72090148925781
-108.95830535888672
-110.25276184082031
-113.58442687988281
-101.71006774902344
-109.78715515136719
-100.05878448486328
-102.4625473022461
-110.19322204589844
-114.2216567993164
-109.1219711303711
-113.91046142578125
-110.24434661865234
-104.1968765258789
-100.18265533447266
-105.69081115722656
-106.05337524414062
-104.98381805419922
-98.19575500488281
-99.8410415649414
-107.8876724243164
-102.7516098022461
-103.1451187133789
-109.50899505615234
-106.93589782714844
-107.74497985839844
-105.61827850341797
-103.20824432373047
-103.1869888305664
-105.72807312011719
-105.53048706054688
-115.24066925048828
-110.5049819946289
-104.81758880615234
-106.30207061767578
-100.85411071777344
-97.52610778808594
-111.8652114868164
-106.05520629882812
-107.24275970458984
-102.96199798583984
-105.95416259765625
-107.95594024658203
-100.31095886230469
-106.680908203125
-107.57635498046875
-105.3245849609375
-99.71337127685547
-105.60671997070312
-101.79561614990234
-102.12789154052734
-110.72189331054688
-107.8453598022461
-108.40450286865234
-101.909912109375
-107.46012878417969
-104.95375061035156
-109.8726577758789
-103.8861083984375
-106.37237548828125
-96.09286499023438
-102.32556915283203
-111.75626373291016
-105.09611511230469
-106.41268157958984
-100.63780975341797
-106.25225830078125
-100.6048583984375
-103.17817687988281
-107.01792907714844
-105.80937957763672
-108.56134033203125
-112.41741943359375
-105.80457305908203
-106.30076599121094
-105.1921157836914
-105.49774169921875
-111.19036865234375
-107.4267578125
-98.00496673583984
-111.37960052490234
-108.09599304199219
-104.96845245361328
-110.75752258300781
-108.18951416015625
-101.00218200683594
-105.10659790039062
-100.01943969726562
-106.76265716552734
-96.2215347290039
-106.28067016601562
-99.99075317382812
-106.1664810180664
-101.95277404785156
-106.6832046508789
-105.38185119628906
-103.657958984375
-101.06342315673828
-112.27347564697266
-105.53642272949219
-105.6046142578125
-103.12681579589844
-96.81737518310547
-109.98931884765625
-104.54590606689453
-98.84220886230469
-105.30532836914062
-104.88140106201172
-98.90608215332031
-107.53203582763672
-99.3133773803711
-106.0008316040039
-100.15481567382812
-101.2862319946289
-104.46778106689453
-107.64692687988281
-105.2173080444336
-104.6194839477539
-108.70076751708984
-106.93380737304688
-103.48746490478516
-104.6054458618164
-106.50994873046875
-105.78751373291016
-103.61099243164062
-103.83428955078125
-108.08673095703125
-107.19477081298828
-110.53771209716797
-100.81986236572266
-108.92816162109375
-108.71415710449219
-111.5918197631836
-111.39891052246094
-113.26546478271484
-106.85234069824219
-108.67415618896484
-101.75820922851562
-105.76542663574219
-103.86922454833984
-108.9418716430664
-103.58132934570312
-100.13268280029297
-101.31568908691406
-108.03971862792969
-112.45879364013672
-111.30543518066406
-104.19721221923828
-106.86580657958984
-97.06570434570312
-109.20098876953125
-103.40209197998047
-99.48912811279297
-101.99137115478516
-102.99342346191406
-105.5791244506836
-107.62361907958984
-102.43196105957031
-106.87335968017578
-110.85774230957031
-106.20146179199219
-103.74054718017578
-100.49877166748047
-105.41461181640625
-102.4364242553711
-106.31640625
-107.21868896484375
-109.12651824951172
-108.45946502685547
-101.36632537841797
-101.04302215576172
-105.96538543701172
-103.91105651855469
-103.39775848388672
-104.8765869140625
-109.1523208618164
-101.36425018310547
-105.6595230102539
-103.8865966796875
-105.16272735595703
-106.07736206054688
-100.11589050292969
-106.4771728515625
-105.84683227539062
-112.18489074707031
-100.35358428955078
-98.05184936523438
-107.1440200805664
-102.48332977294922
-106.10938262939453
-102.61752319335938
-112.16284942626953
-105.62920379638672
-107.14964294433594
-107.5430908203125
-103.77130889892578
-107.01847839355469
-104.25279998779297
-100.61317443847656
-112.68203735351562
-101.69690704345703
-107.65371704101562
-105.76765441894531
-110.09284973144531
-107.35173034667969
-106.33941650390625
-108.930419921875
-108.28611755371094
-114.25045776367188
-115.85118103027344
-107.98284912109375
-105.94239807128906
-107.11842346191406
-98.54193878173828
-108.92021179199219
-109.98371887207031
-110.07475280761719
-105.66397857666016
-110.45929718017578
-106.88819122314453
-108.3073501586914
-108.67041015625
-105.5365219116211
-106.99287414550781
-107.35672760009766
-109.50885772705078
-104.3772201538086
-101.97704315185547
-108.65515899658203
-106.71920013427734
-102.76569366455078
-97.0209732055664
-104.9206771850586
-106.1150131225586
-105.17066955566406
-114.55887603759766
-103.78193664550781
-109.14972686767578
-111.34297943115234
-105.00923919677734
-106.5640640258789
-102.06155395507812
-100.99171447753906
-105.94457244873047
-107.37276458740234
-99.02847290039062
-102.97099304199219
-106.31620025634766
-105.16898345947266
-104.89114379882812
-103.7735366821289
-108.26297760009766
-102.00379943847656
-105.53646850585938
-107.61188507080078
-100.55763244628906
-105.02803802490234
-107.59175872802734
-99.67479705810547
-102.83465576171875
-106.1519775390625
-102.95304870605469
-99.7535629272461
-107.13356018066406
-105.18077087402344
-107.48269653320312
-109.61055755615234
-105.11673736572266
-105.39859008789062
-101.15380859375
-103.91915893554688
-106.54216766357422
-106.39791870117188
-107.01438903808594
-103.55323028564453
-110.8165283203125
-105.94784545898438
-105.02271270751953
-102.67259979248047
-103.606689453125
-109.30780792236328
-106.23296356201172
-108.67217254638672
-103.18995666503906
-102.87032318115234
-109.72966003417969
-106.49561309814453
-110.77191162109375
-106.48722839355469
-104.05889129638672
-103.89490509033203
-106.74962615966797
-100.11558532714844
-106.873291015625
-101.91724395751953
-109.03257751464844
-104.29609680175781
-105.32443237304688
-107.24559783935547
-111.52066802978516
-101.96139526367188
-100.7794189453125
-104.76460266113281
-110.26486206054688
-110.16829681396484
-102.06826782226562
-107.86981201171875
-108.95198059082031
-108.63374328613281
-103.16565704345703
-101.75984954833984
-107.10153198242188
-113.72894287109375
-110.97460174560547
-104.2377700805664
-107.0086669921875
-102.33926391601562
-112.83418273925781
-110.90198516845703
-108.3183364868164
-109.46585083007812
-106.66358947753906
-112.37395477294922
-100.30760192871094
-99.65851593017578
-103.57343292236328
-105.56784057617188
-114.42344665527344
-106.8848876953125
-109.38921356201172
-108.64427185058594
-110.49153137207031
-102.40315246582031
-110.30675506591797
-107.34123229980469
-109.66095733642578
-112.81156921386719
-109.23626708984375
-106.09150695800781
-107.89486694335938
-105.21223449707031
-112.30891418457031
-106.16934204101562
-105.32289123535156
-104.18115234375
-105.08313751220703
-108.79061126708984
-107.49608612060547
-105.16548156738281
-104.790283203125
-100.35877990722656
-111.64674377441406
-107.7728500366211
-110.20753479003906
-104.94779968261719
-103.47705841064453
-99.54827880859375
-101.14685821533203
-107.76580810546875
-99.95465087890625
-102.94001770019531
-102.13886260986328
-109.66292572021484
-105.04949188232422
-103.51000213623047
-106.19212341308594
-109.73339080810547
-101.66577911376953
-102.01703643798828
-103.76459503173828
-105.20732879638672
-105.32881927490234
-105.0009765625
-102.95956420898438
-99.71595764160156
-113.81596374511719
-102.70175170898438
-104.62171173095703
-106.49866485595703
-103.4920425415039
-105.33649444580078
-102.65611267089844
-101.71974182128906
-114.66918182373047
-97.75498962402344
-105.34270477294922
-106.13986206054688
-107.78268432617188
-116.971435546875
-107.54927062988281
-106.86784362792969
-100.57589721679688
-101.90839385986328
-99.63946533203125
-112.7686996459961
-104.23877716064453
-102.37262725830078
-110.04239654541016
-109.1109848022461
-100.84178161621094
-104.50505065917969
-110.83263397216797
-100.10144805908203
-104.10052490234375
-105.84938049316406
-103.15728759765625
-100.10308074951172
-109.8856430053711
-100.66533660888672
-110.70940399169922
-100.0409164428711
-102.9391860961914
-99.94071960449219
-107.85298919677734
-104.55536651611328
-106.24051666259766
-106.406982421875
-102.23649597167969
-106.07366943359375
-104.82463836669922
-109.01626586914062
-95.38611602783203
-104.37620544433594
-101.28561401367188
-106.62342071533203
-101.80013275146484
-102.02430725097656
-108.67384338378906
-101.00094604492188
-109.55658721923828
-103.15105438232422
-102.44216918945312
-111.43480682373047
-105.80033111572266
-109.23992156982422
-109.34110260009766
-110.2555923461914
-101.38893127441406
-105.48773956298828
-100.85957336425781
-111.71644592285156
-96.28448486328125
-103.9615707397461
-109.94300842285156
-110.9561996459961
-108.78793334960938
-100.42869567871094
-97.8942642211914
-107.59378814697266
-101.47863006591797
-105.51544952392578
-105.83722686767578
-101.1528091430664
-104.65106201171875
-101.26957702636719
-111.54498291015625
-101.47020721435547
-101.81285858154297
-95.9271240234375
-104.46043395996094
-105.34626770019531
-99.41651916503906
-107.6063003540039
-101.36766052246094
-103.72061920166016
-101.61866760253906
-110.0103530883789
-107.23562622070312
-102.86930847167969
-101.72047424316406
-101.86099243164062
-108.95758819580078
-105.70628356933594
-107.50465393066406
-99.68407440185547
-104.93443298339844
-99.37151336669922
-103.75762939453125
-104.77055358886719
-104.81936645507812
-102.39596557617188
-102.23551177978516
-107.3740005493164
-104.67312622070312
-108.50308990478516
-100.84613800048828
-105.83869934082031
-107.27689361572266
-105.41608428955078
-109.04735565185547
-113.11920166015625
-101.96693420410156
-103.24789428710938
-100.09558868408203
-101.957763671875
-100.69034576416016
-111.44779205322266
-101.69184875488281
-103.66349029541016
-101.7614974975586
-105.28715515136719
-107.79046630859375
-101.95061492919922
-107.15032958984375
-103.3502197265625
-111.12991333007812
-99.78560638427734
-101.71026611328125
-106.49556732177734
-105.09027099609375
-106.04544067382812
-111.2002944946289
-113.70565795898438
-102.55498504638672
-103.54838562011719
-104.53524780273438
-103.16290283203125
-105.4207534790039
-112.62903594970703
-104.01029968261719
-98.22228240966797
-107.98889923095703
-110.03485870361328
-100.77808380126953
-104.89047241210938
-101.1917495727539
-111.02505493164062
-108.37293243408203
-106.85359191894531
-103.89234161376953
-105.91986083984375
-104.61564636230469
-105.77464294433594
-105.85249328613281
-107.27030944824219
-107.91287994384766
-112.14979553222656
-103.83416748046875
-107.76453399658203
-105.93030548095703
-103.54734802246094
-105.14273834228516
-111.56285858154297
-110.77281188964844
-108.0494613647461
-101.49703979492188
-103.39825439453125
-108.92879486083984
-102.4894790649414
-99.95348358154297
-102.02792358398438
-109.9396743774414
-97.61603546142578
-107.67288208007812
-99.85923767089844
-114.60575866699219
-112.65121459960938
-106.64790344238281
-109.9778823852539
-111.80243682861328
-106.77226257324219
-104.11184692382812
-106.88768005371094
-108.2688217163086
-105.41226196289062
-99.27925109863281
-104.248291015625
-98.8026123046875
-105.26969909667969
-102.77913665771484
-103.22562408447266
-104.86992645263672
-102.17413330078125
-104.44637298583984
-99.7066650390625
-100.85181427001953
-112.82001495361328
-110.78759765625
-103.95374298095703
-103.19469451904297
-106.8205795288086
-107.64839172363281
-101.96475219726562
-102.3507080078125
-103.39524841308594
-101.76539611816406
-107.49679565429688
-104.75053405761719
-100.62104034423828
-104.86276245117188
-105.42779541015625
-114.18399047851562
-107.16985321044922
-105.67877197265625
-104.35749053955078
-106.33331298828125
-103.78614044189453
-102.9573745727539
-105.9031982421875
-100.85358428955078
-101.40985870361328
-103.42330169677734
-101.8931655883789
-106.33917999267578
-107.56476593017578
-105.19328308105469
-106.59246826171875
-111.27527618408203
-105.65605926513672
-102.788818359375
-111.61144256591797
-103.73296356201172
-101.32477569580078
-105.61837005615234
-109.17469787597656
-105.5651626586914
-101.03123474121094
-114.26617431640625
-109.66812133789062
-112.19404602050781
-113.76588439941406
-106.34098815917969
-103.26611328125
-98.32085418701172
-103.434326171875
-104.62783813476562
-102.04452514648438
-104.07032012939453
-106.70344543457031
-117.40084075927734
-108.63057708740234
-111.95387268066406
-110.13343048095703
-107.72322845458984
-100.44520568847656
-107.25951385498047
-103.6695785522461
-103.43221282958984
-110.86492156982422
-99.07150268554688
-108.06890106201172
-104.2288589477539
-100.43851470947266
-104.03128051757812
-112.37370300292969
-103.05400085449219
-105.12405395507812
-110.08023834228516
-108.55671691894531
-108.88044738769531
-102.98394012451172
-99.67019653320312
-108.71558380126953
-101.29448699951172
-101.89519500732422
-109.1882095336914
-107.99291229248047
-107.88584899902344
-108.79670715332031
-105.44468688964844
-100.91407012939453
-108.06897735595703
-109.193603515625
-103.30264282226562
-103.40575408935547
-104.59381103515625
-107.28465270996094
-105.87335968017578
-102.24098205566406
-109.80589294433594
-94.74149322509766
-102.44824981689453
-105.2284164428711
-105.80712890625
-105.49624633789062
-102.48684692382812
-105.36744689941406
-103.31580352783203
-102.88482666015625
-103.10853576660156
-112.97766876220703
-108.57946014404297
-103.58939361572266
-106.12738800048828
-104.02424621582031
-106.52191925048828
-108.87053680419922
-105.45555877685547
-101.79801940917969
-106.69134521484375
-105.68584442138672
-101.42613983154297
-104.6441650390625
-104.35797119140625
-103.68050384521484
-101.97974395751953
-103.93978881835938
-108.6156234741211
-113.50904083251953
-104.27099609375
-105.24224853515625
-107.98743438720703
-105.58792114257812
-108.04639434814453
-99.99052429199219
-103.5511703491211
-109.38196563720703
-98.62322998046875
-103.74930572509766
-111.17361450195312
-102.39795684814453
-106.25232696533203
-108.20206451416016
-109.3775405883789
-98.76956176757812
-104.34221649169922
-105.23245239257812
-100.6286392211914
-104.18688201904297
-107.2276382446289
-103.92367553710938
-100.3899154663086
-110.89432525634766
-107.31700134277344
-107.11398315429688
-103.45718383789062
-103.53240966796875
-109.50422668457031
-108.22998046875
-104.15010833740234
-103.76225280761719
-105.86209106445312
-100.88169860839844
-104.35820770263672
-106.63435363769531
-106.65260314941406
-103.41508483886719
-112.73481750488281
-102.0790786743164
-104.44749450683594
-98.07840728759766
-102.39575958251953
-99.7465591430664
-103.57365417480469
-106.2943344116211
-95.4417953491211
-106.4263687133789
-107.06050109863281
-105.65392303466797
-102.51768493652344
-112.87677764892578
-113.02224731445312
-101.4395980834961
-100.29780578613281
-110.55403900146484
-107.2212905883789
-101.25326538085938
-106.70970153808594
-102.49491882324219
-105.03369903564453
-100.32093811035156
-103.6871109008789
-107.99392700195312
-107.61868286132812
-100.24239349365234
-103.43798828125
-109.56381225585938
-99.91259765625
-94.58435821533203
-101.21543884277344
-103.76509857177734
-103.87297821044922
-101.41793823242188
-104.22108459472656
-109.65861511230469
-107.21747589111328
-103.203857421875
-105.8972396850586
-104.64678955078125
-105.7449722290039
-105.61280822753906
-111.53059387207031
-100.07291412353516
-105.57843780517578
-104.3899917602539
-110.52497863769531
-103.57550811767578
-104.70252990722656
-103.0954360961914
-104.0384750366211
-108.99856567382812
-101.9844970703125
-103.17494201660156
-106.55778503417969
-101.94234466552734
-107.48936462402344
-104.63707733154297
-110.49560546875
-105.36416625976562
-104.7485122680664
-107.59928894042969
-107.61489868164062
-107.51292419433594
-104.23028564453125
-107.12513732910156
-102.59422302246094
-100.64065551757812
-103.14397430419922
-110.74295043945312
-113.82770538330078
-107.02799987792969
-98.83226776123047
-106.19429779052734
-110.93585205078125
-108.77560424804688
-107.97567749023438
-106.49188995361328
-100.7457275390625
-108.89869689941406
-107.24667358398438
-105.90667724609375
-104.62972259521484
-103.81817626953125
-102.66909790039062
-104.44316101074219
-100.24668884277344
-106.7030258178711
-109.20310974121094
-109.53297424316406
-106.49090576171875
-106.15808868408203
-102.42364501953125
-103.73566436767578
-109.02485656738281
-101.42667388916016
-108.61349487304688
-105.91041564941406
-105.95430755615234
-99.27454376220703
-101.8811264038086
-106.41356658935547
-103.61886596679688
-104.35424041748047
-108.79071807861328
-103.59141540527344
-106.48701477050781
-101.06134796142578
-105.59480285644531
-105.56462860107422
-105.843994140625
-111.98332214355469
-109.44776153564453
-104.76428985595703
-104.28024291992188
-101.48883819580078
-111.98168182373047
-98.44721984863281
-112.38837432861328
-104.8163070678711
-109.59434509277344
-103.64396667480469
-100.53439331054688
-100.6728515625
-104.24653625488281
-107.10928344726562
-109.86668395996094
-106.87716674804688
-106.88826751708984
-98.92524719238281
-111.07048797607422
-102.62419891357422
-108.95359802246094
-109.3105239868164
-109.32345581054688
-106.2365951538086
-111.49121856689453
-103.7292709350586
-108.35460662841797
-101.9183120727539
-102.06205749511719
-107.46861267089844
-108.17091369628906
-108.44075012207031
-106.39717864990234
-108.94648742675781
-103.8724594116211
-107.72267150878906
-106.77867889404297
-105.0729751586914
-110.96963500976562
-100.68589782714844
-108.90263366699219
-102.97039794921875
-99.75643157958984
-106.84410095214844
-105.12133026123047
-105.04991149902344
-104.47349548339844
-107.3896484375
-104.05632019042969
-107.53754425048828
-112.241943359375
-98.2914810180664
-105.03866577148438
-101.42505645751953
-109.29471588134766
-101.57319641113281
-101.90619659423828
-106.78104400634766
-106.322509765625
-106.81764221191406
-108.44966888427734
-103.63833618164062
-107.32917785644531
-108.34247589111328
-105.67967987060547
