-102.74320220947266
-113.59883117675781
-105.36866760253906
-111.50624084472656
-111.29141235351562
-109.63780975341797
-103.54363250732422
-99.55697631835938
-110.22402954101562
-103.37993621826172
-111.62062072753906
-106.69495391845703
-108.8344955444336
-106.06210327148438
-105.63716888427734
-101.63005828857422
-102.75330352783203
-111.02398681640625
-107.6898193359375
-101.44610595703125
-106.41582489013672
-105.72396850585938
-106.67696380615234
-109.54216766357422
-110.91212463378906
-115.54705810546875
-102.84353637695312
-111.38519287109375
-102.6241455078125
-103.97110748291016
-110.14743041992188
-115.94207000732422
-111.54041290283203
-115.51092529296875
-109.59941101074219
-105.0370864868164
-101.1963882446289
-106.63609313964844
-106.50601959228516
-106.74964141845703
-99.63888549804688
-101.02591705322266
-110.00731658935547
-105.79930114746094
-104.57432556152344
-109.58258056640625
-107.94076538085938
-109.29371643066406
-105.92053985595703
-104.63190460205078
-104.9010238647461
-106.2278823852539
-105.77800750732422
-118.0596694946289
-111.35454559326172
-107.55284881591797
-107.20671081542969
-100.09233093261719
-98.39466094970703
-113.53742218017578
-107.3675765991211
-108.06395721435547
-103.24479675292969
-105.41012573242188
-108.34892272949219
-101.92121124267578
-106.18816375732422
-107.40826416015625
-106.18204498291016
-100.65730285644531
-105.96159362792969
-102.39746856689453
-104.20624542236328
-112.2007064819336
-109.06510162353516
-109.35269165039062
-102.7493667602539
-106.72941589355469
-105.52520751953125
-110.97055053710938
-103.73036193847656
-107.97122192382812
-99.34512329101562
-103.76337432861328
-111.9085693359375
-107.19013977050781
-106.77503967285156
-101.92052459716797
-107.51726531982422
-101.5542984008789
-104.21998596191406
-107.83856201171875
-106.7968978881836
-110.5483627319336
-112.37071228027344
-106.89521026611328
-107.43753814697266
-106.80293273925781
-105.27796173095703
-110.68289184570312
-109.4040756225586
-98.79424285888672
-114.03722381591797
-109.84986877441406
-105.6501693725586
-113.57797241210938
-109.36306762695312
-100.68173217773438
-106.07207489013672
-101.67146301269531
-107.88384246826172
-97.97846221923828
-108.95687866210938
-101.09175109863281
-106.41996002197266
-105.10199737548828
-109.70127868652344
-105.5282211303711
-104.44195556640625
-103.01441192626953
-114.00347900390625
-104.6163330078125
-107.30123138427734
-103.72589874267578
-98.19178009033203
-110.29900360107422
-106.2867431640625
-100.02076721191406
-106.55171966552734
-105.86042022705078
-101.11900329589844
-108.85567474365234
-102.13140869140625
-105.97733306884766
-101.63043975830078
-104.51190948486328
-105.44935607910156
-108.0523681640625
-105.53736877441406
-105.28181457519531
-108.58926391601562
-108.2385482788086
-105.19806671142578
-104.10088348388672
-107.71007537841797
-105.32311248779297
-105.81018829345703
-105.70879364013672
-109.19871520996094
-107.21147918701172
-113.37686920166016
-101.75834655761719
-110.62140655517578
-110.18209075927734
-112.64990234375
-112.1034164428711
-114.58755493164062
-106.7843246459961
-111.15479278564453
-102.82914733886719
-107.38849639892578
-105.36666870117188
-108.78404235839844
-106.23282623291016
-101.87100982666016
-102.5194320678711
-109.00277709960938
-112.6054916381836
-112.02092742919922
-105.6409912109375
-107.4623794555664
-98.47441101074219
-109.66853332519531
-104.33042907714844
-101.16712188720703
-102.97108459472656
-103.21661376953125
-107.25147247314453
-108.38629150390625
-103.91897583007812
-109.00411224365234
-111.15248107910156
-107.60197448730469
-104.83312225341797
-100.49846649169922
-107.46527862548828
-101.6917724609375
-107.97091674804688
-108.12451171875
-108.93122863769531
-111.16023254394531
-102.47280883789062
-102.12136840820312
-105.76509094238281
-104.39735412597656
-104.64610290527344
-105.35259246826172
-109.81929779052734
-100.7430419921875
-107.78325653076172
-104.09374237060547
-105.92635345458984
-107.35530090332031
-99.79611206054688
-106.22257232666016
-107.21289825439453
-113.78540802001953
-102.33788299560547
-99.30915069580078
-108.59551239013672
-104.47138977050781
-106.96929931640625
-103.62970733642578
-112.77213287353516
-107.57112884521484
-108.46102142333984
-108.90345001220703
-105.55583190917969
-107.54171752929688
-106.08158874511719
-101.26683044433594
-113.86432647705078
-102.75312042236328
-108.41685485839844
-107.1092758178711
-109.33849334716797
-108.31961822509766
-107.41817474365234
-110.76972961425781
-110.38833618164062
-114.29141998291016
-117.33586883544922
-106.42961883544922
-107.03385925292969
-109.8176040649414
-100.81927490234375
-109.18017578125
-108.5353775024414
-110.54731750488281
-105.93561553955078
-111.30418395996094
-108.53668212890625
-108.68997955322266
-109.16793060302734
-106.62318420410156
-106.9265365600586
-108.14083862304688
-109.9250717163086
-104.65263366699219
-102.485107421875
-108.32857513427734
-107.69931030273438
-103.46605682373047
-97.67105865478516
-104.1358413696289
-106.21934509277344
-106.84658813476562
-115.1282730102539
-104.32696533203125
-109.97930145263672
-111.0715103149414
-106.21257781982422
-107.62751770019531
-102.93871307373047
-101.77468872070312
-107.01795196533203
-107.37271118164062
-99.12962341308594
-101.54352569580078
-107.4188461303711
-106.00718688964844
-105.98487091064453
-105.79322814941406
-109.72049713134766
-102.66183471679688
-105.90320587158203
-106.13530731201172
-100.48175811767578
-105.80936431884766
-109.55027770996094
-100.19419860839844
-105.91737365722656
-107.12207794189453
-104.15945434570312
-99.58733367919922
-109.04000854492188
-104.672119140625
-109.24332427978516
-109.29004669189453
-106.46514892578125
-107.49192810058594
-101.7822036743164
-105.53926086425781
-107.76309967041016
-106.71585845947266
-108.01638793945312
-104.3077392578125
-112.90049743652344
-106.50343322753906
-104.55677795410156
-103.71793365478516
-105.1685791015625
-109.67137145996094
-106.95064544677734
-111.25047302246094
-104.25341033935547
-103.5160903930664
-110.70086669921875
-109.23507690429688
-109.65084075927734
-108.4202880859375
-106.48712921142578
-106.71375274658203
-107.1346435546875
-101.87010955810547
-108.0337142944336
-102.4353256225586
-111.03057861328125
-105.91276550292969
-106.5117416381836
-107.53121948242188
-112.8886947631836
-102.3816909790039
-101.74498748779297
-103.99837493896484
-110.12822723388672
-111.86804962158203
-102.88014221191406
-110.93405151367188
-111.55113983154297
-109.63424682617188
-104.6173324584961
-103.24583435058594
-107.05757141113281
-114.25300598144531
-109.99276733398438
-105.61983489990234
-108.42438507080078
-104.10137939453125
-113.95578002929688
-111.49989318847656
-108.98741912841797
-110.6644287109375
-107.05845642089844
-111.58590698242188
-100.75431060791016
-101.35668182373047
-104.38506317138672
-107.38591003417969
-114.74948120117188
-106.38533020019531
-111.58230590820312
-109.89269256591797
-110.9760513305664
-102.51557159423828
-110.29095458984375
-109.8021240234375
-111.90535736083984
-113.61660766601562
-110.10342407226562
-107.86001586914062
-111.58003997802734
-106.37355041503906
-112.25373840332031
-106.92962646484375
-105.58113861083984
-105.58171081542969
-104.6100082397461
-108.72118377685547
-106.6942138671875
-106.3687973022461
-106.669189453125
-101.28866577148438
-112.5836181640625
-110.46290588378906
-110.54322052001953
-105.03060150146484
-104.57521057128906
-100.3918228149414
-102.35070037841797
-108.22709655761719
-101.15276336669922
-103.7101821899414
-102.13629150390625
-111.95539093017578
-106.89567565917969
-103.79356384277344
-107.33060455322266
-110.8290023803711
-104.15815734863281
-103.01664733886719
-104.0580825805664
-106.1178207397461
-106.53656768798828
-105.96820831298828
-102.60224914550781
-101.07595825195312
-114.77953338623047
-102.24015045166016
-105.06963348388672
-106.97882080078125
-102.51378631591797
-106.09063720703125
-103.32634735107422
-101.5395736694336
-114.72421264648438
-98.65776062011719
-105.02893829345703
-108.07817077636719
-108.22233581542969
-116.8980941772461
-107.93547821044922
-105.75589752197266
-101.86071014404297
-101.9019775390625
-99.19664001464844
-113.21375274658203
-104.826171875
-102.48223876953125
-108.05860900878906
-108.89539337158203
-101.39717102050781
-103.29414367675781
-112.26028442382812
-101.18360137939453
-105.34516143798828
-106.8559341430664
-104.08744812011719
-100.70309448242188
-111.12285614013672
-101.7538833618164
-112.1420669555664
-101.21273040771484
-104.7950668334961
-101.78553009033203
-109.18529510498047
-106.0962142944336
-106.55809020996094
-107.35224151611328
-103.67280578613281
-108.35088348388672
-105.73168182373047
-110.30997467041016
-97.05750274658203
-105.18499755859375
-102.9822998046875
-107.65945434570312
-102.39307403564453
-101.45967864990234
-109.07076263427734
-102.1771240234375
-110.9898910522461
-104.48368072509766
-105.20207214355469
-113.2894058227539
-106.77386474609375
-109.85619354248047
-110.69644927978516
-112.85509490966797
-102.34291076660156
-107.33727264404297
-101.54115295410156
-113.11944580078125
-97.3700180053711
-105.4512939453125
-111.42070007324219
-111.43826293945312
-111.37337493896484
-102.2184066772461
-99.18426513671875
-109.96700286865234
-103.22405242919922
-106.587158203125
-108.3620834350586
-102.78639221191406
-104.51488494873047
-104.12393188476562
-113.59029388427734
-102.5171890258789
-104.89645385742188
-97.21253204345703
-104.5245590209961
-106.54802703857422
-99.76045227050781
-109.00411224365234
-102.32801055908203
-104.79996490478516
-102.1888427734375
-111.16244506835938
-109.1598892211914
-103.6873779296875
-103.75452423095703
-104.14027404785156
-110.39543914794922
-108.00224304199219
-109.98725128173828
-100.80455017089844
-106.72042083740234
-101.47586059570312
-104.97137451171875
-106.28205108642578
-106.55989837646484
-103.8910140991211
-103.398193359375
-109.05265808105469
-104.56778717041016
-110.20960998535156
-101.95240020751953
-108.00955963134766
-108.05001831054688
-106.78528594970703
-110.8158950805664
-113.1202621459961
-103.37245178222656
-103.39906311035156
-100.50247192382812
-102.70747375488281
-101.7294921875
-113.12996673583984
-102.57328796386719
-104.13179016113281
-102.98121643066406
-106.32981872558594
-108.46435546875
-103.50506591796875
-107.08232879638672
-103.68184661865234
-112.50680541992188
-100.11852264404297
-102.59505462646484
-107.55982971191406
-106.33250427246094
-105.90202331542969
-111.80375671386719
-112.7945327758789
-103.57429504394531
-104.05362701416016
-106.1634750366211
-103.71380615234375
-106.2008056640625
-112.03275299072266
-105.2889633178711
-99.56642150878906
-108.59232330322266
-110.26964569091797
-101.25305938720703
-106.74718475341797
-101.33904266357422
-112.97090911865234
-109.34162139892578
-107.757080078125
-104.38832092285156
-104.8394775390625
-105.9381332397461
-107.63900756835938
-107.3324966430664
-108.10884094238281
-106.87096405029297
-112.01406860351562
-104.02935791015625
-108.0777359008789
-106.50520324707031
-103.32725524902344
-106.073486328125
-112.38722229003906
-111.46001434326172
-109.03157806396484
-103.35531616210938
-103.05846405029297
-111.35211181640625
-103.39302062988281
-101.5037612915039
-101.96050262451172
-111.0630874633789
-99.10176086425781
-109.92062377929688
-101.39545440673828
-116.93522644042969
-111.65459442138672
-107.35868835449219
-108.62377166748047
-111.13518524169922
-106.15946197509766
-104.6816177368164
-106.44235229492188
-107.505859375
-104.79769897460938
-100.33553314208984
-105.32614135742188
-99.85148620605469
-104.17694854736328
-104.70657348632812
-103.69781494140625
-107.08888244628906
-103.59757232666016
-105.9458236694336
-101.4517593383789
-102.18214416503906
-112.88567352294922
-111.71430969238281
-104.61485290527344
-103.3945083618164
-107.21290588378906
-107.99998474121094
-103.14405822753906
-103.4177474975586
-105.13179016113281
-101.28661346435547
-108.27560424804688
-105.48223114013672
-101.27445983886719
-106.62818145751953
-103.80238342285156
-113.3106689453125
-107.646728515625
-106.70645141601562
-103.96186828613281
-105.55915832519531
-104.95162200927734
-102.94268035888672
-105.24272155761719
-101.31948852539062
-102.76235961914062
-103.93073272705078
-103.04158782958984
-107.17657470703125
-109.14102935791016
-107.03436279296875
-106.14424896240234
-111.23114776611328
-105.54397583007812
-104.52403259277344
-112.5486068725586
-104.96397399902344
-102.05448150634766
-107.65245819091797
-109.11066436767578
-106.50444793701172
-103.20146179199219
-114.2542953491211
-110.55729675292969
-113.13715362548828
-114.97064971923828
-109.03633880615234
-103.3297119140625
-97.7363052368164
-103.61294555664062
-104.94915771484375
-102.28178405761719
-104.66886138916016
-108.73186492919922
-118.33545684814453
-108.34880065917969
-112.73735809326172
-109.71855163574219
-107.74813842773438
-102.80403900146484
-108.03455352783203
-102.24864196777344
-103.05746459960938
-110.11579132080078
-99.82869720458984
-108.25650024414062
-105.01483917236328
-100.75521087646484
-105.00151062011719
-111.20468139648438
-103.94622039794922
-105.42555236816406
-111.2291030883789
-108.99449157714844
-110.18169403076172
-103.20936584472656
-101.5361328125
-109.4482192993164
-102.40838623046875
-103.24573516845703
-111.20072174072266
-109.33489227294922
-109.23896789550781
-109.99432373046875
-106.57666015625
-102.5000991821289
-108.39745330810547
-110.11307525634766
-104.09222412109375
-104.17515563964844
-105.6736831665039
-108.16443634033203
-107.34569549560547
-102.73746490478516
-109.65999603271484
-95.93254089355469
-103.7597427368164
-106.7379150390625
-107.822265625
-107.62628936767578
-102.65593719482422
-106.31320190429688
-105.83169555664062
-104.42298889160156
-104.6407699584961
-113.28582000732422
-109.58187866210938
-105.25898742675781
-107.30459594726562
-106.3636703491211
-107.38774871826172
-107.31359100341797
-107.83768463134766
-103.86482238769531
-105.53441619873047
-106.51036071777344
-102.28309631347656
-105.82772827148438
-105.72786712646484
-105.86651611328125
-103.41771697998047
-105.08373260498047
-110.04127502441406
-113.04891967773438
-104.86384582519531
-105.67864990234375
-110.30745697021484
-106.24797058105469
-108.17988586425781
-102.83489227294922
-104.86402893066406
-109.47528839111328
-98.52823638916016
-104.52540588378906
-112.04088592529297
-104.57722473144531
-107.88999938964844
-108.63710021972656
-110.91755676269531
-101.0080337524414
-107.87274932861328
-107.9280014038086
-99.83631134033203
-106.15658569335938
-108.44863891601562
-104.97492218017578
-102.3071060180664
-110.62895202636719
-108.84940338134766
-109.08917236328125
-103.44532012939453
-105.10662078857422
-110.61320495605469
-108.88650512695312
-105.56542205810547
-103.61589813232422
-105.8218765258789
-100.83626556396484
-104.1162338256836
-108.10009002685547
-107.29141998291016
-101.88316345214844
-114.97953033447266
-102.71898651123047
-103.51718139648438
-99.54974365234375
-102.3819580078125
-100.68270111083984
-103.87125396728516
-107.08750915527344
-95.64140319824219
-107.60187530517578
-108.57559967041016
-107.22955322265625
-102.88069915771484
-114.66542053222656
-113.93070220947266
-102.16547393798828
-101.7528076171875
-111.78730010986328
-107.5807876586914
-101.4026107788086
-107.17952728271484
-102.20662689208984
-106.6483383178711
-101.73351287841797
-104.24482727050781
-108.37393951416016
-106.97969055175781
-101.09965515136719
-103.60018157958984
-108.8660888671875
-100.00933837890625
-94.086669921875
-101.74581146240234
-105.01605224609375
-105.37994384765625
-102.1748046875
-105.46017456054688
-111.4784927368164
-106.74366760253906
-105.20991516113281
-107.49607849121094
-104.90870666503906
-106.570068359375
-106.85633087158203
-112.9195785522461
-100.42231750488281
-104.61137390136719
-104.21976470947266
-109.1976089477539
-104.46894836425781
-105.60340118408203
-103.88372802734375
-105.65621185302734
-110.78604125976562
-102.53410339355469
-103.41116333007812
-107.7489013671875
-104.00103759765625
-108.95451354980469
-105.46774291992188
-110.83808898925781
-107.29716491699219
-107.49378204345703
-108.8583755493164
-108.4873046875
-108.6364974975586
-106.36054229736328
-110.30494689941406
-103.48665618896484
-101.31619262695312
-103.8006591796875
-112.18144989013672
-114.66400909423828
-108.06221008300781
-99.083984375
-107.11668395996094
-110.79238891601562
-110.25569915771484
-109.01004028320312
-107.67198944091797
-101.86677551269531
-111.1086196899414
-106.52200317382812
-106.37664794921875
-105.16412353515625
-107.51217651367188
-103.66714477539062
-104.58196258544922
-101.37190246582031
-107.17887115478516
-110.94602966308594
-108.6746597290039
-108.00215148925781
-107.29566955566406
-103.23589324951172
-102.41344451904297
-110.69779968261719
-103.56192779541016
-110.33893585205078
-105.77230834960938
-108.03301239013672
-98.39816284179688
-103.54833984375
-108.20470428466797
-104.65568542480469
-103.77672576904297
-107.97480773925781
-102.63465118408203
-107.07077026367188
-103.15235900878906
-105.13455963134766
-106.72068786621094
-105.97804260253906
-113.9779281616211
-110.52420806884766
-106.31272888183594
-105.0591049194336
-100.43183898925781
-111.641845703125
-100.22882080078125
-112.65813446044922
-104.16221618652344
-111.47946166992188
-104.35977935791016
-103.92021179199219
-100.92845153808594
-105.43363189697266
-107.6369400024414
-111.8648681640625
-107.87691497802734
-107.40169525146484
-102.08445739746094
-111.65737915039062
-103.81990051269531
-109.5762710571289
-110.54227447509766
-109.45599365234375
-106.83361053466797
-112.58726501464844
-105.07948303222656
-110.0345458984375
-104.47156524658203
-103.89220428466797
-108.14568328857422
-109.2991943359375
-110.33187866210938
-109.27333068847656
-108.60698699951172
-104.8587875366211
-109.94319915771484
-106.90616607666016
-106.13777160644531
-111.20655822753906
-100.80218505859375
-110.2298583984375
-103.29313659667969
-100.83243560791016
-108.31326293945312
-107.18789672851562
-104.82330322265625
-103.81169891357422
-108.01725006103516
-107.1053237915039
-108.074462890625
-112.71305084228516
-98.35505676269531
-106.37971496582031
-101.15583038330078
-110.42839050292969
-103.79861450195312
-103.26923370361328
-108.68435668945312
-107.2174301147461
-108.21969604492188
-109.16532135009766
-106.79649353027344
-108.24069213867188
-107.97169494628906
-106.98329162597656
