-100.68561553955078
-112.45887756347656
-102.29322814941406
-108.67904663085938
-108.9372787475586
-106.72920227050781
-101.13806915283203
-98.26478576660156
-106.9195785522461
-101.2083969116211
-109.40293884277344
-103.34516906738281
-106.90055847167969
-103.77365112304688
-103.75472259521484
-99.14816284179688
-99.96794891357422
-109.43700408935547
-103.97615051269531
-99.2937240600586
-103.41061401367188
-104.80252838134766
-104.63240051269531
-105.88518524169922
-107.3272933959961
-112.98287200927734
-100.06057739257812
-109.81411743164062
-98.3919448852539
-102.02510833740234
-109.49697875976562
-113.70858764648438
-108.28292083740234
-112.20112609863281
-108.1217269897461
-101.304931640625
-101.4648208618164
-104.64930725097656
-104.73155975341797
-104.38655853271484
-96.87918853759766
-99.41783142089844
-107.81343078613281
-103.50996398925781
-100.35578918457031
-108.51324462890625
-105.70338439941406
-107.58641815185547
-103.69900512695312
-100.96639251708984
-101.59503936767578
-103.27310943603516
-103.40717315673828
-114.02655029296875
-109.46369934082031
-103.55025482177734
-106.12066650390625
-98.25277709960938
-95.04988098144531
-110.76538848876953
-104.91947937011719
-106.23532104492188
-99.38251495361328
-102.88167572021484
-106.30950927734375
-98.7020492553711
-105.6952896118164
-104.7693099975586
-103.2699966430664
-100.14612579345703
-104.68495178222656
-101.91101837158203
-101.01725006103516
-110.36698913574219
-106.96688079833984
-107.59846496582031
-99.8818130493164
-105.14750671386719
-103.04544067382812
-108.75178527832031
-102.62385559082031
-105.7828369140625
-96.21563720703125
-102.35920715332031
-109.20817565917969
-104.21009826660156
-105.17373657226562
-99.59697723388672
-106.82524108886719
-98.6502914428711
-100.74676513671875
-106.67951965332031
-103.30168914794922
-106.9482421875
-110.35946655273438
-104.1204605102539
-105.12185668945312
-103.83967590332031
-103.37947082519531
-109.8865737915039
-104.56599426269531
-96.07032012939453
-109.36592102050781
-106.57039642333984
-103.27088928222656
-111.00855255126953
-107.60396575927734
-99.63154602050781
-103.36795806884766
-99.47969818115234
-106.81060791015625
-95.67769622802734
-105.59977722167969
-98.70231628417969
-105.10797119140625
-100.34839630126953
-106.90179443359375
-103.79257202148438
-101.0123291015625
-100.27714538574219
-110.41029357910156
-104.4876708984375
-103.51434326171875
-100.08171081542969
-96.09326171875
-109.59109497070312
-103.88745880126953
-97.97197723388672
-104.00492095947266
-103.10699462890625
-98.22205352783203
-107.08702087402344
-99.92378234863281
-105.33899688720703
-99.22777557373047
-101.25306701660156
-104.12213134765625
-108.37564849853516
-103.87348175048828
-104.18096160888672
-107.7101058959961
-106.46399688720703
-102.6738510131836
-102.959716796875
-104.78292083740234
-103.96099090576172
-102.7717056274414
-103.50499725341797
-106.98306274414062
-105.55577087402344
-110.0459976196289
-99.04541778564453
-106.95667266845703
-107.35639190673828
-111.12019348144531
-110.57324981689453
-112.6470947265625
-105.91943359375
-107.96903991699219
-101.94841003417969
-104.40007019042969
-105.35498809814453
-109.06866455078125
-104.01249694824219
-99.16602325439453
-100.45288848876953
-107.49071502685547
-111.35714721679688
-110.62796783447266
-104.27604675292969
-105.66207885742188
-96.3553466796875
-106.94435119628906
-102.61408233642578
-99.19102478027344
-102.36241149902344
-101.64236450195312
-103.69522857666016
-105.80096435546875
-100.91522216796875
-105.38996887207031
-109.678955078125
-104.34588623046875
-102.0108642578125
-99.82110595703125
-104.65602111816406
-99.23580932617188
-105.71511840820312
-106.83757781982422
-108.5794906616211
-108.52368927001953
-100.92105102539062
-101.02688598632812
-105.2404556274414
-102.31764221191406
-102.8689193725586
-103.72412109375
-107.84427642822266
-99.7535171508789
-104.88006591796875
-102.13823699951172
-105.06791687011719
-105.48986053466797
-99.08573913574219
-105.32133483886719
-104.60209655761719
-112.51097869873047
-99.59408569335938
-97.40572357177734
-107.78269958496094
-103.3509750366211
-104.62439727783203
-101.1667709350586
-111.07796478271484
-105.65795135498047
-107.03546905517578
-105.95394897460938
-102.09212493896484
-106.38185119628906
-102.69857025146484
-99.87625122070312
-112.96039581298828
-100.82588195800781
-106.53020477294922
-104.75578308105469
-107.45848083496094
-107.45390319824219
-105.51354217529297
-108.06646728515625
-106.11381530761719
-113.07969665527344
-114.82289123535156
-106.9945068359375
-106.58042907714844
-106.53340911865234
-96.86782836914062
-107.52070617675781
-107.46310424804688
-107.45941925048828
-103.87226104736328
-109.3345947265625
-107.53678131103516
-106.37199401855469
-106.09246826171875
-104.90096282958984
-104.92903900146484
-105.28739929199219
-106.64024353027344
-102.9539794921875
-102.16370391845703
-107.0543441772461
-106.15693664550781
-100.88119506835938
-95.28804016113281
-102.68445587158203
-105.52715301513672
-104.58708953857422
-113.89695739746094
-102.3458251953125
-107.04048919677734
-107.87428283691406
-104.38709259033203
-107.10045623779297
-100.51675415039062
-100.0907211303711
-104.46913146972656
-106.36962127685547
-97.32593536376953
-100.53709411621094
-104.22134399414062
-105.15733337402344
-103.69822692871094
-102.91886901855469
-107.57665252685547
-100.09175109863281
-102.99593353271484
-105.89702606201172
-97.85247039794922
-102.72177124023438
-107.10843658447266
-97.21012878417969
-103.11563110351562
-103.79167175292969
-102.26348114013672
-98.31722259521484
-106.51727294921875
-102.79240417480469
-106.31273651123047
-107.23898315429688
-105.02561950683594
-104.24797821044922
-100.61134338378906
-103.39361572265625
-105.42399597167969
-104.21465301513672
-106.10540008544922
-103.23616790771484
-109.54975128173828
-104.3589096069336
-102.25696563720703
-101.0976333618164
-102.5660629272461
-106.75340270996094
-105.92240142822266
-108.17113494873047
-103.49771118164062
-101.52792358398438
-108.22457885742188
-105.7545166015625
-109.62773132324219
-105.45661926269531
-103.31182098388672
-103.85736083984375
-105.79891204833984
-98.5598373413086
-106.04753112792969
-99.83637237548828
-107.74593353271484
-103.93708801269531
-105.32640838623047
-107.09046936035156
-110.33991241455078
-99.79541778564453
-99.98192596435547
-103.60763549804688
-107.41577911376953
-110.51653289794922
-100.45333862304688
-109.07060241699219
-107.18447875976562
-108.05970001220703
-102.11067962646484
-101.38134002685547
-106.44792938232422
-111.89989471435547
-108.00144958496094
-102.84391021728516
-107.59473419189453
-102.91596221923828
-112.49555969238281
-109.42990112304688
-107.15697479248047
-109.1658935546875
-105.372802734375
-111.01597595214844
-99.22461700439453
-99.37891387939453
-103.15182495117188
-105.34181213378906
-112.51028442382812
-104.74759674072266
-108.89226531982422
-107.42992401123047
-108.93571472167969
-101.22036743164062
-107.91938781738281
-106.07734680175781
-109.8375244140625
-111.65277099609375
-108.69524383544922
-105.2836685180664
-107.4974365234375
-105.5064468383789
-110.65437316894531
-105.25126647949219
-104.67671203613281
-103.59488677978516
-102.65515899658203
-107.18604278564453
-106.20909118652344
-103.2302017211914
-105.15689086914062
-99.82998657226562
-111.00633239746094
-107.4792251586914
-108.52294158935547
-102.40373992919922
-102.83460998535156
-99.38331604003906
-99.58502960205078
-106.84355926513672
-98.85333251953125
-102.7666015625
-100.83406829833984
-109.32855987548828
-104.9168701171875
-102.06914520263672
-104.44122314453125
-107.89508056640625
-100.42501831054688
-100.70629119873047
-103.39051818847656
-104.92838287353516
-103.97454833984375
-103.15957641601562
-101.09239959716797
-98.6530990600586
-113.28004455566406
-101.8548812866211
-102.43941497802734
-105.82678985595703
-102.29761505126953
-104.13607025146484
-101.81310272216797
-99.28714752197266
-113.81208038330078
-97.49004364013672
-101.63058471679688
-105.7051773071289
-105.89848327636719
-116.63294219970703
-106.08187866210938
-106.328857421875
-99.58474731445312
-102.26509857177734
-99.47859191894531
-111.35608673095703
-103.10184478759766
-101.10416412353516
-107.40055084228516
-106.89714050292969
-99.83458709716797
-102.08917236328125
-110.6374740600586
-98.54570007324219
-103.54142761230469
-104.42312622070312
-102.06105041503906
-100.71192932128906
-109.04054260253906
-100.38184356689453
-110.05774688720703
-98.90966796875
-102.17716979980469
-99.32073974609375
-106.01378631591797
-104.18047332763672
-104.89644622802734
-103.90432739257812
-100.91393280029297
-105.61650848388672
-103.28690338134766
-107.04444122314453
-96.3069839477539
-103.44609069824219
-100.72688293457031
-105.1132583618164
-101.0572509765625
-100.73672485351562
-108.59675598144531
-100.55567932128906
-108.78631591796875
-103.0495834350586
-101.19412994384766
-109.16896057128906
-103.47148132324219
-108.2201919555664
-107.92443084716797
-107.0829849243164
-99.45601654052734
-105.89474487304688
-100.1160659790039
-111.5741958618164
-94.4284439086914
-103.18370056152344
-108.45692443847656
-110.29407501220703
-108.52879333496094
-99.4062728881836
-96.71466064453125
-108.0997085571289
-101.2135009765625
-102.80448913574219
-105.27259826660156
-100.63726806640625
-104.5511245727539
-101.40160369873047
-110.42134094238281
-100.07039642333984
-102.54578399658203
-96.34310150146484
-102.8250503540039
-105.8649673461914
-98.3360824584961
-106.69866943359375
-100.19628143310547
-102.83881378173828
-101.87918090820312
-107.95651245117188
-107.62784576416016
-100.63340759277344
-100.66905975341797
-100.9160385131836
-107.25994110107422
-106.06775665283203
-106.84098815917969
-99.4751205444336
-104.29631042480469
-100.40939331054688
-104.386962890625
-103.63670349121094
-102.58655548095703
-100.60889434814453
-100.5510482788086
-105.84196472167969
-103.88008117675781
-106.85465240478516
-100.55150604248047
-105.13246154785156
-105.07511901855469
-104.69988250732422
-108.0067367553711
-112.72218322753906
-101.42469024658203
-100.79335021972656
-98.76583099365234
-100.78732299804688
-100.54261016845703
-110.14794158935547
-100.4281005859375
-104.44428253173828
-102.29824829101562
-105.7673568725586
-106.3985595703125
-101.25868225097656
-105.12370300292969
-102.51568603515625
-110.6952896118164
-99.40019226074219
-101.5732421875
-103.48553466796875
-103.80122375488281
-105.16090393066406
-111.02145385742188
-110.49992370605469
-99.97692108154297
-102.67631530761719
-103.93426513671875
-100.9338150024414
-105.51161193847656
-110.73099517822266
-103.46884155273438
-98.65248107910156
-106.73017120361328
-109.99845123291016
-98.8347396850586
-105.50616455078125
-99.15989685058594
-109.54061126708984
-108.2522201538086
-105.16617584228516
-102.25462341308594
-102.68949127197266
-102.46736907958984
-104.02699279785156
-106.0016860961914
-105.83740234375
-106.3079605102539
-110.96940612792969
-101.40019989013672
-105.47339630126953
-105.06330108642578
-102.04818725585938
-103.30599975585938
-109.26347351074219
-110.03495025634766
-108.05073547363281
-100.680419921875
-100.92782592773438
-109.40401458740234
-101.05342864990234
-99.46826934814453
-101.69100189208984
-108.12582397460938
-96.10138702392578
-108.59405517578125
-98.53204345703125
-115.60901641845703
-109.19020080566406
-105.05897521972656
-107.58566284179688
-110.92413330078125
-105.33476257324219
-102.19523620605469
-105.69681549072266
-106.09453582763672
-102.8514404296875
-98.73800659179688
-104.45571899414062
-98.14646911621094
-102.34822082519531
-101.12178039550781
-103.03681945800781
-105.07254028320312
-101.55477142333984
-104.62420654296875
-99.78374481201172
-101.4107894897461
-111.97630310058594
-109.29119110107422
-102.15480041503906
-102.24658203125
-107.5667724609375
-106.3392105102539
-100.9716567993164
-101.41584777832031
-103.0435791015625
-99.94732666015625
-105.68767547607422
-103.82398986816406
-99.70341491699219
-104.32131958007812
-102.2812271118164
-112.84854125976562
-106.15335083007812
-105.5251693725586
-102.02452087402344
-104.2213134765625
-103.06388854980469
-100.95284271240234
-103.85191345214844
-100.59564208984375
-100.44603729248047
-102.5788803100586
-100.9139175415039
-105.90898132324219
-107.24588012695312
-106.28541564941406
-105.31681060791016
-110.30487060546875
-103.670166015625
-102.37963104248047
-111.83358001708984
-102.15682983398438
-100.24620819091797
-105.31976318359375
-108.34105682373047
-103.50328063964844
-100.44566345214844
-112.65645599365234
-109.62001037597656
-111.01101684570312
-110.6136703491211
-107.66004943847656
-101.03972625732422
-96.5395736694336
-102.57584381103516
-102.58434295654297
-99.99073791503906
-103.44816589355469
-105.76866149902344
-115.95134735107422
-107.23931121826172
-109.85029602050781
-109.2851791381836
-106.93400573730469
-99.85755157470703
-106.89524841308594
-101.95439147949219
-101.78666687011719
-109.42566680908203
-99.23884582519531
-106.064453125
-103.48786163330078
-99.71965789794922
-102.62540435791016
-110.6954116821289
-102.27178192138672
-103.27117919921875
-107.64147186279297
-106.38460540771484
-107.78819274902344
-101.36447143554688
-100.02257537841797
-107.68299102783203
-100.91696166992188
-99.97317504882812
-108.30338287353516
-106.4014892578125
-109.31809997558594
-106.55337524414062
-104.46585083007812
-101.04110717773438
-108.05281829833984
-108.55168151855469
-102.57505798339844
-102.3427734375
-101.63076782226562
-104.8514175415039
-104.42620849609375
-100.54928588867188
-107.83909606933594
-93.21473693847656
-102.81050109863281
-104.17880249023438
-105.15576934814453
-105.2884521484375
-102.08507537841797
-104.10659790039062
-102.9024887084961
-101.9912109375
-104.01856994628906
-112.40116119384766
-107.20743560791016
-103.84037780761719
-104.3807144165039
-103.70006561279297
-104.25987243652344
-108.15604400634766
-106.09660339355469
-101.10086059570312
-103.28035736083984
-104.77325439453125
-100.33482360839844
-102.61686706542969
-102.20270538330078
-102.68960571289062
-100.69737243652344
-103.37812805175781
-107.70281219482422
-108.95233917236328
-102.68453216552734
-103.21018981933594
-107.38103485107422
-105.9603271484375
-106.53565216064453
-100.26957702636719
-103.1752700805664
-109.44995880126953
-97.85489654541016
-101.0602035522461
-110.08055114746094
-102.71932983398438
-105.06431579589844
-106.50655364990234
-107.89743041992188
-97.98814392089844
-104.50407409667969
-105.45891571044922
-98.83790588378906
-104.80279541015625
-106.62384033203125
-104.09254455566406
-100.54776763916016
-109.08587646484375
-106.91505432128906
-105.80937194824219
-101.15717315673828
-103.53445434570312
-108.87223815917969
-106.0230712890625
-102.98056030273438
-102.76371002197266
-103.96772766113281
-98.4757080078125
-102.140869140625
-105.89186096191406
-105.36233520507812
-100.55673217773438
-111.89952850341797
-101.63211059570312
-102.25090789794922
-96.08106231689453
-102.3703384399414
-98.97676086425781
-101.58750915527344
-103.48072052001953
-93.93064880371094
-106.28954315185547
-105.62339782714844
-104.40375518798828
-103.0884017944336
-112.2054214477539
-110.90746307373047
-99.19790649414062
-99.89559936523438
-111.21439361572266
-105.77706146240234
-98.72996520996094
-106.39842987060547
-100.06175994873047
-104.15129852294922
-100.8536376953125
-101.92426300048828
-105.87338256835938
-105.84052276611328
-100.73810577392578
-100.69660186767578
-107.25159454345703
-98.55950164794922
-94.1038589477539
-99.84358978271484
-101.7785415649414
-102.50208282470703
-100.26085662841797
-104.13793182373047
-109.05081939697266
-105.0750961303711
-103.1221694946289
-105.25557708740234
-103.2009506225586
-104.96333312988281
-105.38938903808594
-110.73160552978516
-99.05342102050781
-103.61812591552734
-103.68463897705078
-107.83769989013672
-103.83025360107422
-103.98694610595703
-102.49765014648438
-103.73088073730469
-108.77783966064453
-100.3839340209961
-101.41284942626953
-105.08525848388672
-99.95889282226562
-107.48956298828125
-105.525390625
-107.07022857666016
-104.57490539550781
-105.3543701171875
-105.55577087402344
-106.23464965820312
-106.12686157226562
-102.92211151123047
-105.24972534179688
-101.96720886230469
-98.43737030029297
-100.83138275146484
-108.4461669921875
-112.187255859375
-105.41043853759766
-96.8572769165039
-104.61241149902344
-108.25642395019531
-107.51052856445312
-106.85195922851562
-105.4290771484375
-100.82244110107422
-106.88197326660156
-104.43171691894531
-104.65987396240234
-104.24259185791016
-101.85647583007812
-100.81324768066406
-102.60548400878906
-98.8213882446289
-104.12164306640625
-110.16761016845703
-108.60370635986328
-106.32141876220703
-105.34463500976562
-100.98754119873047
-101.82408905029297
-107.5690689086914
-101.02979278564453
-108.49437713623047
-104.6347427368164
-106.22830963134766
-96.01876831054688
-101.2061538696289
-105.86848449707031
-102.87540435791016
-102.54975128173828
-105.55542755126953
-101.71267700195312
-106.357177734375
-101.5618667602539
-103.88758850097656
-102.90542602539062
-104.99532318115234
-111.89197540283203
-108.9850082397461
-104.86962127685547
-103.5053939819336
-100.82794952392578
-109.51435852050781
-97.72100830078125
-113.49931335449219
-103.44135284423828
-109.14382934570312
-102.67770385742188
-99.93473815917969
-99.93366241455078
-102.9356918334961
-105.05396270751953
-108.86024475097656
-106.87812042236328
-106.23726654052734
-98.24285888671875
-109.3729248046875
-102.34661865234375
-107.45127868652344
-108.51933288574219
-109.7530746459961
-104.54100799560547
-111.38948822021484
-102.9490966796875
-109.1868896484375
-102.28472137451172
-101.48904418945312
-105.74237060546875
-107.71871185302734
-108.45281982421875
-107.63489532470703
-107.4937973022461
-104.04449462890625
-107.21575927734375
-105.28455352783203
-104.53695678710938
-109.58301544189453
-99.2015151977539
-106.74767303466797
-100.54580688476562
-98.55872344970703
-106.95926666259766
-105.35233306884766
-103.9307632446289
-103.0341796875
-104.95590209960938
-103.64933776855469
-105.65752410888672
-109.26508331298828
-95.77302551269531
-103.65082550048828
-99.33038330078125
-107.67709350585938
-100.52672576904297
-100.06396484375
-105.0895004272461
-104.34893035888672
-105.34163665771484
-107.52574920654297
-104.21231079101562
-105.2300796508789
-106.11146545410156
-104.8668212890625
