-108.99055480957031
-118.35948944091797
-110.71426391601562
-116.9671401977539
-116.13336181640625
-113.8652114868164
-109.2342300415039
-103.69317626953125
-115.08585357666016
-108.29955291748047
-116.10369110107422
-109.23819732666016
-115.60221099853516
-112.82511138916016
-109.56900024414062
-106.68228149414062
-107.7106704711914
-115.38478088378906
-111.34219360351562
-105.4760513305664
-110.54402923583984
-110.1142578125
-111.53050994873047
-113.12555694580078
-116.7631607055664
-119.2565689086914
-107.60671997070312
-117.21660614013672
-105.67692565917969
-107.60347747802734
-115.90047454833984
-120.44232940673828
-115.82559967041016
-119.4605712890625
-114.81072998046875
-109.9958724975586
-106.45545959472656
-110.7204818725586
-110.8653793334961
-112.2443618774414
-104.01457214355469
-105.02055358886719
-115.72064208984375
-111.11796569824219
-108.95912170410156
-116.01936340332031
-111.98017120361328
-112.81013488769531
-111.51602172851562
-109.49005126953125
-108.13973236083984
-111.03286743164062
-110.57295227050781
-121.77660369873047
-115.83434295654297
-111.14620208740234
-112.12984466552734
-103.81440734863281
-102.32230377197266
-119.01142883300781
-111.01460266113281
-113.67650604248047
-108.87176513671875
-111.61073303222656
-114.26361083984375
-106.74522399902344
-111.67306518554688
-111.59730529785156
-110.75482177734375
-105.9699935913086
-109.3322525024414
-106.18692779541016
-108.6304702758789
-118.54051971435547
-113.46049499511719
-114.82132720947266
-108.30286407470703
-112.03958892822266
-109.28213500976562
-115.35210418701172
-108.96128845214844
-113.0000991821289
-103.48479461669922
-110.06924438476562
-115.81917572021484
-110.3429183959961
-111.49970245361328
-106.65384674072266
-111.6570053100586
-106.61677551269531
-108.67288208007812
-112.34230041503906
-110.69398498535156
-113.4338150024414
-118.24381256103516
-111.3192138671875
-111.9012451171875
-110.33186340332031
-109.94456481933594
-114.80416870117188
-112.0653076171875
-101.28763580322266
-118.2620620727539
-114.03561401367188
-109.35213470458984
-117.39566040039062
-114.9721908569336
-104.9390869140625
-112.03263092041016
-105.39805603027344
-113.72723388671875
-100.9271011352539
-112.84504699707031
-105.47499084472656
-112.44931030273438
-107.07966613769531
-113.75636291503906
-111.5079116821289
-109.293701171875
-108.28610229492188
-119.07732391357422
-109.56212615966797
-111.17935180664062
-108.30421447753906
-102.76957702636719
-115.22237396240234
-110.60409545898438
-103.92537689208984
-112.18154907226562
-109.91654205322266
-104.64662170410156
-112.6134033203125
-105.21304321289062
-112.21942138671875
-105.72051239013672
-108.19084167480469
-109.80075073242188
-114.22221374511719
-110.08585357666016
-109.60101318359375
-114.18316650390625
-113.06103515625
-109.87445831298828
-109.42598724365234
-112.19509887695312
-108.9912109375
-110.66544342041016
-110.80319213867188
-113.41544342041016
-113.75323486328125
-117.16177368164062
-105.37911224365234
-115.3614730834961
-113.00170135498047
-116.57288360595703
-118.09587097167969
-119.75460815429688
-111.83989715576172
-115.94536590576172
-107.72760009765625
-110.16777801513672
-109.58340454101562
-114.20697021484375
-110.31099700927734
-106.45360565185547
-108.54885864257812
-115.24442291259766
-118.68203735351562
-116.84874725341797
-111.6336898803711
-112.4300537109375
-101.69114685058594
-114.57889556884766
-108.8448257446289
-105.0467529296875
-108.33881378173828
-107.62947082519531
-109.24658966064453
-112.54415130615234
-107.0572280883789
-112.2189712524414
-116.01763153076172
-111.60671997070312
-107.9156494140625
-104.27293395996094
-112.1728744506836
-106.62238311767578
-111.63545227050781
-110.67950439453125
-112.32365417480469
-114.88912963867188
-106.70130157470703
-106.6377182006836
-110.82247924804688
-106.100830078125
-110.09618377685547
-110.01258850097656
-114.88885498046875
-105.05599212646484
-111.8502197265625
-109.08856964111328
-110.30604553222656
-111.42779541015625
-103.6083755493164
-110.21160125732422
-113.46488952636719
-117.00857543945312
-106.22927856445312
-103.0082015991211
-115.03103637695312
-108.64305877685547
-111.31605529785156
-107.49560546875
-117.82676696777344
-111.51580047607422
-113.73493194580078
-114.26963806152344
-110.65087127685547
-111.26103210449219
-107.67401123046875
-105.36813354492188
-119.95232391357422
-108.0465316772461
-114.9507064819336
-111.74397277832031
-115.0724868774414
-113.52295684814453
-112.19125366210938
-114.083251953125
-112.34999084472656
-117.38868713378906
-121.67009735107422
-111.77210235595703
-111.40596008300781
-112.6753158569336
-104.11377716064453
-114.83834075927734
-111.7460708618164
-115.00808715820312
-110.26192474365234
-116.54584503173828
-112.20346069335938
-111.47456359863281
-113.83699798583984
-110.14530944824219
-111.4100341796875
-114.06841278076172
-113.6611328125
-108.962646484375
-107.317138671875
-114.55616760253906
-111.80778503417969
-107.18557739257812
-102.7376937866211
-110.47813415527344
-112.12757873535156
-110.76408386230469
-120.9344253540039
-108.88020324707031
-114.86812591552734
-116.59677124023438
-111.11749267578125
-112.65948486328125
-105.89789581298828
-105.0321044921875
-111.10578918457031
-112.06426239013672
-104.2050552368164
-105.8653793334961
-111.54517364501953
-110.16950225830078
-110.2066879272461
-109.73950958251953
-112.96306610107422
-105.679443359375
-110.31303405761719
-110.9732894897461
-103.22450256347656
-110.52497863769531
-114.29194641113281
-103.8882827758789
-109.77750396728516
-111.02889251708984
-108.82313537597656
-103.81242370605469
-112.20025634765625
-109.45883178710938
-113.62960052490234
-113.63948822021484
-110.0611572265625
-111.23129272460938
-104.8711166381836
-108.71285247802734
-112.97850036621094
-110.5228500366211
-113.37921905517578
-108.48088073730469
-116.17667388916016
-110.50556945800781
-110.09197235107422
-108.0149154663086
-108.67594909667969
-115.4340591430664
-111.50830078125
-115.19112396240234
-108.44992065429688
-107.1661148071289
-114.83163452148438
-112.60401916503906
-115.09520721435547
-111.76533508300781
-108.69439697265625
-109.71669006347656
-111.57999420166016
-106.61421966552734
-111.29094696044922
-106.51183319091797
-113.19051361083984
-108.81621551513672
-110.22217559814453
-112.00283813476562
-116.66583251953125
-106.13207244873047
-104.25489807128906
-108.31929779052734
-115.62591552734375
-117.13565063476562
-105.1822280883789
-115.98837280273438
-113.55635833740234
-114.04240417480469
-108.57046508789062
-107.7695541381836
-111.57382202148438
-118.84532928466797
-115.05370330810547
-110.21536254882812
-111.99685668945312
-107.68724060058594
-116.97223663330078
-116.41720581054688
-114.44224548339844
-115.79913330078125
-112.08348846435547
-114.93965911865234
-105.3648452758789
-104.82081604003906
-108.18502044677734
-109.5304183959961
-119.19603729248047
-112.91154479980469
-116.02972412109375
-114.48892211914062
-116.38619995117188
-108.027587890625
-114.17169952392578
-112.82659912109375
-115.65776062011719
-118.18831634521484
-115.51667022705078
-111.71984100341797
-112.54092407226562
-110.69290161132812
-116.67140197753906
-110.61664581298828
-110.38472747802734
-110.72489166259766
-108.97285461425781
-114.62680053710938
-111.66554260253906
-110.27364349365234
-108.85325622558594
-103.72905731201172
-118.49788665771484
-114.2155532836914
-115.24532318115234
-108.32052612304688
-107.52804565429688
-104.1672134399414
-106.88320922851562
-112.4706802368164
-105.49066925048828
-108.5811767578125
-107.37683868408203
-114.4386978149414
-110.46834564208984
-108.56975555419922
-112.90977478027344
-116.02643585205078
-106.62248992919922
-106.0555191040039
-107.13362884521484
-110.94482421875
-111.05522918701172
-109.51905822753906
-106.17018127441406
-103.70136260986328
-116.85789489746094
-107.057373046875
-109.26980590820312
-110.47500610351562
-107.8523941040039
-110.75885009765625
-107.00440979003906
-105.4202880859375
-119.92379760742188
-102.77374267578125
-108.77041625976562
-111.69942474365234
-112.01323699951172
-120.47135925292969
-112.69963073730469
-111.57080078125
-106.22382354736328
-106.80438995361328
-105.08251190185547
-119.33940887451172
-109.05509185791016
-105.90792846679688
-112.53822326660156
-113.50131225585938
-106.064697265625
-108.19750213623047
-117.28987884521484
-105.8619384765625
-108.66878509521484
-110.52620697021484
-106.67119598388672
-103.94154357910156
-115.57823944091797
-106.51748657226562
-115.90092468261719
-105.24987030029297
-109.00389099121094
-106.07342529296875
-112.9591064453125
-110.44754028320312
-109.49931335449219
-110.29525756835938
-107.60089874267578
-112.22412109375
-108.13771057128906
-115.05973815917969
-100.18010711669922
-110.50574493408203
-105.28501892089844
-111.7948989868164
-106.35803985595703
-105.4878158569336
-112.68030548095703
-107.6352310180664
-115.92236328125
-108.31002807617188
-108.88775634765625
-116.35614013671875
-109.90918731689453
-113.33616638183594
-112.81910705566406
-114.73162841796875
-105.6343002319336
-111.22045135498047
-106.94628143310547
-116.13256072998047
-100.92304229736328
-109.64207458496094
-114.37751770019531
-117.47623443603516
-113.10267639160156
-105.82401275634766
-102.7138671875
-112.88223266601562
-107.91136932373047
-110.05918884277344
-112.05671691894531
-106.05951690673828
-108.66132354736328
-107.36763763427734
-118.32206726074219
-106.4286880493164
-107.53739166259766
-99.71955108642578
-109.7517318725586
-109.79907989501953
-102.45789337158203
-112.80828094482422
-106.7890396118164
-110.00489807128906
-105.43121337890625
-113.33675384521484
-112.19790649414062
-108.23737335205078
-105.87845611572266
-106.12946319580078
-114.75777435302734
-110.04765319824219
-112.78749084472656
-106.12872314453125
-111.46145629882812
-106.45358276367188
-107.33525085449219
-109.65126037597656
-110.50467681884766
-106.82522583007812
-106.32830810546875
-112.48150634765625
-110.094482421875
-112.3654556274414
-106.0688247680664
-112.79374694824219
-112.55233764648438
-110.17593383789062
-113.5586929321289
-118.44255828857422
-105.77530670166016
-106.25983428955078
-105.3598861694336
-105.12263488769531
-104.34529113769531
-115.68370056152344
-107.42182159423828
-108.604248046875
-106.61772155761719
-111.45177459716797
-113.1722412109375
-107.77033233642578
-111.70343780517578
-108.4857177734375
-116.20258331298828
-104.45550537109375
-107.38761901855469
-109.77925109863281
-110.0797119140625
-111.79226684570312
-118.58880615234375
-117.20406341552734
-106.8039321899414
-107.80924224853516
-108.97869873046875
-107.50677490234375
-110.9169921875
-116.4228744506836
-109.90408325195312
-103.53414154052734
-113.31668853759766
-115.62743377685547
-106.30876159667969
-110.4897232055664
-105.81572723388672
-116.46562957763672
-113.76862335205078
-111.8825454711914
-108.2407455444336
-110.44458770751953
-109.67485809326172
-111.6707763671875
-110.47032928466797
-112.32704162597656
-112.51799774169922
-115.68273162841797
-108.73380279541016
-113.82831573486328
-111.61919403076172
-108.21754455566406
-110.68992614746094
-118.19237518310547
-115.51853942871094
-114.28133392333984
-105.72484588623047
-109.5893325805664
-116.13304138183594
-106.98454284667969
-105.78700256347656
-105.58369445800781
-115.27503204345703
-103.21031188964844
-115.35675048828125
-104.95331573486328
-120.55703735351562
-118.04365539550781
-111.73568725585938
-112.8345718383789
-115.25404357910156
-112.03081512451172
-109.13821411132812
-111.88646697998047
-111.60030364990234
-108.52269744873047
-103.64686584472656
-110.50676727294922
-104.03472137451172
-108.90196990966797
-107.86834716796875
-107.3051528930664
-110.2035140991211
-107.58229064941406
-110.85974884033203
-104.43643951416016
-105.07518005371094
-117.3165512084961
-116.72067260742188
-108.51142883300781
-107.7352066040039
-112.61686706542969
-111.2110595703125
-106.73350524902344
-106.85430908203125
-108.50891876220703
-104.5870361328125
-112.41407775878906
-109.73192596435547
-105.26437377929688
-111.47499084472656
-108.75349426269531
-118.25162506103516
-113.20055389404297
-111.27628326416016
-107.3205795288086
-109.66252136230469
-106.86693572998047
-108.3043212890625
-110.09288787841797
-104.52537536621094
-105.57015991210938
-108.48131561279297
-106.45104217529297
-112.0993881225586
-111.67213439941406
-111.70394134521484
-110.52132415771484
-114.58338165283203
-110.32648468017578
-107.55364227294922
-116.91426086425781
-107.84626007080078
-104.1446762084961
-110.25637817382812
-112.73040008544922
-109.14826965332031
-105.01905822753906
-116.61168670654297
-114.1515121459961
-115.64856719970703
-116.84516906738281
-111.06535339355469
-108.54767608642578
-102.20635223388672
-107.48827362060547
-107.94648742675781
-107.8075180053711
-108.2219467163086
-111.36233520507812
-121.99681854248047
-110.84932708740234
-117.18038177490234
-115.8390884399414
-113.16958618164062
-107.01071166992188
-111.92613220214844
-107.57101440429688
-106.56481170654297
-116.60289764404297
-104.02903747558594
-113.11720275878906
-108.63066101074219
-104.442138671875
-109.11644744873047
-116.3386001586914
-108.2886962890625
-110.29727935791016
-113.91620635986328
-113.88782501220703
-115.05096435546875
-107.98833465576172
-105.64646911621094
-112.44346618652344
-105.36294555664062
-107.0303955078125
-115.16325378417969
-111.67674255371094
-114.55859375
-113.10308837890625
-111.09864044189453
-106.49225616455078
-113.7404556274414
-115.14308166503906
-106.81810760498047
-106.23175048828125
-108.05882263183594
-110.25526428222656
-111.63629913330078
-106.29342651367188
-113.10054016113281
-98.49758911132812
-108.88311767578125
-110.23014068603516
-111.2060317993164
-110.49884033203125
-107.70587921142578
-110.67505645751953
-108.13426208496094
-107.68516540527344
-107.53923797607422
-117.00920867919922
-112.94827270507812
-109.5257568359375
-112.06321716308594
-109.59754180908203
-110.95711517333984
-110.83126831054688
-112.47028350830078
-106.06675720214844
-110.43001556396484
-110.48475646972656
-106.22644805908203
-108.93080139160156
-108.14061737060547
-108.74407958984375
-106.45892333984375
-109.42350006103516
-112.0982894897461
-118.0079574584961
-109.01432037353516
-109.06156158447266
-113.34831237792969
-110.60209655761719
-112.31564331054688
-105.70326232910156
-109.51241302490234
-114.56591796875
-102.61669921875
-108.58462524414062
-116.99205017089844
-107.71239471435547
-110.3741455078125
-113.67310333251953
-114.73925018310547
-104.86138916015625
-110.0266342163086
-109.9239501953125
-103.15969848632812
-109.91631317138672
-112.48870849609375
-108.21469116210938
-104.97711944580078
-115.13523864746094
-112.37897491455078
-111.90113830566406
-106.47198486328125
-107.61883544921875
-115.7181396484375
-112.40161895751953
-109.07830810546875
-108.41069030761719
-111.06758117675781
-105.02228546142578
-108.58442687988281
-112.10774993896484
-112.16361236572266
-104.17526245117188
-117.52860260009766
-105.82139587402344
-108.45040893554688
-102.31878662109375
-105.79798889160156
-103.71266174316406
-108.89100646972656
-109.72520446777344
-98.89418029785156
-110.42324829101562
-111.52072143554688
-109.76953125
-106.61030578613281
-117.93963623046875
-118.57554626464844
-107.4380874633789
-103.8142318725586
-116.6782455444336
-109.93746185302734
-106.45226287841797
-109.02562713623047
-107.32195281982422
-110.40135955810547
-105.06756591796875
-108.59996032714844
-111.61123657226562
-111.35794830322266
-105.68444061279297
-106.49911499023438
-113.98764038085938
-104.44857025146484
-97.44032287597656
-106.89894104003906
-106.8453140258789
-110.03185272216797
-107.4655532836914
-110.43773651123047
-115.57697296142578
-110.3472900390625
-108.15540313720703
-111.20306396484375
-108.91716003417969
-112.06553649902344
-109.9920425415039
-115.59003448486328
-103.8472671508789
-108.27581024169922
-109.76714324951172
-114.91242218017578
-107.38907623291016
-110.189697265625
-107.40155029296875
-108.32772827148438
-114.05218505859375
-105.90764617919922
-108.64805603027344
-111.09821319580078
-104.9994125366211
-113.47613525390625
-109.53079986572266
-114.31767272949219
-109.63310241699219
-112.05120086669922
-112.91854095458984
-111.01217651367188
-111.28123474121094
-108.95098114013672
-111.96085357666016
-106.60749816894531
-105.8929672241211
-106.41452026367188
-116.11626434326172
-117.71188354492188
-112.12808227539062
-101.9506607055664
-109.44290161132812
-113.98982238769531
-113.07937622070312
-112.48184204101562
-110.21446228027344
-104.18614196777344
-113.34371185302734
-109.76285552978516
-109.85535430908203
-108.2684555053711
-110.06651306152344
-106.7728271484375
-107.69084930419922
-104.87674713134766
-110.22807312011719
-114.59969329833984
-112.87391662597656
-110.08816528320312
-111.3957290649414
-105.48014068603516
-107.39417266845703
-112.80229187011719
-106.6200942993164
-113.32560729980469
-107.76512908935547
-111.4907455444336
-101.48773956298828
-106.50062561035156
-111.35281372070312
-108.54120635986328
-107.85847473144531
-111.22006225585938
-107.02950286865234
-111.8509292602539
-104.6422348022461
-108.01472473144531
-110.39494323730469
-110.01809692382812
-116.08920288085938
-114.17170715332031
-108.62511444091797
-108.37122344970703
-104.64754486083984
-115.76892852783203
-103.53497314453125
-116.8520736694336
-107.17837524414062
-114.36807250976562
-108.94599914550781
-105.49164581298828
-106.30440521240234
-109.86672973632812
-111.86668395996094
-115.33528137207031
-112.38027954101562
-110.2986068725586
-105.17594909667969
-114.23920440673828
-108.28460693359375
-112.78362274169922
-113.633544921875
-112.73638916015625
-111.2702407836914
-116.08271026611328
-108.78594970703125
-113.13983154296875
-106.83710479736328
-107.46626281738281
-111.93009185791016
-114.32061767578125
-112.28285217285156
-113.0390853881836
-112.3163833618164
-107.28314971923828
-111.69795227050781
-109.02439880371094
-110.39251708984375
-114.16425323486328
-104.30009460449219
-112.9022216796875
-107.46552276611328
-103.94567108154297
-112.38194274902344
-109.84195709228516
-109.13145446777344
-108.31298828125
-111.89080810546875
-109.97774505615234
-111.32240295410156
-117.36311340332031
-101.23084259033203
-109.93953704833984
-102.96678161621094
-114.1129150390625
-107.15013122558594
-106.41197204589844
-111.28514099121094
-111.83573913574219
-111.90365600585938
-112.79447937011719
-108.2956771850586
-111.37748718261719
-111.606689453125
-109.44174194335938
