-101.90255737304688
-113.29756927490234
-103.4842529296875
-109.3905258178711
-110.51042175292969
-108.71818542480469
-103.58143615722656
-98.15548706054688
-108.48799133300781
-102.92767333984375
-110.13619995117188
-104.2673568725586
-107.59326171875
-105.80136108398438
-104.531982421875
-100.7910385131836
-100.46421813964844
-108.6762924194336
-107.14735412597656
-100.27403259277344
-105.37232971191406
-104.36531829833984
-105.84954071044922
-107.17879486083984
-108.51630401611328
-114.12415313720703
-102.07696533203125
-109.57188415527344
-100.04818725585938
-101.63162231445312
-109.0179672241211
-114.24592590332031
-108.81245422363281
-113.32652282714844
-110.14849853515625
-103.62235260009766
-100.34312438964844
-105.8275375366211
-104.65565490722656
-104.74172973632812
-98.849853515625
-99.37813568115234
-108.84654998779297
-103.39037322998047
-102.27360534667969
-109.09426879882812
-107.10602569580078
-107.46222686767578
-105.1098403930664
-101.75379943847656
-102.31732177734375
-105.6668472290039
-105.25240325927734
-114.32152557373047
-110.40485382080078
-104.92528533935547
-106.47999572753906
-98.99589538574219
-96.22370910644531
-110.52930450439453
-105.08911895751953
-107.59963989257812
-101.75778198242188
-104.35961151123047
-107.69599914550781
-99.00455474853516
-105.18682861328125
-105.494140625
-105.36759185791016
-99.78057861328125
-104.74793243408203
-100.94500732421875
-103.47139739990234
-111.0338363647461
-106.7046127319336
-108.61933135986328
-101.83676147460938
-105.2593765258789
-103.94412231445312
-109.41529846191406
-103.4837646484375
-107.21414947509766
-96.36674499511719
-103.36184692382812
-110.12847900390625
-105.10782623291016
-104.40805053710938
-100.37954711914062
-106.0083999633789
-99.36962890625
-103.2574234008789
-106.60177612304688
-104.4919204711914
-107.83007049560547
-111.38713073730469
-105.04669189453125
-105.83277130126953
-104.06475067138672
-103.32304382324219
-109.09105682373047
-106.2667465209961
-96.07318878173828
-110.59906005859375
-106.98075866699219
-103.68605041503906
-111.78439331054688
-107.80589294433594
-98.61251068115234
-103.72711181640625
-100.0321273803711
-106.89741516113281
-96.64328002929688
-105.51870727539062
-99.62271881103516
-106.1814193725586
-101.5262680053711
-107.01782989501953
-104.32842254638672
-102.42340850830078
-100.06856536865234
-110.90096282958984
-104.22756958007812
-104.78862762451172
-101.38983917236328
-94.90362548828125
-108.58118438720703
-104.71638488769531
-98.44274139404297
-104.00152587890625
-103.64707946777344
-97.84577941894531
-107.54470825195312
-100.29045867919922
-105.9415512084961
-100.07044982910156
-101.84122467041016
-104.18268585205078
-107.73880004882812
-103.41818237304688
-104.03939819335938
-107.8683853149414
-105.94889068603516
-102.92534637451172
-104.56424713134766
-105.38616180419922
-103.1917953491211
-104.11734771728516
-103.59485626220703
-107.36369323730469
-107.40186309814453
-110.44912719726562
-98.64788055419922
-108.87075805664062
-106.8611831665039
-110.45726776123047
-110.63604736328125
-113.20784759521484
-106.18297576904297
-109.6199951171875
-102.0217514038086
-104.345458984375
-104.33686065673828
-107.60050964355469
-104.77063751220703
-101.64253997802734
-102.9609375
-107.62469482421875
-114.1106948852539
-111.30438232421875
-104.7850112915039
-106.46854400634766
-97.32321166992188
-107.62503051757812
-102.08312225341797
-100.56804656982422
-101.92485046386719
-102.70989990234375
-104.60655975341797
-106.57099151611328
-102.28854370117188
-106.64910888671875
-110.18326568603516
-104.53589630126953
-104.2229232788086
-100.06321716308594
-104.16564178466797
-99.98197174072266
-107.1899185180664
-107.00747680664062
-108.41536712646484
-109.23396301269531
-101.01832580566406
-101.5278091430664
-103.81654357910156
-102.65318298339844
-103.29470825195312
-104.86652374267578
-109.04234313964844
-99.88329315185547
-105.66397094726562
-103.37354278564453
-106.11392211914062
-106.78719329833984
-99.3486557006836
-105.11650848388672
-107.12883758544922
-112.54300689697266
-100.15327453613281
-97.89675903320312
-107.5853271484375
-102.0107650756836
-105.53863525390625
-102.09976959228516
-113.30796813964844
-106.41940307617188
-106.88164520263672
-108.60997009277344
-104.43543243408203
-106.88762664794922
-102.97310638427734
-100.28091430664062
-111.65615844726562
-102.28255462646484
-107.29637145996094
-104.86405944824219
-109.08889770507812
-107.49539184570312
-105.7302017211914
-109.27561950683594
-106.56008911132812
-113.44477844238281
-114.50105285644531
-107.36605834960938
-105.70973205566406
-107.14747619628906
-98.332763671875
-107.43952178955078
-105.85610961914062
-109.50199127197266
-103.21553039550781
-108.59713745117188
-106.45980072021484
-105.35514068603516
-106.13385772705078
-104.91218566894531
-105.76644134521484
-105.30870056152344
-109.20752716064453
-101.9021987915039
-100.93594360351562
-108.32100677490234
-106.29205322265625
-100.66886901855469
-95.56278228759766
-102.76842498779297
-105.47333526611328
-104.71540832519531
-114.92066955566406
-104.00989532470703
-108.59925842285156
-110.00337982177734
-104.34000396728516
-106.4735107421875
-100.60749816894531
-100.53799438476562
-105.57604217529297
-106.46499633789062
-98.39396667480469
-101.49189758300781
-105.17884826660156
-104.4570083618164
-105.67804718017578
-105.6745834350586
-107.72137451171875
-100.378662109375
-104.57307434082031
-106.30123138427734
-99.83757781982422
-104.47266387939453
-107.78720092773438
-98.4346923828125
-103.3665542602539
-105.7867431640625
-102.34453582763672
-98.2201919555664
-106.84393310546875
-104.80265808105469
-107.52405548095703
-108.13850402832031
-105.92782592773438
-104.57756042480469
-100.27918243408203
-102.14523315429688
-105.71219635009766
-105.04792022705078
-106.82914733886719
-103.66563415527344
-109.93470001220703
-105.43860626220703
-103.94171905517578
-102.47053527832031
-102.47866821289062
-108.18175506591797
-105.73213958740234
-109.05377197265625
-102.61478424072266
-102.73137664794922
-110.26364135742188
-106.2199935913086
-108.59541320800781
-104.86016082763672
-104.51722717285156
-103.7130126953125
-106.37993621826172
-98.95585632324219
-103.72940063476562
-101.09232330322266
-107.75231170654297
-102.91151428222656
-105.15251922607422
-107.06694793701172
-111.61370086669922
-101.80401611328125
-101.22083282470703
-104.27349853515625
-108.89006042480469
-109.65364074707031
-100.83283233642578
-108.47266387939453
-107.79541015625
-108.21018981933594
-103.95603942871094
-102.94561767578125
-105.5918960571289
-111.75366973876953
-108.80374145507812
-103.12489318847656
-106.85594177246094
-102.32881927490234
-111.82698822021484
-110.7642593383789
-108.28244018554688
-108.55406188964844
-105.06053924560547
-112.3111572265625
-99.51918029785156
-100.05040740966797
-102.38878631591797
-105.49293518066406
-113.21546173095703
-105.58132934570312
-109.13945007324219
-107.8642578125
-109.45307159423828
-101.63056945800781
-108.86937713623047
-107.88682556152344
-109.5362777709961
-111.86124420166016
-107.99083709716797
-107.40420532226562
-107.40885925292969
-104.52120971679688
-111.11991119384766
-105.3166732788086
-104.6175308227539
-103.42778015136719
-103.43360900878906
-107.26507568359375
-105.44610595703125
-105.61974334716797
-103.6779556274414
-98.99174499511719
-111.4461441040039
-107.24610137939453
-108.70697021484375
-103.28577423095703
-103.12319946289062
-98.6920394897461
-101.42655181884766
-106.27328491210938
-99.55911254882812
-102.11441040039062
-101.30632019042969
-109.63553619384766
-104.88057708740234
-103.21321868896484
-106.5324935913086
-110.42424774169922
-101.89566802978516
-101.24588775634766
-101.899658203125
-103.57608032226562
-104.81415557861328
-103.68354797363281
-101.77924346923828
-98.96583557128906
-111.43175506591797
-101.32837677001953
-103.43106079101562
-105.75656127929688
-102.40753173828125
-103.43291473388672
-102.17922973632812
-100.23588562011719
-112.84546661376953
-97.68578338623047
-103.05056762695312
-106.37525177001953
-106.28074645996094
-116.2766342163086
-107.32475280761719
-106.11201477050781
-101.1084213256836
-101.45909881591797
-98.78301239013672
-111.63282775878906
-104.3656234741211
-102.76887512207031
-107.99351501464844
-107.08930969238281
-99.44400024414062
-104.2985610961914
-110.31167602539062
-100.651123046875
-103.10771942138672
-105.90048217773438
-103.54914855957031
-100.30947875976562
-108.87731170654297
-100.27119445800781
-109.53787231445312
-100.68628692626953
-102.97908782958984
-100.41342163085938
-107.74317932128906
-103.98248291015625
-106.07734680175781
-104.67871856689453
-101.5403823852539
-105.2470474243164
-104.05036926269531
-108.52468872070312
-96.20890045166016
-104.33726501464844
-100.59747314453125
-106.93893432617188
-100.25605773925781
-100.83303833007812
-108.90119171142578
-101.41049194335938
-110.58108520507812
-102.80743408203125
-103.68695831298828
-109.74665069580078
-104.7802963256836
-108.81655883789062
-109.5335693359375
-110.42973327636719
-101.68408966064453
-106.48881530761719
-100.8284683227539
-111.21968078613281
-96.1435546875
-103.9058609008789
-110.33061218261719
-111.12885284423828
-109.56359100341797
-100.52437591552734
-97.79459381103516
-107.92025756835938
-101.12191772460938
-106.42253112792969
-106.90556335449219
-100.64472961425781
-104.6299057006836
-101.95809936523438
-112.26634216308594
-100.89205169677734
-101.60221862792969
-96.25520324707031
-104.56676483154297
-106.03851318359375
-99.60554504394531
-107.2945556640625
-100.9234619140625
-104.48823547363281
-101.31623077392578
-109.31965637207031
-107.487060546875
-102.0136489868164
-100.83324432373047
-101.57215118408203
-108.113525390625
-105.68452453613281
-107.15013122558594
-99.92682647705078
-105.4109115600586
-99.31845092773438
-103.21017456054688
-104.11363220214844
-104.08130645751953
-100.6754150390625
-101.12962341308594
-106.97008514404297
-103.93785858154297
-108.21781921386719
-99.74773406982422
-104.59650421142578
-105.18286895751953
-105.98283386230469
-109.14006805419922
-113.29901885986328
-100.90277862548828
-102.00008392333984
-100.01870727539062
-100.9157485961914
-100.9036865234375
-111.67713165283203
-101.34161376953125
-103.68071746826172
-103.10230255126953
-105.71935272216797
-106.38619232177734
-103.13775634765625
-106.06240844726562
-101.7772445678711
-111.48845672607422
-99.89581298828125
-102.4593276977539
-104.55937957763672
-105.43558502197266
-105.49800109863281
-111.79718017578125
-112.64006805419922
-102.17625427246094
-102.66230773925781
-104.66565704345703
-101.36734008789062
-107.01170349121094
-111.4678955078125
-103.84384155273438
-98.5590591430664
-107.40361022949219
-109.7725830078125
-100.07396697998047
-105.42145538330078
-101.22937774658203
-110.12146759033203
-109.2072525024414
-105.83940887451172
-102.56893920898438
-104.35255432128906
-104.6075210571289
-104.75594329833984
-105.22074890136719
-106.96135711669922
-107.24752044677734
-112.66326141357422
-102.94526672363281
-106.58369445800781
-104.37709045410156
-103.31623077392578
-105.66434478759766
-110.0453109741211
-110.69644165039062
-107.88727569580078
-101.85745239257812
-102.69773864746094
-110.05575561523438
-102.35277557373047
-99.66848754882812
-100.71141815185547
-109.32946014404297
-98.12384796142578
-107.65299987792969
-99.40333557128906
-114.77940368652344
-111.4263916015625
-106.79957580566406
-107.73585510253906
-109.61664581298828
-103.8357162475586
-103.32551574707031
-105.36175537109375
-106.39712524414062
-103.56778717041016
-98.82276153564453
-104.00379943847656
-99.51166534423828
-105.0525131225586
-103.70696258544922
-102.37618255615234
-105.99703979492188
-103.7074203491211
-105.65604400634766
-100.25521087646484
-99.98278045654297
-111.73809814453125
-111.31468200683594
-102.80292510986328
-101.96339416503906
-106.6246566772461
-106.1539306640625
-101.23027038574219
-101.46073913574219
-103.9649658203125
-99.29325866699219
-105.93551635742188
-103.08162689208984
-101.091796875
-106.0680160522461
-102.93003845214844
-113.35991668701172
-106.72366333007812
-104.92323303222656
-104.12019348144531
-105.06378173828125
-103.57161712646484
-102.24293518066406
-105.48090362548828
-100.97886657714844
-101.02105712890625
-104.40382385253906
-100.79015350341797
-106.3066177368164
-108.51790618896484
-105.19960021972656
-105.11209106445312
-110.28741455078125
-103.88690948486328
-103.82933044433594
-110.31964111328125
-103.91399383544922
-100.60176849365234
-106.27472686767578
-109.41777038574219
-104.96136474609375
-100.34173583984375
-112.6295166015625
-108.93981170654297
-112.57321166992188
-111.56002807617188
-107.11023712158203
-102.73941802978516
-96.07293701171875
-102.32427215576172
-102.27616882324219
-101.53182220458984
-103.15235900878906
-105.791259765625
-115.73973083496094
-107.23798370361328
-110.70535278320312
-109.74779510498047
-108.75689697265625
-101.5206069946289
-106.6716079711914
-101.55616760253906
-101.51458740234375
-110.90104675292969
-97.86670684814453
-107.21161651611328
-103.88507843017578
-100.83490753173828
-104.36996459960938
-109.85982513427734
-103.16687774658203
-104.8222427368164
-109.0464096069336
-106.5970230102539
-109.32975769042969
-103.15271759033203
-99.6971664428711
-109.33358001708984
-101.9620132446289
-102.64139556884766
-108.37654876708984
-107.12049102783203
-107.40665435791016
-107.16718292236328
-105.37615203857422
-101.76968383789062
-108.37347412109375
-107.59062194824219
-103.25186920166016
-102.32102966308594
-102.9859619140625
-106.01390075683594
-105.10209655761719
-101.64234924316406
-107.42621612548828
-94.42386627197266
-102.05592346191406
-103.6961898803711
-105.65497589111328
-104.554931640625
-101.36166381835938
-106.35484313964844
-103.79276275634766
-102.63836669921875
-103.12571716308594
-112.14877319335938
-107.84590148925781
-103.26192474365234
-104.6847152709961
-103.20481872558594
-106.27230072021484
-106.94692993164062
-105.60516357421875
-101.28626251220703
-104.220703125
-105.1020278930664
-101.18878173828125
-103.17921447753906
-104.04632568359375
-102.78397369384766
-101.89484405517578
-103.87923431396484
-107.06143188476562
-111.74356079101562
-104.02301788330078
-103.36703491210938
-107.38908386230469
-105.51519775390625
-107.5328140258789
-100.0682373046875
-103.6707992553711
-107.8562240600586
-97.7605972290039
-103.90739440917969
-111.37364196777344
-103.12620544433594
-106.40396118164062
-106.85498809814453
-109.34710693359375
-99.22571563720703
-105.30882263183594
-104.86429595947266
-99.05525970458984
-102.7721939086914
-106.76554870605469
-102.95449829101562
-99.11217498779297
-109.53568267822266
-105.98127746582031
-106.89945983886719
-101.48818969726562
-103.61026000976562
-108.64381408691406
-105.28411865234375
-102.92044067382812
-103.19821166992188
-104.20116424560547
-99.55571746826172
-103.71913146972656
-106.5881118774414
-106.75367736816406
-100.33334350585938
-112.13563537597656
-103.7728271484375
-103.89647674560547
-97.76673889160156
-102.36038208007812
-99.10057067871094
-102.39470672607422
-104.1400375366211
-94.4202651977539
-106.08381652832031
-107.72380065917969
-105.25437927246094
-101.51737213134766
-113.1126937866211
-112.4312973022461
-100.29033660888672
-99.92887878417969
-110.66410064697266
-106.91350555419922
-100.06034851074219
-106.58464813232422
-100.83646392822266
-105.35938262939453
-99.97171020507812
-102.71134948730469
-107.6263427734375
-107.2381591796875
-100.36113739013672
-102.53710174560547
-107.8427505493164
-99.21105194091797
-93.32804107666016
-101.19921112060547
-102.47762298583984
-103.36713409423828
-100.29634857177734
-104.40532684326172
-110.13858032226562
-104.35504150390625
-102.71113586425781
-104.92643737792969
-103.8330307006836
-105.10176849365234
-104.6787338256836
-110.67525482177734
-99.3499984741211
-103.6224365234375
-102.69283294677734
-107.75993347167969
-102.58946990966797
-104.88593292236328
-102.09757232666016
-103.96377563476562
-108.4183349609375
-100.80400085449219
-102.18557739257812
-104.79241943359375
-100.99658203125
-108.4879150390625
-104.7213363647461
-109.26728057861328
-104.52422332763672
-105.41282653808594
-107.01889038085938
-106.67001342773438
-106.24520874023438
-103.70167541503906
-108.57440185546875
-101.47810363769531
-98.77291107177734
-100.6594467163086
-108.6278305053711
-112.93894958496094
-106.97599792480469
-97.88404083251953
-104.42572784423828
-107.89414978027344
-106.91615295410156
-107.79059600830078
-106.72293853759766
-101.16983032226562
-106.38151550292969
-105.19548034667969
-104.6190414428711
-104.69420623779297
-104.44037628173828
-102.2676773071289
-103.471923828125
-99.6881332397461
-104.95360565185547
-109.77867126464844
-108.53910064697266
-106.49893188476562
-105.26869201660156
-101.10321807861328
-102.03213500976562
-108.47369384765625
-102.46368408203125
-109.94147491455078
-105.02552032470703
-106.84603118896484
-97.42273712158203
-102.07801055908203
-106.99883270263672
-103.68748474121094
-103.44776916503906
-107.86283874511719
-102.9721908569336
-105.9197998046875
-101.05186462402344
-103.86211395263672
-105.29041290283203
-104.9400634765625
-112.06997680664062
-109.71598052978516
-104.95570373535156
-104.61404418945312
-100.26016998291016
-110.27521514892578
-98.62788391113281
-112.19361877441406
-104.16046905517578
-109.5955581665039
-103.67022705078125
-101.36808776855469
-100.32122802734375
-104.76362609863281
-106.59838104248047
-110.04423522949219
-107.09326171875
-106.66084289550781
-98.912109375
-109.69641876220703
-102.4705810546875
-109.84883880615234
-109.4487533569336
-109.73455047607422
-105.90118408203125
-110.3792495727539
-103.9219741821289
-109.29634857177734
-103.92646789550781
-103.29976654052734
-105.83232879638672
-107.38135528564453
-109.29037475585938
-107.98453521728516
-107.78804016113281
-104.73475646972656
-107.58011627197266
-106.03244018554688
-105.39921569824219
-110.39019775390625
-100.3677978515625
-109.10692596435547
-102.14594268798828
-99.4477767944336
-107.8584976196289
-105.67241668701172
-104.7287826538086
-104.9230728149414
-106.43824005126953
-104.50639343261719
-105.5018310546875
-110.56790924072266
-96.95586395263672
-104.1170425415039
-99.8990249633789
-108.43202209472656
-102.32913208007812
-101.98552703857422
-105.9794692993164
-106.69291687011719
-106.73297119140625
-107.74861145019531
-104.20380401611328
-106.95915985107422
-106.29598999023438
-103.91093444824219
