-140.4355926513672
-143.3995361328125
-139.9917755126953
-143.1849822998047
-146.11155700683594
-137.74993896484375
-137.98065185546875
-138.96058654785156
-138.39169311523438
-140.89805603027344
-143.1549072265625
-135.71859741210938
-132.5511474609375
-143.447265625
-141.56735229492188
-137.6016845703125
-142.19171142578125
-142.74822998046875
-141.7918243408203
-143.94631958007812
-139.73484802246094
-147.7674102783203
-140.54489135742188
-139.10487365722656
-139.53672790527344
-132.65858459472656
-139.0421600341797
-140.14967346191406
-146.8303680419922
-141.99624633789062
-140.8164825439453
-148.0570068359375
-142.8037109375
-146.26971435546875
-139.33126831054688
-138.0997314453125
-133.35992431640625
-143.54995727539062
-140.81732177734375
-140.19187927246094
-145.34854125976562
-135.6539764404297
-143.35028076171875
-140.77638244628906
-149.87445068359375
-138.94436645507812
-146.01577758789062
-140.7029266357422
-142.21725463867188
-137.5181427001953
-145.38787841796875
-142.78317260742188
-143.6467742919922
-141.7335205078125
-143.07296752929688
-140.2515106201172
-135.81300354003906
-147.36622619628906
-143.81736755371094
-141.79791259765625
-139.39772033691406
-142.55101013183594
-139.753662109375
-137.38111877441406
-141.78390502929688
-149.37863159179688
-142.92112731933594
-136.43637084960938
-139.06594848632812
-148.53460693359375
-142.76895141601562
-139.16024780273438
-139.71868896484375
-142.00892639160156
-155.3700408935547
-143.56472778320312
-134.62745666503906
-139.33795166015625
-132.2081298828125
-141.99905395507812
-145.3124237060547
-143.54049682617188
-142.23658752441406
-147.52691650390625
-147.73240661621094
-142.05810546875
-130.89163208007812
-150.59596252441406
-147.17042541503906
-146.84068298339844
-149.7548828125
-152.2254638671875
-139.6234588623047
-142.50137329101562
-140.7161407470703
-146.4927520751953
-140.78964233398438
-140.6275634765625
-145.09402465820312
-145.92529296875
-147.92855834960938
-139.02706909179688
-138.23704528808594
-137.76058959960938
-141.26693725585938
-154.03651428222656
-140.74681091308594
-137.87452697753906
-137.512939453125
-148.42599487304688
-138.46669006347656
-140.74647521972656
-147.54080200195312
-135.52955627441406
-144.5546112060547
-147.47923278808594
-139.0089569091797
-137.41030883789062
-141.25421142578125
-137.67283630371094
-143.29351806640625
-140.4700927734375
-142.90530395507812
-140.5377960205078
-137.32049560546875
-143.59059143066406
-148.3179168701172
-139.74940490722656
-141.03587341308594
-146.13232421875
-152.31822204589844
-149.37432861328125
-137.7106475830078
-148.31431579589844
-143.6552734375
-137.65420532226562
-137.711669921875
-143.74058532714844
-137.6935272216797
-146.77928161621094
-147.35243225097656
-134.4383544921875
-140.22640991210938
-143.4854736328125
-149.09915161132812
-140.6969757080078
-140.6779327392578
-139.99403381347656
-140.31907653808594
-137.19601440429688
-138.4334716796875
-131.46849060058594
-148.6780242919922
-149.1297607421875
-143.52822875976562
-140.63043212890625
-134.39222717285156
-144.16131591796875
-134.3816375732422
-141.98291015625
-141.70794677734375
-142.55235290527344
-135.53897094726562
-142.28811645507812
-150.7988739013672
-139.5743865966797
-140.29507446289062
-139.16921997070312
-136.99142456054688
-144.28993225097656
-139.4575653076172
-144.3260955810547
-140.22769165039062
-142.27146911621094
-139.65196228027344
-145.50439453125
-143.65257263183594
-144.46986389160156
-146.26695251464844
-143.83798217773438
-142.7078857421875
-142.934814453125
-137.11854553222656
-138.72207641601562
-145.8370361328125
-142.723388671875
-139.84878540039062
-141.02333068847656
-143.2118682861328
-137.27047729492188
-142.78228759765625
-138.67132568359375
-138.12808227539062
-147.07603454589844
-138.6306915283203
-143.8690948486328
-144.85984802246094
-145.5417938232422
-142.22052001953125
-139.2992401123047
-142.4781036376953
-136.3035125732422
-136.77964782714844
-133.0881805419922
-144.88587951660156
-142.0097198486328
-140.70693969726562
-136.04864501953125
-140.57601928710938
-144.4114532470703
-146.8541717529297
-136.0427703857422
-130.5808868408203
-135.832275390625
-148.03152465820312
-140.2401123046875
-141.5101776123047
-142.00343322753906
-142.72718811035156
-148.86398315429688
-138.70066833496094
-142.70193481445312
-139.77333068847656
-138.0908660888672
-136.1304931640625
-140.63772583007812
-141.90992736816406
-140.44920349121094
-134.7995147705078
-134.91952514648438
-141.20333862304688
-140.4168701171875
-144.28550720214844
-139.5441436767578
-156.4081573486328
-135.62591552734375
-141.26321411132812
-138.39759826660156
-148.62022399902344
-134.74179077148438
-136.6364288330078
-144.58914184570312
-136.8856201171875
-140.93492126464844
-137.617919921875
-152.29180908203125
-141.2118377685547
-145.30413818359375
-137.66676330566406
-139.84765625
-141.4914093017578
-146.9333953857422
-139.09617614746094
-142.14141845703125
-137.0831298828125
-137.28782653808594
-131.5155792236328
-138.82614135742188
-146.90286254882812
-142.8272705078125
-145.8841094970703
-152.45408630371094
-142.83140563964844
-139.9044189453125
-140.91819763183594
-142.65142822265625
-141.46749877929688
-144.91598510742188
-143.88856506347656
-136.23065185546875
-139.33697509765625
-136.12103271484375
-140.38815307617188
-133.79856872558594
-138.12344360351562
-137.57847595214844
-140.92189025878906
-152.22232055664062
-150.02059936523438
-146.65248107910156
-135.882080078125
-150.3170166015625
-144.58847045898438
-145.45664978027344
-149.11062622070312
-138.51019287109375
-134.47413635253906
-128.51995849609375
-143.00889587402344
-134.1488800048828
-143.10781860351562
-147.4752960205078
-142.433837890625
-147.76463317871094
-147.41908264160156
-142.91973876953125
-141.36692810058594
-150.40643310546875
-140.84487915039062
-145.58570861816406
-135.98130798339844
-141.35313415527344
-140.24124145507812
-144.5843048095703
-142.51084899902344
-131.23397827148438
-139.9473114013672
-142.43753051757812
-137.82208251953125
-142.26683044433594
-139.61611938476562
-142.03469848632812
-149.94944763183594
-131.08827209472656
-135.07664489746094
-135.17825317382812
-145.9932098388672
-147.6136474609375
-138.3015594482422
-146.6187744140625
-136.1923828125
-137.59239196777344
-143.13787841796875
-134.2595977783203
-136.51058959960938
-144.8967742919922
-139.57432556152344
-150.13619995117188
-147.27496337890625
-144.20254516601562
-142.92684936523438
-130.24069213867188
-139.24365234375
-138.0760498046875
-138.06842041015625
-139.3234405517578
-147.37652587890625
-147.04083251953125
-143.0353240966797
-149.14048767089844
-141.4684295654297
-137.7143096923828
-129.82078552246094
-135.37107849121094
-144.50694274902344
-145.04795837402344
-135.96371459960938
-149.7119598388672
-144.97547912597656
-141.70999145507812
-143.67422485351562
-141.82676696777344
-136.24276733398438
-136.74240112304688
-140.76309204101562
-138.5126495361328
-138.7486572265625
-144.74159240722656
-139.19239807128906
-136.01853942871094
-143.93136596679688
-135.46173095703125
-145.5705108642578
-134.88226318359375
-140.23281860351562
-148.0978240966797
-135.75137329101562
-144.05369567871094
-136.27813720703125
-135.86424255371094
-138.79794311523438
-144.7300567626953
-140.99234008789062
-136.6463165283203
-137.33372497558594
-139.10438537597656
-140.5343017578125
-141.6021728515625
-146.7214813232422
-147.6863250732422
-132.123046875
-136.1223907470703
-142.9203643798828
-135.70643615722656
-139.79725646972656
-147.75299072265625
-138.76722717285156
-130.62037658691406
-148.38442993164062
-144.48780822753906
-138.09751892089844
-144.3020782470703
-141.55763244628906
-138.38262939453125
-145.26658630371094
-134.40708923339844
-137.61480712890625
-142.75909423828125
-141.67385864257812
-140.63856506347656
-147.3265380859375
-140.94618225097656
-146.3658905029297
-134.9407958984375
-151.7700653076172
-134.66224670410156
-144.5164794921875
-137.90228271484375
-150.30970764160156
-148.9557342529297
-133.9431610107422
-145.36904907226562
-143.99488830566406
-137.1531524658203
-142.48814392089844
-138.3748779296875
-138.35069274902344
-153.41952514648438
-141.7938232421875
-142.9265594482422
-142.25587463378906
-142.29249572753906
-144.63377380371094
-135.49075317382812
-140.51072692871094
-137.89146423339844
-142.74855041503906
-139.98928833007812
-144.40277099609375
-136.72454833984375
-140.44882202148438
-137.7501220703125
-132.9514617919922
-142.90463256835938
-142.87277221679688
-142.36459350585938
-140.4957733154297
-140.7772979736328
-145.21395874023438
-134.95159912109375
-139.48385620117188
-146.49041748046875
-142.69334411621094
-141.9942169189453
-140.63644409179688
-142.26895141601562
-148.03929138183594
-137.96026611328125
-137.0736541748047
-143.994873046875
-140.73947143554688
-147.81358337402344
-144.87771606445312
-143.3929901123047
-145.24769592285156
-145.7485809326172
-132.95570373535156
-137.34707641601562
-142.39170837402344
-140.16041564941406
-137.4434051513672
-138.80621337890625
-138.82992553710938
-135.7097930908203
-141.14537048339844
-137.25018310546875
-148.20545959472656
-142.0576934814453
-150.2950897216797
-136.8737335205078
-131.7362823486328
-132.07691955566406
-129.68731689453125
-141.70899963378906
-144.3501739501953
-146.72361755371094
-132.5520782470703
-146.4056396484375
-142.23411560058594
-137.82078552246094
-142.33189392089844
-140.29580688476562
-136.54844665527344
-146.7526092529297
-135.63320922851562
-136.9205322265625
-134.32582092285156
-144.01156616210938
-138.55145263671875
-137.6574249267578
-139.29095458984375
-138.09890747070312
-135.25181579589844
-142.1797332763672
-137.107177734375
-131.3975830078125
-142.10675048828125
-142.28953552246094
-133.41281127929688
-141.5175323486328
-143.76719665527344
-143.4659423828125
-145.4842071533203
-139.7013702392578
-135.48680114746094
-150.55694580078125
-141.81936645507812
-140.55288696289062
-141.12939453125
-145.65780639648438
-141.61935424804688
-135.417236328125
-131.4879150390625
-144.7248077392578
-132.8680877685547
-138.4965057373047
-152.2442169189453
-134.00924682617188
-137.1808319091797
-136.3123321533203
-143.22239685058594
-143.89756774902344
-141.38816833496094
-148.25448608398438
-141.03883361816406
-140.0808868408203
-135.1137237548828
-134.01943969726562
-137.24815368652344
-156.60183715820312
-149.713623046875
-139.76907348632812
-140.28375244140625
-143.33816528320312
-141.6826171875
-148.77639770507812
-146.6488494873047
-137.02745056152344
-139.64491271972656
-141.4473876953125
-142.5242919921875
-134.1746368408203
-145.39456176757812
-131.4876708984375
-141.92198181152344
-138.77659606933594
-145.8764190673828
-141.84193420410156
-140.8815155029297
-137.71023559570312
-138.32901000976562
-141.4867401123047
-146.3619842529297
-138.81910705566406
-137.72848510742188
-142.84848022460938
-141.7793731689453
-122.89227294921875
-129.31478881835938
-132.4814453125
-134.2946014404297
-146.45089721679688
-144.4771728515625
-146.25830078125
-141.55255126953125
-148.05593872070312
-138.29290771484375
-141.1676788330078
-139.18881225585938
-135.77471923828125
-143.1510772705078
-149.25682067871094
-141.2568817138672
-141.75042724609375
-140.21629333496094
-146.01605224609375
-137.71197509765625
-142.33885192871094
-145.17576599121094
-144.60311889648438
-133.8325958251953
-139.35169982910156
-140.40457153320312
-135.11569213867188
-141.8223419189453
-151.21414184570312
-144.89285278320312
-146.18214416503906
-144.16062927246094
-141.95809936523438
-139.22567749023438
-143.28802490234375
-147.96664428710938
-139.89028930664062
-142.97442626953125
-139.67617797851562
-143.3907928466797
-137.96701049804688
-137.15777587890625
-143.72215270996094
-141.60496520996094
-139.7541046142578
-145.3782958984375
-147.40338134765625
-144.33509826660156
-145.2153778076172
-138.73817443847656
-136.9371795654297
-132.13949584960938
-138.66978454589844
-141.08139038085938
-132.74188232421875
-140.60548400878906
-135.897216796875
-131.78163146972656
-140.1906280517578
-130.14442443847656
-143.66221618652344
-133.93313598632812
-138.49288940429688
-135.56307983398438
-148.0374298095703
-142.2189178466797
-143.03578186035156
-142.60348510742188
-142.05123901367188
-130.98963928222656
-140.74386596679688
-142.87582397460938
-138.43527221679688
-142.13137817382812
-148.53787231445312
-139.0482940673828
-139.29249572753906
-141.205810546875
-134.48165893554688
-139.3731689453125
-142.32275390625
-143.50059509277344
-147.72543334960938
-141.67385864257812
-131.38674926757812
-142.92018127441406
-151.4984588623047
-136.44847106933594
-150.28656005859375
-140.7250518798828
-136.41766357421875
-136.7410888671875
-148.5440216064453
-145.91302490234375
-148.14540100097656
-135.49038696289062
-143.8350067138672
-142.27423095703125
-139.33639526367188
-140.43544006347656
-139.35816955566406
-143.6538543701172
-139.77354431152344
-130.50357055664062
-138.33663940429688
-135.73255920410156
-142.4018096923828
-142.08352661132812
-143.40834045410156
-139.65609741210938
-142.20428466796875
-144.19285583496094
-135.24668884277344
-143.4353790283203
-138.17913818359375
-140.39212036132812
-149.1971893310547
-141.96902465820312
-132.4597625732422
-133.0278778076172
-137.59521484375
-139.90792846679688
-139.43081665039062
-140.15379333496094
-135.2437286376953
-142.10833740234375
-142.58267211914062
-139.82083129882812
-134.53013610839844
-130.67568969726562
-140.829345703125
-142.50015258789062
-138.8394317626953
-132.4066619873047
-138.06495666503906
-139.15597534179688
-139.87826538085938
-142.0842742919922
-136.33204650878906
-140.53419494628906
-146.97523498535156
-133.7776336669922
-145.1195068359375
-133.02072143554688
-138.1965789794922
-134.7781982421875
-140.90133666992188
-144.0409393310547
-137.7932891845703
-135.85972595214844
-144.9460906982422
-139.46221923828125
-146.4561004638672
-140.8076934814453
-138.97171020507812
-138.59768676757812
-135.9997100830078
-140.30691528320312
-138.94198608398438
-139.76431274414062
-143.93710327148438
-141.1387481689453
-133.25753784179688
-145.04025268554688
-142.3282470703125
-130.1455535888672
-136.3623809814453
-138.69357299804688
-140.55369567871094
-138.1001739501953
-144.62689208984375
-147.89541625976562
-136.82940673828125
-139.85313415527344
-135.43435668945312
-139.06190490722656
-137.8282012939453
-146.87155151367188
-141.63331604003906
-143.81483459472656
-138.4901123046875
-143.65196228027344
-132.23260498046875
-146.35475158691406
-133.7838897705078
-137.54869079589844
-137.31028747558594
-142.97900390625
-142.40647888183594
-139.68775939941406
-147.9454803466797
-143.95545959472656
-135.58993530273438
-143.8699188232422
-144.18875122070312
-136.6361541748047
-144.22117614746094
-149.5026397705078
-143.63189697265625
-144.94729614257812
-137.25624084472656
-140.3360595703125
-129.59974670410156
-133.9647979736328
-134.81771850585938
-138.3834228515625
-144.5052490234375
-135.03236389160156
-139.26866149902344
-139.83311462402344
-143.5728302001953
-148.06610107421875
-145.31134033203125
-140.00376892089844
-132.54197692871094
-134.0035400390625
-145.97592163085938
-142.43601989746094
-138.2517547607422
-144.44198608398438
-149.0885772705078
-138.6818389892578
-135.06141662597656
-131.14125061035156
-136.297119140625
-136.86053466796875
-139.2023162841797
-142.45773315429688
-130.65512084960938
-142.18089294433594
-139.592041015625
-138.12759399414062
-141.3849639892578
-132.05929565429688
-138.7141876220703
-145.0042266845703
-140.75511169433594
-143.3090057373047
-140.03636169433594
-147.868896484375
-137.76251220703125
-141.7427978515625
-141.6681365966797
-136.3811492919922
-139.4039764404297
-137.91445922851562
-142.30625915527344
-141.60182189941406
-142.81541442871094
-147.26156616210938
-136.43316650390625
-139.62388610839844
-139.39468383789062
-142.03201293945312
-146.2306671142578
-142.0785369873047
-143.1881866455078
-139.9356231689453
-143.4814453125
-143.15548706054688
-141.40640258789062
-133.1901397705078
-144.5988311767578
-137.53262329101562
-139.23037719726562
-144.73387145996094
-138.34803771972656
-138.49847412109375
-142.0386962890625
-140.93222045898438
-142.10366821289062
-138.99220275878906
-143.79086303710938
-138.84336853027344
-137.33624267578125
-140.912353515625
-145.38934326171875
-137.66673278808594
-138.33570861816406
-144.91639709472656
-143.1938018798828
-133.6208953857422
-136.12127685546875
-141.20631408691406
-134.74502563476562
-130.49586486816406
-142.588134765625
-133.62396240234375
-135.58355712890625
-141.8874969482422
-135.3791961669922
-142.3146514892578
-141.89816284179688
-136.45884704589844
-133.90016174316406
-139.85487365722656
-143.05128479003906
-145.52236938476562
-143.10696411132812
-140.0748748779297
-146.19815063476562
-134.40879821777344
-149.74717712402344
-138.9181671142578
-136.8898468017578
-135.4877166748047
-144.6807403564453
-149.85987854003906
-143.52273559570312
-138.1998291015625
-138.57766723632812
-141.7582550048828
-131.66806030273438
-141.4859619140625
-145.9601593017578
-137.18484497070312
-141.916748046875
-136.5950164794922
-143.2218017578125
-148.0372772216797
-147.75669860839844
-133.9854278564453
-148.2425079345703
-140.2238006591797
-142.63197326660156
-136.50624084472656
-139.7284698486328
-139.0279998779297
-136.71253967285156
-144.34442138671875
-137.9791717529297
-146.7637176513672
-139.3214111328125
-133.70846557617188
-136.78208923339844
-141.69703674316406
-142.18934631347656
-141.7434844970703
-133.92076110839844
-131.09751892089844
-143.24464416503906
-139.2548828125
-148.04981994628906
-133.0281524658203
-134.93446350097656
-134.9269561767578
-142.73562622070312
-143.66995239257812
-143.38372802734375
-147.86917114257812
-137.6675262451172
-140.25083923339844
-138.44740295410156
-139.00094604492188
-148.7313232421875
-135.38746643066406
-141.78695678710938
-136.99000549316406
-143.4754638671875
-140.37657165527344
-143.51055908203125
-139.73130798339844
-138.41502380371094
-144.31396484375
-135.9097442626953
-148.26185607910156
-137.3795166015625
-139.6204833984375
-136.19863891601562
-143.82757568359375
-141.342041015625
-143.86880493164062
-134.1239776611328
-148.0899200439453
-144.60879516601562
-138.7816619873047
-144.49771118164062
-134.9171142578125
-140.2083282470703
-138.71986389160156
-139.2240447998047
