-103.34979248046875
-106.6675796508789
-105.14209747314453
-107.98397827148438
-108.22898864746094
-102.55149841308594
-104.09523010253906
-101.87342834472656
-104.27440643310547
-106.07593536376953
-105.80325317382812
-98.2798080444336
-98.4325180053711
-107.37196350097656
-103.47802734375
-102.2506332397461
-105.56149291992188
-105.25025177001953
-105.10569763183594
-108.08162689208984
-103.7260971069336
-110.44035339355469
-105.44111633300781
-102.5506591796875
-109.93640899658203
-97.27020263671875
-104.0309829711914
-105.31927490234375
-110.15547180175781
-105.53150177001953
-104.83695983886719
-109.44998931884766
-109.8953628540039
-108.80389404296875
-101.5665054321289
-102.73958587646484
-97.69761657714844
-110.23464965820312
-107.33757019042969
-103.78062438964844
-106.83514404296875
-101.81671905517578
-104.52022552490234
-106.40498352050781
-109.00443267822266
-102.0721206665039
-107.89169311523438
-103.95304870605469
-103.31021118164062
-101.51319885253906
-108.77333068847656
-105.82025146484375
-104.73560333251953
-107.93989562988281
-105.87919616699219
-101.31683349609375
-98.2422103881836
-109.64327239990234
-110.3907699584961
-103.61663818359375
-103.93167877197266
-105.9669189453125
-104.13481903076172
-101.75810241699219
-105.1910400390625
-110.832275390625
-107.24057006835938
-103.16091918945312
-105.17097473144531
-109.58777618408203
-104.28179931640625
-103.73177337646484
-106.65621185302734
-108.19276428222656
-112.34493255615234
-103.47282409667969
-99.93560028076172
-103.55465698242188
-98.29046630859375
-105.69149780273438
-109.74787902832031
-108.53592681884766
-105.63587188720703
-108.01139068603516
-109.36564636230469
-105.59607696533203
-97.21090698242188
-110.0177993774414
-110.7032470703125
-107.4591064453125
-109.25735473632812
-114.40802764892578
-102.16184997558594
-104.17958068847656
-107.32381439208984
-107.73038482666016
-107.56883239746094
-102.52314758300781
-107.07121276855469
-108.67929077148438
-108.90481567382812
-105.11589050292969
-101.4394302368164
-104.0005111694336
-106.63367462158203
-117.22514343261719
-106.50691986083984
-103.36872863769531
-103.91512298583984
-112.70442962646484
-103.3543930053711
-104.84149169921875
-109.84182739257812
-103.56578826904297
-109.35384368896484
-111.4640121459961
-105.45785522460938
-102.92144775390625
-104.49783325195312
-102.2611312866211
-110.6044692993164
-110.50570678710938
-103.3267822265625
-107.11308288574219
-101.47940063476562
-106.03631591796875
-112.71916198730469
-101.88845825195312
-102.26229858398438
-106.36351013183594
-114.11624908447266
-112.68743896484375
-106.16767120361328
-109.31637573242188
-107.43940734863281
-100.88690185546875
-100.2130126953125
-106.4808578491211
-104.33720397949219
-110.10462188720703
-109.542724609375
-97.01579284667969
-104.02252197265625
-105.69989776611328
-107.72395324707031
-102.38679504394531
-103.94219970703125
-104.26775360107422
-102.81083679199219
-102.65330505371094
-104.48939514160156
-92.88601684570312
-107.93338775634766
-111.13951110839844
-107.40682220458984
-104.40142822265625
-102.17497253417969
-107.22209930419922
-99.45555877685547
-105.21772766113281
-104.73638916015625
-108.25747680664062
-101.5588607788086
-102.103515625
-110.43917846679688
-106.11125183105469
-105.79308319091797
-102.7155532836914
-101.62407684326172
-109.3812255859375
-101.61067962646484
-108.03203582763672
-105.41873931884766
-108.45046997070312
-104.4368667602539
-108.97500610351562
-106.90033721923828
-108.2885513305664
-109.85724639892578
-106.2363510131836
-107.04656982421875
-106.62189483642578
-100.95647430419922
-102.6026611328125
-104.54179382324219
-106.77860260009766
-105.96705627441406
-102.767333984375
-105.27845764160156
-101.53296661376953
-104.95556640625
-102.84964752197266
-103.03099060058594
-111.341552734375
-101.94276428222656
-103.28392028808594
-108.28656005859375
-109.39290618896484
-103.0813980102539
-105.9205322265625
-103.93757629394531
-102.70369720458984
-101.9292221069336
-101.29878997802734
-107.60183715820312
-103.6700439453125
-105.43518829345703
-100.37030029296875
-106.00926208496094
-107.28875732421875
-108.624267578125
-97.9307861328125
-102.3756332397461
-99.41351318359375
-109.95722198486328
-102.37208557128906
-104.46287536621094
-108.59737396240234
-106.32408142089844
-111.42265319824219
-99.55612182617188
-106.45980834960938
-104.27574920654297
-98.94743347167969
-104.06588745117188
-105.34069061279297
-108.69310760498047
-103.61410522460938
-98.6173095703125
-98.36795043945312
-107.15180969238281
-100.08019256591797
-107.39901733398438
-107.01749420166016
-112.53133392333984
-99.2759780883789
-104.581787109375
-103.71359252929688
-107.01750183105469
-100.31885528564453
-102.0458984375
-109.63180541992188
-101.54959869384766
-104.78089141845703
-102.35260009765625
-110.77088165283203
-105.25579071044922
-106.99400329589844
-102.3226318359375
-108.59097290039062
-103.26673126220703
-106.9015121459961
-103.22147369384766
-105.30215454101562
-100.17351531982422
-103.62474822998047
-98.05494689941406
-103.54875946044922
-110.32170104980469
-106.01774597167969
-105.52877044677734
-116.23019409179688
-103.92432403564453
-101.9659194946289
-104.07266235351562
-103.94255828857422
-106.67717742919922
-106.80604553222656
-104.3726577758789
-102.47433471679688
-104.10518646240234
-102.08838653564453
-104.23909759521484
-101.5836181640625
-97.47663879394531
-105.87348175048828
-106.86885070800781
-113.4930191040039
-113.05109405517578
-109.6844253540039
-100.60484313964844
-107.2973403930664
-106.75226593017578
-107.21531677246094
-108.32830810546875
-101.11680603027344
-101.27140045166016
-94.17090606689453
-104.69746398925781
-101.17511749267578
-108.71290588378906
-111.65068054199219
-104.5501708984375
-109.96871185302734
-108.98479461669922
-108.14906311035156
-102.12940216064453
-111.76277923583984
-104.14729309082031
-108.51321411132812
-100.4896240234375
-106.6714096069336
-105.040771484375
-108.96334838867188
-102.1430892944336
-97.48780822753906
-104.98974609375
-107.42974090576172
-103.67069244384766
-106.2996826171875
-107.35225677490234
-104.49336242675781
-110.75
-96.9254150390625
-101.74765014648438
-103.55876159667969
-109.23130798339844
-110.43549346923828
-103.8088607788086
-105.90399169921875
-99.40446472167969
-102.23664855957031
-105.48240661621094
-100.76331329345703
-102.97248840332031
-105.62582397460938
-100.77023315429688
-109.85070037841797
-103.39368438720703
-108.9109878540039
-104.39212799072266
-95.36210632324219
-105.31292724609375
-103.80838012695312
-101.4795913696289
-101.48310852050781
-110.00384521484375
-108.34162139892578
-106.29875183105469
-111.25141143798828
-101.82071685791016
-102.23454284667969
-96.92556762695312
-100.36752319335938
-106.1026382446289
-108.05866241455078
-99.197265625
-108.35543823242188
-109.38127899169922
-109.98873901367188
-108.20923614501953
-104.02737426757812
-101.8057861328125
-100.79645538330078
-101.75153350830078
-101.78140258789062
-101.44357299804688
-106.56288146972656
-102.83572387695312
-97.574951171875
-104.47811126708984
-102.06010437011719
-109.75520324707031
-97.20240020751953
-104.90412139892578
-108.8589859008789
-98.63130950927734
-103.8568115234375
-100.97465515136719
-102.10814666748047
-104.04772186279297
-107.11370849609375
-100.65829467773438
-100.63570404052734
-101.56990051269531
-101.67395782470703
-103.05657958984375
-101.68021392822266
-105.86571502685547
-110.64019775390625
-97.99154663085938
-103.6901626586914
-104.62879943847656
-101.31787109375
-104.86443328857422
-103.8913803100586
-106.35841369628906
-102.08897399902344
-111.3477554321289
-108.87043762207031
-100.1700439453125
-107.97579956054688
-102.55834197998047
-101.38782501220703
-106.34996032714844
-99.03453063964844
-103.59117126464844
-108.3062973022461
-103.89386749267578
-104.99435424804688
-108.69949340820312
-103.49849700927734
-111.59052276611328
-100.66342163085938
-115.17000579833984
-97.52583312988281
-107.61937713623047
-103.66657257080078
-110.09703826904297
-109.36685943603516
-96.10191345214844
-107.5851821899414
-111.7679443359375
-99.67146301269531
-104.50579071044922
-103.42354583740234
-105.1456298828125
-114.10221862792969
-105.83856201171875
-107.07796478271484
-108.88690185546875
-101.22667694091797
-105.27542114257812
-100.4139633178711
-104.08763122558594
-103.0264663696289
-105.25139617919922
-104.36491394042969
-106.00755310058594
-100.89159393310547
-104.46385955810547
-102.3234634399414
-99.02519989013672
-105.37747192382812
-104.00629425048828
-103.35725402832031
-104.83848571777344
-106.41039276123047
-105.92704772949219
-101.68634796142578
-100.45914459228516
-104.05101776123047
-104.66402435302734
-102.14311981201172
-104.61180114746094
-106.87753295898438
-109.31422424316406
-100.23350524902344
-98.45121002197266
-104.00398254394531
-102.64808654785156
-108.64646911621094
-105.18414306640625
-105.77944946289062
-106.18167877197266
-109.20685577392578
-95.29850769042969
-97.94420623779297
-103.81990814208984
-100.95663452148438
-101.42842864990234
-101.88031005859375
-102.61009979248047
-101.0643081665039
-99.8101577758789
-100.3572006225586
-108.23097229003906
-104.88652038574219
-109.84811401367188
-97.73644256591797
-98.634033203125
-95.62480926513672
-94.69782257080078
-103.46517181396484
-107.70545959472656
-105.08914947509766
-99.15440368652344
-106.04713439941406
-103.58451843261719
-101.71633911132812
-104.57418823242188
-105.87976837158203
-97.20225524902344
-107.757568359375
-101.91667175292969
-101.24472045898438
-99.6724624633789
-105.4664077758789
-102.27201080322266
-101.60309600830078
-102.86009216308594
-102.09375
-102.78097534179688
-105.56664276123047
-100.880859375
-98.14694213867188
-104.56837463378906
-102.57681274414062
-98.072021484375
-102.8348388671875
-105.33139038085938
-105.35684967041016
-108.29957580566406
-103.2376937866211
-98.35971069335938
-110.99187469482422
-102.03260803222656
-107.53378295898438
-103.23481750488281
-108.41741180419922
-102.27049255371094
-98.09906768798828
-99.00753021240234
-104.28001403808594
-99.47879028320312
-97.85218811035156
-111.77716827392578
-98.9649658203125
-100.03376770019531
-101.1932601928711
-104.81253051757812
-108.6345443725586
-105.63912200927734
-106.0348892211914
-106.18565368652344
-100.8749771118164
-101.56624603271484
-98.404541015625
-97.10199737548828
-115.73074340820312
-107.79981994628906
-101.75772857666016
-103.72239685058594
-105.33849334716797
-102.3217544555664
-107.9921875
-107.68763732910156
-101.45159912109375
-101.10952758789062
-105.86666107177734
-102.53009033203125
-98.42843627929688
-107.73628234863281
-96.43460845947266
-102.34024047851562
-99.601806640625
-107.85348510742188
-103.91970825195312
-108.76143646240234
-99.82653045654297
-101.64710235595703
-103.16593170166016
-109.4839859008789
-105.35326385498047
-99.79082489013672
-107.70556640625
-109.07479095458984
-91.57945251464844
-94.49224853515625
-98.94051361083984
-95.69837188720703
-109.40591430664062
-105.27023315429688
-107.99034118652344
-110.14482116699219
-106.33734893798828
-97.85828399658203
-102.67375183105469
-102.07036590576172
-96.92386627197266
-105.28363037109375
-109.31168365478516
-107.44678497314453
-105.68446350097656
-103.44468688964844
-112.40229797363281
-101.88908386230469
-103.04155731201172
-105.35057830810547
-106.5860366821289
-100.54561614990234
-104.20040893554688
-105.08171081542969
-98.80406951904297
-104.5467300415039
-106.86691284179688
-108.72051239013672
-107.48760986328125
-106.22049713134766
-101.42083740234375
-101.32823944091797
-104.22498321533203
-110.60301208496094
-101.46479034423828
-105.08641815185547
-101.2398452758789
-103.69859313964844
-100.97587585449219
-98.99117279052734
-103.11644744873047
-104.59109497070312
-101.56413269042969
-106.9822769165039
-108.49879455566406
-105.05303955078125
-107.02455139160156
-99.19283294677734
-99.52246856689453
-95.91307830810547
-101.69345092773438
-102.09149932861328
-100.10945129394531
-101.8660888671875
-104.13029479980469
-98.68095397949219
-105.17556762695312
-94.48870086669922
-104.8046646118164
-96.66827392578125
-104.95497131347656
-98.9887466430664
-111.07650756835938
-104.94149017333984
-106.56388092041016
-109.07673645019531
-104.92571258544922
-98.7854995727539
-102.61404418945312
-104.42201232910156
-104.94664001464844
-107.45165252685547
-109.33516693115234
-100.4986343383789
-102.80255126953125
-105.93376922607422
-97.60281372070312
-107.89106750488281
-104.19596862792969
-108.73545837402344
-105.66661834716797
-108.69122314453125
-99.1017837524414
-102.45271301269531
-111.36314392089844
-99.10816192626953
-112.50902557373047
-104.08950805664062
-99.39765167236328
-102.46473693847656
-109.1120834350586
-106.4889907836914
-110.1217269897461
-100.09281158447266
-106.6234130859375
-105.95458221435547
-104.48468780517578
-101.8424072265625
-105.60327911376953
-106.1712417602539
-103.96629333496094
-95.20035552978516
-102.42768096923828
-101.05046081542969
-106.43519592285156
-102.46312713623047
-109.41975402832031
-100.92330169677734
-107.3543701171875
-104.05917358398438
-99.61347198486328
-103.59140014648438
-103.93971252441406
-103.16012573242188
-110.26444244384766
-104.16582489013672
-95.7024917602539
-97.10755920410156
-104.68330383300781
-97.70469665527344
-102.9119873046875
-102.80567932128906
-99.0372543334961
-104.69668579101562
-105.53707122802734
-106.41747283935547
-100.45691680908203
-94.54731750488281
-104.86659240722656
-104.56336975097656
-99.9244155883789
-100.67781829833984
-102.99122619628906
-102.74982452392578
-103.58041381835938
-106.50455474853516
-98.040283203125
-105.20096588134766
-108.97277069091797
-99.05191040039062
-109.04072570800781
-97.83706665039062
-103.0787582397461
-105.75151062011719
-102.24699401855469
-105.43411254882812
-100.74358367919922
-100.95414733886719
-106.28324890136719
-101.04511260986328
-106.29287719726562
-98.8266372680664
-99.00139617919922
-102.76578521728516
-97.38219451904297
-105.62602233886719
-100.19865417480469
-101.76555633544922
-101.87842559814453
-105.55900573730469
-100.7537612915039
-106.09815979003906
-107.64468383789062
-96.45087432861328
-97.30640411376953
-102.80352020263672
-104.76996612548828
-103.52730560302734
-105.10990142822266
-107.2362289428711
-102.31097412109375
-102.77307891845703
-98.31965637207031
-99.52079010009766
-101.8660659790039
-108.63055419921875
-104.06222534179688
-101.47281646728516
-101.15010070800781
-106.6929931640625
-97.38349151611328
-108.98308563232422
-99.6470947265625
-102.31809997558594
-103.21085357666016
-103.67952728271484
-104.58206939697266
-101.00720977783203
-109.30673217773438
-106.15003204345703
-99.13074493408203
-109.15727233886719
-104.09883880615234
-98.0909423828125
-107.48426818847656
-108.00708770751953
-106.26595306396484
-104.41146087646484
-100.98731994628906
-102.83404541015625
-97.79985046386719
-97.75386810302734
-98.61874389648438
-98.37556457519531
-105.26393127441406
-97.38690185546875
-100.92906951904297
-100.50016784667969
-103.6606674194336
-108.7154769897461
-107.53377532958984
-104.63575744628906
-100.21778869628906
-102.08790588378906
-108.27429962158203
-103.73553466796875
-104.63818359375
-105.65794372558594
-106.51866912841797
-102.58673095703125
-96.0265121459961
-95.85997009277344
-99.69854736328125
-101.2234115600586
-103.29900360107422
-98.86027526855469
-95.8848876953125
-103.28480529785156
-102.0229721069336
-102.8333969116211
-100.40235900878906
-97.7153549194336
-102.43096160888672
-107.22579193115234
-104.41724395751953
-103.21669006347656
-96.22319793701172
-108.29210662841797
-101.32339477539062
-103.81074523925781
-105.85464477539062
-99.6351089477539
-100.58277893066406
-96.47855377197266
-105.32364654541016
-101.53190612792969
-103.1694107055664
-109.57681274414062
-101.84429931640625
-101.56950378417969
-103.24051666259766
-102.89912414550781
-105.13837432861328
-103.71744537353516
-105.2844009399414
-102.73859405517578
-104.92291259765625
-104.95040893554688
-105.71632385253906
-97.72616577148438
-104.69912719726562
-100.92279052734375
-103.33208465576172
-107.59622192382812
-100.88876342773438
-102.71507263183594
-105.06622314453125
-102.89799499511719
-105.42992401123047
-101.74160766601562
-105.02839660644531
-102.47266387939453
-102.53651428222656
-99.85678100585938
-107.69771575927734
-100.2085952758789
-99.39569854736328
-103.17859649658203
-105.60578155517578
-97.48524475097656
-102.28497314453125
-107.21197509765625
-97.03579711914062
-92.13232421875
-99.23395538330078
-98.56212615966797
-99.90850830078125
-107.40222930908203
-101.88150024414062
-105.44013977050781
-102.33106231689453
-102.09796905517578
-101.1012954711914
-102.98081970214844
-106.01000213623047
-107.01619720458984
-103.6610336303711
-103.5291519165039
-109.01549530029297
-96.97947692871094
-105.87554931640625
-100.17794799804688
-99.81705474853516
-101.25579071044922
-105.79989624023438
-109.009521484375
-103.85862731933594
-97.84323120117188
-100.9208984375
-100.07327270507812
-97.34601593017578
-101.32406616210938
-106.03062438964844
-100.78671264648438
-99.7961654663086
-101.87775421142578
-104.14745330810547
-110.57628631591797
-108.49815368652344
-102.71796417236328
-111.70753479003906
-103.52599334716797
-104.46942901611328
-100.99186706542969
-101.15027618408203
-97.86612701416016
-99.25410461425781
-103.89754486083984
-102.45368194580078
-106.50650024414062
-101.50799560546875
-96.6322021484375
-98.47761535644531
-105.87474060058594
-105.25662231445312
-103.63349151611328
-97.13029479980469
-95.25728607177734
-104.65148162841797
-101.39236450195312
-108.84861755371094
-98.10531616210938
-101.13597106933594
-98.25149536132812
-106.73660278320312
-106.2386245727539
-108.41213989257812
-110.73193359375
-104.55476379394531
-102.7541732788086
-103.32972717285156
-99.44369506835938
-110.1158218383789
-98.94320678710938
-104.42633056640625
-99.91584014892578
-105.82005310058594
-104.14854431152344
-104.02447509765625
-104.2804183959961
-101.27017211914062
-102.6626968383789
-102.4369125366211
-109.73041534423828
-103.62479400634766
-99.83773040771484
-98.48396301269531
-106.54264068603516
-101.58197784423828
-103.20836639404297
-96.77764892578125
-111.31160736083984
-105.81148529052734
-100.98245239257812
-107.76863098144531
-99.786376953125
-107.9474105834961
-104.92864990234375
-102.98633575439453
