-139.94741821289062
-142.3599090576172
-137.61956787109375
-139.20372009277344
-143.92459106445312
-134.0128936767578
-138.2412109375
-139.1004180908203
-137.74246215820312
-142.21839904785156
-139.36141967773438
-137.2969970703125
-130.52099609375
-141.51576232910156
-139.2781524658203
-134.64892578125
-139.34197998046875
-139.63308715820312
-138.79881286621094
-142.12611389160156
-137.72320556640625
-145.517822265625
-141.15011596679688
-134.59088134765625
-138.2813720703125
-131.2100372314453
-134.85385131835938
-136.8456268310547
-145.48374938964844
-140.264892578125
-140.09510803222656
-144.6514434814453
-140.6910400390625
-142.51748657226562
-136.21292114257812
-139.8177947998047
-130.86788940429688
-144.64361572265625
-137.8771209716797
-139.1068878173828
-144.46514892578125
-133.41954040527344
-139.69879150390625
-139.14431762695312
-148.6056671142578
-139.5873260498047
-145.9498748779297
-138.7275848388672
-140.0931396484375
-135.20016479492188
-142.4952392578125
-138.95391845703125
-140.2914581298828
-141.04531860351562
-139.76702880859375
-136.7728729248047
-135.056884765625
-145.92584228515625
-140.38616943359375
-141.32928466796875
-135.1988067626953
-141.6819305419922
-139.05751037597656
-136.51458740234375
-140.55007934570312
-145.99278259277344
-142.80397033691406
-137.0995635986328
-139.77427673339844
-144.7837371826172
-141.15626525878906
-139.14776611328125
-141.65966796875
-139.3323516845703
-152.85751342773438
-140.66322326660156
-135.701416015625
-134.63015747070312
-131.6958465576172
-139.38047790527344
-144.64547729492188
-142.79286193847656
-139.23878479003906
-142.9678955078125
-144.47946166992188
-140.73455810546875
-130.2250213623047
-146.28390502929688
-148.15518188476562
-145.40835571289062
-147.490478515625
-150.27359008789062
-136.822998046875
-139.5140380859375
-139.87254333496094
-142.52394104003906
-136.7541961669922
-138.97598266601562
-142.84100341796875
-145.4699249267578
-145.50767517089844
-138.56011962890625
-137.72332763671875
-136.9792938232422
-140.51551818847656
-153.79421997070312
-141.03668212890625
-140.93966674804688
-137.287109375
-147.1192626953125
-137.65792846679688
-141.46768188476562
-142.23944091796875
-134.57571411132812
-143.80140686035156
-143.8351593017578
-137.37896728515625
-133.8061065673828
-138.448486328125
-137.107421875
-143.79806518554688
-140.46499633789062
-138.54476928710938
-140.2412872314453
-136.36846923828125
-140.87374877929688
-146.27621459960938
-137.1260223388672
-139.0328369140625
-142.9750518798828
-149.8998260498047
-146.4241485595703
-136.09255981445312
-146.22857666015625
-144.0352783203125
-137.08731079101562
-134.16017150878906
-141.03265380859375
-135.50843811035156
-144.35440063476562
-146.1663360595703
-132.11708068847656
-141.00360107421875
-142.23092651367188
-144.57496643066406
-137.28610229492188
-138.24717712402344
-139.90078735351562
-139.4392547607422
-138.27847290039062
-136.35763549804688
-126.91897583007812
-142.93780517578125
-147.39181518554688
-139.02078247070312
-141.8297576904297
-134.48858642578125
-141.39210510253906
-132.81275939941406
-142.21961975097656
-140.34364318847656
-143.8414764404297
-136.6337432861328
-140.82411193847656
-147.26296997070312
-140.32754516601562
-138.2009735107422
-138.86817932128906
-135.9718017578125
-140.56631469726562
-138.4000244140625
-142.51405334472656
-138.88780212402344
-143.30929565429688
-137.30532836914062
-141.49078369140625
-139.0194854736328
-142.77078247070312
-145.17227172851562
-143.0657958984375
-143.64537048339844
-139.06015014648438
-134.93629455566406
-137.90945434570312
-142.4060821533203
-142.39219665527344
-137.0975341796875
-138.7811737060547
-141.42086791992188
-137.6395263671875
-139.8439483642578
-139.70016479492188
-136.4104766845703
-148.48004150390625
-140.8484344482422
-140.3335723876953
-143.82025146484375
-143.54579162597656
-140.7100372314453
-137.06289672851562
-138.41387939453125
-136.58839416503906
-136.375244140625
-132.29324340820312
-143.89730834960938
-141.1568603515625
-142.02285766601562
-135.80337524414062
-141.3966522216797
-140.6848907470703
-145.70822143554688
-133.6070556640625
-131.13763427734375
-135.50648498535156
-144.73133850097656
-140.67083740234375
-137.6251983642578
-140.46009826660156
-140.83680725097656
-145.92593383789062
-137.4553680419922
-141.59432983398438
-139.59002685546875
-137.0321502685547
-134.84275817871094
-140.69793701171875
-144.66514587402344
-139.52389526367188
-134.79586791992188
-130.24722290039062
-144.30667114257812
-137.11849975585938
-143.66407775878906
-138.721435546875
-149.14700317382812
-133.33807373046875
-137.2224578857422
-137.89308166503906
-147.26235961914062
-134.6857147216797
-135.57577514648438
-143.53138732910156
-137.2676239013672
-138.97354125976562
-137.90379333496094
-151.4392852783203
-142.9664306640625
-143.56756591796875
-134.44955444335938
-138.9162139892578
-140.13876342773438
-145.30418395996094
-137.44192504882812
-140.21676635742188
-137.678466796875
-136.90899658203125
-131.98760986328125
-137.5426483154297
-146.47471618652344
-138.61990356445312
-142.7820281982422
-149.2198028564453
-140.1977996826172
-137.92266845703125
-141.00637817382812
-141.6154022216797
-142.2657012939453
-144.08377075195312
-142.53175354003906
-136.79315185546875
-137.70822143554688
-138.62408447265625
-138.82305908203125
-135.73861694335938
-133.1790771484375
-141.49647521972656
-138.85865783691406
-149.34095764160156
-148.29518127441406
-146.75955200195312
-134.54222106933594
-144.58840942382812
-144.8278045654297
-142.7376708984375
-147.06198120117188
-139.74246215820312
-132.40028381347656
-128.75389099121094
-141.58506774902344
-135.6307830810547
-140.80931091308594
-147.10379028320312
-141.90579223632812
-145.38177490234375
-146.1846160888672
-143.5929718017578
-139.7399444580078
-147.01292419433594
-135.34359741210938
-143.81027221679688
-134.7841033935547
-143.19540405273438
-141.40518188476562
-142.43841552734375
-138.0597381591797
-129.37774658203125
-139.4904022216797
-141.631103515625
-139.5251007080078
-143.9650115966797
-139.53244018554688
-141.5214080810547
-148.15672302246094
-129.98980712890625
-133.22506713867188
-134.843994140625
-143.80224609375
-147.6292724609375
-138.5394287109375
-140.9496307373047
-134.22862243652344
-133.53968811035156
-141.25457763671875
-134.14198303222656
-140.3672332763672
-142.77012634277344
-136.45545959472656
-146.00926208496094
-143.06895446777344
-142.66583251953125
-138.6439666748047
-127.47860717773438
-139.33694458007812
-141.38482666015625
-135.82965087890625
-136.89732360839844
-146.29220581054688
-146.14822387695312
-143.44468688964844
-148.98541259765625
-142.29037475585938
-137.20762634277344
-131.1321563720703
-133.03350830078125
-142.4155731201172
-142.4466552734375
-134.98825073242188
-147.68763732910156
-145.56005859375
-140.276123046875
-141.088623046875
-140.59591674804688
-135.7547607421875
-135.50111389160156
-138.23439025878906
-138.03152465820312
-136.87716674804688
-142.89089965820312
-139.93421936035156
-136.0556182861328
-140.51646423339844
-133.6111297607422
-145.5848388671875
-131.57476806640625
-138.08187866210938
-143.71099853515625
-134.99021911621094
-140.48611450195312
-137.24183654785156
-134.33267211914062
-137.48692321777344
-143.10092163085938
-141.1565704345703
-134.99224853515625
-134.81593322753906
-136.82960510253906
-137.5801544189453
-141.16146850585938
-145.54925537109375
-145.53823852539062
-129.76878356933594
-136.58201599121094
-141.79539489746094
-133.84666442871094
-139.00482177734375
-145.31002807617188
-139.1018829345703
-136.57252502441406
-146.53236389160156
-142.0540771484375
-136.7886962890625
-143.00262451171875
-138.114013671875
-139.13656616210938
-141.27117919921875
-133.92259216308594
-137.8773651123047
-142.89114379882812
-141.89329528808594
-138.36264038085938
-145.48040771484375
-138.6160125732422
-147.91246032714844
-134.18411254882812
-153.20382690429688
-130.12220764160156
-144.96563720703125
-138.45545959472656
-149.6757049560547
-144.6983642578125
-132.48133850097656
-143.51121520996094
-141.76417541503906
-133.738525390625
-138.37818908691406
-138.32321166992188
-136.03585815429688
-154.57029724121094
-140.45895385742188
-139.7670135498047
-142.25376892089844
-143.40628051757812
-141.511474609375
-134.48524475097656
-138.97731018066406
-140.28640747070312
-140.92745971679688
-141.36062622070312
-143.10826110839844
-137.32554626464844
-141.08949279785156
-137.30392456054688
-133.0475311279297
-142.10926818847656
-140.0890655517578
-141.31521606445312
-141.1499481201172
-137.4793243408203
-144.66461181640625
-133.7900848388672
-136.07223510742188
-143.1598663330078
-141.20973205566406
-140.77316284179688
-139.24435424804688
-144.0072479248047
-145.59481811523438
-137.36585998535156
-135.04258728027344
-141.7528076171875
-139.20797729492188
-147.4543914794922
-144.1972198486328
-142.31265258789062
-145.64077758789062
-145.9965057373047
-132.06163024902344
-137.61279296875
-139.81600952148438
-139.51568603515625
-138.2627716064453
-137.808349609375
-138.49949645996094
-135.49388122558594
-137.2858428955078
-136.92164611816406
-146.47991943359375
-141.63705444335938
-146.56768798828125
-134.9410400390625
-130.97396850585938
-129.4317169189453
-129.47988891601562
-138.25474548339844
-143.9535675048828
-144.3991241455078
-133.41421508789062
-143.59983825683594
-143.37062072753906
-138.6046600341797
-143.81234741210938
-138.78672790527344
-135.21011352539062
-147.19895935058594
-134.54165649414062
-137.0247344970703
-134.23789978027344
-142.8800506591797
-137.3534698486328
-137.95913696289062
-137.62124633789062
-135.2506561279297
-136.1441192626953
-138.04049682617188
-133.0455780029297
-129.80923461914062
-139.04232788085938
-140.44496154785156
-134.43223571777344
-140.5117950439453
-143.7071533203125
-143.60084533691406
-144.6888427734375
-138.8474578857422
-133.94448852539062
-148.78573608398438
-138.94158935546875
-141.88571166992188
-138.5326385498047
-145.92172241210938
-141.86712646484375
-133.31112670898438
-132.68597412109375
-142.51223754882812
-130.9168243408203
-133.8229522705078
-147.7152862548828
-134.5262451171875
-137.16970825195312
-138.23422241210938
-143.56346130371094
-142.36251831054688
-140.60702514648438
-146.8094482421875
-140.73660278320312
-136.79940795898438
-134.7560272216797
-133.06292724609375
-134.52581787109375
-151.1973876953125
-147.77847290039062
-138.04385375976562
-143.60848999023438
-140.24453735351562
-141.05813598632812
-150.02078247070312
-142.10198974609375
-137.93011474609375
-138.3076629638672
-139.957275390625
-140.61610412597656
-132.90151977539062
-144.25485229492188
-130.01792907714844
-141.42788696289062
-137.2456817626953
-146.07196044921875
-141.1728973388672
-137.36871337890625
-138.22299194335938
-137.78134155273438
-139.90122985839844
-143.501220703125
-137.38247680664062
-136.64483642578125
-141.5128936767578
-144.10313415527344
-122.66509246826172
-128.96429443359375
-133.18011474609375
-132.5809783935547
-147.0445098876953
-141.45309448242188
-146.03070068359375
-140.52145385742188
-147.88327026367188
-136.40000915527344
-136.7889404296875
-138.60208129882812
-132.8219757080078
-144.46017456054688
-148.4690704345703
-141.77967834472656
-138.8358612060547
-134.94046020507812
-145.9326629638672
-135.49229431152344
-145.24020385742188
-142.07269287109375
-143.97427368164062
-132.69766235351562
-137.9449920654297
-137.86573791503906
-137.39979553222656
-144.4627685546875
-146.80508422851562
-143.53146362304688
-142.9562530517578
-141.5830078125
-140.09107971191406
-137.7198944091797
-143.13250732421875
-148.13217163085938
-140.07350158691406
-141.55076599121094
-140.66336059570312
-143.74993896484375
-138.36288452148438
-133.14346313476562
-141.42018127441406
-140.18638610839844
-138.64718627929688
-145.69708251953125
-145.05807495117188
-143.00045776367188
-143.60653686523438
-139.29835510253906
-137.39260864257812
-132.9255828857422
-141.43740844726562
-139.95176696777344
-135.0400848388672
-138.62356567382812
-137.14292907714844
-135.19680786132812
-137.68186950683594
-126.48394775390625
-139.68003845214844
-132.120361328125
-139.5894317626953
-132.79481506347656
-145.56947326660156
-142.14877319335938
-143.88272094726562
-144.4191131591797
-143.05809020996094
-130.17086791992188
-141.00511169433594
-139.0909881591797
-138.77191162109375
-142.36561584472656
-146.70045471191406
-136.4991455078125
-138.31983947753906
-139.0603790283203
-130.56204223632812
-141.11431884765625
-141.9608612060547
-141.8741455078125
-144.5855255126953
-143.44241333007812
-131.94876098632812
-140.9951934814453
-153.45315551757812
-134.75994873046875
-154.52967834472656
-142.74501037597656
-135.89749145507812
-138.01881408691406
-146.30332946777344
-143.81097412109375
-148.12890625
-136.96888732910156
-140.24928283691406
-142.52536010742188
-139.20587158203125
-138.10826110839844
-140.5693359375
-141.82179260253906
-139.43472290039062
-129.17962646484375
-136.52638244628906
-133.7328643798828
-141.2950439453125
-136.93228149414062
-145.3705596923828
-140.526611328125
-141.62205505371094
-141.8241424560547
-135.37928771972656
-142.09085083007812
-135.8065948486328
-138.63780212402344
-150.4304656982422
-141.78848266601562
-130.2269744873047
-135.2584686279297
-136.48472595214844
-135.9802703857422
-137.40501403808594
-139.3515625
-135.67742919921875
-139.5233612060547
-142.3116455078125
-139.4109344482422
-137.49435424804688
-129.59835815429688
-137.0552978515625
-140.7675018310547
-137.28692626953125
-135.52943420410156
-137.0579071044922
-139.9036407470703
-142.62258911132812
-142.25762939453125
-137.417236328125
-138.21878051757812
-147.80654907226562
-133.26449584960938
-143.5276641845703
-130.7309112548828
-135.38629150390625
-136.36671447753906
-139.45458984375
-143.47760009765625
-133.3393096923828
-137.0717010498047
-142.9609375
-134.6708984375
-144.72547912597656
-138.3665313720703
-137.85476684570312
-136.31396484375
-135.39466857910156
-142.40557861328125
-138.52719116210938
-137.2987823486328
-145.59544372558594
-141.66360473632812
-133.4035186767578
-145.25816345214844
-145.071044921875
-130.59266662597656
-134.3876953125
-137.8500213623047
-141.407470703125
-138.32293701171875
-141.6817626953125
-145.85121154785156
-135.24607849121094
-136.55055236816406
-134.38998413085938
-138.02696228027344
-135.6243896484375
-146.6212158203125
-139.00384521484375
-143.43006896972656
-137.045166015625
-142.3085174560547
-132.51284790039062
-147.16159057617188
-131.0007781982422
-138.22305297851562
-137.8959503173828
-141.5625
-143.21530151367188
-135.43875122070312
-143.006103515625
-143.28158569335938
-133.65072631835938
-144.24603271484375
-138.83168029785156
-136.7498779296875
-144.69615173339844
-148.07464599609375
-141.61160278320312
-144.72930908203125
-131.8496856689453
-142.51820373535156
-129.1092071533203
-131.34718322753906
-137.20657348632812
-134.32196044921875
-142.41668701171875
-133.29995727539062
-135.7638397216797
-134.75152587890625
-142.57144165039062
-146.972412109375
-146.01197814941406
-141.77996826171875
-130.351318359375
-133.50424194335938
-146.08078002929688
-138.3037567138672
-137.20751953125
-142.9005126953125
-149.78118896484375
-138.02821350097656
-135.61935424804688
-128.12843322753906
-136.08909606933594
-133.30133056640625
-136.3321533203125
-139.8723602294922
-131.16439819335938
-138.0256805419922
-137.94973754882812
-138.0244140625
-137.59950256347656
-129.46145629882812
-137.6167449951172
-142.9833221435547
-138.4030303955078
-143.7213134765625
-136.951904296875
-146.2445831298828
-137.8101043701172
-138.9325408935547
-139.82606506347656
-134.17198181152344
-138.10592651367188
-136.4129180908203
-141.72308349609375
-138.93157958984375
-141.80406188964844
-150.74468994140625
-135.8854217529297
-135.46824645996094
-138.127197265625
-141.28598022460938
-146.00860595703125
-142.2646026611328
-140.7000732421875
-136.7666015625
-140.8860321044922
-141.49415588378906
-142.38233947753906
-132.2977294921875
-142.00177001953125
-133.43601989746094
-139.3565673828125
-144.36289978027344
-136.03994750976562
-137.1050567626953
-141.4109649658203
-139.3086700439453
-141.4888458251953
-136.37112426757812
-142.3199920654297
-136.15133666992188
-136.0017547607422
-138.67462158203125
-146.2227020263672
-137.62130737304688
-136.00924682617188
-141.72386169433594
-142.2101287841797
-132.030029296875
-134.16690063476562
-142.31561279296875
-134.193115234375
-127.46148681640625
-141.53558349609375
-132.90524291992188
-135.06842041015625
-143.2099609375
-134.8079071044922
-145.09698486328125
-136.79058837890625
-134.60916137695312
-134.54039001464844
-139.88522338867188
-142.07009887695312
-146.32659912109375
-142.78970336914062
-137.70518493652344
-142.7210235595703
-134.74185180664062
-145.54818725585938
-136.5952606201172
-135.71975708007812
-132.26016235351562
-141.6910400390625
-145.00685119628906
-140.1644287109375
-137.29693603515625
-139.01039123535156
-137.7296142578125
-130.78558349609375
-139.50836181640625
-148.6075897216797
-138.74859619140625
-137.50665283203125
-136.48008728027344
-143.29676818847656
-145.35794067382812
-146.3224639892578
-134.99618530273438
-145.404541015625
-140.5344696044922
-141.09567260742188
-134.55804443359375
-139.35630798339844
-137.06527709960938
-133.48536682128906
-145.5891876220703
-134.9309539794922
-145.30747985839844
-140.1575164794922
-134.35353088378906
-135.9511260986328
-140.447265625
-143.11366271972656
-139.9484405517578
-131.202880859375
-129.4840850830078
-143.09674072265625
-139.41375732421875
-146.34788513183594
-131.92689514160156
-133.80458068847656
-134.19656372070312
-143.16522216796875
-143.3500213623047
-142.81076049804688
-146.6045684814453
-140.3438720703125
-141.94674682617188
-136.62571716308594
-136.75608825683594
-149.1234588623047
-136.59095764160156
-140.43927001953125
-138.1023712158203
-141.294921875
-139.8137969970703
-141.70489501953125
-139.18719482421875
-135.91571044921875
-141.1357879638672
-136.96429443359375
-148.95558166503906
-138.3352813720703
-134.09716796875
-134.256591796875
-142.16220092773438
-140.2202911376953
-139.96835327148438
-133.7979736328125
-145.48245239257812
-144.12643432617188
-137.01052856445312
-145.15977478027344
-134.38841247558594
-141.98780822753906
-138.07582092285156
-140.8216094970703
