-141.22776794433594
-140.7816925048828
-137.8948516845703
-139.93792724609375
-141.1658477783203
-134.29769897460938
-134.91983032226562
-139.1277618408203
-133.03659057617188
-141.35528564453125
-138.36412048339844
-134.33425903320312
-129.5789031982422
-142.2085723876953
-139.86692810058594
-133.2395477294922
-138.74986267089844
-140.61048889160156
-135.3677978515625
-142.58311462402344
-137.2501678466797
-142.91146850585938
-138.87196350097656
-137.18502807617188
-137.7499237060547
-131.95657348632812
-135.14865112304688
-136.25221252441406
-144.40505981445312
-140.41107177734375
-138.03555297851562
-143.9433135986328
-140.14247131347656
-143.7701416015625
-135.6564178466797
-137.43746948242188
-130.49526977539062
-143.9659423828125
-139.18115234375
-136.67083740234375
-143.4350128173828
-135.774169921875
-141.2225799560547
-139.1825408935547
-148.3985137939453
-137.6131591796875
-143.13075256347656
-138.111083984375
-138.175537109375
-132.87535095214844
-141.42274475097656
-139.4358367919922
-140.66717529296875
-138.90078735351562
-141.62075805664062
-137.68821716308594
-135.63101196289062
-144.64430236816406
-141.4944610595703
-139.10316467285156
-136.14364624023438
-139.59042358398438
-138.65805053710938
-135.69789123535156
-137.7504119873047
-144.62489318847656
-140.49571228027344
-138.6483154296875
-137.22657775878906
-145.05615234375
-140.23135375976562
-138.0391845703125
-140.54986572265625
-142.39523315429688
-150.03201293945312
-139.14678955078125
-137.86776733398438
-137.45860290527344
-130.1598663330078
-139.88153076171875
-144.1278076171875
-142.3449249267578
-139.56167602539062
-143.3903045654297
-142.25906372070312
-139.20108032226562
-130.32553100585938
-145.74386596679688
-146.35629272460938
-143.41200256347656
-144.0284423828125
-150.5667724609375
-135.32032775878906
-141.44667053222656
-141.6745147705078
-141.0986328125
-139.34339904785156
-139.28518676757812
-140.3772735595703
-144.2361297607422
-148.73495483398438
-134.9156494140625
-139.35523986816406
-138.56333923339844
-140.9071044921875
-151.91986083984375
-139.7206573486328
-136.93605041503906
-136.68576049804688
-145.09886169433594
-136.2015380859375
-141.5510711669922
-143.83055114746094
-133.7698211669922
-142.81044006347656
-147.19256591796875
-135.84693908691406
-134.52474975585938
-137.76564025878906
-138.67413330078125
-141.767822265625
-139.2158203125
-137.7951202392578
-140.59608459472656
-134.5519256591797
-144.1897735595703
-147.08132934570312
-136.90914916992188
-138.73350524902344
-142.4453582763672
-149.43865966796875
-148.37281799316406
-135.54258728027344
