-140.55014038085938
-144.14932250976562
-140.1851043701172
-142.47828674316406
-144.29742431640625
-136.7882537841797
-136.62828063964844
-138.77333068847656
-139.420166015625
-140.45916748046875
-141.87574768066406
-136.26263427734375
-130.18069458007812
-145.72499084472656
-139.74107360839844
-137.63311767578125
-142.94139099121094
-144.10667419433594
-143.42970275878906
-146.32740783691406
-140.62001037597656
-150.2586669921875
-140.6041717529297
-139.51026916503906
-141.34437561035156
-134.52938842773438
-137.4348907470703
-136.95994567871094
-149.8411102294922
-142.00245666503906
-145.35610961914062
-148.77569580078125
-144.72764587402344
-146.50875854492188
-137.26707458496094
-140.4630584716797
-133.6312713623047
-144.75267028808594
-140.68663024902344
-141.49288940429688
-144.6674346923828
-135.00738525390625
-139.9515380859375
-138.42523193359375
-150.41268920898438
-139.18795776367188
-145.77667236328125
-139.32907104492188
-141.00994873046875
-135.3206329345703
-147.78089904785156
-140.68563842773438
-142.5711212158203
-141.54800415039062
-141.50717163085938
-135.50946044921875
-136.24880981445312
-147.17967224121094
-142.85031127929688
-139.276123046875
-139.5536651611328
-139.5349884033203
-137.53041076660156
-137.7056427001953
-142.51910400390625
-147.67848205566406
-142.29013061523438
-138.54344177246094
-138.85678100585938
-143.28565979003906
-141.94212341308594
-140.1631317138672
-140.16087341308594
-140.76441955566406
-149.43035888671875
-140.8507080078125
-132.0581817626953
-134.5848388671875
-127.0401611328125
-142.97076416015625
-140.76820373535156
-140.18276977539062
-138.15704345703125
-144.85157775878906
-146.96884155273438
-139.28013610839844
-129.2656707763672
-145.36988830566406
-144.44219970703125
-143.11463928222656
-143.67919921875
-148.43934631347656
-136.7829132080078
-136.85546875
-137.15924072265625
-141.20152282714844
-139.95628356933594
-134.96798706054688
-143.01527404785156
-143.83834838867188
-145.74658203125
-135.68035888671875
-136.36033630371094
-134.8029327392578
-137.26605224609375
-153.1215057373047
-140.1871337890625
-136.10435485839844
-137.2929229736328
-151.0251922607422
-135.4827117919922
-137.80874633789062
-142.15611267089844
-131.3756561279297
-140.80923461914062
-145.454345703125
-136.2825469970703
-133.6467742919922
-138.97589111328125
-135.95928955078125
-141.0101776123047
-138.5242919921875
-135.64083862304688
-137.04368591308594
-136.29742431640625
-139.49542236328125
-147.10986328125
-132.66238403320312
-137.15249633789062
-139.48216247558594
-148.1752471923828
-147.02911376953125
-135.63516235351562
-139.62158203125
-140.54342651367188
-132.61366271972656
-132.4842529296875
-141.09640502929688
-134.89146423339844
-141.0234375
-141.97885131835938
-130.3108367919922
-137.6101837158203
-139.09364318847656
-142.23550415039062
-132.48223876953125
-134.4669952392578
-135.01364135742188
-135.86810302734375
-131.3473358154297
-136.1449432373047
-123.81478881835938
-142.5435028076172
-140.9781494140625
-134.84152221679688
-135.3871612548828
-130.16969299316406
-136.88406372070312
-130.4693603515625
-138.87554931640625
-133.9595947265625
-142.23220825195312
-133.0611114501953
-134.73095703125
-149.5088348388672
-138.04127502441406
-135.83009338378906
-133.59080505371094
-133.5144805908203
-136.79159545898438
-132.9425048828125
-140.95196533203125
-137.7716522216797
-141.78533935546875
-134.6624298095703
-142.1165313720703
-138.27969360351562
-140.36257934570312
-140.85130310058594
-137.86895751953125
-140.71046447753906
-137.13931274414062
-129.2401123046875
-134.01698303222656
-138.87075805664062
-139.510009765625
-134.56356811523438
-137.233642578125
-137.013427734375
-132.85037231445312
-138.0903778076172
-134.3690643310547
-130.77259826660156
-144.31053161621094
-132.41783142089844
-137.18345642089844
-138.85227966308594
-141.0592803955078
-131.94815063476562
-134.10743713378906
-136.31863403320312
-128.79122924804688
-133.45809936523438
-130.4829559326172
-139.43536376953125
-135.51661682128906
-135.39418029785156
-127.61748504638672
-132.00137329101562
-134.53573608398438
-138.37786865234375
-130.1168212890625
-129.51568603515625
-128.4504852294922
-143.28610229492188
-132.81617736816406
-134.3204345703125
-137.70904541015625
-134.6355438232422
-142.6322784423828
-131.8831329345703
-135.09072875976562
-130.96299743652344
-127.03431701660156
-129.85423278808594
-134.74081420898438
-138.5242156982422
-133.322509765625
-125.9396743774414
-125.47232055664062
-137.73533630371094
-132.04026794433594
-138.44940185546875
-132.5753631591797
-141.71925354003906
-128.5176239013672
-129.4278106689453
-133.9492950439453
-137.44883728027344
-125.13334655761719
-130.07162475585938
-134.8058319091797
-127.38397216796875
-132.0220184326172
-130.387451171875
-140.14077758789062
-133.58702087402344
-135.3902587890625
-130.8625946044922
-134.15341186523438
-130.28045654296875
-134.51300048828125
-131.1370391845703
-130.41127014160156
-127.65026092529297
-130.4141082763672
-121.09285736083984
-130.0871124267578
-140.2910614013672
-132.57077026367188
-134.84521484375
-143.75196838378906
-131.38380432128906
-128.18162536621094
-130.58450317382812
-132.35748291015625
-134.28036499023438
-133.74717712402344
-132.25604248046875
-128.37014770507812
-128.83248901367188
-129.33860778808594
-130.86920166015625
-125.8960189819336
-126.00691986083984
-129.59915161132812
-133.7752685546875
-142.50450134277344
-140.8876190185547
-138.83236694335938
-127.61300659179688
-135.59967041015625
-137.5657501220703
-132.9693145751953
-137.9319305419922
-127.91300964355469
-125.21944427490234
-120.23298645019531
-135.24288940429688
-125.21399688720703
-136.5392608642578
-138.37388610839844
-133.10000610351562
-134.86729431152344
-135.37608337402344
-134.67477416992188
-128.31985473632812
-140.35174560546875
-130.5325164794922
-135.55825805664062
-124.06864166259766
-135.06631469726562
-128.67759704589844
-133.43228149414062
-128.2251434326172
-123.0053482055664
-129.61492919921875
-131.79165649414062
-126.43250274658203
-129.9384307861328
-130.248291015625
-130.56948852539062
-141.52537536621094
-120.3224868774414
-126.27960205078125
-124.3279800415039
-136.11578369140625
-137.4178466796875
-127.65448760986328
-133.42327880859375
-124.76500701904297
-125.2289047241211
-131.72549438476562
-126.09266662597656
-128.3017120361328
-132.24197387695312
-124.16363525390625
-138.42910766601562
-133.05783081054688
-133.31271362304688
-129.70338439941406
-118.11514282226562
-129.7822723388672
-130.22442626953125
-124.60662841796875
-124.6855239868164
-137.8383026123047
-133.4801788330078
-131.17543029785156
-135.40382385253906
-129.32275390625
-126.06104278564453
-119.06884002685547
-123.45509338378906
-130.3339080810547
-133.38201904296875
-124.61649322509766
-136.7996063232422
-132.4808807373047
-131.4043426513672
-132.29489135742188
-128.9307098388672
-126.0987319946289
-125.19403076171875
-126.78057861328125
-125.14757537841797
-126.26156616210938
-131.881591796875
-129.78103637695312
-123.61518859863281
-131.00657653808594
-124.47474670410156
-132.08045959472656
-119.62872314453125
-128.5218048095703
-135.7058868408203
-123.03726196289062
-128.10006713867188
-125.76406860351562
-124.41142272949219
-128.1646270751953
-133.40280151367188
-127.59259796142578
-122.89794158935547
-124.24641418457031
-124.6292953491211
-129.6323699951172
-126.58130645751953
-133.4469451904297
-137.32362365722656
-121.25102233886719
-124.94843292236328
-129.35592651367188
-123.7220687866211
-126.10183715820312
-130.0792999267578
-127.9914321899414
-122.71560668945312
-138.29391479492188
-132.7294921875
-125.27848815917969
-132.3041229248047
-127.7103042602539
-123.03938293457031
-129.26132202148438
-121.2279281616211
-123.72138214111328
-128.50140380859375
-129.52532958984375
-129.7350311279297
-130.59608459472656
-127.87884521484375
-133.82948303222656
-122.43375396728516
-136.95286560058594
-119.8947982788086
-132.4036865234375
-126.03160858154297
-135.07525634765625
-131.9223175048828
-117.52906036376953
-128.82215881347656
-130.20489501953125
-120.50956726074219
-124.31134033203125
-124.077880859375
-124.53330993652344
-141.0626220703125
-128.0918731689453
-129.1222381591797
-128.7288360595703
-124.09031677246094
-127.30094146728516
-120.90265655517578
-127.70310974121094
-125.88992309570312
-129.2147216796875
-127.23822021484375
-129.19866943359375
-125.17615509033203
-129.08299255371094
-122.70428466796875
-119.70640563964844
-126.18793487548828
-128.78128051757812
-126.52179718017578
-127.09121704101562
-125.00082397460938
-130.1167449951172
-123.95719146728516
-122.90747833251953
-127.9889144897461
-128.15919494628906
-127.94599151611328
-127.74237823486328
-130.60377502441406
-132.99583435058594
-122.25545501708984
-122.55409240722656
-127.52926635742188
-124.55706024169922
-134.61288452148438
-128.54620361328125
-128.5698699951172
-131.37257385253906
-132.4417724609375
-117.01080322265625
-119.4322509765625
-126.84873962402344
-123.58735656738281
-126.7714614868164
-121.41410827636719
-124.26312255859375
-122.42351531982422
-121.98626708984375
-122.13925170898438
-128.8400115966797
-125.8751449584961
-133.5690460205078
-119.48330688476562
-118.93022155761719
-116.28266906738281
-113.91686248779297
-123.64159393310547
-130.69769287109375
-127.37357330322266
-116.984130859375
-127.94496154785156
-129.03135681152344
-121.8616714477539
-128.8579559326172
-125.55657958984375
-117.33409118652344
-132.79225158691406
-123.49378967285156
-122.54563903808594
-119.88018798828125
-128.7855224609375
-123.60307312011719
-124.10305786132812
-124.39409637451172
-121.69290161132812
-124.44340515136719
-124.91848754882812
-121.33175659179688
-117.41182708740234
-126.56224060058594
-126.07279968261719
-120.60076141357422
-124.18435668945312
-125.52688598632812
-127.09488677978516
-134.1531219482422
-124.70451354980469
-118.33378601074219
-134.8470001220703
-122.83942413330078
-128.7765655517578
-124.11815643310547
-132.00741577148438
-124.87126922607422
-117.4468994140625
-116.90189361572266
-127.0982666015625
-119.18133544921875
-117.79341125488281
-137.55499267578125
-118.83415985107422
-121.73825073242188
-120.61070251464844
-128.193603515625
-130.36074829101562
-122.86784362792969
-129.92709350585938
-125.99842071533203
-121.43119049072266
-121.73216247558594
-120.21878051757812
-117.4897689819336
-139.82872009277344
-129.76171875
-121.26920318603516
-126.01343536376953
-126.37498474121094
-125.38031005859375
-130.16226196289062
-125.13624572753906
-120.11217498779297
-121.86990356445312
-124.43145751953125
-124.0708999633789
-114.49342346191406
-129.64300537109375
-115.89434051513672
-123.64640808105469
-120.10604858398438
-131.0769500732422
-128.38046264648438
-127.00410461425781
-123.24639892578125
-122.76847839355469
-125.14380645751953
-128.32440185546875
-126.13380432128906
-121.42606353759766
-128.09332275390625
-128.60678100585938
-111.31309509277344
-112.80240631103516
-117.95645904541016
-116.50837707519531
-132.6175079345703
-124.4848861694336
-126.97908020019531
-130.09600830078125
-126.52113342285156
-118.38909912109375
-122.04305267333984
-121.91450500488281
-114.02802276611328
-126.7138900756836
-129.33509826660156
-126.33642578125
-127.22239685058594
-123.73375701904297
-131.39682006835938
-119.80641174316406
-123.98258972167969
-125.71202850341797
-130.89837646484375
-117.2016830444336
-124.89859008789062
-123.82511138916016
-119.32408142089844
-123.32861328125
-129.36538696289062
-127.88064575195312
-125.7412338256836
-125.64043426513672
-122.54695129394531
-120.16519927978516
-126.779052734375
-129.41026306152344
-122.85633850097656
-126.0815200805664
-122.51292419433594
-123.89894104003906
-120.45976257324219
-117.50404357910156
-121.46890258789062
-122.7738037109375
-123.341796875
-128.2503662109375
-127.83758544921875
-124.76861572265625
-128.72451782226562
-120.96585845947266
-116.86492919921875
-114.19577026367188
-120.0951156616211
-121.8871841430664
-116.29116821289062
-120.86030578613281
-122.17435455322266
-114.1527328491211
-124.25566864013672
-111.56819152832031
-124.9782943725586
-115.75526428222656
-123.77869415283203
-119.15782165527344
-128.39476013183594
-123.42351531982422
-127.89464569091797
-127.95545196533203
-124.33061981201172
-118.46150970458984
-124.29287719726562
-123.40222930908203
-124.52583312988281
-125.45578002929688
-128.637451171875
-120.02235412597656
-121.48381805419922
-123.21666717529297
-115.33372497558594
-125.0096435546875
-120.05072021484375
-125.57624816894531
-126.13761138916016
-126.65986633300781
-116.3023681640625
-123.88553619384766
-131.04037475585938
-116.77891540527344
-134.2403106689453
-123.49285888671875
-117.73589324951172
-118.74507141113281
-128.70193481445312
-126.26077270507812
-131.86756896972656
-117.91656494140625
-126.42698669433594
-127.03939819335938
-126.09609985351562
-123.60651397705078
-121.50167846679688
-124.9874267578125
-122.95820617675781
-112.46336364746094
-121.0899658203125
-118.84635162353516
-124.9354248046875
-121.56182861328125
-126.64893341064453
-123.08573913574219
-127.05738067626953
-127.70610046386719
-120.47238159179688
-123.24687957763672
-120.08139038085938
-123.76480865478516
-131.6486053466797
-123.85912322998047
-116.88290405273438
-116.13993072509766
-120.27832794189453
-117.25511932373047
-121.79187774658203
-124.42215728759766
-117.52116394042969
-123.91645812988281
-125.64903259277344
-122.33685302734375
-118.55829620361328
-110.96814727783203
-121.8142318725586
-121.42818450927734
-119.70849609375
-116.609619140625
-118.70060729980469
-124.04158782958984
-120.77489471435547
-123.44525146484375
-116.23725128173828
-123.25584411621094
-130.92918395996094
-118.11444091796875
-125.53117370605469
-113.78363800048828
-119.69105529785156
-121.40304565429688
-120.2182388305664
-123.68671417236328
-121.04327392578125
-117.07771301269531
-126.7620849609375
-119.57781982421875
-125.87023162841797
-116.84718322753906
-117.92733001708984
-121.15872192382812
-115.7055435180664
-124.52134704589844
-119.45210266113281
-120.53608703613281
-122.27411651611328
-122.75129699707031
-117.04239654541016
-123.27552795410156
-126.2774429321289
-117.19309997558594
-115.20516204833984
-120.755859375
-120.94254302978516
-120.17313385009766
-124.01206970214844
-127.76382446289062
-119.07186889648438
-120.40799713134766
-117.92606353759766
-117.45289611816406
-119.8810043334961
-127.22776794433594
-121.51753234863281
-119.26475524902344
-118.72761535644531
-124.4166488647461
-113.21427154541016
-127.80178833007812
-114.89398193359375
-119.1435775756836
-120.44410705566406
-123.62032318115234
-124.29049682617188
-119.21553039550781
-128.01168823242188
-122.58912658691406
-119.23822021484375
-126.76373291015625
-121.98406982421875
-116.67161560058594
-126.83595275878906
-128.36436462402344
-126.55017852783203
-123.11144256591797
-118.38330078125
-120.51042938232422
-112.09056091308594
-113.93009185791016
-118.01283264160156
-115.73786163330078
-124.80355834960938
-117.10767364501953
-117.33030700683594
-119.27688598632812
-123.35028076171875
-126.47197723388672
-123.90045166015625
-121.78755187988281
-115.99883270263672
-117.83883666992188
-128.7267303466797
-118.42728424072266
-120.21128845214844
-123.9260482788086
-125.76914978027344
-119.56118774414062
-112.6833724975586
-110.94963836669922
-115.76107025146484
-115.67140197753906
-116.3769302368164
-115.88188934326172
-111.0659408569336
-117.92566680908203
-116.82596588134766
-120.24079132080078
-118.08283996582031
-112.06675720214844
-120.44954681396484
-122.76661682128906
-119.14738464355469
-121.40752410888672
-112.55333709716797
-124.85962677001953
-116.84442138671875
-120.35206604003906
-120.0545883178711
-114.42565155029297
-113.99617767333984
-112.28524780273438
-118.51139831542969
-116.7478256225586
-119.66755676269531
-125.84947204589844
-115.5631332397461
-117.23461151123047
-117.24690246582031
-118.7432861328125
-121.1574935913086
-120.73812866210938
-119.15953063964844
-117.51823425292969
-119.36796569824219
-121.09536743164062
-119.20915222167969
-115.75080108642578
-121.03349304199219
-115.16976165771484
-117.58625793457031
-123.79798889160156
-114.38096618652344
-119.8358154296875
-119.74633026123047
-121.59623718261719
-123.24855041503906
-117.53762817382812
-125.50233459472656
-118.80213928222656
-117.66455078125
-115.28085327148438
-124.80348205566406
-117.50534057617188
-114.40392303466797
-119.577880859375
-120.60018157958984
-111.09008026123047
-115.05522918701172
-121.39920806884766
-114.44374084472656
-107.94466400146484
-116.22137451171875
-112.68923950195312
-115.31497192382812
-122.14854431152344
-116.04872131347656
-121.38433074951172
-116.83257293701172
-117.20913696289062
-116.24172973632812
-117.04124450683594
-124.16190338134766
-123.31959533691406
-119.39375305175781
-119.65934753417969
-122.83905792236328
-112.96670532226562
-124.06925964355469
-114.44223022460938
-115.09548950195312
-115.29670715332031
-121.45439147949219
-122.72711944580078
-119.48539733886719
-114.88497161865234
-115.38268280029297
-118.10032653808594
-109.03799438476562
-118.50019836425781
-123.89840698242188
-116.40196228027344
-114.47808837890625
-117.34938049316406
-120.6304702758789
-127.30397033691406
-124.5758056640625
-114.80058288574219
-126.15575408935547
-119.28771209716797
-117.98387908935547
-116.50531005859375
-114.41741943359375
-115.94667053222656
-114.5088119506836
-125.25660705566406
-116.82807159423828
-121.85469818115234
-115.49604797363281
-111.62460327148438
-111.83302307128906
-119.67985534667969
-120.81394958496094
-118.75601196289062
-111.0814437866211
-108.01956939697266
-121.57740020751953
-118.10154724121094
-122.04080200195312
-111.80078887939453
-115.19576263427734
-113.33554077148438
-122.8698959350586
-120.56989288330078
-123.62755584716797
-125.53517150878906
-119.38793182373047
-120.4153060913086
-118.45000457763672
-114.71240997314453
-125.51737213134766
-115.57958984375
-118.74085998535156
-115.3797836303711
-121.37464141845703
-120.87421417236328
-120.27565002441406
-118.78981018066406
-116.00785827636719
-117.58910369873047
-116.54467010498047
-127.5715560913086
-121.52227020263672
-113.66531372070312
-114.22433471679688
-120.36206817626953
-119.88080596923828
-118.85204315185547
-113.90497589111328
-126.77935791015625
-123.35513305664062
-118.78826904296875
-124.58637237548828
-115.64315032958984
-123.01094055175781
-120.87409973144531
-115.69844055175781
