-141.56808471679688
-150.1751708984375
-141.1519775390625
-144.72288513183594
-146.35031127929688
-141.12661743164062
-140.97801208496094
-140.50115966796875
-138.5621337890625
-145.1974334716797
-144.12355041503906
-139.725341796875
-135.24473571777344
-150.5111846923828
-145.9945831298828
-140.1715545654297
-142.68125915527344
-145.6208953857422
-143.7197265625
-148.9431610107422
-142.32090759277344
-152.76318359375
-145.8797607421875
-139.67486572265625
-144.18829345703125
-136.2454376220703
-141.71380615234375
-142.23324584960938
-151.92027282714844
-147.11090087890625
-144.14466857910156
-150.65921020507812
-149.74501037597656
-147.92501831054688
-141.79537963867188
-143.3716278076172
-134.89048767089844
-147.322998046875
-144.30911254882812
-143.51004028320312
-146.9638671875
-135.91163635253906
-146.35018920898438
-144.10772705078125
-149.94662475585938
-143.044189453125
-150.09982299804688
-144.30531311035156
-144.2633056640625
-139.91998291015625
-149.64747619628906
-141.89111328125
-146.7880859375
-144.14459228515625
-144.21441650390625
-140.82530212402344
-138.5065155029297
-151.01589965820312
-146.32177734375
-145.87966918945312
-140.04888916015625
-144.87130737304688
-142.96058654785156
-141.263671875
-143.14674377441406
-150.8318328857422
-146.21478271484375
-141.04241943359375
-142.42233276367188
-151.3972625732422
-145.84381103515625
-142.739501953125
-143.84095764160156
-148.19293212890625
-156.5928192138672
-146.64932250976562
-139.19068908691406
-139.87728881835938
-134.99032592773438
-145.5647735595703
-152.11001586914062
-147.15687561035156
-145.02169799804688
-150.68661499023438
-152.02572631835938
-146.7784423828125
-134.48455810546875
-152.2672576904297
-150.47999572753906
-150.50973510742188
-149.3560333251953
-152.8983154296875
-142.17861938476562
-147.05706787109375
-145.70997619628906
-149.79232788085938
-143.56594848632812
-142.8157501220703
-147.02610778808594
-151.15904235839844
-155.67794799804688
-142.12603759765625
-144.0266571044922
-142.01194763183594
-144.22230529785156
-163.0393829345703
-145.1759033203125
-141.1212921142578
-142.228515625
-152.8295440673828
-141.40957641601562
-145.1142120361328
-148.43055725097656
-138.75193786621094
-149.2026824951172
-151.79150390625
-141.8162841796875
-140.46461486816406
-144.49932861328125
-141.77182006835938
-148.07176208496094
-143.35154724121094
-144.74542236328125
-142.99774169921875
-139.68902587890625
-146.18222045898438
-151.316162109375
-140.52163696289062
-144.82568359375
-146.70960998535156
-154.19732666015625
-152.87197875976562
-141.4066619873047
-152.9681854248047
-145.7873992919922
-140.9329376220703
-138.9524688720703
-147.4654083251953
-138.62600708007812
-145.66966247558594
-149.28079223632812
-136.7073516845703
-144.05178833007812
-146.4858856201172
-151.4478759765625
-141.0257568359375
-142.4083709716797
-142.68202209472656
-144.21304321289062
-139.6798553466797
-142.40321350097656
-132.7118377685547
-150.42967224121094
-152.92922973632812
-145.14315795898438
-142.84619140625
-137.8922882080078
-147.71995544433594
-140.0230255126953
-149.0465087890625
-145.51377868652344
-147.7697296142578
-141.57272338867188
-143.2157440185547
-152.72564697265625
-145.21112060546875
-145.47821044921875
-142.63282775878906
-141.81076049804688
-144.34043884277344
-145.073486328125
-147.1283416748047
-143.8623046875
-146.25596618652344
-142.07742309570312
-145.5599365234375
-144.8862762451172
-146.22836303710938
-150.18641662597656
-145.6767578125
-148.42147827148438
-147.7352294921875
-139.76541137695312
-142.3241729736328
-148.30740356445312
-147.2563018798828
-142.78604125976562
-145.15841674804688
-146.6329803466797
-140.66917419433594
-144.60064697265625
-144.63040161132812
-140.08583068847656
-153.31214904785156
-145.11190795898438
-144.6073455810547
-147.6219940185547
-150.2747039794922
-143.5074462890625
-142.06350708007812
-142.67604064941406
-141.3662567138672
-141.51051330566406
-135.8006591796875
-149.6998748779297
-144.9136199951172
-144.98605346679688
-137.40463256835938
-145.19656372070312
-146.1212921142578
-152.27871704101562
-136.98016357421875
-136.2447509765625
-137.8941650390625
-152.0504150390625
-142.42593383789062
-144.52227783203125
-149.60987854003906
-145.1932830810547
-152.46463012695312
-141.0546112060547
-144.87770080566406
-143.67491149902344
-141.37811279296875
-139.35581970214844
-143.3870391845703
-145.3672637939453
-142.2153778076172
-138.2375946044922
-133.5015411376953
-147.7901153564453
-140.4213104248047
-146.25205993652344
-145.1753692626953
-156.68319702148438
-139.8720245361328
-141.1862030029297
-142.05995178222656
-150.94496154785156
-139.52394104003906
-137.5608367919922
-147.5574951171875
-139.58572387695312
-142.69805908203125
-142.7301483154297
-154.9540557861328
-147.26370239257812
-149.0348663330078
-142.24993896484375
-147.42433166503906
-147.36154174804688
-150.96990966796875
-141.62135314941406
-146.2460174560547
-141.02342224121094
-140.824951171875
-134.59268188476562
-142.4245147705078
-152.9460906982422
-144.53326416015625
-146.28990173339844
-155.9207000732422
-146.4681396484375
-141.85235595703125
-144.64077758789062
-145.2482147216797
-146.53668212890625
-147.976806640625
-148.26956176757812
-140.75218200683594
-141.42611694335938
-141.18922424316406
-143.1063690185547
-137.97134399414062
-138.76792907714844
-142.24526977539062
-144.6113739013672
-151.8375244140625
-154.1855926513672
-149.85104370117188
-141.43896484375
-150.55328369140625
-147.50791931152344
-149.37278747558594
-151.35707092285156
-140.09991455078125
-136.7664337158203
-131.43601989746094
-146.1795654296875
-137.09176635742188
-146.27503967285156
-148.01226806640625
-145.14649963378906
-150.24703979492188
-148.45684814453125
-146.18447875976562
-142.69259643554688
-151.59422302246094
-142.7063751220703
-147.43402099609375
-140.35621643066406
-147.87290954589844
-142.8226318359375
-147.3199005126953
-142.7874298095703
-135.205810546875
-142.9512176513672
-146.55923461914062
-140.82308959960938
-144.35487365722656
-142.47683715820312
-144.10369873046875
-154.67947387695312
-137.24948120117188
-139.15187072753906
-139.392333984375
-149.33984375
-152.56622314453125
-144.46592712402344
-147.8712158203125
-141.4801788330078
-139.83657836914062
-147.36981201171875
-138.1755828857422
-143.08970642089844
-148.1156005859375
-140.43174743652344
-152.8378448486328
-149.57147216796875
-147.3419189453125
-143.807861328125
-132.33102416992188
-143.33306884765625
-145.86453247070312
-140.80615234375
-140.13430786132812
-152.23728942871094
-151.3290252685547
-147.36459350585938
-152.879150390625
-144.0520477294922
-141.3538818359375
-135.85240173339844
-139.31161499023438
-145.9371795654297
-149.30050659179688
-139.02613830566406
-152.0263671875
-149.822265625
-144.7318115234375
-147.9818878173828
-146.13780212402344
-139.84640502929688
-138.39840698242188
-143.6048583984375
-139.93055725097656
-143.05006408691406
-150.13719177246094
-146.24583435058594
-138.77932739257812
-147.152587890625
-136.28855895996094
-147.19065856933594
-137.58131408691406
-142.63108825683594
-150.61500549316406
-140.12461853027344
-148.0926513671875
-140.4974822998047
-137.56619262695312
-141.70372009277344
-147.37869262695312
-143.4353790283203
-142.63829040527344
-140.69371032714844
-141.44046020507812
-144.43899536132812
-142.93495178222656
-148.49440002441406
-151.18881225585938
-132.7442169189453
-140.86044311523438
-145.61773681640625
-140.11209106445312
-143.49668884277344
-152.30545043945312
-141.90931701660156
-134.88656616210938
-150.9171905517578
-146.3670654296875
-143.1064910888672
-147.36715698242188
-142.62657165527344
-140.56207275390625
-147.66690063476562
-136.02049255371094
-140.98233032226562
-146.65077209472656
-148.22166442871094
-147.04132080078125
-151.09207153320312
-143.28329467773438
-149.54849243164062
-139.23724365234375
-155.5764923095703
-134.7051544189453
-148.42041015625
-141.5954132080078
-154.11216735839844
-151.54896545410156
-135.86013793945312
-145.32672119140625
-145.6515350341797
-139.0531768798828
-146.201171875
-141.38609313964844
-140.31503295898438
-156.415771484375
-143.33375549316406
-143.8794403076172
-144.86705017089844
-144.39381408691406
-146.85379028320312
-142.6587677001953
-143.2499542236328
-141.16184997558594
-146.47531127929688
-145.74644470214844
-145.95826721191406
-139.63107299804688
-144.7046661376953
-140.63818359375
-134.20120239257812
-147.0664520263672
-145.98239135742188
-146.54750061035156
-143.9954833984375
-143.84776306152344
-147.12957763671875
-137.65391540527344
-139.39056396484375
-144.79815673828125
-146.5807342529297
-146.66567993164062
-142.96214294433594
-148.0755157470703
-150.3931427001953
-141.0074462890625
-138.10879516601562
-145.3741912841797
-141.7976531982422
-150.28160095214844
-147.1739501953125
-149.16941833496094
-149.73187255859375
-151.27008056640625
-135.74635314941406
-138.6155548095703
-145.09605407714844
-144.85806274414062
-143.47711181640625
-143.62184143066406
-140.35409545898438
-138.99099731445312
-146.61793518066406
-139.92637634277344
-151.73358154296875
-144.63902282714844
-150.7146453857422
-138.49488830566406
-136.67611694335938
-135.1121826171875
-133.1075897216797
-144.58624267578125
-148.6190643310547
-148.0865020751953
-138.16314697265625
-150.45350646972656
-147.67039489746094
-141.49554443359375
-143.34121704101562
-141.93348693847656
-140.3621368408203
-152.3640594482422
-139.61524963378906
-139.547607421875
-137.99046325683594
-145.53770446777344
-140.7924041748047
-143.8012237548828
-142.90028381347656
-140.92225646972656
-140.26377868652344
-144.5352783203125
-138.99302673339844
-133.19137573242188
-143.718505859375
-143.32968139648438
-137.2601776123047
-144.95391845703125
-146.43524169921875
-146.0880126953125
-146.3472900390625
-141.7008056640625
-139.0749053955078
-152.58071899414062
-144.0211639404297
-145.5008087158203
-142.2819366455078
-150.38967895507812
-147.15310668945312
-138.35635375976562
-136.4559783935547
-146.85830688476562
-136.6732635498047
-138.21487426757812
-155.7147979736328
-136.16065979003906
-139.76097106933594
-137.0451202392578
-145.91336059570312
-148.08828735351562
-143.24508666992188
-151.15086364746094
-143.0955810546875
-141.73922729492188
-139.21078491210938
-138.66183471679688
-139.15478515625
-158.20469665527344
-150.7323455810547
-143.1522674560547
-146.65963745117188
-144.48719787597656
-143.67532348632812
-154.64117431640625
-147.5457000732422
-139.71566772460938
-142.35647583007812
-143.8490447998047
-143.69644165039062
-135.9309539794922
-148.39346313476562
-136.90151977539062
-145.4807586669922
-140.24578857421875
-148.93479919433594
-146.29705810546875
-144.34437561035156
-141.62237548828125
-141.94271850585938
-141.0538330078125
-148.62896728515625
-141.34136962890625
-140.1071014404297
-144.62652587890625
-145.64378356933594
-126.15557098388672
-135.066650390625
-136.0721435546875
-134.9219207763672
-152.3380126953125
-146.99652099609375
-150.1734161376953
-147.52764892578125
-149.77259826660156
-137.5101318359375
-144.7029571533203
-143.58053588867188
-136.34584045410156
-147.4147186279297
-152.7120819091797
-145.41787719726562
-146.84640502929688
-142.95448303222656
-150.99179077148438
-141.27049255371094
-146.8650665283203
-143.91757202148438
-145.71316528320312
-138.7895050048828
-142.7947235107422
-142.9863739013672
-138.7835235595703
-145.32635498046875
-150.1234130859375
-148.5734100341797
-150.18653869628906
-148.67910766601562
-143.14349365234375
-140.9420623779297
-147.6439971923828
-149.12782287597656
-143.41551208496094
-147.2887420654297
-145.7787322998047
-146.55612182617188
-142.18382263183594
-139.9110565185547
-144.18817138671875
-143.17437744140625
-142.23329162597656
-147.67588806152344
-150.8791046142578
-146.07212829589844
-148.65530395507812
-143.17254638671875
-140.3504638671875
-134.45294189453125
-141.82810974121094
-145.90635681152344
-137.89678955078125
-141.88816833496094
-140.32028198242188
-134.38729858398438
-143.14488220214844
-131.34170532226562
-146.38748168945312
-135.51441955566406
-143.20944213867188
-138.88934326171875
-151.82122802734375
-143.5830535888672
-147.49029541015625
-148.380859375
-145.213623046875
-137.01300048828125
-143.4794464111328
-144.8776397705078
-139.41055297851562
-144.81312561035156
-152.77626037597656
-139.52096557617188
-143.54962158203125
-146.17884826660156
-133.97901916503906
-143.80189514160156
-145.74664306640625
-146.47451782226562
-149.5523223876953
-144.98739624023438
-133.1824188232422
-141.6837158203125
-153.63436889648438
-136.29039001464844
-156.01194763183594
-145.5718231201172
-139.38084411621094
-141.65170288085938
-151.0372772216797
-148.7468719482422
-154.59478759765625
-139.8679656982422
-147.0843505859375
-144.8914794921875
-142.32211303710938
-141.25543212890625
-143.5142822265625
-146.32737731933594
-145.11276245117188
-133.96078491210938
-142.99053955078125
-136.97657775878906
-146.12608337402344
-143.69676208496094
-147.46971130371094
-143.35984802246094
-144.0738525390625
-147.60511779785156
-138.95632934570312
-148.3010711669922
-141.88412475585938
-143.47254943847656
-153.1479034423828
-144.7095947265625
-136.31295776367188
-138.4398956298828
-142.3385009765625
-142.2769775390625
-141.1320343017578
-145.45286560058594
-138.6097869873047
-142.36087036132812
-146.4954071044922
-143.00759887695312
-140.6214599609375
-133.31314086914062
-144.67337036132812
-145.39541625976562
-143.6905975341797
-138.39004516601562
-140.72998046875
-145.34141540527344
-143.84913635253906
-146.90170288085938
-138.783203125
-144.7497100830078
-153.71102905273438
-136.68341064453125
-146.6885223388672
-136.11349487304688
-141.21347045898438
-138.95526123046875
-144.249267578125
-149.2998504638672
-139.26097106933594
-139.71157836914062
-148.14682006835938
-141.7430877685547
-152.01046752929688
-144.0017852783203
-143.08102416992188
-140.71685791015625
-139.50401306152344
-145.82850646972656
-141.79583740234375
-145.68792724609375
-148.65365600585938
-145.73797607421875
-136.7555694580078
-148.66720581054688
-148.7635498046875
-136.24928283691406
-137.78018188476562
-141.2460479736328
-144.61769104003906
-140.52066040039062
-145.03619384765625
-153.0546112060547
-140.83197021484375
-141.4901123046875
-138.9065399169922
-141.49346923828125
-140.05259704589844
-152.3173065185547
-143.6018524169922
-145.24212646484375
-139.7647705078125
-146.69070434570312
-136.37429809570312
-150.38648986816406
-134.0180206298828
-139.53619384765625
-142.17153930664062
-146.658447265625
-147.6953887939453
-139.4956817626953
-149.2501220703125
-145.86973571777344
-140.4425811767578
-148.42279052734375
-146.1502227783203
-138.6515350341797
-147.7882080078125
-153.25448608398438
-147.2843475341797
-147.93186950683594
-135.85958862304688
-144.5310516357422
-133.30386352539062
-135.9637451171875
-140.83920288085938
-142.10255432128906
-145.38111877441406
-139.1663818359375
-141.4277801513672
-141.72723388671875
-148.6957550048828
-151.35118103027344
-149.8258056640625
-143.15060424804688
-136.0789794921875
-134.39724731445312
-150.04176330566406
-141.8343048095703
-142.55426025390625
-147.96829223632812
-152.5368194580078
-143.73854064941406
-137.7482147216797
-131.0708465576172
-137.53758239746094
-140.03909301757812
-142.2374267578125
-143.86119079589844
-135.8419647216797
-143.5651397705078
-141.98023986816406
-140.41371154785156
-143.4960174560547
-132.22926330566406
-141.78109741210938
-147.99310302734375
-141.751708984375
-146.32614135742188
-140.6801300048828
-149.28196716308594
-140.08885192871094
-144.5460205078125
-144.31243896484375
-136.7069549560547
-137.3954620361328
-137.28717041015625
-143.86839294433594
-143.87313842773438
-145.897705078125
-151.35409545898438
-137.39781188964844
-141.22727966308594
-142.4519500732422
-144.34474182128906
-149.40960693359375
-144.6956024169922
-144.53952026367188
-142.8849639892578
-142.65293884277344
-143.57125854492188
-144.76364135742188
-135.3007354736328
-145.27171325683594
-138.60459899902344
-144.050048828125
-150.69842529296875
-139.8007049560547
-141.76608276367188
-144.0810089111328
-145.7494354248047
-146.33860778808594
-138.1426544189453
-149.816162109375
-142.15200805664062
-141.79249572753906
-142.5496063232422
-150.308837890625
-139.8553924560547
-141.33505249023438
-144.84336853027344
-146.39613342285156
-135.1943359375
-137.6380615234375
-146.84141540527344
-136.86256408691406
-130.3097686767578
-145.9562530517578
-138.13046264648438
-138.13430786132812
-147.84732055664062
-140.30813598632812
-146.07408142089844
-145.63504028320312
-138.35350036621094
-138.21978759765625
-143.03329467773438
-147.9922637939453
-151.58871459960938
-145.5126495361328
-143.6317596435547
-152.79270935058594
-137.088623046875
-150.908935546875
-141.73751831054688
-139.79364013671875
-134.73207092285156
-146.32550048828125
-151.7718048095703
-143.30018615722656
-140.58419799804688
-142.98797607421875
-143.92323303222656
-137.24337768554688
-144.2674560546875
-148.69607543945312
-141.66587829589844
-143.47885131835938
-139.62037658691406
-144.41897583007812
-147.88409423828125
-149.4762725830078
-137.00692749023438
-150.90768432617188
-145.85916137695312
-141.89585876464844
-139.4794464111328
-144.63319396972656
-140.7913818359375
-139.9033966064453
-149.05743408203125
-139.67820739746094
-149.24339294433594
-142.23043823242188
-136.81980895996094
-141.07757568359375
-143.37913513183594
-147.3265838623047
-144.02880859375
-133.6685028076172
-135.45130920410156
-146.56170654296875
-142.5728759765625
-149.97142028808594
-135.85621643066406
-139.29747009277344
-139.6336669921875
-146.42208862304688
-146.61195373535156
-144.0179443359375
-150.05311584472656
-143.2061309814453
-142.94248962402344
-141.9193572998047
-141.18588256835938
-151.89964294433594
-141.39501953125
-143.60121154785156
-140.7343292236328
-147.7308807373047
-143.53074645996094
-147.4598846435547
-144.86239624023438
-141.50196838378906
-145.5883331298828
-138.29571533203125
-153.4384307861328
-144.10044860839844
-138.1437530517578
-138.65274047851562
-145.13336181640625
-146.3601837158203
-145.44338989257812
-139.22804260253906
-148.9832000732422
-148.1975555419922
-142.09580993652344
-149.39657592773438
-136.99154663085938
-142.7730712890625
-140.99508666992188
-142.0757293701172
