-140.55543518066406
-142.8158416748047
-140.13406372070312
-143.50222778320312
-142.18922424316406
-136.50094604492188
-134.70199584960938
-139.7999267578125
-136.1992950439453
-141.74098205566406
-139.60243225097656
-136.2835693359375
-131.6707000732422
-143.78390502929688
-139.53968811035156
-134.63282775878906
-140.87559509277344
-140.26187133789062
-138.15347290039062
-145.50698852539062
-136.91012573242188
-147.597900390625
-141.6856231689453
-136.73797607421875
-142.5603485107422
-132.32203674316406
-137.5222625732422
-137.1864471435547
-144.9265899658203
-141.0509490966797
-141.0812225341797
-148.1741943359375
-142.8981170654297
-143.80174255371094
-135.02767944335938
-136.37728881835938
-131.8694305419922
-145.59950256347656
-140.11810302734375
-138.2699737548828
-144.0196533203125
-134.2530517578125
-140.16465759277344
-141.84425354003906
-147.2430419921875
-138.02731323242188
-145.45556640625
-140.45462036132812
-141.0575714111328
-135.69818115234375
-144.57862854003906
-142.25616455078125
-142.9803009033203
-140.97592163085938
-140.9024200439453
-138.2771453857422
-135.70248413085938
-148.9004364013672
-142.9357452392578
-140.1713409423828
-136.77914428710938
-140.2771453857422
-139.7019805908203
-136.650390625
-140.49374389648438
-146.28106689453125
-142.37991333007812
-138.5755157470703
-138.6244354248047
-145.33364868164062
-140.70376586914062
-138.82040405273438
-141.81309509277344
-143.9054412841797
-154.3272247314453
-143.54042053222656
-135.35403442382812
-138.70640563964844
-131.04208374023438
-140.1874237060547
-143.63421630859375
-144.807861328125
-140.0015869140625
-146.79298400878906
-143.71066284179688
-141.83958435058594
-131.12899780273438
-147.18251037597656
-147.64620971679688
-144.8302001953125
-148.27748107910156
-151.82693481445312
-135.28631591796875
-142.01596069335938
-142.11553955078125
-143.5244903564453
-140.52255249023438
-142.55458068847656
-143.38388061523438
-145.4575653076172
-148.47161865234375
-137.4490509033203
-138.78765869140625
-137.74649047851562
-140.50320434570312
-154.28079223632812
-142.0666961669922
-135.6717529296875
-138.84527587890625
-146.17318725585938
-136.06253051757812
-140.8909149169922
-145.36488342285156
-134.46705627441406
-143.5549774169922
-146.88197326660156
-138.22007751464844
-136.95135498046875
-138.67063903808594
-138.4285430908203
-141.16494750976562
-140.4078826904297
-140.77023315429688
-140.10165405273438
-139.3313751220703
-140.91175842285156
-148.59666442871094
-138.71624755859375
-141.67666625976562
-142.502197265625
-151.0656280517578
-147.0350799560547
-137.79302978515625
-146.03663635253906
-147.60633850097656
-138.0787811279297
-135.93150329589844
-142.54046630859375
-135.82708740234375
-145.2771759033203
-147.2632293701172
-133.2535400390625
-140.86978149414062
-140.5618133544922
-147.01968383789062
-137.8626708984375
-140.07131958007812
-139.8780975341797
-141.21786499023438
-136.4431915283203
-136.49119567871094
-130.5609130859375
-143.56887817382812
-146.302978515625
-140.38697814941406
-141.59877014160156
-135.689208984375
-144.4371795654297
-134.9618377685547
-144.43093872070312
-138.4482879638672
-143.4553985595703
-134.76034545898438
-140.80848693847656
-147.0167236328125
-140.8251495361328
-139.27301025390625
-138.0572509765625
-135.6912384033203
-140.4203643798828
-137.77874755859375
-143.2837677001953
-139.7188720703125
-141.66168212890625
-135.9184112548828
-141.80860900878906
-142.76153564453125
-142.32354736328125
-146.05885314941406
-142.68865966796875
-142.25245666503906
-143.92005920410156
-137.96603393554688
-137.63796997070312
-143.3768768310547
-142.56436157226562
-140.0467071533203
-141.260498046875
-140.79476928710938
-134.70733642578125
-141.68344116210938
-137.99928283691406
-138.08615112304688
-148.04518127441406
-141.93338012695312
-141.90463256835938
-142.96531677246094
-145.12542724609375
-140.9591064453125
-137.86976623535156
-142.20217895507812
-136.38534545898438
-138.77723693847656
-133.7902069091797
-144.4235382080078
-140.54598999023438
-143.1608428955078
-137.37017822265625
-142.37234497070312
-143.40261840820312
-147.1150665283203
-133.88836669921875
-129.6405487060547
-135.44764709472656
-149.01950073242188
-139.81350708007812
-140.51058959960938
-142.77247619628906
-140.2524871826172
-150.33380126953125
-137.06503295898438
-143.27244567871094
-140.17007446289062
-138.9634552001953
-135.26275634765625
-140.4307098388672
-141.54693603515625
-135.93446350097656
-134.62863159179688
-132.30313110351562
-143.83786010742188
-136.05282592773438
-142.41697692871094
-140.61566162109375
-150.6727752685547
-133.7563018798828
-137.90579223632812
-137.31869506835938
-146.11004638671875
-134.47705078125
-133.3677978515625
-144.08917236328125
-137.1719512939453
-137.5861053466797
-139.52520751953125
-149.91590881347656
-141.61253356933594
-143.63427734375
-136.64602661132812
-139.3948516845703
-142.6243438720703
-144.0547332763672
-138.76107788085938
-141.5847625732422
-137.50067138671875
-138.42105102539062
-131.28207397460938
-138.52627563476562
-146.00355529785156
-138.75421142578125
-143.1175079345703
-151.99769592285156
-141.78001403808594
-138.7797088623047
-143.11790466308594
-143.14892578125
-142.6788787841797
-143.59751892089844
-141.3813018798828
-137.20912170410156
-137.14854431152344
-134.49359130859375
-137.24526977539062
-136.05287170410156
-136.9002685546875
-137.5000762939453
-141.95248413085938
-148.5338897705078
-150.85992431640625
-146.04600524902344
-139.55667114257812
-144.031494140625
-144.82559204101562
-144.8233642578125
-146.55691528320312
-138.92459106445312
-132.88278198242188
-127.07303619384766
-145.44056701660156
-133.73428344726562
-142.6934356689453
-147.08151245117188
-141.215087890625
-145.05885314941406
-146.22393798828125
-143.14480590820312
-138.79637145996094
-148.79002380371094
-138.23489379882812
-144.46588134765625
-134.2279052734375
-144.448486328125
-139.7864227294922
-142.8224334716797
-142.42449951171875
-130.2462921142578
-139.73687744140625
-140.79368591308594
-137.5615997314453
-142.0135040283203
-141.29270935058594
-139.79002380371094
-149.1194305419922
-131.74156188964844
-131.34512329101562
-134.34039306640625
-142.72760009765625
-145.25241088867188
-138.75050354003906
-142.7758026123047
-132.85879516601562
-133.81964111328125
-139.71189880371094
-134.2246856689453
-137.29710388183594
-143.7227020263672
-138.12168884277344
-150.32958984375
-145.671630859375
-141.03150939941406
-139.91778564453125
-128.37844848632812
-142.39111328125
-139.5135498046875
-137.1318817138672
-136.07925415039062
-147.37542724609375
-148.10385131835938
-141.35179138183594
-148.46023559570312
-140.27444458007812
-138.6633758544922
-129.5326690673828
-133.61590576171875
-141.95477294921875
-143.68124389648438
-135.30003356933594
-149.62063598632812
-144.8000946044922
-141.72845458984375
-141.17205810546875
-139.75584411621094
-136.4664306640625
-135.10020446777344
-136.92857360839844
-136.9608154296875
-137.4436492919922
-145.31922912597656
-139.0607147216797
-134.3208770751953
-147.2387237548828
-135.814453125
-143.7782440185547
-136.1514129638672
-140.66415405273438
-144.9060516357422
-133.7407684326172
-143.88816833496094
-140.78128051757812
-135.09872436523438
-137.67568969726562
-144.25950622558594
-139.8380126953125
-136.6669158935547
-139.55250549316406
-141.6370849609375
-137.74644470214844
-140.05062866210938
-144.79452514648438
-145.48345947265625
-130.2188262939453
-135.9291534423828
-142.48741149902344
-134.10328674316406
-141.7955322265625
-145.91917419433594
-140.844482421875
-132.7750244140625
-148.69342041015625
-142.6236114501953
-136.79881286621094
-142.97842407226562
-139.54327392578125
-135.83010864257812
-143.79005432128906
-131.85499572753906
-136.90113830566406
-141.2977294921875
-140.97418212890625
-139.3824005126953
-147.7482147216797
-138.8887176513672
-145.8031005859375
-133.85084533691406
-155.1219482421875
-129.64706420898438
-143.443359375
-138.08493041992188
-151.44920349121094
-144.65011596679688
-130.18978881835938
-142.276611328125
-140.1420440673828
-133.6951446533203
-138.66036987304688
-138.67982482910156
-137.04452514648438
-151.68057250976562
-141.10784912109375
-140.3415985107422
-141.7127227783203
-142.0615234375
-142.23072814941406
-134.3887176513672
-140.44790649414062
-139.52549743652344
-141.8064727783203
-141.00567626953125
-143.93772888183594
-135.6288299560547
-141.21022033691406
-139.40008544921875
-133.72254943847656
-141.91677856445312
-141.3267822265625
-139.43679809570312
-141.77786254882812
-140.65089416503906
-141.35845947265625
-134.6129913330078
-136.4539031982422
-143.12918090820312
-142.14991760253906
-141.9106903076172
-139.7635040283203
-144.4957733154297
-143.39283752441406
-136.2898712158203
-134.91624450683594
-143.5652618408203
-136.26199340820312
-148.04672241210938
-148.03904724121094
-143.8595428466797
-146.3998260498047
-143.69273376464844
-133.98353576660156
-135.47288513183594
-140.7279815673828
-139.92095947265625
-139.1149444580078
-138.64292907714844
-138.3058624267578
-138.18829345703125
-141.91697692871094
-138.45745849609375
-145.78846740722656
-140.32997131347656
-147.73513793945312
-135.2378387451172
-130.3316192626953
-130.93931579589844
-129.98548889160156
-140.422607421875
-145.66937255859375
-144.90130615234375
-132.64767456054688
-145.20420837402344
-142.4984588623047
-136.5801239013672
-139.15487670898438
-139.70864868164062
-135.94390869140625
-145.7849578857422
-133.94232177734375
-136.74652099609375
-132.9630126953125
-146.143310546875
-138.81063842773438
-137.5088653564453
-140.4301300048828
-136.8748321533203
-135.73165893554688
-141.1651153564453
-135.75660705566406
-130.80490112304688
-142.01235961914062
-140.04342651367188
-134.52842712402344
-139.8366241455078
-142.8675079345703
-142.48452758789062
-144.11097717285156
-138.37936401367188
-134.1131134033203
-147.66943359375
-136.83413696289062
-139.6488800048828
-139.7673797607422
-146.6270751953125
-143.06045532226562
-132.19207763671875
-135.53184509277344
-140.44711303710938
-132.0232696533203
-136.98806762695312
-150.974609375
-135.717529296875
-135.7653350830078
-137.73471069335938
-141.17320251464844
-145.95770263671875
-142.11988830566406
-148.7444610595703
-140.49070739746094
-137.32540893554688
-134.97164916992188
-134.25668334960938
-136.4145050048828
-154.8043212890625
-150.7433319091797
-138.48060607910156
-140.33204650878906
-145.29678344726562
-142.73086547851562
-148.99855041503906
-142.27093505859375
-139.0149688720703
-138.24301147460938
-141.3694610595703
-141.57791137695312
-132.95016479492188
-145.57012939453125
-130.13084411621094
-140.40274047851562
-139.5342254638672
-145.87020874023438
-145.0014190673828
-139.4872589111328
-136.08702087402344
-139.1491241455078
-138.61117553710938
-144.18040466308594
-136.47361755371094
-136.8806915283203
-143.84259033203125
-140.51112365722656
-124.0331039428711
-130.043701171875
-135.19801330566406
-130.88858032226562
-148.95191955566406
-143.40306091308594
-146.60260009765625
-143.18336486816406
-147.2787322998047
-136.8420867919922
-138.90078735351562
-138.12693786621094
-132.46099853515625
-145.87405395507812
-148.51544189453125
-139.6920166015625
-141.2455291748047
-136.57421875
-146.48814392089844
-139.444091796875
-142.0002899169922
-142.5958709716797
-143.80064392089844
-133.52517700195312
-139.6650390625
-138.60867309570312
-137.25177001953125
-141.43414306640625
-147.05137634277344
-143.6598663330078
-147.19992065429688
-142.51173400878906
-139.22108459472656
-138.60365295410156
-145.76968383789062
-147.80917358398438
-137.51266479492188
-144.74456787109375
-139.1277618408203
-141.86843872070312
-137.71775817871094
-135.08953857421875
-139.4122314453125
-140.1088409423828
-140.8553466796875
-143.21859741210938
-145.38986206054688
-141.69293212890625
-143.4000701904297
-137.41363525390625
-135.29562377929688
-133.1160888671875
-137.517578125
-142.04515075683594
-135.83746337890625
-140.1404266357422
-136.20851135253906
-131.75196838378906
-138.37249755859375
-130.74276733398438
-140.11892700195312
-132.6810302734375
-138.82423400878906
-132.90602111816406
-146.70498657226562
-141.6467742919922
-141.45310974121094
-144.0054931640625
-143.4473114013672
-133.59132385253906
-141.07749938964844
-142.11895751953125
-137.1980743408203
-142.78688049316406
-148.97866821289062
-138.25485229492188
-138.3011932373047
-141.69363403320312
-131.03221130371094
-141.72024536132812
-141.1522216796875
-142.6465606689453
-145.3511505126953
-143.9373016357422
-131.52560424804688
-141.2248992919922
-149.6389923095703
-134.5768280029297
-152.4304962158203
-141.06988525390625
-137.4458465576172
-139.700927734375
-148.7090301513672
-143.57911682128906
-147.77090454101562
-137.12351989746094
-141.94395446777344
-143.29502868652344
-138.49888610839844
-139.05723571777344
-140.66331481933594
-143.8806610107422
-140.3407745361328
-130.306396484375
-137.72982788085938
-133.99136352539062
-141.18185424804688
-138.49842834472656
-144.61251831054688
-138.21929931640625
-141.25564575195312
-142.36178588867188
-133.04977416992188
-142.7504119873047
-135.93287658691406
-142.61199951171875
-150.5343017578125
-141.05308532714844
-133.84344482421875
-134.59347534179688
-136.20281982421875
-140.8686981201172
-138.0272979736328
-137.68365478515625
-135.07278442382812
-138.92404174804688
-140.96852111816406
-140.30751037597656
-135.46031188964844
-130.36746215820312
-141.45541381835938
-143.85997009277344
-140.7239990234375
-136.0637664794922
-139.2952117919922
-137.7794647216797
-139.90122985839844
-145.10044860839844
-136.5421600341797
-138.38584899902344
-144.9239044189453
-133.95703125
-144.9808349609375
-133.12411499023438
-139.91558837890625
-136.96559143066406
-141.9786376953125
-144.6903076171875
-133.70558166503906
-136.35696411132812
-143.07565307617188
-135.7322540283203
-146.62350463867188
-140.78697204589844
-137.70925903320312
-135.71119689941406
-135.12179565429688
-139.71446228027344
-140.81597900390625
-139.08522033691406
-142.53375244140625
-143.8054656982422
-133.21511840820312
-143.38694763183594
-143.82852172851562
-129.9862823486328
-133.44110107421875
-136.89198303222656
-142.2779998779297
-137.67306518554688
-144.7031707763672
-146.42855834960938
-137.39895629882812
-136.43679809570312
-136.60800170898438
-137.2998046875
-138.71803283691406
-144.35877990722656
-138.5178680419922
-141.98155212402344
-139.79525756835938
-144.31175231933594
-133.76455688476562
-146.15835571289062
-134.033203125
-138.3692169189453
-138.59292602539062
-143.1714630126953
-143.33209228515625
-137.53927612304688
-144.058837890625
-145.1273956298828
-133.13848876953125
-142.93362426757812
-143.16598510742188
-135.62142944335938
-146.60330200195312
-149.8682861328125
-142.95474243164062
-144.83840942382812
-134.60052490234375
-140.499755859375
-128.89759826660156
-131.3115997314453
-135.2554931640625
-137.64096069335938
-144.73045349121094
-135.71522521972656
-137.50897216796875
-139.62599182128906
-143.51437377929688
-147.38209533691406
-145.69415283203125
-140.70506286621094
-131.96929931640625
-131.5127716064453
-148.1248321533203
-141.4688262939453
-137.6046905517578
-145.88616943359375
-146.75311279296875
-138.958984375
-133.61431884765625
-128.1013641357422
-136.37405395507812
-138.01510620117188
-137.10723876953125
-138.76431274414062
-130.86102294921875
-140.70114135742188
-139.82455444335938
-137.6492156982422
-141.98193359375
-131.161865234375
-137.48858642578125
-144.9100799560547
-139.55157470703125
-145.47348022460938
-137.86947631835938
-148.10704040527344
-137.34466552734375
-141.02711486816406
-142.81924438476562
-136.6630096435547
-137.5409393310547
-135.5826873779297
-141.5594940185547
-138.85101318359375
-142.49412536621094
-150.2064208984375
-135.8015899658203
-137.43914794921875
-140.16464233398438
-142.93267822265625
-146.50144958496094
-143.94912719726562
-143.69351196289062
-140.2156219482422
-139.30482482910156
-140.93211364746094
-141.27354431152344
-134.64503479003906
-142.40704345703125
-136.02696228027344
-140.32302856445312
-144.23497009277344
-133.2355499267578
-138.94882202148438
-142.1522674560547
-140.52255249023438
-143.03314208984375
-137.96165466308594
-142.85630798339844
-136.8217315673828
-138.7426300048828
-138.7584228515625
-146.28842163085938
-138.96435546875
-138.3406982421875
-143.9505615234375
-141.52615356445312
-133.6105499267578
-134.6172332763672
-142.2452850341797
-133.4918212890625
-128.66012573242188
-142.01878356933594
-135.22596740722656
-136.11465454101562
-139.89915466308594
-133.86720275878906
-144.51751708984375
-140.07907104492188
-136.2104949951172
-135.18087768554688
-140.12423706054688
-141.75967407226562
-145.26010131835938
-143.69326782226562
-139.96998596191406
-146.5344696044922
-136.1568145751953
-145.1638946533203
-136.70018005371094
-135.74830627441406
-135.1397705078125
-143.9899444580078
-145.96038818359375
-141.84310913085938
-137.13026428222656
-139.61936950683594
-140.5330810546875
-132.73056030273438
-139.72918701171875
-145.0000762939453
-136.80426025390625
-142.2470703125
-136.13229370117188
-142.59164428710938
-146.52915954589844
-148.73854064941406
-133.5330047607422
-146.89373779296875
-142.0463104248047
-143.19970703125
-135.90969848632812
-140.17933654785156
-136.34181213378906
-135.5089874267578
-144.8857879638672
-137.28709411621094
-144.96914672851562
-138.21363830566406
-132.76145935058594
-133.2635955810547
-141.6920623779297
-143.55255126953125
-140.8174591064453
-131.45602416992188
-133.6389923095703
-143.67401123046875
-140.36631774902344
-143.46995544433594
-131.74281311035156
-133.68862915039062
-133.77420043945312
-145.07345581054688
-144.4232940673828
-144.87225341796875
-147.85208129882812
-137.55624389648438
-140.79591369628906
-137.61187744140625
-139.06094360351562
-146.9254913330078
-140.11856079101562
-141.4877471923828
-137.74432373046875
-144.34678649902344
-140.0399932861328
-142.17401123046875
-140.2321014404297
-139.7438507080078
-141.89242553710938
-134.74789428710938
-148.88275146484375
-138.00137329101562
-134.306884765625
-135.9871826171875
-141.6156005859375
-143.731689453125
-141.69752502441406
-134.11184692382812
-145.31126403808594
-144.1436309814453
-139.3730010986328
-145.0542755126953
-134.7329559326172
-140.59060668945312
-138.611328125
-135.97073364257812
