-140.5889129638672
-144.186279296875
-140.0110321044922
-145.9127960205078
-143.7118682861328
-137.7653350830078
-138.7658233642578
-141.12771606445312
-137.32752990722656
-143.05450439453125
-142.0941162109375
-137.18411254882812
-132.84144592285156
-145.17257690429688
-143.30055236816406
-136.51846313476562
-144.71559143066406
-143.67471313476562
-141.5631103515625
-146.51809692382812
-140.450927734375
-146.82833862304688
-142.09796142578125
-140.3914031982422
-142.1388702392578
-135.52572631835938
-138.0438690185547
-138.49623107910156
-149.6165771484375
-143.33975219726562
-144.21725463867188
-148.1859130859375
-144.1210479736328
-146.1687469482422
-137.46710205078125
-139.58987426757812
-133.3663330078125
-146.27159118652344
-141.8462371826172
-138.59303283691406
-144.4658660888672
-135.4862823486328
-141.0055389404297
-141.62965393066406
-150.6197509765625
-141.45877075195312
-150.12130737304688
-142.94129943847656
-141.62083435058594
-137.1090087890625
-145.0155792236328
-142.90560913085938
-143.0526580810547
-143.176513671875
-142.3613739013672
-138.7165069580078
-138.41586303710938
-147.53704833984375
-143.69337463378906
-142.82423400878906
-139.20803833007812
-143.25357055664062
-140.22772216796875
-140.79563903808594
-141.31179809570312
-149.77882385253906
-145.38955688476562
-138.43923950195312
-141.8368377685547
-146.65533447265625
-144.2628173828125
-141.31614685058594
-143.6195526123047
-142.0982208251953
-153.38815307617188
-143.5282440185547
-137.85777282714844
-138.3352508544922
-132.6795196533203
-143.0030517578125
-146.1378936767578
-145.7259521484375
-143.8587646484375
-148.75209045410156
-145.3162078857422
-144.4001007080078
-131.48863220214844
-147.09127807617188
-148.06874084472656
-147.50180053710938
-145.89175415039062
-155.60545349121094
-141.9829864501953
-143.20254516601562
-143.58811950683594
-145.34327697753906
-143.0931854248047
-142.22698974609375
-146.49301147460938
-146.64393615722656
-150.85841369628906
-140.47666931152344
-139.5415496826172
-139.47962951660156
-142.38385009765625
-156.4191436767578
-144.2537384033203
-137.10447692871094
-141.56813049316406
-148.99742126464844
-139.37448120117188
-141.3293914794922
-147.3329315185547
-135.01333618164062
-146.52166748046875
-148.94667053222656
-139.4923553466797
-137.7027130126953
-142.95701599121094
-138.88751220703125
-147.9539337158203
-141.62643432617188
-142.06973266601562
-141.60374450683594
-137.0903778076172
-145.0653076171875
-149.45883178710938
-141.62147521972656
-144.17282104492188
-144.1543426513672
-154.28872680664062
-149.59031677246094
-137.6917724609375
-148.77413940429688
-144.57542419433594
-137.7252655029297
-137.58290100097656
-143.62489318847656
-138.8316192626953
-148.48147583007812
-147.26927185058594
-137.8328094482422
-143.4169921875
-144.7655029296875
-147.39244079589844
-141.3741455078125
-141.53973388671875
-142.5554656982422
-142.74285888671875
-139.78533935546875
-140.01327514648438
-130.0859832763672
-147.118896484375
-147.50686645507812
-142.15945434570312
-142.15419006347656
-135.33213806152344
-143.30384826660156
-136.9246368408203
-145.2364501953125
-142.12123107910156
-145.32916259765625
-137.11074829101562
-143.68545532226562
-148.44366455078125
-141.67709350585938
-140.92156982421875
-158.6978759765625
-138.7066192626953
-145.04490661621094
-143.67247009277344
-146.38900756835938
-142.95555114746094
-145.35568237304688
-140.249267578125
-148.6165008544922
-144.72848510742188
-148.7645263671875
-148.34063720703125
-145.914306640625
-144.6949920654297
-145.25555419921875
-138.31118774414062
-139.0667266845703
-146.11138916015625
-145.6652374267578
-142.6707000732422
-144.09251403808594
-144.93328857421875
-137.43077087402344
-144.36976623535156
-141.69358825683594
-140.5054931640625
-149.74282836914062
-140.59864807128906
-142.76815795898438
-147.7282257080078
-148.63485717773438
-141.6932830810547
-139.80093383789062
-141.3397216796875
-139.2327117919922
-138.97564697265625
-134.73577880859375
-150.6889190673828
-140.91624450683594
-142.6009063720703
-136.35101318359375
-145.20947265625
-146.43896484375
-147.7813262939453
-136.4475555419922
-132.51986694335938
-140.4545440673828
-150.14939880371094
-140.27186584472656
-144.33180236816406
-146.1764373779297
-145.35142517089844
-149.22412109375
-140.31651306152344
-143.75308227539062
-141.11402893066406
-137.74746704101562
-137.55960083007812
-140.3450469970703
-143.21038818359375
-139.89938354492188
-134.33416748046875
-134.33395385742188
-146.02301025390625
-138.8596954345703
-143.3610076904297
-142.78009033203125
-153.32284545898438
-138.02479553222656
-142.10743713378906
-139.69505310058594
-148.6014862060547
-136.38255310058594
-135.2334747314453
-144.15289306640625
-140.05560302734375
-139.1754608154297
-140.8861083984375
-151.6322784423828
-145.80221557617188
-144.5608367919922
-139.28094482421875
-145.31246948242188
-142.53797912597656
-149.35118103027344
-139.69284057617188
-142.69918823242188
-138.77615356445312
-139.333740234375
-130.44064331054688
-139.43075561523438
-148.50115966796875
-143.60888671875
-145.08514404296875
-153.00674438476562
-142.4485626220703
-142.11093139648438
-143.67633056640625
-142.68788146972656
-143.693115234375
-144.1205291748047
-144.77523803710938
-139.20135498046875
-139.51641845703125
-137.24453735351562
-141.30467224121094
-138.10955810546875
-135.9340362548828
-139.80650329589844
-142.11659240722656
-151.66473388671875
-149.58319091796875
-147.38328552246094
-140.736572265625
-146.43707275390625
-147.8383331298828
-145.25836181640625
-151.03326416015625
-137.9931640625
-134.15463256835938
-128.36451721191406
-145.8214569091797
-137.35470581054688
-146.0146942138672
-148.51220703125
-144.90292358398438
-146.27023315429688
-147.1147003173828
-143.75375366210938
-140.53761291503906
-150.56527709960938
-140.92138671875
-146.59449768066406
-137.86843872070312
-147.72659301757812
-144.10107421875
-144.46958923339844
-142.44346618652344
-134.6293182373047
-140.8502960205078
-143.47634887695312
-139.92813110351562
-144.14796447753906
-140.36590576171875
-144.1988525390625
-149.53402709960938
-133.02182006835938
-138.31417846679688
-136.9510040283203
-145.776123046875
-148.7861328125
-142.44400024414062
-146.47128295898438
-138.92852783203125
-137.91339111328125
-146.36297607421875
-136.3203125
-139.73443603515625
-145.6533203125
-138.62631225585938
-151.54541015625
-145.80775451660156
-145.9967803955078
-140.01658630371094
-130.44915771484375
-144.0834503173828
-143.05386352539062
-142.1134796142578
-137.59182739257812
-150.72177124023438
-149.2562713623047
-145.65936279296875
-150.6669158935547
-142.29188537597656
-139.97601318359375
-130.33145141601562
-136.53346252441406
-143.13882446289062
-147.0293731689453
-137.57794189453125
-151.4104766845703
-146.860595703125
-144.82452392578125
-142.3422393798828
-141.65060424804688
-133.91090393066406
-136.62896728515625
-140.57952880859375
-140.20294189453125
-139.2571258544922
-146.0958709716797
-142.0404510498047
-138.2762908935547
-145.03652954101562
-135.07398986816406
-151.02780151367188
-134.26219177246094
-143.3735809326172
-147.38893127441406
-138.3660430908203
-146.0145721435547
-137.78456115722656
-135.29112243652344
-140.90171813964844
-142.54734802246094
-141.5018768310547
-136.5520782470703
-138.1859893798828
-138.55136108398438
-138.91493225097656
-139.36354064941406
-146.3230743408203
-146.52285766601562
-132.07196044921875
-139.64271545410156
-142.4471893310547
-135.2216796875
-141.69041442871094
-148.62582397460938
-141.51966857910156
-135.1203155517578
-150.25216674804688
-146.08636474609375
-139.0736083984375
-147.47882080078125
-143.8504180908203
-138.89227294921875
-144.58761596679688
-134.31622314453125
-136.29795837402344
-142.57630920410156
-144.112548828125
-144.34530639648438
-150.22824096679688
-139.9553680419922
-146.611083984375
-137.1432342529297
-154.84219360351562
-133.20045471191406
-145.51805114746094
-139.7745819091797
-153.72488403320312
-147.21368408203125
-132.8608856201172
-143.94015502929688
-146.27284240722656
-134.98104858398438
-145.03607177734375
-139.17845153808594
-138.51931762695312
-151.59300231933594
-144.11595153808594
-142.0003662109375
-144.82420349121094
-142.46063232421875
-141.974853515625
-135.51507568359375
-140.4583282470703
-140.74090576171875
-143.7282257080078
-143.20602416992188
-147.3233184814453
-138.26902770996094
-144.95176696777344
-140.2705078125
-133.974365234375
-144.74571228027344
-143.26568603515625
-144.97364807128906
-142.86795043945312
-141.9664764404297
-146.22093200683594
-137.30369567871094
-139.4411163330078
-143.47256469726562
-142.5240936279297
-147.31935119628906
-140.3646697998047
-145.87551879882812
-147.11349487304688
-139.0417938232422
-136.1315155029297
-145.44241333007812
-140.62857055664062
-147.19918823242188
-145.3406982421875
-144.25450134277344
-146.8433837890625
-146.7870330810547
-134.24557495117188
-138.63218688964844
-142.25965881347656
-140.9049530029297
-140.94093322753906
-139.9239959716797
-139.31979370117188
-136.18942260742188
-142.8568115234375
-138.9337921142578
-150.1602783203125
-143.12620544433594
-147.98963928222656
-136.64642333984375
-134.3544158935547
-130.408203125
-128.82371520996094
-143.78660583496094
-145.4378662109375
-148.30210876464844
-135.57534790039062
-147.65548706054688
-148.3878936767578
-139.80429077148438
-144.30526733398438
-142.9946746826172
-139.1204833984375
-150.94679260253906
-138.34754943847656
-140.53248596191406
-135.61827087402344
-145.21713256835938
-139.57949829101562
-140.0591278076172
-139.7361297607422
-139.74790954589844
-137.31341552734375
-142.26097106933594
-134.59690856933594
-132.37155151367188
-141.06845092773438
-143.61569213867188
-135.34048461914062
-140.62313842773438
-144.763916015625
-146.08535766601562
-145.4747772216797
-139.6052703857422
-137.36207580566406
-151.34268188476562
-140.6234893798828
-142.68017578125
-140.7751007080078
-149.1124725341797
-143.88607788085938
-134.98834228515625
-134.89007568359375
-140.68968200683594
-132.8672332763672
-137.08348083496094
-152.62786865234375
-133.69032287597656
-136.9679718017578
-138.19439697265625
-143.53799438476562
-145.95425415039062
-141.4691925048828
-150.5718231201172
-143.46241760253906
-140.34402465820312
-136.2116241455078
-135.2692108154297
-137.9862518310547
-155.7351837158203
-145.34463500976562
-140.5266876220703
-142.32846069335938
-143.17897033691406
-141.6136932373047
-150.57693481445312
-144.60745239257812
-138.04598999023438
-140.54725646972656
-139.82298278808594
-141.75804138183594
-135.08453369140625
-146.24176025390625
-134.06507873535156
-143.77586364746094
-139.93089294433594
-147.1144256591797
-145.8446807861328
-141.73983764648438
-139.0235137939453
-139.63551330566406
-142.4689483642578
-148.11911010742188
-140.62110900878906
-138.1988983154297
-143.88055419921875
-146.51681518554688
-125.06437683105469
-132.56602478027344
-134.40370178222656
-134.33389282226562
-153.22274780273438
-144.38882446289062
-148.5595245361328
-144.61932373046875
-148.45721435546875
-137.4364776611328
-141.98922729492188
-140.31973266601562
-136.8885498046875
-145.98760986328125
-149.58694458007812
-142.78163146972656
-143.3686981201172
-141.44512939453125
-147.45166015625
-137.6197967529297
-143.06008911132812
-144.02581787109375
-147.27220153808594
-135.28787231445312
-143.48670959472656
-142.75897216796875
-140.78109741210938
-146.15663146972656
-149.4280242919922
-145.12290954589844
-146.8485565185547
-146.8982391357422
-140.50572204589844
-140.05824279785156
-143.67636108398438
-149.55032348632812
-141.0968017578125
-145.02093505859375
-141.37942504882812
-143.4524383544922
-138.664306640625
-134.69607543945312
-144.43673706054688
-142.38975524902344
-142.3824005126953
-145.93519592285156
-149.3756866455078
-144.10533142089844
-145.4484405517578
-140.50875854492188
-138.55282592773438
-133.9996795654297
-143.36312866210938
-146.2758331298828
-135.09490966796875
-140.0886688232422
-138.46961975097656
-133.56629943847656
-139.13711547851562
-129.37908935546875
-142.8616485595703
-133.34027099609375
-139.8485870361328
-135.0787353515625
-146.84625244140625
-145.47096252441406
-147.35702514648438
-143.82814025878906
-143.2496337890625
-135.08566284179688
-141.7564239501953
-144.57420349121094
-135.45431518554688
-143.95098876953125
-148.17654418945312
-138.94898986816406
-140.17510986328125
-142.45620727539062
-132.745361328125
-142.1472625732422
-143.18328857421875
-142.89862060546875
-147.07716369628906
-144.005126953125
-133.86224365234375
-142.19512939453125
-154.02272033691406
-137.77186584472656
-154.13592529296875
-139.94032287597656
-139.63015747070312
-139.49484252929688
-151.06741333007812
-146.67430114746094
-150.63475036621094
-139.14749145507812
-144.3361358642578
-146.6699981689453
-142.13461303710938
-141.35635375976562
-139.70103454589844
-145.14395141601562
-141.80264282226562
-132.99957275390625
-139.3866729736328
-136.6444854736328
-145.61814880371094
-140.14773559570312
-145.92178344726562
-139.1375732421875
-142.6592559814453
-145.34225463867188
-136.2965545654297
-143.55552673339844
-139.1139678955078
-141.50831604003906
-152.3441162109375
-143.86936950683594
-133.2362060546875
-134.96734619140625
-138.33029174804688
-140.73683166503906
-138.8803253173828
-139.5366668701172
-136.10614013671875
-142.3347625732422
-143.40426635742188
-143.83657836914062
-138.48699951171875
-131.27963256835938
-145.20448303222656
-142.82431030273438
-140.9879608154297
-138.1281280517578
-139.0225372314453
-138.40545654296875
-143.14413452148438
-143.15823364257812
-139.8482208251953
-140.48280334472656
-146.89202880859375
-135.49940490722656
-145.81854248046875
-132.55557250976562
-139.39532470703125
-139.66207885742188
-143.67263793945312
-144.391357421875
-138.7228546142578
-139.77679443359375
-146.93028259277344
-140.62460327148438
-148.97103881835938
-140.93359375
-141.1433868408203
-137.35202026367188
-136.10711669921875
-142.2353057861328
-139.60658264160156
-138.86529541015625
-142.30369567871094
-142.21612548828125
-136.69351196289062
-149.13661193847656
-146.5472869873047
-134.77992248535156
-135.83921813964844
-137.8069305419922
-143.89605712890625
-139.3535614013672
-143.94186401367188
-149.57667541503906
-138.5836944580078
-137.81504821777344
-139.82640075683594
-139.4112548828125
-140.54440307617188
-146.8282928466797
-141.724365234375
-148.04966735839844
-139.11253356933594
-145.49740600585938
-136.22235107421875
-147.22781372070312
-134.3506317138672
-137.8668975830078
-141.67123413085938
-143.40882873535156
-142.22344970703125
-137.66485595703125
-146.5774383544922
-143.13059997558594
-136.31439208984375
-145.02537536621094
-146.1117706298828
-138.13006591796875
-147.8376007080078
-150.4837646484375
-145.2042999267578
-146.5302276611328
-137.73138427734375
-141.19895935058594
-128.77334594726562
-133.3768768310547
-139.21206665039062
-138.2886199951172
-144.65505981445312
-137.0004119873047
-139.55035400390625
-142.36630249023438
-145.16651916503906
-148.82736206054688
-144.9755401611328
-143.01528930664062
-135.39956665039062
-134.2503204345703
-149.01019287109375
-140.482177734375
-140.07113647460938
-145.4273223876953
-148.4213104248047
-141.0503387451172
-135.4966583251953
-131.41810607910156
-137.6719970703125
-138.21495056152344
-139.48052978515625
-140.4642791748047
-134.69386291503906
-140.6782684326172
-140.6859588623047
-141.5404510498047
-144.5286865234375
-134.6025390625
-141.03652954101562
-146.9102783203125
-141.6466827392578
-146.44642639160156
-137.384033203125
-145.52467346191406
-139.16751098632812
-141.32261657714844
-142.3000946044922
-136.97406005859375
-138.42645263671875
-136.21548461914062
-142.5470428466797
-142.4884033203125
-145.87796020507812
-150.18402099609375
-135.00869750976562
-138.48284912109375
-142.57667541503906
-143.29737854003906
-147.71240234375
-146.8682098388672
-147.04051208496094
-142.35336303710938
-141.0557403564453
-144.60137939453125
-143.4458770751953
-134.83111572265625
-143.1850128173828
-136.99423217773438
-143.26614379882812
-146.2612762451172
-135.59262084960938
-141.57388305664062
-143.5314178466797
-141.77386474609375
-145.02186584472656
-139.03024291992188
-145.57595825195312
-139.12681579589844
-140.83729553222656
-139.70082092285156
-147.03103637695312
-137.4791259765625
-140.30520629882812
-146.1184539794922
-143.58656311035156
-133.8909454345703
-136.73826599121094
-146.52420043945312
-135.16287231445312
-130.61244201660156
-141.15805053710938
-134.031982421875
-135.4130096435547
-144.40029907226562
-135.859375
-146.37608337402344
-139.6880340576172
-136.2419891357422
-135.43841552734375
-141.09388732910156
-145.57041931152344
-148.42930603027344
-143.48129272460938
-139.18182373046875
-145.07009887695312
-134.96693420410156
-148.04855346679688
-140.11500549316406
-136.5687713623047
-135.128662109375
-143.47459411621094
-147.51390075683594
-140.45555114746094
-138.01783752441406
-139.83407592773438
-141.51980590820312
-132.3240509033203
-142.73912048339844
-148.28982543945312
-140.31845092773438
-139.52806091308594
-138.54322814941406
-142.94210815429688
-147.90191650390625
-150.29844665527344
-136.3601531982422
-148.058837890625
-142.82867431640625
-141.77420043945312
-137.595458984375
-139.22128295898438
-138.2960662841797
-138.44674682617188
-147.6264190673828
-138.05538940429688
-147.38043212890625
-140.23992919921875
-134.78744506835938
-137.0572967529297
-140.70980834960938
-145.5555877685547
-145.5266571044922
-132.3386688232422
-130.74818420410156
-145.0776824951172
-140.19635009765625
-147.150390625
-133.10848999023438
-137.7821502685547
-134.26522827148438
-146.7390899658203
-145.8116912841797
-144.94993591308594
-151.56773376464844
-140.0177764892578
-141.95257568359375
-140.42922973632812
-139.8863983154297
-151.59927368164062
-138.210205078125
-141.06768798828125
-139.18666076660156
-144.22657775878906
-142.49684143066406
-141.9313201904297
-142.08566284179688
-139.68637084960938
-142.90980529785156
-138.25778198242188
-150.53228759765625
-143.03395080566406
-137.91363525390625
-139.0930633544922
-143.83493041992188
-143.72793579101562
-144.7379913330078
-136.58560180664062
-148.22181701660156
-144.50845336914062
-137.9648895263672
-147.43214416503906
-135.8745880126953
-143.2415008544922
-140.519287109375
-144.1604766845703
