-106.12599182128906
-111.36271667480469
-108.65269470214844
-111.8619155883789
-113.33959197998047
-107.46504211425781
-106.48269653320312
-104.8216552734375
-106.812744140625
-109.39547729492188
-108.97621154785156
-100.91048431396484
-101.09275817871094
-110.66177368164062
-107.48823547363281
-107.62511444091797
-109.16808319091797
-109.35552215576172
-109.24632263183594
-113.95336151123047
-107.511474609375
-114.48796844482422
-108.84883880615234
-106.8121566772461
-112.130859375
-101.15902709960938
-107.05045318603516
-108.84716033935547
-113.33318328857422
-110.22828674316406
-110.12543487548828
-114.43934631347656
-113.80696105957031
-113.1170883178711
-107.15727233886719
-107.63058471679688
-102.89273834228516
-112.56625366210938
-110.72858428955078
-107.68267059326172
-110.87803649902344
-106.29623413085938
-108.02201080322266
-111.01069641113281
-113.91972351074219
-106.18614959716797
-112.99761962890625
-108.30813598632812
-107.23046112060547
-104.65238189697266
-112.76692962646484
-110.67656707763672
-109.94939422607422
-110.96910095214844
-110.77489471435547
-105.51282501220703
-103.03572845458984
-113.55416870117188
-110.26075744628906
-107.50924682617188
-105.69119262695312
-110.12893676757812
-107.6849136352539
-104.2550277709961
-109.69172668457031
-114.2672348022461
-111.18402099609375
-107.39825439453125
-109.38456726074219
-113.41425323486328
-107.77873229980469
-107.15279388427734
-109.62696838378906
-111.9814224243164
-117.19636535644531
-108.26071166992188
-105.10651397705078
-107.00578308105469
-102.27051544189453
-110.69962310791016
-114.30093383789062
-111.99983215332031
-110.3424301147461
-112.93839263916016
-115.07847595214844
-110.46514129638672
-102.27494049072266
-113.38578796386719
-113.60160064697266
-110.76834106445312
-112.61043548583984
-117.71211242675781
-105.87478637695312
-108.81916809082031
-109.62393951416016
-112.00949096679688
-110.71017456054688
-107.37521362304688
-112.94682312011719
-113.25151824951172
-113.02902221679688
-107.2582015991211
-104.40901947021484
-106.4195785522461
-109.65869140625
-120.47236633300781
-110.19794464111328
-105.23003387451172
-107.44064331054688
-117.739013671875
-107.58580780029297
-108.44432830810547
-112.85350799560547
-107.13214111328125
-113.23735046386719
-114.4417724609375
-107.79509735107422
-106.85476684570312
-107.90141296386719
-104.73592376708984
-111.41931915283203
-113.1805191040039
-107.3817367553711
-108.66437530517578
-104.17244720458984
-109.89314270019531
-115.89742279052734
-104.33861541748047
-105.90396881103516
-110.1162109375
-117.82256317138672
-116.63999938964844
-108.62152862548828
-110.2464599609375
-111.88353729248047
-105.4173583984375
-103.42676544189453
-109.91592407226562
-107.43401336669922
-112.95083618164062
-114.48719024658203
-100.42353820800781
-106.71913146972656
-109.995849609375
-111.1491470336914
-105.96195220947266
-108.65779113769531
-108.21943664550781
-105.82743835449219
-105.9898452758789
-106.35035705566406
-97.44589233398438
-112.55610656738281
-114.5342788696289
-111.08830261230469
-110.48550415039062
-105.49162292480469
-112.09925842285156
-105.22404479980469
-109.36429595947266
-107.6531982421875
-112.09293365478516
-104.7677993774414
-106.4556655883789
-114.73193359375
-110.64772033691406
-109.01669311523438
-105.99198150634766
-106.11383056640625
-111.51339721679688
-105.47158813476562
-111.36912536621094
-109.06520080566406
-110.71144104003906
-108.31324005126953
-112.79905700683594
-108.93659210205078
-111.12443542480469
-110.78753662109375
-110.04544067382812
-110.38034057617188
-110.46029663085938
-103.63092041015625
-105.26988983154297
-108.80300903320312
-110.66648864746094
-110.2700424194336
-107.89929962158203
-109.22350311279297
-104.78369903564453
-109.72787475585938
-107.37077331542969
-108.23900604248047
-115.74166107177734
-105.28883361816406
-107.51164245605469
-110.98141479492188
-113.24482727050781
-104.673095703125
-110.16348266601562
-108.42526245117188
-105.94330596923828
-105.32630157470703
-105.66545867919922
-110.67487335205078
-108.58838653564453
-109.11328125
-104.24600982666016
-110.23359680175781
-111.22830200195312
-112.23402404785156
-103.31670379638672
-105.2724380493164
-104.51300048828125
-115.01394653320312
-106.05117797851562
-108.12879943847656
-111.64067840576172
-110.00790405273438
-115.59880828857422
-104.39691162109375
-108.48280334472656
-107.92769622802734
-102.02670288085938
-106.99490356445312
-108.8279800415039
-113.2218017578125
-108.01970672607422
-103.89462280273438
-102.56024169921875
-112.19550323486328
-103.76043701171875
-112.16629791259766
-108.27074432373047
-117.57382202148438
-103.85991668701172
-107.45211791992188
-107.00824737548828
-111.51608276367188
-105.53553771972656
-106.02812194824219
-113.19573211669922
-104.51380920410156
-108.04745483398438
-106.29602813720703
-114.93327331542969
-109.48841857910156
-112.71472930908203
-105.46961975097656
-112.32307434082031
-107.44245147705078
-110.11516571044922
-107.35535430908203
-108.56440734863281
-103.30025482177734
-106.66050720214844
-101.23210906982422
-106.38417053222656
-115.25923156738281
-109.74842834472656
-109.30541229248047
-121.11759948730469
-108.0103988647461
-105.76407623291016
-107.00926971435547
-107.2339859008789
-109.45716857910156
-111.61355590820312
-107.7681655883789
-105.93746948242188
-109.15301513671875
-105.67729949951172
-108.26146697998047
-104.93143463134766
-101.45991516113281
-109.9115219116211
-110.30353546142578
-116.80044555664062
-118.33014678955078
-112.6918716430664
-103.75115966796875
-110.8107681274414
-111.97203826904297
-111.72247314453125
-113.32662963867188
-105.14068603515625
-104.52465057373047
-98.61014556884766
-109.61602020263672
-103.57008361816406
-112.15473175048828
-114.89517211914062
-107.87213134765625
-114.70697021484375
-113.28178405761719
-111.4467544555664
-105.40194702148438
-116.10395812988281
-107.07950592041016
-111.75946044921875
-103.326171875
-110.82413482666016
-107.60997009277344
-111.56674194335938
-106.65162658691406
-100.7969741821289
-108.85047912597656
-111.82511901855469
-107.1846694946289
-108.36961364746094
-110.52074432373047
-108.83348846435547
-115.34394836425781
-100.33926391601562
-103.27770233154297
-105.7033920288086
-112.77559661865234
-112.60564422607422
-108.27701568603516
-109.35707092285156
-103.10846710205078
-104.70536804199219
-108.9420166015625
-105.39515686035156
-107.23202514648438
-109.5232925415039
-104.31022644042969
-113.93740844726562
-107.32322692871094
-111.96115112304688
-109.28604888916016
-98.47501373291016
-107.65701293945312
-107.88665771484375
-105.57806396484375
-104.14739227294922
-113.92792510986328
-112.5093002319336
-111.31087493896484
-114.75059509277344
-106.10680389404297
-107.2634048461914
-100.63516998291016
-104.79147338867188
-109.3313217163086
-114.248291015625
-103.4081802368164
-112.84383392333984
-112.15005493164062
-112.30721282958984
-110.75379943847656
-107.44121551513672
-104.84156799316406
-104.25617980957031
-105.90559387207031
-104.720458984375
-106.40644073486328
-110.39399719238281
-107.4367446899414
-101.72186279296875
-108.42466735839844
-106.77401733398438
-113.05245208740234
-102.47542572021484
-109.01509857177734
-112.06285095214844
-102.62885284423828
-108.19351959228516
-105.49676513671875
-106.98443603515625
-107.96033477783203
-111.53788757324219
-106.0792007446289
-104.66763305664062
-104.81844329833984
-105.140380859375
-107.39657592773438
-105.31462860107422
-110.06678771972656
-115.5758056640625
-101.7249755859375
-106.86801147460938
-108.75254821777344
-104.13838958740234
-108.69246673583984
-108.76020050048828
-109.00325012207031
-104.51414489746094
-115.62305450439453
-112.91476440429688
-104.37925720214844
-111.6615219116211
-105.95387268066406
-103.55240631103516
-108.6422119140625
-101.73111724853516
-106.75131225585938
-110.94781494140625
-107.8924331665039
-108.43995666503906
-112.65724182128906
-106.53372192382812
-114.2086181640625
-103.5841064453125
-118.83086395263672
-102.04280853271484
-111.09064483642578
-106.9267807006836
-114.48484802246094
-112.33241271972656
-100.19449615478516
-111.72834014892578
-114.8401870727539
-104.10295104980469
-108.7947769165039
-106.91607666015625
-108.99420928955078
-119.4161376953125
-110.12103271484375
-111.57471466064453
-112.55953216552734
-105.9330825805664
-110.42040252685547
-103.34210205078125
-107.50896453857422
-106.86177825927734
-108.13288116455078
-108.01403045654297
-109.6953353881836
-104.88394165039062
-108.37812042236328
-104.90612030029297
-103.06617736816406
-108.27320861816406
-106.68238067626953
-107.2392349243164
-108.5386962890625
-108.56102752685547
-109.69537353515625
-104.8115234375
-104.51636505126953
-107.37354278564453
-108.54125213623047
-105.38520812988281
-107.90853118896484
-109.60765838623047
-112.7642822265625
-104.38297271728516
-102.65338897705078
-108.63513946533203
-106.62264251708984
-112.87635803222656
-110.56114959716797
-110.31553649902344
-111.15657806396484
-113.15068817138672
-99.53813171386719
-101.2447738647461
-108.8546371459961
-105.66695404052734
-105.46632385253906
-105.75345611572266
-106.00479125976562
-104.95136260986328
-105.04251861572266
-105.30274200439453
-112.37142944335938
-109.15676879882812
-114.2038345336914
-103.0000991821289
-100.24409484863281
-100.44340515136719
-98.16290283203125
-107.55818176269531
-111.54237365722656
-109.71805572509766
-101.47454071044922
-109.20306396484375
-108.47117614746094
-106.624267578125
-109.99237823486328
-110.07904052734375
-101.08782958984375
-111.28339385986328
-105.55584716796875
-105.1146240234375
-104.10365295410156
-108.8710708618164
-104.67691802978516
-105.25135803222656
-107.51441192626953
-105.92295837402344
-106.67860412597656
-108.20917510986328
-103.75674438476562
-100.83232116699219
-108.04133605957031
-106.80278778076172
-102.49162292480469
-106.7035903930664
-108.39286041259766
-108.24678039550781
-111.03394317626953
-107.14035034179688
-101.0509033203125
-114.23258209228516
-106.29444885253906
-110.8928451538086
-107.5618896484375
-112.27520751953125
-106.71717834472656
-100.29007720947266
-102.95166015625
-108.86398315429688
-102.83116149902344
-99.8598403930664
-118.61839294433594
-103.77495574951172
-102.06695556640625
-105.5257339477539
-108.64942932128906
-111.31941223144531
-109.06690979003906
-110.70338439941406
-108.78314208984375
-104.75129699707031
-106.20408630371094
-103.13706970214844
-100.87442779541016
-119.51799011230469
-111.99119567871094
-104.8728256225586
-106.67378997802734
-107.32971954345703
-105.64800262451172
-111.74601745605469
-110.99187469482422
-104.86199188232422
-105.1758041381836
-107.71185302734375
-106.50037384033203
-102.04331970214844
-111.49915313720703
-99.72062683105469
-104.88394927978516
-102.81947326660156
-111.65388488769531
-106.9845962524414
-110.61251068115234
-102.78292846679688
-103.99813079833984
-106.02224731445312
-112.06803894042969
-109.76453399658203
-102.4110107421875
-111.36356353759766
-111.96971893310547
-95.29850006103516
-98.24845123291016
-100.75598907470703
-98.38396453857422
-113.69550323486328
-107.36216735839844
-110.47667694091797
-113.8149185180664
-109.84292602539062
-101.88996124267578
-107.52989196777344
-105.81002044677734
-100.52992248535156
-107.94325256347656
-112.04489135742188
-111.29802703857422
-108.77014923095703
-107.50691986083984
-118.3183822631836
-105.63999938964844
-108.98110961914062
-111.0130615234375
-111.12431335449219
-102.96408081054688
-107.89581298828125
-107.8125
-103.2664566040039
-107.87747955322266
-112.1494140625
-112.70637512207031
-110.44695281982422
-108.91429901123047
-104.78146362304688
-103.83740234375
-108.55792999267578
-115.47987365722656
-105.81768035888672
-108.69474792480469
-105.69468688964844
-108.05411529541016
-105.09172058105469
-102.54583740234375
-105.97484588623047
-109.01183319091797
-105.17913818359375
-111.34502410888672
-111.93021392822266
-107.2918472290039
-110.35005187988281
-102.72126770019531
-104.302490234375
-100.52115631103516
-104.04402923583984
-106.30608367919922
-102.1513442993164
-105.27503967285156
-106.64171600341797
-101.94377899169922
-109.19921112060547
-97.89754486083984
-108.98356628417969
-100.88644409179688
-107.1086654663086
-102.79742431640625
-112.17369079589844
-107.97071838378906
-110.8998031616211
-111.96058654785156
-108.1775894165039
-102.08387756347656
-105.88909912109375
-108.59749603271484
-106.32186126708984
-111.63172912597656
-114.90199279785156
-103.95404052734375
-105.51145935058594
-108.26649475097656
-99.2941665649414
-110.3412857055664
-107.37667846679688
-110.3740005493164
-109.36134338378906
-111.27691650390625
-101.31147003173828
-107.01985168457031
-115.21932983398438
-103.47793579101562
-116.25934600830078
-107.01979064941406
-102.7848892211914
-104.76225280761719
-112.31251525878906
-109.25438690185547
-114.39925384521484
-103.7979507446289
-109.5177993774414
-108.53683471679688
-109.05911254882812
-104.66417694091797
-108.27535247802734
-109.08854675292969
-107.45169067382812
-98.24600982666016
-105.07050323486328
-103.44944763183594
-110.30325317382812
-106.54769897460938
-111.50651550292969
-105.20085144042969
-111.94305419921875
-109.67993927001953
-104.10761260986328
-107.49711608886719
-105.2086181640625
-105.32408142089844
-113.51329803466797
-107.36111450195312
-97.93820190429688
-99.59327697753906
-107.27835083007812
-100.48220825195312
-106.4696044921875
-106.6382827758789
-101.3971939086914
-107.93946075439453
-109.68472290039062
-107.97643280029297
-103.20147705078125
-98.6143569946289
-108.04408264160156
-109.00662231445312
-105.24632263183594
-103.97927856445312
-106.33236694335938
-108.04529571533203
-106.25782012939453
-110.30297088623047
-101.91770935058594
-108.83150482177734
-112.52455139160156
-101.68667602539062
-112.46619415283203
-101.90672302246094
-106.96226501464844
-108.46111297607422
-105.67771911621094
-109.66999053955078
-104.7054214477539
-103.71955108642578
-110.96366119384766
-104.09622192382812
-111.23023986816406
-103.53470611572266
-101.52342224121094
-106.78662872314453
-101.38838195800781
-110.40524291992188
-103.92504119873047
-106.27506256103516
-105.76618194580078
-109.46764373779297
-104.27918243408203
-109.51583862304688
-111.81571960449219
-100.04036712646484
-99.12258911132812
-107.57249450683594
-108.22474670410156
-107.7325668334961
-107.87301635742188
-109.5468521118164
-105.46849822998047
-105.71376037597656
-102.98249816894531
-104.27088165283203
-104.64739227294922
-112.05143737792969
-108.60663604736328
-104.81084442138672
-104.0019760131836
-110.89131927490234
-100.50370025634766
-112.33685302734375
-102.22407531738281
-106.01040649414062
-107.68150329589844
-107.94086456298828
-108.51819610595703
-106.45575714111328
-112.65835571289062
-108.63143920898438
-104.11331939697266
-114.12353515625
-107.19335174560547
-102.17738342285156
-111.58333587646484
-111.58174896240234
-110.38740539550781
-107.66861724853516
-105.3487548828125
-106.63585662841797
-99.96514892578125
-102.47718048095703
-101.64974975585938
-101.5684814453125
-108.72642517089844
-102.10809326171875
-104.48715209960938
-103.46802520751953
-108.33679962158203
-111.27757263183594
-110.24939727783203
-107.47767639160156
-103.10770416259766
-103.79450988769531
-113.2684097290039
-106.01409912109375
-107.32428741455078
-108.80864715576172
-110.07242584228516
-106.30307006835938
-99.4548568725586
-97.16865539550781
-103.08897399902344
-103.01005554199219
-104.52765655517578
-101.05613708496094
-99.91870880126953
-106.72998809814453
-104.08363342285156
-106.78534698486328
-102.8470458984375
-100.32341766357422
-106.68343353271484
-109.27559661865234
-107.6455078125
-107.12553405761719
-98.68348693847656
-111.4102783203125
-104.32998657226562
-106.60621643066406
-109.76301574707031
-103.30115509033203
-103.91905212402344
-98.83702087402344
-108.36754608154297
-103.96153259277344
-106.34430694580078
-112.25447082519531
-103.53897857666016
-105.3198471069336
-107.0571060180664
-105.83218383789062
-107.61419677734375
-106.91464233398438
-106.8836669921875
-104.69251251220703
-105.80118560791016
-107.19725799560547
-108.31837463378906
-99.9293212890625
-107.1595230102539
-103.56620025634766
-105.25164031982422
-110.86424255371094
-102.79396057128906
-106.82890319824219
-109.86866760253906
-106.22256469726562
-108.7546157836914
-104.21676635742188
-107.83613586425781
-106.67327880859375
-106.32079315185547
-104.31585693359375
-110.29515075683594
-104.58162689208984
-102.19588470458984
-106.36336517333984
-108.19090270996094
-99.9752197265625
-106.69680786132812
-109.25545501708984
-99.09927368164062
-95.20872497558594
-101.65557098388672
-100.20448303222656
-103.306396484375
-110.17353057861328
-103.2052001953125
-107.58757781982422
-104.57953643798828
-104.33966827392578
-103.61524963378906
-104.40571594238281
-110.46588134765625
-109.57476043701172
-106.8529052734375
-106.36839294433594
-111.24482727050781
-100.84220123291016
-108.95349884033203
-101.04301452636719
-101.98664855957031
-104.50709533691406
-108.4040298461914
-110.26205444335938
-107.39273834228516
-101.21829223632812
-102.10894012451172
-104.22269439697266
-98.74272918701172
-104.858154296875
-109.66815185546875
-102.7671127319336
-102.01517486572266
-105.00946044921875
-107.72984313964844
-113.38134765625
-112.47257232666016
-105.89328002929688
-113.25707244873047
-106.58710479736328
-108.16390228271484
-103.90418243408203
-104.07120513916016
-101.6657485961914
-102.7492904663086
-110.53779602050781
-104.23983001708984
-110.81236267089844
-105.43836975097656
-99.98777770996094
-101.53244018554688
-108.18539428710938
-108.77897644042969
-105.054931640625
-99.1595687866211
-96.5495834350586
-107.75131225585938
-103.92831420898438
-110.37515258789062
-100.23473358154297
-105.25279235839844
-100.45000457763672
-109.6621322631836
-107.6874771118164
-110.02115631103516
-113.49007415771484
-107.3910903930664
-105.76761627197266
-106.48851013183594
-103.45889282226562
-112.89366149902344
-101.003173828125
-106.29066467285156
-103.04174041748047
-107.71991729736328
-106.07258605957031
-107.35188293457031
-106.24569702148438
-104.07222747802734
-105.2669906616211
-103.6951675415039
-112.03131866455078
-105.2339859008789
-101.78955078125
-100.45431518554688
-106.88700103759766
-103.19886779785156
-106.29656982421875
-100.90206909179688
-113.23450469970703
-109.90027618408203
-102.64632415771484
-109.89094543457031
-102.375
-110.8277816772461
-106.72260284423828
-104.47837829589844
