-100.7889404296875
-103.49752044677734
-103.33555603027344
-105.31989288330078
-105.83982849121094
-99.25375366210938
-100.26826477050781
-100.37543487548828
-101.65111541748047
-102.76721954345703
-103.07581329345703
-96.80489349365234
-96.94406127929688
-106.10016632080078
-100.77063751220703
-100.29571533203125
-102.21453857421875
-100.85475158691406
-103.82331848144531
-105.97850036621094
-101.3083267211914
-108.20684814453125
-103.85779571533203
-101.04310607910156
-106.36624145507812
-95.27066040039062
-101.21299743652344
-102.76182556152344
-107.4664535522461
-102.4741439819336
-102.22476196289062
-106.5573501586914
-106.85859680175781
-105.95098114013672
-99.50141906738281
-99.76398468017578
-95.22368621826172
-104.94329071044922
-106.35540771484375
-100.09544372558594
-102.67939758300781
-99.6341552734375
-101.812255859375
-104.52960205078125
-106.86530303955078
-98.8910140991211
-105.56365966796875
-101.33468627929688
-101.23786926269531
-97.4997329711914
-105.40434265136719
-103.04219818115234
-103.67717742919922
-107.39045715332031
-103.55377197265625
-98.24036407470703
-97.10249328613281
-108.26387023925781
-106.12731170654297
-100.65262603759766
-100.50562286376953
-104.33222961425781
-102.23560333251953
-98.91365814208984
-103.91912841796875
-107.61299133300781
-105.94448852539062
-102.37429809570312
-104.1468276977539
-107.59211730957031
-101.25021362304688
-102.26454162597656
-103.15021514892578
-105.67652893066406
-109.77941131591797
-101.66085052490234
-97.28363037109375
-102.90568542480469
-97.27836608886719
-103.03516387939453
-107.63456726074219
-107.39735412597656
-103.05145263671875
-104.59233093261719
-107.61278533935547
-103.75727844238281
-96.37242126464844
-106.40052795410156
-107.77272033691406
-104.87884521484375
-106.86929321289062
-111.42660522460938
-99.69245910644531
-102.33861541748047
-104.6732177734375
-106.14395904541016
-104.33692932128906
-99.6637954711914
-104.58491516113281
-105.66807556152344
-108.17898559570312
-101.40364837646484
-98.45941162109375
-101.32756042480469
-102.47984313964844
-111.81232452392578
-104.78861999511719
-99.97918701171875
-101.80223846435547
-110.96635437011719
-99.89201354980469
-102.19456481933594
-106.10700225830078
-101.19602966308594
-107.18374633789062
-108.20575714111328
-101.98662567138672
-100.8394546508789
-100.69560241699219
-98.59526824951172
-107.28160858154297
-108.3044204711914
-102.40400695800781
-104.88794708251953
-98.11036682128906
-103.85785675048828
-111.66690063476562
-98.20564270019531
-99.7240219116211
-102.84941101074219
-110.3177490234375
-109.56004333496094
-103.09163665771484
-105.65563201904297
-104.78490447998047
-100.18406677246094
-98.55635070800781
-104.39881896972656
-101.4131851196289
-107.04634094238281
-107.14173889160156
-94.98990631103516
-100.46549224853516
-103.97425842285156
-105.25663757324219
-100.630859375
-101.34027099609375
-101.41010284423828
-99.90309143066406
-102.16432189941406
-101.77072143554688
-91.1490249633789
-105.06151580810547
-108.29035949707031
-104.43568420410156
-102.39116668701172
-99.45295715332031
-104.98278045654297
-97.6603012084961
-101.7991943359375
-102.3219985961914
-104.78974914550781
-99.02471923828125
-100.92350769042969
-107.78593444824219
-103.83666229248047
-103.88172912597656
-99.4977035522461
-98.77267456054688
-106.25336456298828
-99.53693389892578
-105.42243957519531
-102.7943115234375
-105.34514617919922
-102.15723419189453
-106.89564514160156
-102.68274688720703
-105.46981048583984
-105.07393646240234
-103.71210479736328
-104.28035736083984
-104.41386413574219
-97.14176177978516
-99.24573516845703
-103.15461730957031
-104.04190826416016
-102.35455322265625
-101.71809387207031
-103.8273696899414
-99.46861267089844
-101.50379943847656
-100.78702545166016
-101.36453247070312
-107.85794830322266
-98.672607421875
-101.58750915527344
-106.0918197631836
-105.60809326171875
-101.0108871459961
-104.98805236816406
-100.330078125
-99.04512023925781
-99.99574279785156
-99.00733947753906
-104.1466293334961
-102.90099334716797
-103.99763488769531
-98.30842590332031
-103.45968627929688
-105.23645782470703
-106.68820190429688
-96.3651123046875
-100.78621673583984
-97.65853118896484
-107.3254165649414
-99.80458068847656
-103.20664978027344
-106.0102767944336
-105.83468627929688
-109.91594696044922
-97.52503204345703
-104.19588470458984
-103.31289672851562
-98.24015045166016
-100.29882049560547
-103.12181091308594
-106.1080551147461
-101.58132934570312
-96.48331451416016
-94.55329895019531
-105.70590209960938
-97.89118194580078
-104.77986907958984
-104.22380065917969
-110.80978393554688
-97.31998443603516
-101.50576782226562
-100.25408172607422
-106.21571350097656
-98.247314453125
-99.56143951416016
-105.84679412841797
-98.06330871582031
-101.58179473876953
-99.46127319335938
-109.16067504882812
-104.7310562133789
-107.42961120605469
-100.0013656616211
-106.58184814453125
-102.56256103515625
-103.9887924194336
-103.37154388427734
-103.59803009033203
-98.44718170166016
-102.95220184326172
-99.06637573242188
-102.0836410522461
-109.4701156616211
-106.27474212646484
-104.06666564941406
-114.3924789428711
-102.29473876953125
-101.2435302734375
-102.47567749023438
-101.00098419189453
-104.27398681640625
-106.21686553955078
-101.6394271850586
-100.86809539794922
-104.85841369628906
-100.67044067382812
-102.39065551757812
-98.86592102050781
-96.5712661743164
-104.56074523925781
-103.36490631103516
-109.92991638183594
-111.03642272949219
-106.34236145019531
-98.272216796875
-105.82293701171875
-104.95687103271484
-104.4872817993164
-105.43814849853516
-98.64441680908203
-98.3089828491211
-92.52561950683594
-103.51006317138672
-99.56800079345703
-105.89508819580078
-108.70144653320312
-101.82300567626953
-107.13906860351562
-107.8544692993164
-105.01924133300781
-101.65341186523438
-109.73670196533203
-101.84000396728516
-105.6008071899414
-97.92466735839844
-103.39423370361328
-102.76011657714844
-105.22110748291016
-99.43635559082031
-94.51233673095703
-103.00517272949219
-105.49478149414062
-102.6678695678711
-104.17638397216797
-104.53229522705078
-101.63719940185547
-108.30172729492188
-94.31640625
-98.46549224853516
-100.92277526855469
-105.63118743896484
-106.40470123291016
-101.81961059570312
-103.61985778808594
-98.14300537109375
-101.52933502197266
-103.2413330078125
-99.6992416381836
-102.19552612304688
-102.89701843261719
-98.62065887451172
-107.7331314086914
-101.45800018310547
-106.5079116821289
-103.30206298828125
-94.30947875976562
-103.24405670166016
-101.84549713134766
-100.58020782470703
-98.59597778320312
-108.74691772460938
-106.38040924072266
-105.52533721923828
-108.34026336669922
-100.81524658203125
-100.32878875732422
-96.66311645507812
-98.9167709350586
-103.69917297363281
-106.44573211669922
-98.45439910888672
-108.04774475097656
-106.06388854980469
-107.32758331298828
-104.55125427246094
-101.84387969970703
-99.49665832519531
-99.96473693847656
-99.83993530273438
-99.39756774902344
-100.38351440429688
-104.71070861816406
-99.71660614013672
-96.5876693725586
-102.79563903808594
-101.91755676269531
-107.01414489746094
-96.53028106689453
-103.50244903564453
-106.1402587890625
-98.60496520996094
-102.70433044433594
-99.1447982788086
-99.6377944946289
-101.5250473022461
-104.85612487792969
-99.56373596191406
-100.65166473388672
-99.9011459350586
-99.26749420166016
-100.9455337524414
-101.98403930664062
-102.95756530761719
-109.40743255615234
-97.37614440917969
-100.8421401977539
-103.17838287353516
-99.99961853027344
-103.36808776855469
-101.8152847290039
-104.16680908203125
-99.96844482421875
-110.22396850585938
-107.86354064941406
-99.64875030517578
-107.18775177001953
-100.99507141113281
-99.05487823486328
-105.42398071289062
-95.8155517578125
-100.74919128417969
-106.25271606445312
-103.25812530517578
