-200.4066619873047
-204.89932250976562
-198.18649291992188
-203.0462646484375
-207.1077880859375
-208.90074157714844
-199.7069549560547
-201.92556762695312
-200.1168212890625
-205.27467346191406
-208.3773956298828
-207.92478942871094
-196.1481170654297
-207.92440795898438
-208.5897674560547
-198.6567840576172
-206.31455993652344
-207.9815216064453
-210.43405151367188
-210.4150848388672
-204.89630126953125
-211.74855041503906
-214.21511840820312
-204.55726623535156
-194.4365234375
-199.5171356201172
-200.0100860595703
-194.27468872070312
-215.15350341796875
-206.4023895263672
-206.5311279296875
-212.98519897460938
-207.0808868408203
-205.45204162597656
-201.4165496826172
-205.91287231445312
-194.4056854248047
-207.12432861328125
-201.3103790283203
-201.1658477783203
-207.29220581054688
-194.6690673828125
-204.242431640625
-200.4910430908203
-212.58546447753906
-204.66030883789062
-207.9384307861328
-197.6939697265625
-208.47906494140625
-199.5186767578125
-206.1487579345703
-206.35313415527344
-200.26736450195312
-203.84034729003906
-203.48150634765625
-204.10279846191406
-197.59707641601562
-205.7723388671875
-207.07949829101562
-201.17645263671875
-197.40736389160156
-201.175048828125
-199.83773803710938
-194.18614196777344
-207.87718200683594
-215.3169708251953
-209.07150268554688
-201.26153564453125
-198.40457153320312
-213.45008850097656
-205.86082458496094
-198.12554931640625
-197.37051391601562
-199.38111877441406
-206.6796417236328
-206.92520141601562
-193.1153564453125
-193.40139770507812
-191.40550231933594
-201.73814392089844
-200.37527465820312
-213.5933837890625
-209.02859497070312
-208.46859741210938
-206.02798461914062
-204.78680419921875
-190.08917236328125
-207.8196563720703
-206.66323852539062
-214.4078369140625
-203.7931671142578
-214.32164001464844
-205.84109497070312
-203.6726837158203
-199.77166748046875
-203.16802978515625
-198.21620178222656
-206.55953979492188
-205.8037567138672
-198.6974639892578
-203.17843627929688
-194.97665405273438
-198.22450256347656
-193.01101684570312
-199.07302856445312
-217.85104370117188
-198.2673797607422
-197.80267333984375
-199.40615844726562
-202.0570068359375
-194.5242919921875
-199.16380310058594
-201.41717529296875
-185.03504943847656
-202.24334716796875
-208.74069213867188
-191.02340698242188
-190.30319213867188
-191.2404327392578
-193.25010681152344
-206.0124053955078
-191.85919189453125
-200.0977020263672
-197.21022033691406
-196.00331115722656
-199.41180419921875
-205.7404022216797
-200.55319213867188
-203.25148010253906
-203.5521697998047
-210.1541290283203
-204.44143676757812
-193.26101684570312
-211.66226196289062
-200.4964599609375
-193.69168090820312
-189.34544372558594
-199.55555725097656
-193.83987426757812
-201.3729705810547
-200.49180603027344
-188.6525421142578
-194.56640625
-200.0247039794922
-209.8957977294922
-195.84103393554688
-195.62200927734375
-191.76231384277344
-194.322021484375
-194.80706787109375
-196.69387817382812
-182.03927612304688
-198.79791259765625
-204.97348022460938
-196.27999877929688
-197.70384216308594
-192.86544799804688
-201.15745544433594
-194.32742309570312
-200.38275146484375
-189.99282836914062
-200.03944396972656
-191.91134643554688
-200.004638671875
-204.0441436767578
-188.71542358398438
-197.08526611328125
-193.54173278808594
-188.57928466796875
-199.25904846191406
-201.15994262695312
-201.28207397460938
-197.60302734375
-196.29458618164062
-191.64376831054688
-201.63876342773438
-200.16896057128906
-198.16659545898438
-200.1149444580078
-199.11758422851562
-200.87258911132812
-195.54014587402344
-187.9424591064453
-193.16329956054688
-200.3008270263672
-193.28347778320312
-188.27297973632812
-200.1726837158203
-195.75730895996094
-192.4757537841797
-197.69015502929688
-195.1962890625
-196.84933471679688
-205.0305938720703
-192.84909057617188
-196.6610107421875
-198.13229370117188
-207.02317810058594
-197.0652313232422
-188.10992431640625
-189.74197387695312
-189.0610809326172
-190.0858612060547
-184.2012176513672
-194.7760772705078
-193.6704559326172
-194.11544799804688
-185.8730926513672
-191.53036499023438
-194.7701416015625
-198.56439208984375
-188.921142578125
-185.11630249023438
-189.75685119628906
-198.29754638671875
-187.2581024169922
-197.0206756591797
-198.86349487304688
-196.06822204589844
-204.75442504882812
-193.29856872558594
-191.476806640625
-188.54222106933594
-186.67169189453125
-185.15777587890625
-187.42861938476562
-200.81251525878906
-190.72605895996094
-190.46017456054688
-183.2327880859375
-200.8052978515625
-188.8870391845703
-206.13226318359375
-196.3176727294922
-203.01840209960938
-181.65960693359375
-194.9131317138672
-189.3243865966797
-195.0643768310547
-184.54705810546875
-185.4632568359375
-199.48193359375
-188.03726196289062
-193.41253662109375
-187.48211669921875
-209.8890380859375
-196.8727569580078
-196.28961181640625
-182.96885681152344
-197.4121551513672
-197.73513793945312
-207.60055541992188
-188.4340362548828
-193.65658569335938
-191.4627227783203
-181.6302490234375
-185.0559844970703
-200.7411346435547
-201.5215606689453
-190.50149536132812
-192.23838806152344
-203.34278869628906
-198.91871643066406
-191.58091735839844
-191.57762145996094
-190.65248107910156
-198.3217010498047
-195.7018585205078
-201.232666015625
-185.6022491455078
-190.01812744140625
-183.5587158203125
-185.4270477294922
-183.2157745361328
-180.31480407714844
-191.45632934570312
-192.9476318359375
-199.63800048828125
-204.699462890625
-189.8144989013672
-192.64776611328125
-196.14320373535156
-200.72900390625
-191.2674102783203
-202.53811645507812
-186.2598419189453
-182.85006713867188
-174.73133850097656
-194.53170776367188
-187.46241760253906
-186.32540893554688
-197.48110961914062
-196.48634338378906
-193.70040893554688
-194.8601531982422
-199.64028930664062
-191.73414611816406
-202.5891876220703
-186.8907470703125
-197.180908203125
-189.13961791992188
-192.7164306640625
-197.4659881591797
-196.71363830566406
-190.04611206054688
-179.50567626953125
-189.33457946777344
-197.7786407470703
-189.26553344726562
-191.7498321533203
-198.10122680664062
-193.16355895996094
-202.58750915527344
-181.33351135253906
-187.93089294433594
-189.07388305664062
-195.7989959716797
-200.64439392089844
-187.7689666748047
-194.82406616210938
-185.486328125
-186.66854858398438
-190.69659423828125
-180.53419494628906
-188.1246337890625
-193.64572143554688
-188.6968536376953
-201.04025268554688
-200.62550354003906
-191.610595703125
-189.24124145507812
-177.63644409179688
-188.4519500732422
-189.88186645507812
-187.66232299804688
-186.11993408203125
-203.1674041748047
-202.10601806640625
-186.5015869140625
-200.3552703857422
-195.1751251220703
-192.1462860107422
-177.8055877685547
-185.40013122558594
-192.89744567871094
-197.1388702392578
-185.1288299560547
-198.2520751953125
-194.59458923339844
-189.23638916015625
-189.93568420410156
-188.307861328125
-188.14744567871094
-181.70730590820312
-188.01010131835938
-188.5352020263672
-184.3029022216797
-197.6155242919922
-188.814697265625
-178.74903869628906
-193.70176696777344
-180.9380340576172
-192.450439453125
-183.36793518066406
-188.04107666015625
-201.339111328125
-184.2954559326172
-191.5594940185547
-181.64930725097656
-179.8050537109375
-191.92601013183594
-193.84765625
-191.265380859375
-183.42605590820312
-183.86814880371094
-191.08949279785156
-190.37216186523438
-188.53207397460938
-198.0120849609375
-194.64505004882812
-177.66246032714844
-179.98619079589844
-187.30992126464844
-184.13619995117188
-186.43304443359375
-197.25852966308594
-180.8595733642578
-177.75559997558594
-194.23587036132812
-191.92774963378906
-185.11752319335938
-189.10179138183594
-192.28880310058594
-185.00473022460938
-195.6350860595703
-180.51351928710938
-183.5711669921875
-187.58578491210938
-193.72030639648438
-187.49017333984375
-188.29757690429688
-184.27944946289062
-186.70323181152344
-180.35919189453125
-199.03665161132812
-174.86715698242188
-189.62350463867188
-177.76222229003906
-199.3889923095703
-188.75160217285156
-174.7014617919922
-188.02682495117188
-188.12823486328125
-179.62765502929688
-180.44602966308594
-181.88375854492188
-179.91522216796875
-200.14012145996094
-184.80670166015625
-178.5089874267578
-183.38510131835938
-192.89576721191406
-181.32810974121094
-176.70635986328125
-181.528076171875
-184.0420684814453
-186.28871154785156
-181.55064392089844
-186.45484924316406
-172.00634765625
-183.03501892089844
-176.1339111328125
-169.3514862060547
-181.31512451171875
-181.29954528808594
-181.48085021972656
-177.46986389160156
-176.8997802734375
-184.23272705078125
-172.9513397216797
-178.19151306152344
-179.67604064941406
-179.4252471923828
-180.03643798828125
-174.34255981445312
-187.3080291748047
-183.78707885742188
-176.61404418945312
-170.3468017578125
-178.07225036621094
-170.451904296875
-181.2409210205078
-176.16571044921875
-177.1097869873047
-189.10354614257812
-179.00344848632812
-158.7386016845703
-166.37754821777344
-178.26329040527344
-173.38677978515625
-171.32142639160156
-172.02452087402344
-164.9819793701172
-168.68809509277344
-172.7436981201172
-171.85397338867188
-184.8763885498047
-173.45266723632812
-182.59466552734375
-166.3600311279297
-161.54385375976562
-164.65451049804688
-160.3302764892578
-167.34071350097656
-177.1197967529297
-178.37176513671875
-165.83334350585938
-178.16017150878906
-179.080322265625
-164.55438232421875
-174.86798095703125
-168.71531677246094
-163.3793487548828
-178.32998657226562
-164.69216918945312
-167.6269989013672
-162.49566650390625
-172.7389373779297
-168.84814453125
-167.2552490234375
-166.06500244140625
-166.36712646484375
-168.50608825683594
-174.09938049316406
-163.28553771972656
-157.144775390625
-165.82498168945312
-169.9351806640625
-159.35415649414062
-165.76710510253906
-171.85232543945312
-172.12503051757812
-171.98431396484375
-166.5144805908203
-166.30397033691406
-182.78887939453125
-167.74119567871094
-169.71939086914062
-165.71177673339844
-176.32867431640625
-172.6409454345703
-159.2747802734375
-159.81161499023438
-168.00054931640625
-158.6322479248047
-165.424072265625
-181.1343231201172
-160.56658935546875
-167.37255859375
-160.23178100585938
-175.4247589111328
-174.7001495361328
-164.55889892578125
-177.8347625732422
-171.6022491455078
-164.2928466796875
-159.28961181640625
-162.28277587890625
-163.0457000732422
-183.88865661621094
-174.98931884765625
-161.52880859375
-170.6591796875
-164.90330505371094
-170.4276580810547
-179.11587524414062
-169.5211639404297
-164.7500762939453
-165.71514892578125
-167.15638732910156
-167.98318481445312
-157.33547973632812
-169.77847290039062
-163.2348175048828
-165.47341918945312
-166.07798767089844
-176.38336181640625
-167.62942504882812
-164.25189208984375
-164.46717834472656
-167.43223571777344
-163.7998809814453
-172.27072143554688
-160.9415283203125
-165.33840942382812
-167.7952423095703
-167.99598693847656
-148.51918029785156
-157.9153289794922
-157.9113311767578
-158.43075561523438
-172.174072265625
-171.73678588867188
-176.63949584960938
-169.6607666015625
-172.8062744140625
-158.31076049804688
-164.2160186767578
-164.42520141601562
-162.0172576904297
-168.3090057373047
-175.11073303222656
-170.06846618652344
-167.30577087402344
-164.60122680664062
-172.899169921875
-165.13441467285156
-169.39646911621094
-166.6046142578125
-168.16986083984375
-159.6609344482422
-168.65737915039062
-165.01023864746094
-161.02333068847656
-171.67584228515625
-170.03245544433594
-168.78103637695312
-170.82568359375
-169.85147094726562
-166.4915771484375
-165.94944763183594
-174.60862731933594
-167.64883422851562
-165.0009765625
-173.2107391357422
-164.97146606445312
-167.8504180908203
-161.13304138183594
-162.744873046875
-168.23605346679688
-167.92616271972656
-162.63429260253906
-176.48419189453125
-172.09616088867188
-167.53236389160156
-174.3706817626953
-164.68075561523438
-163.6114959716797
-152.93896484375
-164.02835083007812
-165.81454467773438
-154.40245056152344
-164.4954833984375
-161.98960876464844
-153.55459594726562
-164.95631408691406
-151.23971557617188
-168.9847412109375
-156.3630828857422
-161.93675231933594
-158.18057250976562
-173.52886962890625
-166.41506958007812
-171.30133056640625
-170.39468383789062
-167.17454528808594
-158.0399932861328
-166.2682647705078
-164.4964141845703
-159.58470153808594
-166.48974609375
-174.56298828125
-159.5396728515625
-170.40750122070312
-161.78350830078125
-153.61566162109375
-168.21534729003906
-165.4769287109375
-166.4186553955078
-171.43907165527344
-172.01466369628906
-157.55984497070312
-164.82179260253906
-173.55380249023438
-160.3183135986328
-179.45260620117188
-167.4215545654297
-158.0774383544922
-159.04275512695312
-173.30267333984375
-171.2613983154297
-174.99037170410156
-163.12716674804688
-167.38619995117188
-161.7553253173828
-167.29893493652344
-160.88868713378906
-162.0861358642578
-168.27337646484375
-162.982666015625
-150.36997985839844
-160.6078338623047
-158.6956024169922
-165.07838439941406
-160.96188354492188
-165.5430908203125
-158.48402404785156
-162.54022216796875
-167.48220825195312
-161.11293029785156
-165.2677001953125
-158.4275665283203
-160.98049926757812
-170.6217803955078
-162.2867889404297
-157.5006103515625
-154.90011596679688
-160.66751098632812
-156.66851806640625
-161.1491241455078
-163.67520141601562
-154.277099609375
-161.35250854492188
-162.57469177246094
-159.54563903808594
-155.7490234375
-149.79432678222656
-160.239013671875
-162.54376220703125
-160.6083526611328
-152.40780639648438
-156.1188507080078
-162.2804412841797
-159.58558654785156
-162.80160522460938
-154.94775390625
-162.75180053710938
-169.47975158691406
-153.75772094726562
-165.87071228027344
-148.77499389648438
-156.4063262939453
-157.96791076660156
-160.71975708007812
-164.85997009277344
-154.0866241455078
-156.1226806640625
-163.29917907714844
-151.45716857910156
-164.2900390625
-156.63999938964844
-154.1460723876953
-155.26795959472656
-153.2791290283203
-161.52951049804688
-155.0624237060547
-158.43470764160156
-163.04087829589844
-160.4127655029297
-152.80897521972656
-163.241943359375
-163.4298858642578
-153.09246826171875
-154.48927307128906
-149.35858154296875
-160.5428009033203
-154.8922882080078
-162.0601043701172
-166.77175903320312
-153.2441864013672
-157.66583251953125
-156.9439239501953
-153.68423461914062
-155.0672149658203
-165.56964111328125
-157.27137756347656
-162.26162719726562
-154.44544982910156
-161.82659912109375
-151.13128662109375
-163.2391357421875
-150.38096618652344
-157.1669464111328
-153.47633361816406
-167.52687072753906
-159.864013671875
-156.24905395507812
-163.6435546875
-161.83804321289062
-153.2273712158203
-156.84254455566406
-159.49073791503906
-154.16360473632812
-162.4440460205078
-167.0186309814453
-160.18690490722656
-161.70510864257812
-155.48281860351562
-155.77862548828125
-145.50257873535156
-147.83473205566406
-151.3717041015625
-152.18016052246094
-155.85386657714844
-151.01390075683594
-151.36077880859375
-151.43551635742188
-159.03622436523438
-162.68125915527344
-158.77964782714844
-153.6764678955078
-144.8892822265625
-144.26092529296875
-161.12249755859375
-151.847900390625
-153.8634490966797
-155.72804260253906
-163.9181365966797
-152.46104431152344
-146.55616760253906
-142.36099243164062
-143.30227661132812
-147.73690795898438
-151.3619384765625
-150.5677947998047
-143.2703399658203
-151.1192169189453
-151.97940063476562
-154.1416473388672
-150.31265258789062
-141.2336883544922
-150.31275939941406
-155.63185119628906
-150.82162475585938
-158.2296600341797
-145.0948486328125
-161.2025909423828
-149.2412567138672
-152.2163848876953
-150.64520263671875
-145.33050537109375
-147.9337921142578
-145.0594940185547
-150.352783203125
-151.5264129638672
-153.42425537109375
-159.74786376953125
-147.0634307861328
-147.48313903808594
-148.48765563964844
-148.96502685546875
-157.57977294921875
-152.81857299804688
-148.11849975585938
-148.2914276123047
-154.10794067382812
-148.99490356445312
-151.81561279296875
-144.42596435546875
-153.64498901367188
-146.7488555908203
-149.43020629882812
-156.1063995361328
-150.16928100585938
-148.33131408691406
-151.56414794921875
-150.02964782714844
-150.3247833251953
-145.52793884277344
-158.75408935546875
-152.35662841796875
-148.55300903320312
-146.97962951660156
-158.87603759765625
-149.85350036621094
-144.78273010253906
-152.0318145751953
-152.46714782714844
-140.23077392578125
-147.44927978515625
-151.29281616210938
-146.19973754882812
-137.09530639648438
-147.81016540527344
-144.6713104248047
-148.85928344726562
-153.5389404296875
-147.58860778808594
-152.1195831298828
-146.4481658935547
-146.70306396484375
-142.83709716796875
-148.8380889892578
-151.11041259765625
-152.8642120361328
-149.71499633789062
-150.0188751220703
-154.86390686035156
-139.2604217529297
-156.00979614257812
-143.5474853515625
-140.133056640625
-137.76593017578125
-148.3367919921875
-152.0623016357422
-145.63796997070312
-142.71469116210938
-143.30140686035156
-146.07618713378906
-137.263427734375
-148.05337524414062
-155.65945434570312
-144.50308227539062
-145.41062927246094
-143.40060424804688
-147.00686645507812
-151.53648376464844
-153.6114959716797
-141.3639373779297
-154.96302795410156
-147.67633056640625
-147.57472229003906
-142.55662536621094
-141.18301391601562
-140.2526092529297
-141.5992889404297
-151.44522094726562
-145.12489318847656
-149.01519775390625
-143.5985870361328
-139.86473083496094
-141.08816528320312
-148.02662658691406
-151.8130340576172
-145.23446655273438
-138.18797302246094
-136.9863739013672
-150.76463317871094
-144.79417419433594
-153.98846435546875
-138.3424530029297
-141.94786071777344
-146.0295867919922
-150.44798278808594
-148.65768432617188
-144.4492950439453
-153.7484130859375
-146.1844940185547
-145.2100830078125
-143.5708770751953
-142.62954711914062
-158.7205352783203
-142.12733459472656
-145.8426971435547
-145.21847534179688
-147.67295837402344
-148.8748016357422
-143.76925659179688
-145.61216735839844
-143.71849060058594
-149.08912658691406
-141.93983459472656
-155.91737365722656
-144.56239318847656
-137.57394409179688
-141.05917358398438
-144.38880920410156
-146.15557861328125
-145.78919982910156
-137.69635009765625
-153.39950561523438
-146.85763549804688
-142.21803283691406
-152.2210235595703
-138.14004516601562
-143.92025756835938
-144.83074951171875
-139.444580078125
