-114.6826171875
-122.15995025634766
-118.28144073486328
-121.84466552734375
-121.56462860107422
-116.10342407226562
-115.27503204345703
-115.45330810546875
-116.18727111816406
-120.36958312988281
-117.8665542602539
-111.18944549560547
-108.62777709960938
-120.20651245117188
-116.61582946777344
-118.188720703125
-119.01415252685547
-119.43840026855469
-118.98853302001953
-121.36075592041016
-115.6222152709961
-123.62529754638672
-119.14037322998047
-116.4207992553711
-121.2674331665039
-108.7720718383789
-113.51883697509766
-116.48747253417969
-121.2341079711914
-118.7890625
-119.29747772216797
-124.06583404541016
-121.67521667480469
-120.93395233154297
-114.87346649169922
-115.71698760986328
-110.59611511230469
-121.5619125366211
-118.0468978881836
-117.14240264892578
-121.04129028320312
-113.68212127685547
-117.99165344238281
-119.6702880859375
-125.36516571044922
-114.8349380493164
-122.02284240722656
-116.96888732910156
-114.71488952636719
-112.90287780761719
-123.90396881103516
-117.410400390625
-117.12487030029297
-121.0662612915039
-118.9319076538086
-112.4722900390625
-111.78800201416016
-123.00984954833984
-118.40916442871094
-117.61622619628906
-113.37186431884766
-118.48225402832031
-116.86245727539062
-114.90291595458984
-120.602783203125
-122.05320739746094
-119.42288208007812
-115.69770050048828
-118.8360595703125
-121.240234375
-117.64958953857422
-117.80848693847656
-118.5364990234375
-119.73550415039062
-129.0165557861328
-119.02262115478516
-112.83583068847656
-114.20587921142578
-110.83126068115234
-121.64563751220703
-120.89676666259766
-119.7752914428711
-116.73863220214844
-120.59048461914062
-122.5411376953125
-117.80492401123047
-109.0370864868164
-122.61932373046875
-122.39517211914062
-119.53377532958984
-120.5344467163086
-126.57681274414062
-113.82540130615234
-116.34794616699219
-116.80043029785156
-120.34098052978516
-118.88067626953125
-112.68754577636719
-118.90383911132812
-119.58126831054688
-120.24706268310547
-115.83685302734375
-112.26683044433594
-116.36625671386719
-116.83805084228516
-129.379638671875
-118.43376159667969
-112.66539764404297
-114.83038330078125
-125.7168197631836
-114.96854400634766
-114.50106048583984
-121.01853942871094
-114.39781188964844
-122.09823608398438
-123.34870147705078
-115.3555908203125
-113.5867691040039
-117.1646499633789
-112.45951080322266
-119.22515869140625
-118.9056396484375
-113.78609466552734
-114.7562484741211
-111.84173583984375
-117.63844299316406
-124.2819595336914
-112.08351135253906
-114.21893310546875
-119.38957214355469
-125.98056030273438
-125.67134094238281
-117.67926788330078
-118.55661010742188
-120.83414459228516
-111.66230010986328
-111.7645492553711
-116.1057357788086
-115.56997680664062
-118.24713134765625
-123.86326599121094
-108.26636505126953
-116.1962661743164
-117.67443084716797
-119.29438018798828
-112.61177825927734
-115.15776824951172
-114.14562225341797
-114.8849868774414
-113.37994384765625
-114.79193878173828
-104.52979278564453
-120.8705825805664
-119.94572448730469
-116.29020690917969
-115.62845611572266
-111.80150604248047
-118.91876220703125
-110.24085998535156
-118.07526397705078
-113.960693359375
-118.94060516357422
-112.23617553710938
-114.03459167480469
-122.69499969482422
-116.36602020263672
-116.0584945678711
-114.28479766845703
-112.45133972167969
-118.43854522705078
-111.44856262207031
-117.37919616699219
-118.2835693359375
-116.79441833496094
-116.28555297851562
-119.37140655517578
-116.39097595214844
-117.15897369384766
-119.25720977783203
-117.49625396728516
-116.27446746826172
-117.74446868896484
-108.79023742675781
-111.82609558105469
-116.10986328125
-119.2864761352539
-117.97584533691406
-114.95378875732422
-119.3270263671875
-110.58984375
-116.06584167480469
-113.91790008544922
-114.02096557617188
-121.9794692993164
-113.56332397460938
-115.32921600341797
-119.73127746582031
-120.68849182128906
-112.75428009033203
-116.47908782958984
-116.47163391113281
-113.87711334228516
-114.5340805053711
-112.52123260498047
-118.64655303955078
-115.62518310546875
-116.72427368164062
-110.75029754638672
-116.1161117553711
-116.58267211914062
-119.81729125976562
-109.97168731689453
-110.17263793945312
-109.18529510498047
-122.19828796386719
-113.80928802490234
-116.97276306152344
-120.10289764404297
-117.81826782226562
-123.52725982666016
-112.28225708007812
-118.50727844238281
-114.61614227294922
-109.83244323730469
-114.42485809326172
-115.90957641601562
-120.6109848022461
-114.63787841796875
-109.37005615234375
-107.2814712524414
-119.42862701416016
-108.2254409790039
-119.32362365722656
-115.56275939941406
-122.37053680419922
-109.27375030517578
-112.47225952148438
-113.1608657836914
-120.14094543457031
-110.3470687866211
-112.3211669921875
-118.08529663085938
-110.3779296875
-114.74966430664062
-113.00579071044922
-121.0531997680664
-116.48001098632812
-119.34449768066406
-111.06603240966797
-118.48839569091797
-113.66182708740234
-115.68598175048828
-114.5528335571289
-115.2529296875
-109.73301696777344
-113.4223403930664
-106.57678985595703
-112.09228515625
-121.46893310546875
-114.21072387695312
-115.69853973388672
-127.77268981933594
-115.09410095214844
-112.02525329589844
-113.56390380859375
-112.28282928466797
-115.61543273925781
-117.00635528564453
-113.82805633544922
-113.82962036132812
-112.83977508544922
-112.18463897705078
-113.84600067138672
-111.19798278808594
-108.35906982421875
-114.32345581054688
-115.43272399902344
-123.27816009521484
-122.32548522949219
-119.71377563476562
-109.6171646118164
-116.82982635498047
-117.35448455810547
-116.6257095336914
-118.18749237060547
-110.63706970214844
-108.49596405029297
-103.19767761230469
-116.27262878417969
-110.24220275878906
-117.88047790527344
-122.18560028076172
-113.91937255859375
-120.07037353515625
-119.49037170410156
-117.9765853881836
-109.10614013671875
-124.95317077636719
-113.89331817626953
-120.24397277832031
-110.87063598632812
-116.92230224609375
-115.21830749511719
-118.47398376464844
-113.10680389404297
-106.34420776367188
-114.25537109375
-115.73046875
-113.4688720703125
-116.39877319335938
-115.71581268310547
-115.78731536865234
-122.7646255493164
-105.42668914794922
-109.64551544189453
-111.89828491210938
-120.38117980957031
-121.6320571899414
-112.2763442993164
-115.82896423339844
-109.15876007080078
-112.13198852539062
-115.63825988769531
-110.200439453125
-113.32906341552734
-116.62804412841797
-110.05367279052734
-120.38385009765625
-114.49020385742188
-117.90641784667969
-113.3413314819336
-104.12471771240234
-113.53667449951172
-114.46429443359375
-110.9166030883789
-111.25492095947266
-119.66368865966797
-118.07070922851562
-116.56352233886719
-120.51057434082031
-112.59931945800781
-111.18888854980469
-105.70738983154297
-109.73225402832031
-115.46218872070312
-117.78263092041016
-110.37051391601562
-120.16419982910156
-118.0995864868164
-117.10730743408203
-117.1664810180664
-114.12281799316406
-112.44802856445312
-108.18482208251953
-111.56053924560547
-110.28294372558594
-113.34104919433594
-117.3729476928711
-112.02523040771484
-109.12826538085938
-113.64588928222656
-111.59193420410156
-120.28164672851562
-106.43299865722656
-113.25092315673828
-117.77735137939453
-106.92594146728516
-113.31458282470703
-110.95709228515625
-111.344482421875
-113.69525909423828
-116.3809585571289
-111.8694839477539
-110.12260437011719
-110.66197967529297
-110.37232208251953
-113.03736877441406
-111.20409393310547
-116.70059967041016
-119.90156555175781
-110.05548095703125
-112.45018005371094
-115.19371795654297
-110.14446258544922
-113.11103057861328
-114.108154296875
-115.54737854003906
-108.94828796386719
-121.72965240478516
-118.37944030761719
-111.03096771240234
-116.54678344726562
-111.378662109375
-109.85523223876953
-114.06214904785156
-107.7247314453125
-112.41475677490234
-117.57689666748047
-114.2990493774414
-114.03865051269531
-118.20124816894531
-113.28314208984375
-120.37332153320312
-109.27833557128906
-124.37974548339844
-106.0385971069336
-117.94804382324219
-112.55229949951172
-120.18119812011719
-117.99830627441406
-105.02890014648438
-116.58364868164062
-119.69281005859375
-108.81539154052734
-114.09466552734375
-111.9487533569336
-114.50028228759766
-126.43156433105469
-113.83049011230469
-116.42630004882812
-117.62298583984375
-109.78630065917969
-115.33966064453125
-108.15281677246094
-113.60283660888672
-113.05072021484375
-114.57626342773438
-112.90902709960938
-114.9233627319336
-110.56353759765625
-113.98377227783203
-112.11668395996094
-105.9012451171875
-115.37803649902344
-114.58242797851562
-113.57792663574219
-112.87566375732422
-113.79360961914062
-115.37612915039062
-110.55265045166016
-109.85789489746094
-115.0665054321289
-115.71475982666016
-112.5341567993164
-114.26612091064453
-115.67571258544922
-119.40589904785156
-110.74334716796875
-108.65167999267578
-116.08377838134766
-113.2069091796875
-118.76765441894531
-115.9728012084961
-116.02232360839844
-116.72622680664062
-119.54705047607422
-106.4865951538086
-106.48428344726562
-114.23531341552734
-111.03118896484375
-111.3593521118164
-109.4666976928711
-113.59476470947266
-111.78629302978516
-109.81214141845703
-111.91321563720703
-118.7287368774414
-115.59700012207031
-120.1831283569336
-107.91429901123047
-108.23424530029297
-104.78988647460938
-103.67550659179688
-113.2972183227539
-117.49652862548828
-114.62098693847656
-105.5583267211914
-115.36363220214844
-114.41693878173828
-110.25906372070312
-114.73008728027344
-115.00935363769531
-107.12466430664062
-118.37519836425781
-111.20095825195312
-111.11415100097656
-108.27066040039062
-114.48441314697266
-110.5596923828125
-111.4122085571289
-113.13253784179688
-109.8343734741211
-111.58711242675781
-113.64717102050781
-111.13821411132812
-106.78337097167969
-112.96855926513672
-112.6966552734375
-106.47157287597656
-113.10823059082031
-113.42533111572266
-114.75189208984375
-117.25248718261719
-114.50695037841797
-107.42627716064453
-122.0947494506836
-113.04511260986328
-116.783935546875
-113.48506164550781
-119.34884643554688
-115.42853546142578
-105.50902557373047
-107.52835845947266
-115.43956756591797
-109.83745574951172
-106.73143768310547
-123.36092376708984
-110.19237518310547
-111.13048553466797
-109.73571014404297
-116.21160888671875
-118.29142761230469
-115.5899887084961
-117.0860366821289
-113.40814971923828
-110.12486267089844
-111.77371215820312
-108.7743911743164
-107.7160873413086
-126.15382385253906
-117.66971588134766
-111.40992736816406
-112.16729736328125
-113.41768646240234
-113.01968383789062
-116.42180633544922
-115.85379028320312
-111.14795684814453
-111.80152893066406
-114.85923767089844
-113.21894836425781
-107.54751586914062
-117.677001953125
-105.07276916503906
-111.62290954589844
-108.51922607421875
-117.78790283203125
-114.80232238769531
-116.05859375
-110.13658142089844
-109.27842712402344
-112.8905258178711
-117.35270690917969
-115.6294937133789
-108.44985961914062
-116.50342559814453
-117.89800262451172
-99.92943572998047
-102.66304779052734
-106.3134536743164
-105.89498901367188
-120.56149291992188
-114.31404113769531
-117.05084228515625
-118.56423950195312
-116.16239929199219
-107.57366943359375
-112.43042755126953
-110.94585418701172
-104.54518127441406
-112.69769287109375
-118.37020111083984
-114.95873260498047
-114.23822021484375
-113.38482666015625
-121.19854736328125
-108.17854309082031
-112.14141845703125
-114.95411682128906
-117.0738525390625
-107.5682144165039
-113.64595031738281
-112.29167175292969
-107.68643188476562
-111.90618896484375
-116.43159484863281
-118.60089874267578
-114.51258850097656
-114.14672088623047
-111.47635650634766
-108.67982482910156
-113.59417724609375
-119.28663635253906
-112.09495544433594
-114.55622863769531
-110.00831604003906
-113.60704803466797
-111.03843688964844
-105.94886016845703
-110.72383880615234
-113.2006607055664
-109.69341278076172
-116.238037109375
-116.92013549804688
-113.10176849365234
-115.94771575927734
-107.00428771972656
-108.00065612792969
-104.11315155029297
-109.44943237304688
-110.66487884521484
-107.32327270507812
-109.70304107666016
-110.5912857055664
-105.07099151611328
-111.7906723022461
-102.48943328857422
-111.55718231201172
-106.19908905029297
-112.4312973022461
-109.80261993408203
-117.3917465209961
-112.34082794189453
-116.78443908691406
-116.1434555053711
-112.68218994140625
-106.9026107788086
-111.7710189819336
-114.1848373413086
-111.7669677734375
-115.17982482910156
-118.43016052246094
-109.47648620605469
-111.22537231445312
-112.80110931396484
-104.80355834960938
-115.01318359375
-110.47570037841797
-116.32722473144531
-114.009033203125
-115.88134765625
-107.81169128417969
-112.87057495117188
-120.6696548461914
-106.43510437011719
-121.76518249511719
-111.69081115722656
-108.02976989746094
-109.2218246459961
-116.99394226074219
-113.85906219482422
-119.55460357666016
-109.41458892822266
-115.88103485107422
-113.46651458740234
-112.519775390625
-109.80403137207031
-111.53072357177734
-114.52740478515625
-112.06990814208984
-102.67800903320312
-111.01564025878906
-108.07402038574219
-114.11582946777344
-111.58344268798828
-116.67472076416016
-110.44953155517578
-115.73978424072266
-113.81981658935547
-109.29251861572266
-111.43667602539062
-109.10501098632812
-109.95132446289062
-119.22801208496094
-113.16043853759766
-102.93341064453125
-105.13121032714844
-109.8683853149414
-106.2928695678711
-111.07011413574219
-112.93714141845703
-106.42745208740234
-112.41950988769531
-114.330810546875
-111.64704132080078
-107.80646514892578
-101.55027770996094
-111.51925659179688
-112.38529205322266
-108.62295532226562
-108.05525207519531
-109.80870056152344
-112.06929016113281
-110.82225036621094
-114.93795776367188
-106.65644836425781
-113.32321166992188
-117.92272186279297
-107.31974792480469
-115.91827392578125
-105.72327423095703
-111.71964263916016
-112.61890411376953
-109.2908935546875
-114.36669921875
-110.07994842529297
-108.84221649169922
-114.75202941894531
-110.98004913330078
-114.9719009399414
-108.38520812988281
-108.2497329711914
-112.3038330078125
-107.495361328125
-115.30055236816406
-108.04376220703125
-111.543701171875
-111.55945587158203
-115.5510482788086
-107.1120376586914
-112.74039459228516
-117.64398193359375
-105.71133422851562
-105.82213592529297
-111.91471099853516
-113.46405792236328
-110.49154663085938
-112.40619659423828
-115.5087661743164
-109.3177719116211
-109.37528991699219
-106.89896392822266
-106.72423553466797
-108.4211196899414
-115.81746673583984
-110.80876922607422
-109.33641052246094
-108.78118133544922
-115.98118591308594
-104.68901824951172
-115.47542572021484
-107.13461303710938
-109.81526947021484
-110.78153991699219
-112.99664306640625
-112.79520416259766
-108.71964263916016
-116.91499328613281
-111.53948974609375
-108.1374740600586
-118.65023803710938
-111.19754791259766
-107.60948181152344
-116.20758819580078
-117.38981628417969
-115.07539367675781
-111.2627182006836
-108.2334976196289
-110.58606719970703
-104.32799530029297
-104.28870391845703
-106.30680847167969
-106.23301696777344
-114.10416412353516
-106.22931671142578
-108.49456787109375
-107.96881103515625
-112.91857147216797
-116.509033203125
-115.8897933959961
-112.7940673828125
-105.92049407958984
-107.80624389648438
-117.27152252197266
-110.28495025634766
-110.30856323242188
-113.58787536621094
-116.34983825683594
-109.54490661621094
-103.70664978027344
-101.83370208740234
-107.37504577636719
-107.12446594238281
-106.56995391845703
-107.03445434570312
-103.20230865478516
-109.6189193725586
-108.01966094970703
-112.38232421875
-108.12471771240234
-105.9048843383789
-110.22718048095703
-115.17391967773438
-110.98731231689453
-112.30168914794922
-102.96941375732422
-115.14497375488281
-106.70599365234375
-111.023681640625
-112.75786590576172
-107.77691650390625
-106.59140014648438
-102.36567687988281
-111.86476135253906
-107.60585021972656
-110.30717468261719
-117.69964599609375
-106.28236389160156
-108.99928283691406
-109.64037322998047
-110.09595489501953
-111.05545806884766
-110.73460388183594
-111.3772201538086
-108.57200622558594
-108.88489532470703
-111.56389617919922
-111.6839599609375
-105.64070129394531
-110.43689727783203
-106.35395050048828
-111.44757843017578
-114.9365234375
-106.08515167236328
-110.53632354736328
-113.6213607788086
-109.10543823242188
-112.88927459716797
-109.8253173828125
-113.6141357421875
-110.16862487792969
-109.53234100341797
-108.29440307617188
-114.82787322998047
-108.00655364990234
-106.75536346435547
-110.30419921875
-112.6945571899414
-103.84552001953125
-108.92613220214844
-112.52696990966797
-104.25691223144531
-99.38967895507812
-106.3353271484375
-103.77289581298828
-105.94438171386719
-113.95030212402344
-107.54428100585938
-111.49552917480469
-108.27799224853516
-108.3287124633789
-108.11969757080078
-108.04496765136719
-115.57857513427734
-112.64901733398438
-109.68223571777344
-109.3084945678711
-114.80628967285156
-103.55149841308594
-114.4936752319336
-105.8890380859375
-106.6419448852539
-108.37933349609375
-111.39839935302734
-114.83493041992188
-110.7546157836914
-105.21846771240234
-105.95158386230469
-107.92623901367188
-102.82241821289062
-108.53265380859375
-113.63321685791016
-106.65774536132812
-106.390869140625
-108.28475189208984
-111.03103637695312
-116.83931732177734
-116.48351287841797
-108.59713745117188
-118.29737091064453
-110.54434204101562
-110.00369262695312
-108.10770416259766
-107.28728485107422
-106.93777465820312
-106.17215728759766
-113.4173812866211
-107.88863372802734
-113.07331848144531
-108.56857299804688
-103.86254119873047
-103.46416473388672
-111.73023986816406
-111.93862915039062
-109.24800109863281
-102.93965911865234
-101.15863800048828
-111.83720397949219
-107.28711700439453
-115.1502685546875
-104.16029357910156
-108.50698852539062
-104.60432434082031
-113.82194519042969
-112.61681365966797
-114.3013916015625
-116.45001983642578
-110.03509521484375
-109.71592712402344
-110.18595886230469
-105.60035705566406
-116.65873718261719
-106.0691909790039
-109.41950225830078
-106.61406707763672
-110.3385238647461
-110.65762329101562
-111.01976013183594
-111.74297332763672
-108.11873626708984
-110.34832000732422
-107.16998291015625
-117.31957244873047
-110.16856384277344
-105.5516586303711
-104.32039642333984
-111.3442153930664
-109.15450286865234
-109.81539154052734
-104.1714096069336
-119.17064666748047
-112.9716796875
-107.50578308105469
-113.51597595214844
-106.43492126464844
-114.7277603149414
-111.17494201660156
-107.49037170410156
