-141.32191467285156
-145.30943298339844
-139.78680419921875
-141.9119873046875
-145.9452362060547
-139.89117431640625
-140.920654296875
-138.4982147216797
-137.56167602539062
-144.1735076904297
-143.54437255859375
-137.6678466796875
-134.10047912597656
-145.90420532226562
-143.36727905273438
-138.4567413330078
-144.6667022705078
-144.9201202392578
-143.8104705810547
-146.35739135742188
-141.91848754882812
-149.62454223632812
-145.1285400390625
-140.84913635253906
-144.36318969726562
-137.65011596679688
-140.45118713378906
-141.75892639160156
-150.66322326660156
-144.2255859375
-143.0454864501953
-148.31607055664062
-145.36216735839844
-145.3351287841797
-139.24436950683594
-142.6488800048828
-135.77603149414062
-148.01004028320312
-142.16268920898438
-143.4660186767578
-146.4589080810547
-137.50839233398438
-143.01193237304688
-143.024658203125
-153.24835205078125
-140.78958129882812
-149.08656311035156
-142.7627716064453
-145.0683135986328
-138.172119140625
-147.64797973632812
-143.37405395507812
-146.687255859375
-144.46717834472656
-144.85247802734375
-141.84239196777344
-139.25856018066406
-149.84100341796875
-144.79916381835938
-142.10174560546875
-138.84506225585938
-142.8426513671875
-141.16380310058594
-141.65020751953125
-145.7674560546875
-149.0570526123047
-145.57176208496094
-140.49020385742188
-142.1956787109375
-149.38404846191406
-145.3011474609375
-142.96861267089844
-142.76329040527344
-146.67446899414062
-156.5442657470703
-144.5615234375
-135.951904296875
-140.0210723876953
-133.5897216796875
-144.1446533203125
-147.42837524414062
-150.62510681152344
-143.85400390625
-150.02430725097656
-148.154296875
-143.0349578857422
-135.03379821777344
-150.57301330566406
-148.33885192871094
-148.6534881591797
-147.45570373535156
-152.0548095703125
-141.23365783691406
-145.53512573242188
-144.9477996826172
-147.7489776611328
-144.17294311523438
-143.03518676757812
-147.00926208496094
-148.78915405273438
-152.64308166503906
-139.60154724121094
-140.95681762695312
-139.65188598632812
-145.2398681640625
-156.96470642089844
-143.215576171875
-141.40550231933594
-143.60540771484375
-152.81040954589844
-140.4073486328125
-142.49070739746094
-148.72308349609375
-137.5220489501953
-146.53738403320312
-147.387451171875
-140.12892150878906
-137.6578369140625
-143.3887481689453
-141.82879638671875
-145.55123901367188
-143.4022979736328
-142.6759796142578
-140.5829620361328
-140.8821258544922
-147.1611785888672
-149.13113403320312
-139.63723754882812
-142.7197723388672
-146.33920288085938
-153.5823516845703
-151.02001953125
-139.8974609375
-149.71551513671875
-146.3641815185547
-139.71762084960938
-136.35565185546875
-143.97312927246094
-140.91085815429688
-147.32887268066406
-150.53927612304688
-136.31951904296875
-143.58409118652344
-143.72085571289062
-151.94601440429688
-140.28192138671875
-144.20126342773438
-142.1636199951172
-142.8134002685547
-137.55368041992188
-140.4198455810547
-132.048583984375
-146.13168334960938
-150.31556701660156
-140.74781799316406
-142.6300048828125
-137.4832305908203
-146.05763244628906
-138.87814331054688
-145.712890625
-145.27597045898438
-147.31040954589844
-140.53880310058594
-144.9310302734375
-153.95603942871094
-142.50572204589844
-142.12232971191406
-142.02850341796875
-140.28472900390625
-144.250244140625
-142.15562438964844
-146.88369750976562
-143.8543243408203
-144.83045959472656
-141.96554565429688
-148.2230682373047
-141.84095764160156
-146.62747192382812
-150.01443481445312
-146.61691284179688
-144.90972900390625
-146.45928955078125
-136.1031494140625
-139.12808227539062
-146.45040893554688
-146.28347778320312
-142.1253662109375
-143.93197631835938
-141.87171936035156
-137.92599487304688
-143.7194061279297
-143.60353088378906
-141.03958129882812
-150.76675415039062
-142.3754425048828
-146.22296142578125
-148.14108276367188
-147.87725830078125
-139.2545623779297
-141.19949340820312
-144.70423889160156
-138.94302368164062
-141.18528747558594
-136.09307861328125
-148.06207275390625
-142.68179321289062
-144.06173706054688
-136.8217010498047
-142.9580841064453
-144.57325744628906
-149.4387969970703
-135.98753356933594
-132.9375
-138.4093017578125
-151.0597381591797
-142.5824737548828
-144.03663635253906
-145.57862854003906
-145.33302307128906
-149.73153686523438
-142.60231018066406
-148.03713989257812
-144.9009552001953
-138.71157836914062
-137.34078979492188
-143.49452209472656
-147.67529296875
-143.26025390625
-137.43136596679688
-134.18255615234375
-148.09527587890625
-139.82177734375
-146.76612854003906
-142.26856994628906
-152.62338256835938
-136.22007751464844
-139.7617645263672
-142.4429931640625
-150.1487579345703
-137.9572296142578
-136.75112915039062
-145.49041748046875
-139.85968017578125
-141.74822998046875
-139.83251953125
-153.1785430908203
-148.40399169921875
-146.4374237060547
-138.85031127929688
-143.4472198486328
-143.51235961914062
-149.77955627441406
-139.42726135253906
-144.2322540283203
-139.0349578857422
-141.36630249023438
-133.18624877929688
-141.72433471679688
-149.51931762695312
-140.0966339111328
-145.627685546875
-154.29913330078125
-143.8909912109375
-141.56382751464844
-142.06578063964844
-143.45899963378906
-142.9830780029297
-147.44656372070312
-147.71432495117188
-138.47052001953125
-139.0193634033203
-139.26541137695312
-142.43997192382812
-138.31808471679688
-138.30393981933594
-142.30018615722656
-143.0023651123047
-151.2373504638672
-152.84483337402344
-147.6251220703125
-140.8567657470703
-150.32838439941406
-148.44874572753906
-146.7122802734375
-150.79852294921875
-139.64199829101562
-134.3895721435547
-133.25787353515625
-145.3793182373047
-138.54202270507812
-143.7917022705078
-148.81365966796875
-144.9940948486328
-147.28102111816406
-147.7158660888672
-146.39974975585938
-141.51947021484375
-150.5960235595703
-141.9579315185547
-147.59617614746094
-137.16531372070312
-146.32582092285156
-143.70111083984375
-146.67019653320312
-144.75698852539062
-132.8990020751953
-139.8628692626953
-144.31307983398438
-136.44483947753906
-143.08358764648438
-140.17271423339844
-143.2268829345703
-156.2738494873047
-133.3087615966797
-136.83602905273438
-140.2901153564453
-145.56398010253906
-150.39022827148438
-141.99830627441406
-147.5730743408203
-140.42376708984375
-138.31509399414062
-144.88880920410156
-136.2522430419922
-142.63235473632812
-147.0414276123047
-140.9407196044922
-151.1300506591797
-147.74267578125
-145.6454620361328
-143.46908569335938
-132.53790283203125
-143.03878784179688
-143.06690979003906
-140.6580810546875
-137.07150268554688
-152.00537109375
-149.76454162597656
-145.98538208007812
-152.2412567138672
-142.29119873046875
-142.04234313964844
-132.60572814941406
-137.94749450683594
-144.59072875976562
-149.6123809814453
-137.61375427246094
-151.4702911376953
-147.23333740234375
-145.578857421875
-145.50389099121094
-142.82669067382812
-137.7314453125
-137.9105987548828
-140.02438354492188
-140.15081787109375
-140.0702362060547
-147.75750732421875
-142.6237335205078
-137.54930114746094
-147.25350952148438
-137.8453369140625
-147.22943115234375
-137.0357666015625
-143.2930450439453
-148.07586669921875
-138.9937286376953
-145.76873779296875
-139.20712280273438
-136.09555053710938
-139.36825561523438
-147.60794067382812
-143.31918334960938
-137.84271240234375
-140.1390838623047
-142.30528259277344
-142.66741943359375
-143.48046875
-146.39190673828125
-148.69644165039062
-132.86679077148438
-137.6932373046875
-144.82357788085938
-138.18118286132812
-141.1782684326172
-150.1397247314453
-140.1446075439453
-137.02304077148438
-148.5283203125
-143.53546142578125
-142.25392150878906
-145.7974395751953
-141.9406280517578
-139.2373809814453
-146.11358642578125
-138.10455322265625
-139.3718719482422
-144.48086547851562
-144.02960205078125
-145.2740020751953
-149.9552001953125
-143.53829956054688
-148.2097625732422
-139.770263671875
-155.14205932617188
-134.31585693359375
-145.8578643798828
-139.9993896484375
-152.69326782226562
-148.48980712890625
-132.7573699951172
-145.08010864257812
-147.75665283203125
-137.35179138183594
-144.45945739746094
-141.16273498535156
-140.60581970214844
-154.3122100830078
-142.85177612304688
-144.767333984375
-146.1198272705078
-145.46661376953125
-143.07855224609375
-137.46055603027344
-142.0585479736328
-140.6865234375
-144.76527404785156
-142.9221954345703
-144.0832977294922
-139.62962341308594
-146.9261474609375
-138.7955780029297
-134.8123779296875
-145.47769165039062
-145.42124938964844
-144.51402282714844
-142.3640899658203
-144.50515747070312
-149.9704132080078
-136.10086059570312
-141.83090209960938
-145.01634216308594
-145.16773986816406
-145.13388061523438
-143.10279846191406
-145.96578979492188
-148.61141967773438
-138.71389770507812
-137.8040313720703
-143.9996795654297
-138.75460815429688
-146.9144287109375
-148.0760955810547
-147.7581787109375
-147.85667419433594
-147.69383239746094
-134.74913024902344
-137.42657470703125
-143.22589111328125
-142.159423828125
-140.8353729248047
-140.2224884033203
-139.22836303710938
-137.50271606445312
-140.74649047851562
-141.3783721923828
-147.5234375
-144.95814514160156
-150.3317108154297
-136.83587646484375
-134.73788452148438
-133.77349853515625
-131.9932861328125
-143.07266235351562
-147.49403381347656
-146.5437469482422
-136.32052612304688
-148.43124389648438
-145.48703002929688
-140.4398956298828
-144.36822509765625
-141.17391967773438
-137.9309844970703
-149.45388793945312
-138.89720153808594
-141.27972412109375
-136.1566619873047
-146.45669555664062
-138.89666748046875
-139.22006225585938
-140.6119842529297
-139.37774658203125
-140.0198211669922
-142.6450958251953
-136.8789520263672
-130.66458129882812
-143.96702575683594
-140.656005859375
-136.46011352539062
-141.47801208496094
-143.17088317871094
-148.32569885253906
-145.73236083984375
-141.332763671875
-136.22755432128906
-152.86851501464844
-138.64813232421875
-144.0334014892578
-142.50193786621094
-145.7589569091797
-144.71531677246094
-138.05874633789062
-133.63719177246094
-143.79151916503906
-134.54678344726562
-135.8140106201172
-151.97303771972656
-136.28724670410156
-140.58633422851562
-138.62449645996094
-144.7402801513672
-146.31410217285156
-142.395263671875
-149.3411865234375
-145.13125610351562
-140.04763793945312
-137.1771697998047
-136.67611694335938
-139.03099060058594
-154.98004150390625
-147.71083068847656
-140.65811157226562
-142.13217163085938
-146.62637329101562
-142.8751220703125
-150.54464721679688
-147.00115966796875
-141.916015625
-141.32933044433594
-143.39414978027344
-141.60940551757812
-134.60264587402344
-146.99403381347656
-134.1548614501953
-143.28863525390625
-140.87986755371094
-148.85348510742188
-143.7616729736328
-141.94155883789062
-140.5370635986328
-141.2642822265625
-141.4769287109375
-145.9210662841797
-139.69419860839844
-141.47352600097656
-146.66928100585938
-144.1008758544922
-124.67964935302734
-132.1042938232422
-134.68751525878906
-134.55255126953125
-150.92300415039062
-145.81890869140625
-149.37635803222656
-144.92713928222656
-149.9049835205078
-138.82664489746094
-141.0738067626953
-141.36758422851562
-136.9922637939453
-146.09707641601562
-151.84075927734375
-143.60911560058594
-144.28472900390625
-140.06517028808594
-148.54531860351562
-138.80722045898438
-142.32028198242188
-144.75686645507812
-144.93858337402344
-139.31674194335938
-144.5789031982422
-140.2040252685547
-138.8990020751953
-146.27423095703125
-149.57957458496094
-146.9103240966797
-146.35011291503906
-145.9063720703125
-144.20001220703125
-141.0211944580078
-144.5475311279297
-150.36988830566406
-144.47128295898438
-146.33956909179688
-145.98902893066406
-143.8992156982422
-138.78782653808594
-138.0619659423828
-143.0121307373047
-142.8487548828125
-143.04627990722656
-146.3341827392578
-147.7084197998047
-146.5961151123047
-147.3479461669922
-140.92807006835938
-139.7367706298828
-134.28329467773438
-141.93443298339844
-144.89698791503906
-136.8297882080078
-143.28125
-139.80650329589844
-132.81361389160156
-140.75497436523438
-130.6846923828125
-144.52951049804688
-133.8656768798828
-139.78025817871094
-137.23011779785156
-146.05282592773438
-145.14419555664062
-146.84690856933594
-145.94143676757812
-144.851806640625
-134.0476837158203
-143.77462768554688
-143.8294219970703
-140.6683349609375
-143.77452087402344
-150.84742736816406
-138.0998992919922
-140.67576599121094
-142.36741638183594
-133.41526794433594
-142.9108428955078
-143.0360565185547
-146.26414489746094
-147.88804626464844
-145.8377685546875
-131.495361328125
-142.27310180664062
-151.71743774414062
-138.2582550048828
-156.6510467529297
-144.16554260253906
-138.67764282226562
-137.95272827148438
-149.39724731445312
-149.8968963623047
-149.9082489013672
-139.99667358398438
-145.2538604736328
-145.55845642089844
-140.74961853027344
-141.04290771484375
-141.03050231933594
-146.01011657714844
-145.51953125
-132.04165649414062
-140.91650390625
-135.30650329589844
-143.14581298828125
-142.08493041992188
-146.92543029785156
-140.3373260498047
-143.42831420898438
-147.97830200195312
-137.50511169433594
-145.4954071044922
-139.24525451660156
-142.04246520996094
-151.80722045898438
-145.14242553710938
-134.79844665527344
-136.75384521484375
-139.85865783691406
-140.1885986328125
-140.3431396484375
-139.8589630126953
-135.2012176513672
-142.96969604492188
-147.693115234375
-142.69461059570312
-138.92733764648438
-132.4677734375
-142.514892578125
-145.27996826171875
-143.06124877929688
-137.77232360839844
-140.7856903076172
-143.1822509765625
-143.92913818359375
-145.20582580566406
-138.40419006347656
-143.69866943359375
-148.9675750732422
-136.19239807128906
-145.30267333984375
-132.983642578125
-141.4033203125
-138.5237274169922
-142.951171875
-144.4983673095703
-139.65223693847656
-140.8896484375
-146.71072387695312
-137.71255493164062
-148.22862243652344
-143.64990234375
-138.99871826171875
-140.235595703125
-139.2902069091797
-143.1297149658203
-140.0765838623047
-139.73757934570312
-145.76283264160156
-143.29568481445312
-137.86045837402344
-149.4929656982422
-147.4774932861328
-134.5963134765625
-136.23582458496094
-138.35023498535156
-144.861328125
-140.93112182617188
-146.47293090820312
-150.9913330078125
-138.59873962402344
-141.80026245117188
-138.71832275390625
-141.98272705078125
-138.16615295410156
-149.97975158691406
-141.3861083984375
-146.41131591796875
-141.12728881835938
-146.44290161132812
-135.1166229248047
-148.67855834960938
-134.68174743652344
-140.03244018554688
-140.8704071044922
-144.70726013183594
-145.895751953125
-140.55914306640625
-146.7852783203125
-146.6260223388672
-140.40606689453125
-143.80543518066406
-146.31141662597656
-139.2279510498047
-147.5507049560547
-152.71165466308594
-146.11599731445312
-148.09046936035156
-137.12196350097656
-141.48110961914062
-131.41949462890625
-135.2823486328125
-139.0930938720703
-140.43206787109375
-145.74993896484375
-139.93702697753906
-139.25640869140625
-140.11572265625
-145.70877075195312
-149.19073486328125
-147.8568878173828
-142.3661346435547
-134.13986206054688
-135.2080535888672
-150.02621459960938
-142.21083068847656
-140.62840270996094
-145.7159423828125
-150.20095825195312
-141.1045379638672
-136.1671142578125
-131.108642578125
-139.3072967529297
-138.59063720703125
-138.5173797607422
-141.9983367919922
-133.93783569335938
-141.69125366210938
-140.23281860351562
-139.2987060546875
-141.22976684570312
-131.98744201660156
-139.92507934570312
-145.2461700439453
-142.6266326904297
-148.64181518554688
-139.01788330078125
-148.73760986328125
-139.48016357421875
-143.2439727783203
-143.95028686523438
-138.32052612304688
-137.83140563964844
-138.79627990722656
-140.977294921875
-143.3811798095703
-144.76573181152344
-150.10162353515625
-137.2318115234375
-141.30691528320312
-142.83245849609375
-144.42161560058594
-148.32333374023438
-144.10723876953125
-144.15428161621094
-140.8457489013672
-143.56593322753906
-142.39366149902344
-144.93370056152344
-134.43777465820312
-145.1252899169922
-137.54872131347656
-141.98939514160156
-147.36024475097656
-138.78895568847656
-141.8131103515625
-143.28407287597656
-144.50625610351562
-146.37205505371094
-139.13743591308594
-147.60336303710938
-142.23464965820312
-139.2946319580078
-139.50172424316406
-148.7974395751953
-139.76087951660156
-139.9587860107422
-143.46002197265625
-146.017578125
-136.628173828125
-138.98196411132812
-144.1331329345703
-137.2825927734375
-132.12200927734375
-141.74179077148438
-135.80691528320312
-137.3966522216797
-146.44464111328125
-136.75193786621094
-145.83277893066406
-138.40231323242188
-136.03097534179688
-135.93466186523438
-142.30709838867188
-146.59693908691406
-150.59768676757812
-145.29603576660156
-141.35650634765625
-148.3094024658203
-134.37350463867188
-147.9414520263672
-141.29808044433594
-136.68710327148438
-136.15786743164062
-144.15870666503906
-146.05810546875
-142.3744354248047
-138.07766723632812
-141.28956604003906
-142.74639892578125
-132.89894104003906
-145.02166748046875
-147.60581970214844
-143.04364013671875
-140.91024780273438
-139.9695587158203
-143.8956756591797
-147.56373596191406
-147.80104064941406
-136.8573455810547
-151.2510223388672
-142.1934356689453
-142.12278747558594
-137.31134033203125
-142.40960693359375
-137.84762573242188
-137.61878967285156
-146.0973663330078
-140.02279663085938
-148.38851928710938
-141.80616760253906
-134.28506469726562
-137.27239990234375
-143.7886962890625
-145.679931640625
-146.15948486328125
-134.0191650390625
-134.27609252929688
-145.77767944335938
-140.72891235351562
-148.4847869873047
-135.23301696777344
-137.0260467529297
-136.35850524902344
-143.9551239013672
-148.10003662109375
-145.9423370361328
-152.77931213378906
-141.49246215820312
-142.655517578125
-142.05838012695312
-139.6563262939453
-149.1833038330078
-136.7822723388672
-142.38238525390625
-140.84649658203125
-144.26344299316406
-143.72357177734375
-142.85946655273438
-143.0631561279297
-140.74932861328125
-147.2401580810547
-139.82557678222656
-151.2465362548828
-142.72528076171875
-137.59640502929688
-138.8310089111328
-144.8670654296875
-143.74046325683594
-146.4225616455078
-136.8359832763672
-149.20877075195312
-147.041259765625
-141.73257446289062
-146.211181640625
-137.20455932617188
-139.77919006347656
-141.54505920410156
-139.89114379882812
