-528.7647705078125
-501.4366455078125
-479.5432434082031
-456.335205078125
-432.7338562011719
-407.26123046875
-384.6111755371094
-370.3451843261719
-372.5983581542969
-377.7830505371094
-375.86328125
-357.2648620605469
-335.0726623535156
-343.57720947265625
-332.6886901855469
-318.5467529296875
-317.21453857421875
-314.7723693847656
-313.6478576660156
-311.9939270019531
-301.4066467285156
-300.52642822265625
-300.26611328125
-277.3438720703125
-254.54173278808594
-260.0969543457031
-250.24667358398438
-241.15538024902344
-260.6022033691406
-244.4741668701172
-246.4036407470703
-246.49293518066406
-236.1446990966797
-230.00253295898438
-222.15374755859375
-230.93106079101562
-216.31124877929688
-229.23123168945312
-219.42715454101562
-222.8263397216797
-224.39964294433594
-210.92845153808594
-220.3249053955078
-213.1158905029297
-224.92820739746094
-218.06723022460938
-216.59774780273438
-213.5768280029297
-221.03741455078125
-212.89834594726562
-220.0776824951172
-216.17108154296875
-210.3011932373047
-213.99339294433594
-216.6277618408203
-215.04595947265625
-208.6902618408203
-214.65377807617188
-216.4713134765625
-211.23861694335938
-205.5939483642578
-210.5670623779297
-209.2872772216797
-202.80455017089844
-217.22071838378906
-226.47955322265625
-218.95794677734375
-209.3925018310547
-208.85084533691406
-223.52056884765625
-216.47454833984375
-208.12179565429688
-206.84783935546875
-209.42652893066406
-214.91629028320312
-216.73008728027344
-205.03892517089844
-202.30210876464844
-203.19041442871094
-211.43943786621094
-209.47323608398438
-226.71743774414062
-219.3299560546875
-217.73582458496094
-212.88580322265625
-213.04507446289062
-204.56224060058594
-217.254638671875
-219.57916259765625
-225.60365295410156
-211.71238708496094
-222.88014221191406
-216.83485412597656
-212.1790313720703
-211.3517608642578
-212.36766052246094
-208.45445251464844
-216.0581512451172
-214.2801971435547
-209.2332763671875
-212.87686157226562
-206.6451416015625
-207.77288818359375
-202.37855529785156
-209.20590209960938
-226.05960083007812
-211.36505126953125
-210.8496551513672
-208.89674377441406
-212.90081787109375
-208.67486572265625
-209.0869903564453
-211.78280639648438
-197.67745971679688
-215.35763549804688
-217.1338653564453
-201.18392944335938
-203.52938842773438
-200.72799682617188
-203.46681213378906
-218.40284729003906
-205.12181091308594
-213.3238983154297
-206.799072265625
-206.11856079101562
-213.14305114746094
-217.01792907714844
-211.77964782714844
-216.2801971435547
-214.61151123046875
-216.6817626953125
-213.85311889648438
-204.9689178466797
-220.35377502441406
-209.6273193359375
-206.49703979492188
-202.90699768066406
-212.48191833496094
-203.84051513671875
-213.0875701904297
-210.0023956298828
-201.22515869140625
-206.79931640625
-208.96498107910156
-222.04733276367188
-208.25680541992188
-208.3463592529297
-205.9326629638672
-209.7879180908203
-207.87887573242188
-209.7093963623047
-196.5994873046875
-209.9655303955078
-219.64073181152344
-211.60775756835938
-210.95639038085938
-205.30435180664062
-211.38552856445312
-206.91702270507812
-208.18441772460938
-201.6331024169922
-213.7899627685547
-204.52174377441406
-210.00836181640625
-215.7476806640625
-198.10617065429688
-208.65313720703125
-207.08499145507812
-197.75115966796875
-209.65736389160156
-214.30838012695312
-211.47952270507812
-207.157470703125
-209.2130584716797
-205.26678466796875
-212.6927947998047
-213.2119903564453
-205.73367309570312
-211.86087036132812
-215.5387420654297
-210.64149475097656
-207.60951232910156
-200.47500610351562
-204.2838897705078
-214.70228576660156
-205.7560577392578
-200.49021911621094
-215.95143127441406
-208.0506134033203
-206.7821502685547
-209.29669189453125
-208.7301788330078
-212.2012481689453
-211.77011108398438
-203.11244201660156
-207.34556579589844
-211.76065063476562
-220.00955200195312
-209.08807373046875
-197.8045196533203
-202.7284698486328
-201.12496948242188
-202.2243194580078
-196.55760192871094
-206.65618896484375
-208.85116577148438
-208.63951110839844
-198.73631286621094
-202.2482147216797
-204.8608856201172
-213.5660400390625
-205.6691131591797
-196.44931030273438
-204.86260986328125
-208.52874755859375
-198.36697387695312
-210.8776397705078
-211.1995849609375
-208.2740478515625
-218.19680786132812
-205.65029907226562
-207.6712646484375
-207.6422882080078
-202.22450256347656
-199.61334228515625
-200.44908142089844
-212.47116088867188
-206.79220581054688
-201.66390991210938
-195.36253356933594
-217.79649353027344
-207.67318725585938
-215.248779296875
-212.84329223632812
-213.92324829101562
-198.82118225097656
-207.65696716308594
-201.83619689941406
-208.134521484375
-202.18470764160156
-198.66957092285156
-218.35972595214844
-203.525390625
-210.09022521972656
-205.04493713378906
-222.50741577148438
-212.6266632080078
-211.4329071044922
-201.28826904296875
-213.3784942626953
-207.75267028808594
-224.57565307617188
-209.7626190185547
-204.4600372314453
-207.60467529296875
-194.7031707763672
-201.02557373046875
-219.0824737548828
-215.30140686035156
-205.67724609375
-203.0782928466797
-215.64073181152344
-213.06446838378906
-205.30111694335938
-207.16726684570312
-208.91448974609375
-212.47784423828125
-211.86927795410156
-216.1669464111328
-202.2296600341797
-203.93907165527344
-197.330078125
-205.6448211669922
-198.75759887695312
-195.64404296875
-208.69561767578125
-206.7662353515625
-213.61679077148438
-224.3829803466797
-201.13600158691406
-214.43597412109375
-208.9846649169922
-219.0045166015625
-208.70838928222656
-215.3155059814453
-204.4834442138672
-199.45333862304688
-195.09249877929688
-203.48802185058594
-205.0281982421875
-204.44485473632812
-213.78683471679688
-212.25059509277344
-206.92129516601562
-207.51773071289062
-218.33749389648438
-205.70887756347656
-213.2572784423828
-199.80718994140625
-210.935546875
-203.972900390625
-207.1641387939453
-219.31626892089844
-215.636474609375
-202.3795623779297
-200.4178466796875
-203.90582275390625
-213.10479736328125
-210.25625610351562
-207.37277221679688
-214.19520568847656
-206.5147705078125
-217.933837890625
-198.1759033203125
-203.283203125
-207.03761291503906
-208.60745239257812
-212.50323486328125
-207.87705993652344
-210.79335021972656
-203.00035095214844
-206.3114776611328
-205.08494567871094
-198.60821533203125
-206.14727783203125
-208.69122314453125
-209.71922302246094
-214.5703887939453
-214.8271942138672
-206.77215576171875
-208.8426055908203
-197.27685546875
-203.29244995117188
-207.06031799316406
-205.35377502441406
-208.6465301513672
-218.56875610351562
-214.83782958984375
-205.00482177734375
-217.04251098632812
-211.97401428222656
-209.51083374023438
-200.5409698486328
-202.13133239746094
-209.89559936523438
-214.5855712890625
-197.61956787109375
-212.6612548828125
-210.25680541992188
-203.62167358398438
-204.69332885742188
-207.5763702392578
-205.32528686523438
-197.99034118652344
-200.7946319580078
-208.9532012939453
-199.50469970703125
-212.87625122070312
-206.73403930664062
-198.4656982421875
-211.44781494140625
-199.86672973632812
-207.24398803710938
-208.3988037109375
-206.0321807861328
-213.18798828125
-203.61251831054688
-214.91180419921875
-200.9508819580078
-198.33291625976562
-206.0774383544922
-213.06768798828125
-209.42019653320312
-199.52255249023438
-204.33168029785156
-205.5135040283203
-213.65179443359375
-203.70486450195312
-213.28919982910156
-213.16647338867188
-193.556396484375
-200.07737731933594
-203.2991180419922
-202.94137573242188
-209.47052001953125
-216.37794494628906
-199.07785034179688
-196.69969177246094
-208.79135131835938
-206.47743225097656
-203.24729919433594
-208.9316864013672
-215.37042236328125
-206.96343994140625
-215.51051330566406
-203.6389617919922
-209.43173217773438
-210.640869140625
-217.92071533203125
-206.53109741210938
-206.9806671142578
-201.7977752685547
-209.10113525390625
-203.28553771972656
-213.8849639892578
-198.11546325683594
-214.1323699951172
-197.9862823486328
-221.68971252441406
-212.09527587890625
-200.90594482421875
-213.65614318847656
-208.48753356933594
-207.4008331298828
-203.4199676513672
-204.06361389160156
-199.66700744628906
-225.3419952392578
-207.7206268310547
-201.83493041992188
-210.5361785888672
-218.64012145996094
-205.89491271972656
-207.1023712158203
-204.2063751220703
-206.41014099121094
-208.5531005859375
-206.64857482910156
-210.32452392578125
-202.07217407226562
-206.80870056152344
-200.65658569335938
-199.900146484375
-209.31304931640625
-210.87840270996094
-214.8859405517578
-208.2737274169922
-201.37010192871094
-208.12611389160156
-202.77305603027344
-209.6626739501953
-202.93731689453125
-208.00779724121094
-207.60092163085938
-201.97061157226562
-216.62730407714844
-210.7815399169922
-208.58616638183594
-204.541748046875
-206.2411346435547
-200.04054260253906
-211.14181518554688
-210.1444549560547
-205.94949340820312
-224.56903076171875
-206.63095092773438
-194.07015991210938
-204.34683227539062
-214.0279998779297
-208.60203552246094
-208.31915283203125
-209.2777557373047
-198.35826110839844
-206.0633087158203
-207.7494659423828
-205.65525817871094
-218.35305786132812
-212.11219787597656
-215.60659790039062
-204.6863250732422
-199.98681640625
-195.5254669189453
-199.9256134033203
-204.07933044433594
-205.42127990722656
-210.08636474609375
-201.94119262695312
-211.0218048095703
-214.11993408203125
-197.60208129882812
-207.1493682861328
-207.43185424804688
-206.4196014404297
-211.8089599609375
-201.34988403320312
-196.45526123046875
-195.56857299804688
-211.43772888183594
-210.01669311523438
-211.8597412109375
-202.93544006347656
-202.17759704589844
-208.48187255859375
-209.18658447265625
-206.16412353515625
-198.65115356445312
-202.24429321289062
-206.9957275390625
-197.03158569335938
-207.5584259033203
-205.1439208984375
-204.90914916992188
-212.09547424316406
-202.4664764404297
-204.2272491455078
-215.34921264648438
-198.7239990234375
-204.5274200439453
-207.1415557861328
-214.21693420410156
-206.63319396972656
-198.91407775878906
-199.2357940673828
-199.67042541503906
-200.929443359375
-201.2388916015625
-217.05001831054688
-200.2925567626953
-212.2182159423828
-198.54653930664062
-213.5323944091797
-213.60313415527344
-205.04513549804688
-218.9359588623047
-211.73065185546875
-206.37245178222656
-200.20750427246094
-199.90660095214844
-208.2781219482422
-222.1177978515625
-211.47288513183594
-200.15231323242188
-206.3905792236328
-205.33895874023438
-207.70147705078125
-211.6234893798828
-212.2631378173828
-205.0932159423828
-205.1925506591797
-200.54736328125
-209.2686309814453
-198.54086303710938
-208.4510955810547
-205.290283203125
-208.6768035888672
-205.60952758789062
-212.32786560058594
-208.249267578125
-202.79159545898438
-204.38490295410156
-205.37672424316406
-204.6247100830078
-212.6348419189453
-196.08949279785156
-205.37400817871094
-206.3943328857422
-203.26702880859375
-193.22952270507812
-203.91651916503906
-201.1681671142578
-196.02073669433594
-208.80690002441406
-217.88804626464844
-213.03363037109375
-204.21490478515625
-214.79229736328125
-206.564208984375
-206.3957977294922
-202.3494110107422
-203.96612548828125
-211.83642578125
-217.08848571777344
-201.8060760498047
-205.5963592529297
-201.76962280273438
-214.4578399658203
-203.9615020751953
-212.61834716796875
-209.93756103515625
-207.11929321289062
-195.0716552734375
-211.32266235351562
-198.3507080078125
-198.95965576171875
-208.2346954345703
-219.9325408935547
-205.39736938476562
-209.1201934814453
-210.7220001220703
-207.3824462890625
-213.94944763183594
-207.92982482910156
-203.95733642578125
-210.2034454345703
-215.408447265625
-206.41380310058594
-205.406494140625
-198.5264129638672
-204.3772735595703
-213.27899169921875
-202.35580444335938
-203.04945373535156
-210.95632934570312
-212.11228942871094
-209.17828369140625
-211.91085815429688
-208.2501678466797
-206.29568481445312
-196.74830627441406
-204.867919921875
-209.75086975097656
-204.45506286621094
-205.7593231201172
-198.4459228515625
-206.82305908203125
-204.13677978515625
-200.1427459716797
-215.35023498535156
-192.9958038330078
-197.11253356933594
-198.6155548095703
-221.0488739013672
-211.4182586669922
-210.07513427734375
-209.35781860351562
-209.73828125
-207.9228973388672
-204.971923828125
-205.5621337890625
-195.9404296875
-206.75827026367188
-213.29490661621094
-203.53561401367188
-212.60696411132812
-203.52304077148438
-194.85366821289062
-202.69485473632812
-209.32029724121094
-205.70779418945312
-211.7547149658203
-206.68992614746094
-196.21363830566406
-201.0579376220703
-211.62469482421875
-208.07098388671875
-219.73007202148438
-208.09756469726562
-195.62139892578125
-202.70599365234375
-208.3230438232422
-217.90548706054688
-213.91085815429688
-212.1898651123047
-208.24148559570312
-205.3466033935547
-207.37718200683594
-205.9036865234375
-202.0948486328125
-207.77333068847656
-207.51467895507812
-195.157958984375
-203.24853515625
-201.77857971191406
-211.04014587402344
-199.6020050048828
-206.30709838867188
-198.84237670898438
-201.4745635986328
-207.94932556152344
-202.5512237548828
-210.73318481445312
-199.266357421875
-203.73638916015625
-211.59927368164062
-204.5448760986328
-198.86180114746094
-193.6850128173828
-208.46461486816406
-206.76609802246094
-203.39865112304688
-209.00051879882812
-196.97442626953125
-205.81813049316406
-209.85643005371094
-208.18487548828125
-197.52694702148438
-198.0839080810547
-207.23829650878906
-213.2506561279297
-210.40127563476562
-208.67185974121094
-197.70123291015625
-203.23541259765625
-208.8038787841797
-212.95033264160156
-204.1556854248047
-209.19534301757812
-206.08653259277344
-199.16607666015625
-204.6652374267578
-198.9042205810547
-206.5377655029297
-201.300048828125
-210.5148468017578
-208.97911071777344
-205.84927368164062
-198.3433074951172
-203.40992736816406
-203.35452270507812
-206.6999053955078
-212.32215881347656
-203.54286193847656
-201.96665954589844
-205.18736267089844
-203.8666534423828
-206.43270874023438
-200.188720703125
-209.4915008544922
-210.35511779785156
-204.66995239257812
-207.85598754882812
-211.6653594970703
-195.8260498046875
-205.102783203125
-202.78765869140625
-204.47412109375
-198.4530792236328
-212.23056030273438
-216.83627319335938
-203.5595703125
-210.28697204589844
-202.95895385742188
-201.91502380371094
-199.61521911621094
-217.8031463623047
-210.1692352294922
-212.26895141601562
-201.4269256591797
-199.87234497070312
-201.22496032714844
-216.59996032714844
-196.19810485839844
-205.0736846923828
-197.76470947265625
-214.52847290039062
-205.06585693359375
-205.2275390625
-206.8158416748047
-207.50430297851562
-199.59054565429688
-206.7609100341797
-207.31227111816406
-209.7586669921875
-205.73207092285156
-222.200927734375
-213.79905700683594
-214.00357055664062
-202.15672302246094
-207.3218231201172
-198.9725341796875
-199.80569458007812
-203.16612243652344
-202.5262451171875
-205.14036560058594
-210.42333984375
-200.1461181640625
-208.38101196289062
-207.23025512695312
-211.15919494628906
-209.302734375
-211.07200622558594
-201.75697326660156
-200.30026245117188
-214.48953247070312
-204.6175994873047
-207.95721435546875
-204.722412109375
-216.43711853027344
-210.6825408935547
-212.48997497558594
-197.67446899414062
-195.5487060546875
-197.0123291015625
-201.10208129882812
-207.399658203125
-200.587890625
-199.86892700195312
-201.1784210205078
-210.4607696533203
-214.1985626220703
-195.15560913085938
-205.59487915039062
-210.9176025390625
-205.9532012939453
-206.10205078125
-204.9187774658203
-225.17295837402344
-209.31759643554688
-208.7509307861328
-213.32933044433594
-204.47279357910156
-213.82347106933594
-201.99937438964844
-207.11341857910156
-201.81968688964844
-223.11474609375
-216.7416534423828
-206.6104278564453
-207.8778076171875
-206.5937042236328
-209.92449951171875
-214.52642822265625
-207.12747192382812
-206.4483642578125
-208.02944946289062
-211.5628662109375
-212.95272827148438
-205.46189880371094
-201.17886352539062
-211.50082397460938
-199.1641845703125
-205.2436065673828
-213.8507843017578
-204.39151000976562
-199.8879852294922
-215.31907653808594
-205.30355834960938
-213.83737182617188
-202.9951171875
-211.10360717773438
-212.29298400878906
-201.5474853515625
-207.5669403076172
-213.66603088378906
-201.27198791503906
-202.80352783203125
-211.35858154296875
-215.1786651611328
-201.64297485351562
-199.38153076171875
-204.77041625976562
-200.65452575683594
-197.90345764160156
-212.13609313964844
-206.00897216796875
-201.22952270507812
-216.7091522216797
-203.82290649414062
-211.64913940429688
-203.07981872558594
-206.46755981445312
-204.48129272460938
-204.16673278808594
-216.68765258789062
-218.02731323242188
-204.46995544433594
-202.19256591796875
-211.70022583007812
-203.17901611328125
-214.19049072265625
-208.173828125
-198.98423767089844
-198.354736328125
-205.03277587890625
-211.57894897460938
-207.28207397460938
-210.61280822753906
-203.99742126464844
-197.33795166015625
-202.58570861816406
-209.88438415527344
-213.794677734375
-201.8527374267578
-202.32054138183594
-198.83721923828125
-207.7343292236328
-209.883544921875
-213.09234619140625
-197.588623046875
-220.69772338867188
-210.67771911621094
-209.31683349609375
-203.49168395996094
-212.88150024414062
-204.2274627685547
-196.43968200683594
-208.12020874023438
-200.48277282714844
-223.34764099121094
-205.0770721435547
-191.6482391357422
-210.55349731445312
-207.72308349609375
-211.70974731445312
-212.36602783203125
-201.067138671875
-198.60096740722656
-206.43055725097656
-198.74496459960938
-209.12081909179688
-195.491455078125
-202.0963134765625
-204.0738525390625
-208.87416076660156
-205.03086853027344
-207.5023193359375
-205.31654357910156
-205.41714477539062
-198.5498809814453
-203.19309997558594
-204.489990234375
-224.66754150390625
-205.8158721923828
-204.58067321777344
-203.75912475585938
-207.83766174316406
-205.3951873779297
-212.39523315429688
-200.14389038085938
-204.07798767089844
-212.39694213867188
-202.35116577148438
-213.06185913085938
-208.75625610351562
-207.71705627441406
-206.81951904296875
-204.14012145996094
-204.6231689453125
-207.76698303222656
-197.73724365234375
-209.10165405273438
-202.61959838867188
-199.3925018310547
-214.85292053222656
-192.01422119140625
-199.61154174804688
-203.01438903808594
-213.0620880126953
