-100.07323455810547
-111.32146453857422
-104.69902038574219
-110.19042205810547
-108.26407623291016
-107.644287109375
-103.83060455322266
-94.45094299316406
-107.44767761230469
-101.6107177734375
-109.00169372558594
-103.26322937011719
-108.59319305419922
-104.38471984863281
-105.41273498535156
-100.61217498779297
-100.27220153808594
-107.98353576660156
-107.11925506591797
-99.4686050415039
-104.26787567138672
-103.81061553955078
-106.26583099365234
-106.66514587402344
-108.17572021484375
-112.44772338867188
-99.79618072509766
-108.2332534790039
-99.40524291992188
-102.15513610839844
-107.19316101074219
-112.62494659423828
-108.56800079345703
-111.68109130859375
-108.7533950805664
-102.26615142822266
-100.93141174316406
-105.20178985595703
-107.15208435058594
-102.08444213867188
-98.78919982910156
-99.21026611328125
-109.0897216796875
-104.32562255859375
-100.92195892333984
-109.50696563720703
-107.31607818603516
-106.57318878173828
-105.7282485961914
-103.09335327148438
-102.226318359375
-103.60038757324219
-103.92890167236328
-114.67748260498047
-109.7376480102539
-104.76564025878906
-106.48362731933594
-100.44921112060547
-96.14009857177734
-110.69540405273438
-103.70716857910156
-106.30657958984375
-100.30350494384766
-104.87203979492188
-108.37982177734375
-99.52912902832031
-106.64697265625
-103.61715698242188
-105.98220825195312
-100.32384490966797
-103.96530151367188
-102.77735137939453
-101.32290649414062
-110.42506408691406
-107.93396759033203
-106.97242736816406
-101.65074920654297
-107.74189758300781
-103.28138732910156
-107.8916015625
-101.39010620117188
-105.09732055664062
-98.44586181640625
-105.0602035522461
-109.08699798583984
-105.90220642089844
-106.03881072998047
-99.91151428222656
-107.49890899658203
-98.84041595458984
-103.02108001708984
-104.87211608886719
-107.8943099975586
-108.65746307373047
-110.43915557861328
-106.12753295898438
-105.30064392089844
-106.45475769042969
-103.01849365234375
-106.92005920410156
-107.50526428222656
-95.95573425292969
-109.27888488769531
-106.1321029663086
-103.72506713867188
-110.5927734375
-106.77433013916016
-99.65289306640625
-103.02626037597656
-97.51423645019531
-108.52265930175781
-95.54930877685547
-105.50067901611328
-98.38236999511719
-104.7677230834961
-101.9761734008789
-105.63666534423828
-101.91185760498047
-101.56269073486328
-98.62547302246094
-113.00413513183594
-104.0007553100586
-106.21439361572266
-102.46625518798828
-96.73131561279297
-105.9932861328125
-103.35002136230469
-97.9949951171875
-105.04158020019531
-104.76731872558594
-97.94210815429688
-107.52884674072266
-99.17034912109375
-104.90653228759766
-98.31524658203125
-100.23058319091797
-103.73258209228516
-108.7893295288086
-104.00603485107422
-101.9019775390625
-105.76455688476562
-106.1237564086914
-102.85137176513672
-103.85161590576172
-107.27442169189453
-102.0245132446289
-105.21041107177734
-103.59870910644531
-109.3130874633789
-109.55651092529297
-109.67549133300781
-98.51261138916016
-106.93309783935547
-107.09881591796875
-110.17365264892578
-110.98875427246094
-110.70960998535156
-104.33816528320312
-110.44076538085938
-101.02680969238281
-104.00951385498047
-102.92042541503906
-104.52655029296875
-102.79346466064453
-100.89360809326172
-102.7547378540039
-106.33311462402344
-113.41108703613281
-111.17439270019531
-105.98601531982422
-105.720458984375
-95.84495544433594
-108.51611328125
-103.31209564208984
-101.8525390625
-104.38667297363281
-101.99274444580078
-102.4736557006836
-107.92403411865234
-101.1733169555664
-104.7078857421875
-109.25109100341797
-104.84500122070312
-103.39089965820312
-101.05607604980469
-106.96226501464844
-102.35001373291016
-105.01545715332031
-106.77163696289062
-107.14155578613281
-107.71902465820312
-99.96154022216797
-100.58012390136719
-105.3914566040039
-101.35143280029297
-104.30054473876953
-103.22036743164062
-108.38801574707031
-100.7313461303711
-102.36946868896484
-102.81123352050781
-101.48503112792969
-105.61744689941406
-99.11851501464844
-105.80126953125
-104.19023132324219
-109.16217041015625
-100.38059997558594
-97.11962127685547
-111.10203552246094
-101.78572845458984
-104.4919662475586
-102.4757080078125
-111.51771545410156
-106.79055786132812
-104.92234802246094
-106.10942077636719
-103.72439575195312
-104.84718322753906
-102.31604766845703
-99.5167465209961
-111.44412994384766
-100.3100357055664
-109.28146362304688
-103.18282318115234
-109.95773315429688
-105.99710845947266
-106.9581069946289
-108.27938079833984
-109.56219482421875
-111.52442169189453
-113.59235382080078
-107.498291015625
-105.8783187866211
-107.96338653564453
-99.44451141357422
-107.58048248291016
-108.16119384765625
-107.76292419433594
-105.25199890136719
-109.0482177734375
-106.35155487060547
-105.56851959228516
-106.58570098876953
-105.91398620605469
-106.55177307128906
-107.02066040039062
-109.14765930175781
-102.93325805664062
-101.83448028564453
-107.66059875488281
-106.2589340209961
-102.39119720458984
-98.60221862792969
-101.95360565185547
-102.66509246826172
-108.5568618774414
-116.60678100585938
-103.70288848876953
-110.58247375488281
-110.23721313476562
-106.02989196777344
-104.95446014404297
-100.00917053222656
-98.90023803710938
-105.1080551147461
-107.68009185791016
-101.3937759399414
-99.5654067993164
-103.96353912353516
-101.58020782470703
-105.68274688720703
-105.8216781616211
-109.96866607666016
-100.15032958984375
-105.84259796142578
-107.62178039550781
-99.37876892089844
-103.67090606689453
-105.82715606689453
-98.11080932617188
-102.4664535522461
-106.54109191894531
-100.53685760498047
-97.74085235595703
-106.83879089355469
-103.72286224365234
-108.24871063232422
-108.71858978271484
-107.15165710449219
-106.73374938964844
-99.74734497070312
-102.16792297363281
-107.36003875732422
-105.99700927734375
-106.55790710449219
-104.12720489501953
-108.93730926513672
-104.05188751220703
-100.36676025390625
-102.4989013671875
-103.67669677734375
-109.22166442871094
-105.2513656616211
-108.00318908691406
-100.81912994384766
-99.2584457397461
-110.76254272460938
-107.21599578857422
-106.64281463623047
-106.59513092041016
-102.8974838256836
-102.7507553100586
-106.14423370361328
-100.46293640136719
-103.4152603149414
-99.25846862792969
-106.62991333007812
-103.58831787109375
-105.315185546875
-107.39674377441406
-109.21036529541016
-100.2425308227539
-97.75491333007812
-102.18861389160156
-110.1746597290039
-111.51090240478516
-102.06780242919922
-108.70467376708984
-109.60053253173828
-108.01069641113281
-102.6572036743164
-104.75972747802734
-107.33792114257812
-112.32524871826172
-111.78480529785156
-103.72515869140625
-104.72856140136719
-99.49398803710938
-111.11824798583984
-112.87483978271484
-105.58110809326172
-109.17598724365234
-104.9830093383789
-111.66574096679688
-100.09121704101562
-100.96892547607422
-104.36246490478516
-105.0447006225586
-115.11621856689453
-106.94934844970703
-107.76969146728516
-108.72924041748047
-108.87470245361328
-101.48959350585938
-107.76071166992188
-108.47917175292969
-110.21127319335938
-111.16777801513672
-108.44878387451172
-107.02499389648438
-107.79646301269531
-106.19066619873047
-109.9942398071289
-106.69955444335938
-104.86089324951172
-106.8785171508789
-103.82638549804688
-106.66776275634766
-107.23062133789062
-104.31298828125
-108.0553970336914
-100.15782165527344
-111.9382553100586
-107.11539459228516
-111.62940979003906
-102.08344268798828
-104.11367797851562
-98.61625671386719
-103.28135681152344
-105.40931701660156
-102.19682312011719
-102.9970474243164
-101.19998931884766
-109.33033752441406
-105.29387664794922
-102.98080444335938
-104.6053466796875
-108.92635345458984
-103.1031265258789
-100.83621215820312
-101.88555908203125
-103.24700927734375
-103.72477722167969
-105.01738739013672
-101.788818359375
-97.8782958984375
-112.65868377685547
-101.08944702148438
-104.38672637939453
-105.21485900878906
-101.81281280517578
-106.0942153930664
-102.19783782958984
-101.40983581542969
-113.17393493652344
-98.42756652832031
-105.8372573852539
-104.72380065917969
-104.42125701904297
-113.38909912109375
-106.29104614257812
-108.72998809814453
-102.38085174560547
-100.26934051513672
-99.78595733642578
-109.4461669921875
-100.74872589111328
-101.31710052490234
-105.68685913085938
-107.10205078125
-98.3849105834961
-106.26651763916016
-109.84223175048828
-99.18260955810547
-101.58132934570312
-104.20538330078125
-101.936279296875
-100.76362609863281
-109.84062957763672
-102.60205841064453
-109.88995361328125
-100.41007232666016
-104.81746673583984
-98.92940521240234
-104.80701446533203
-103.52517700195312
-105.2425537109375
-106.55442810058594
-103.39986419677734
-104.15567016601562
-104.95291900634766
-108.69361877441406
-95.32002258300781
-104.67539978027344
-101.26400756835938
-106.38935852050781
-99.72667694091797
-99.6842269897461
-109.426513671875
-102.45055389404297
-108.07157897949219
-101.46629333496094
-102.95603942871094
-110.97698211669922
-105.26913452148438
-110.7003402709961
-107.9637451171875
-110.38566589355469
-99.82392883300781
-105.95158386230469
-101.30326080322266
-111.9599838256836
-92.44300842285156
-103.0144271850586
-111.72954559326172
-112.18360900878906
-107.30955505371094
-101.976806640625
-99.38812255859375
-107.05411529541016
-102.51112365722656
-104.34163665771484
-104.45890808105469
-101.07229614257812
-103.14030456542969
-101.92851257324219
-111.46189880371094
-98.53266143798828
-102.17533874511719
-93.01444244384766
-102.94536590576172
-106.12872314453125
-97.09847259521484
-109.12359619140625
-101.06249237060547
-102.87088775634766
-98.07656860351562
-107.19224548339844
-107.00498962402344
-101.0480728149414
-101.37440490722656
-103.28447723388672
-107.73200988769531
-103.05951690673828
-107.18798065185547
-101.44184875488281
-106.63946533203125
-98.24369049072266
-101.63800811767578
-102.09882354736328
-104.38045501708984
-101.7596664428711
-99.35370635986328
-105.90452575683594
-102.81787872314453
-108.04474639892578
-99.55939483642578
-105.2635269165039
-106.1111068725586
-105.99372863769531
-107.59590148925781
-110.61387634277344
-101.14115905761719
-101.18334197998047
-100.9647445678711
-100.34302520751953
-102.44754028320312
-110.0076675415039
-100.33743286132812
-106.66525268554688
-99.8793716430664
-104.88057708740234
-105.47172546386719
-99.06224822998047
-105.75605773925781
-103.98155975341797
-111.8916015625
-100.81280517578125
-100.89167022705078
-102.11300659179688
-103.67320251464844
-105.5003890991211
-109.98734283447266
-110.87606811523438
-101.1493911743164
-101.495361328125
-106.9378890991211
-101.51189422607422
-102.79913330078125
-108.96387481689453
-103.44754791259766
-98.13615417480469
-107.751220703125
-108.40677642822266
-99.62171936035156
-103.72364807128906
-99.16305541992188
-110.12382507324219
-106.28575134277344
-107.8662338256836
-99.56037139892578
-102.94928741455078
-102.95249938964844
-106.39628601074219
-105.49322509765625
-108.10971069335938
-106.82049560546875
-108.5344467163086
-103.06629943847656
-107.93531036376953
-105.75930786132812
-102.89657592773438
-104.69264221191406
-109.54585266113281
-111.11933898925781
-107.54888153076172
-101.48918914794922
-103.51911163330078
-110.37528228759766
-102.57386779785156
-99.55500793457031
-100.91400146484375
-106.67132568359375
-96.45831298828125
-110.19493865966797
-101.49465942382812
-114.95714569091797
-108.0144271850586
-103.97394561767578
-106.34965515136719
-109.17110443115234
-107.74308013916016
-103.572021484375
-105.5421142578125
-106.54914093017578
-102.2308578491211
-100.33316040039062
-99.98160552978516
-98.41771697998047
-105.826171875
-102.83463287353516
-104.5078125
-106.72571563720703
-102.23289489746094
-104.71955871582031
-100.98976135253906
-100.00045776367188
-110.53839874267578
-109.76460266113281
-102.10874938964844
-103.38864135742188
-105.9337158203125
-106.68887329101562
-100.54203796386719
-100.09040832519531
-104.13653564453125
-101.02897644042969
-104.86640167236328
-102.77067565917969
-101.13101196289062
-107.4030532836914
-103.32198333740234
-112.3898696899414
-107.08411407470703
-104.61326599121094
-101.17696380615234
-105.96636199951172
-101.97291564941406
-101.41658020019531
-104.81065368652344
-100.20393371582031
-99.70484924316406
-103.35282897949219
-100.32760620117188
-104.82981872558594
-110.63976287841797
-105.65775299072266
-103.94688415527344
-109.04901123046875
-104.63385009765625
-105.77737426757812
-107.89540100097656
-102.78319549560547
-99.94027709960938
-104.9712905883789
-107.93359375
-104.43950653076172
-97.91104125976562
-112.5316162109375
-106.2618637084961
-111.07322692871094
-113.06939697265625
-105.71407318115234
-100.74102020263672
-97.71634674072266
-101.75957489013672
-103.2912368774414
-100.55657958984375
-101.57805633544922
-102.86556243896484
-115.12481689453125
-105.57976531982422
-112.4951400756836
-108.75973510742188
-108.60154724121094
-100.96737670898438
-105.26824951171875
-101.11654663085938
-102.54365539550781
-110.25458526611328
-99.93155670166016
-109.13109588623047
-102.66691589355469
-99.76788330078125
-102.92903137207031
-108.93989562988281
-101.45294189453125
-102.9298324584961
-107.12093353271484
-107.39005279541016
-107.12110900878906
-102.81040954589844
-100.771240234375
-108.68489074707031
-99.39137268066406
-100.87113952636719
-109.2119140625
-106.17450714111328
-108.36194610595703
-108.15624237060547
-105.47677612304688
-101.84954071044922
-106.253662109375
-106.8476333618164
-103.29737854003906
-101.3053207397461
-102.64212799072266
-105.91664123535156
-103.64493560791016
-100.95397186279297
-107.96100616455078
-98.31719207763672
-102.32438659667969
-105.90768432617188
-104.80709838867188
-106.11810302734375
-100.41048431396484
-103.57828521728516
-103.09681701660156
-99.25382995605469
-103.5318374633789
-112.15919494628906
-107.5074234008789
-104.0035400390625
-105.1802749633789
-105.9041976928711
-104.57319641113281
-107.00102233886719
-105.02733612060547
-101.54615783691406
-103.1240005493164
-105.1310043334961
-99.77229309082031
-104.68074035644531
-104.85616302490234
-102.57645416259766
-101.66014099121094
-102.4756851196289
-106.42476654052734
-111.36053466796875
-101.58837127685547
-103.09835815429688
-109.50117492675781
-103.37915802001953
-105.72505950927734
-100.22093200683594
-103.82148742675781
-105.20133209228516
-99.00761413574219
-102.36013793945312
-110.13572692871094
-103.46910095214844
-104.5972671508789
-106.49227142333984
-108.59080505371094
-99.42215728759766
-103.90841674804688
-104.42510223388672
-97.49158477783203
-102.79960632324219
-106.77886962890625
-100.85429382324219
-101.45476531982422
-107.90583038330078
-106.27989196777344
-102.92414093017578
-102.2708511352539
-103.55021667480469
-109.14434814453125
-105.91777801513672
-103.25419616699219
-101.35298156738281
-101.77562713623047
-99.34686279296875
-103.16568756103516
-107.99624633789062
-105.01399230957031
-102.20907592773438
-110.41019439697266
-103.7205810546875
-101.6079330444336
-98.20645141601562
-102.92640686035156
-98.72430419921875
-103.27720642089844
-103.34867858886719
-95.0408706665039
-106.52660369873047
-109.99658203125
-105.63121032714844
-101.67664337158203
-111.95259857177734
-113.07479095458984
-102.44969940185547
-100.42157745361328
-111.37547302246094
-107.61735534667969
-99.54393768310547
-105.97840118408203
-101.6912841796875
-105.70767211914062
-102.92345428466797
-104.75777435302734
-104.78888702392578
-104.88101196289062
-99.77569580078125
-105.04719543457031
-107.74392700195312
-99.27725219726562
-93.64979553222656
-102.50691986083984
-103.49874114990234
-103.1111831665039
-101.7811050415039
-105.38665771484375
-110.25082397460938
-103.84819793701172
-102.02886199951172
-103.70977020263672
-105.25740051269531
-106.66485595703125
-105.00711059570312
-112.9007568359375
-101.09967041015625
-101.80731964111328
-103.51570892333984
-109.45661926269531
-104.32484436035156
-105.93687438964844
-102.43553924560547
-101.74665069580078
-106.87372589111328
-100.92255401611328
-103.44137573242188
-104.81005859375
-101.26844787597656
-106.23233032226562
-104.181640625
-109.22220611572266
-103.41192626953125
-105.25288391113281
-106.4293441772461
-101.4009017944336
-107.18460845947266
-102.92871856689453
-106.69300842285156
-100.98886108398438
-99.07351684570312
-99.84425354003906
-108.72663879394531
-110.75633239746094
-105.72239685058594
-96.12483215332031
-105.57752990722656
-105.96637725830078
-109.66969299316406
-106.49880981445312
-106.93073272705078
-102.08975219726562
-107.57697296142578
-104.43370819091797
-103.03460693359375
-104.89283752441406
-103.80973052978516
-102.01655578613281
-101.88346862792969
-97.22059631347656
-104.96966552734375
-108.303955078125
-107.23870849609375
-105.23106384277344
-106.1479721069336
-101.79348754882812
-103.2221450805664
-106.26065826416016
-101.39622497558594
-108.3461685180664
-104.78972625732422
-106.79592895507812
-98.42761993408203
-100.89864349365234
-105.50497436523438
-102.08183288574219
-102.08367156982422
-108.59306335449219
-101.19009399414062
-105.67166900634766
-99.46881103515625
-103.90972900390625
-105.25408172607422
-105.7084732055664
-109.57063293457031
-109.7919921875
-105.60787963867188
-104.38722229003906
-100.86705017089844
-109.67472839355469
-98.00760650634766
-111.39602661132812
-103.82469940185547
-109.11139678955078
-102.30657196044922
-100.71966552734375
-101.98664093017578
-103.00861358642578
-105.92578125
-110.80821990966797
-107.28778839111328
-107.48113250732422
-101.82483673095703
-110.87673950195312
-103.8525161743164
-107.32618713378906
-109.74495697021484
-107.96159362792969
-105.60713958740234
-111.65109252929688
-104.49626159667969
-108.02781677246094
-102.14509582519531
-103.09666442871094
-108.49095153808594
-107.56097412109375
-108.479736328125
-109.19490051269531
-107.48143768310547
-104.24959564208984
-106.7068099975586
-105.49736022949219
-102.43509674072266
-108.75334930419922
-101.3689193725586
-107.68448638916016
-103.49932861328125
-100.74908447265625
-104.32250213623047
-105.64558410644531
-103.50572967529297
-102.45061492919922
-106.95223236083984
-105.11380767822266
-108.22213745117188
-110.4939956665039
-98.76470947265625
-104.0428466796875
-98.3208999633789
-109.39570617675781
-102.67375946044922
-101.82095336914062
-104.46593475341797
-105.19735717773438
-107.10486602783203
-108.31755828857422
-103.66944122314453
-105.31645202636719
-105.71137237548828
-107.63773345947266
