-109.72003173828125
-122.66999816894531
-113.803955078125
-119.11134338378906
-119.90620422363281
-118.59111785888672
-114.3546142578125
-103.52169036865234
-118.22792053222656
-108.84510803222656
-117.71849060058594
-112.13335418701172
-118.97772979736328
-114.58357238769531
-112.38224792480469
-108.92594909667969
-110.57964324951172
-119.26932525634766
-115.84001159667969
-107.61109161376953
-115.127685546875
-113.72208404541016
-114.22931671142578
-114.535400390625
-117.32801818847656
-121.91057586669922
-110.8506088256836
-119.25423431396484
-110.20223236083984
-112.42094421386719
-117.75852966308594
-123.26331329345703
-120.18456268310547
-122.2762451171875
-118.78487396240234
-111.90869903564453
-111.7490234375
-113.58869934082031
-115.40526580810547
-112.94062042236328
-106.74383544921875
-107.78036499023438
-118.25916290283203
-112.2916488647461
-110.69396209716797
-120.08489227294922
-114.54192352294922
-113.21102905273438
-115.15198516845703
-113.30274200439453
-109.95159149169922
-112.50211334228516
-114.41464233398438
-122.46668243408203
-118.30304718017578
-113.9522933959961
-117.35105895996094
-107.69705963134766
-106.2621841430664
-120.18597412109375
-113.66390991210938
-117.59382629394531
-110.40625
-113.45233154296875
-118.42879486083984
-109.65546417236328
-114.93827819824219
-114.54174041748047
-114.92630004882812
-108.2400894165039
-111.77457427978516
-110.85511016845703
-109.92784881591797
-120.5145034790039
-116.24833679199219
-116.71431732177734
-111.12430572509766
-117.61909484863281
-112.88655853271484
-116.75970458984375
-110.56651306152344
-114.4920654296875
-105.33296966552734
-111.9381103515625
-117.52720642089844
-114.668701171875
-115.02252197265625
-106.98445129394531
-115.36984252929688
-106.7439193725586
-111.82341003417969
-114.72674560546875
-114.66429138183594
-115.00588989257812
-118.30529022216797
-111.86184692382812
-114.41552734375
-116.21700286865234
-110.92706298828125
-115.37528991699219
-116.3172607421875
-102.54531860351562
-118.14720153808594
-115.81521606445312
-112.42838287353516
-120.82209014892578
-117.32803344726562
-107.95173645019531
-114.13619995117188
-104.75773620605469
-114.86662292480469
-103.28238677978516
-115.46895599365234
-107.73075866699219
-112.72372436523438
-108.97002410888672
-114.50414276123047
-110.75640869140625
-111.03231811523438
-107.1799545288086
-121.72687530517578
-113.6310806274414
-115.52978515625
-111.78636932373047
-104.65550231933594
-117.22975158691406
-111.62931823730469
-106.76277160644531
-113.11196899414062
-112.72212219238281
-107.27538299560547
-116.41960906982422
-107.08883666992188
-112.0751724243164
-108.01274108886719
-109.4349136352539
-112.71316528320312
-117.0477066040039
-111.9930191040039
-110.08092498779297
-114.84708404541016
-115.30631256103516
-111.67534637451172
-111.90077209472656
-114.82846069335938
-110.95804595947266
-113.80402374267578
-113.20560455322266
-117.50424194335938
-118.27230072021484
-121.18294525146484
-106.64318084716797
-117.20025634765625
-114.1607666015625
-117.91751861572266
-119.38031768798828
-119.51022338867188
-116.16739654541016
-117.9850845336914
-110.386962890625
-112.21504974365234
-110.61664581298828
-113.78752136230469
-109.66979217529297
-109.20584106445312
-110.69615173339844
-115.23907470703125
-120.36174774169922
-118.0453872680664
-114.15250396728516
-113.84745788574219
-103.16557312011719
-119.17325592041016
-110.68722534179688
-109.10657501220703
-112.38752746582031
-110.91598510742188
-112.57550048828125
-116.10340881347656
-109.55634307861328
-113.25126647949219
-117.21428680419922
-114.06876373291016
-111.71089172363281
-108.85464477539062
-114.51337432861328
-110.12554168701172
-113.68317413330078
-115.03742218017578
-115.80146789550781
-115.8743896484375
-107.85153198242188
-109.01087951660156
-113.26348114013672
-108.40475463867188
-113.53245544433594
-110.44466400146484
-115.76176452636719
-108.20803833007812
-111.94004821777344
-110.90457916259766
-111.09538269042969
-114.53621673583984
-108.60107421875
-114.81143951416016
-114.0712661743164
-116.47882080078125
-107.1807632446289
-104.54679870605469
-118.88616180419922
-109.6239013671875
-113.34515380859375
-110.37203979492188
-120.41442108154297
-115.43941497802734
-114.93697357177734
-114.11634826660156
-111.73125457763672
-112.98989868164062
-110.32749938964844
-107.69108581542969
-118.28083038330078
-109.54679870605469
-120.93309020996094
-113.58026885986328
-117.02240753173828
-113.57088470458984
-116.16675567626953
-116.59075164794922
-117.57508850097656
-120.74361419677734
-120.76371765136719
-115.12454223632812
-114.45152282714844
-115.82843017578125
-107.91124725341797
-116.76983642578125
-117.78832244873047
-117.38639831542969
-113.05943298339844
-119.27461242675781
-113.97007751464844
-113.66780090332031
-114.08524322509766
-114.1900634765625
-113.5312728881836
-115.49674224853516
-116.76261138916016
-110.85920715332031
-110.90176391601562
-115.4061279296875
-116.2671127319336
-110.82440185546875
-106.01087188720703
-110.45538330078125
-111.36652374267578
-113.62071990966797
-125.42251586914062
-112.69636535644531
-118.11731719970703
-119.39968872070312
-113.9903564453125
-115.10343170166016
-108.52156829833984
-109.27913665771484
-113.14363098144531
-116.506591796875
-106.92662811279297
-106.34244537353516
-114.77835083007812
-107.50023651123047
-114.28105926513672
-112.73077392578125
-117.79104614257812
-107.34906768798828
-114.97525787353516
-115.39047241210938
-106.18584442138672
-113.0255355834961
-114.74335479736328
-108.04625701904297
-110.3194808959961
-115.08979797363281
-109.51992797851562
-105.21218872070312
-115.41401672363281
-111.63909912109375
-115.2990951538086
-116.4901123046875
-113.62370300292969
-115.18914031982422
-105.98599243164062
-111.25484466552734
-115.96106719970703
-113.33949279785156
-114.35443878173828
-111.95289611816406
-116.4939193725586
-112.23431396484375
-108.19322204589844
-110.64595031738281
-113.12840270996094
-118.9857177734375
-113.16902923583984
-117.46087646484375
-109.15104675292969
-107.5531005859375
-117.48583221435547
-115.77811431884766
-114.35713958740234
-115.88672637939453
-112.01264190673828
-111.73663330078125
-114.63520050048828
-107.6402587890625
-113.15738677978516
-109.60964965820312
-116.6965103149414
-111.84208679199219
-112.91414642333984
-114.08324432373047
-118.4877700805664
-107.75868225097656
-105.15538787841797
-110.67645263671875
-119.01639556884766
-120.31111145019531
-109.88579559326172
-120.17729949951172
-116.14275360107422
-114.75518798828125
-110.53671264648438
-111.71324157714844
-112.26651000976562
-121.1229019165039
-120.41272735595703
-111.93958282470703
-112.63052368164062
-109.20523834228516
-117.0941162109375
-121.27655029296875
-116.07479858398438
-119.24049377441406
-113.17373657226562
-118.59602355957031
-109.17337036132812
-108.78494262695312
-112.81147003173828
-114.38605499267578
-122.80487823486328
-115.25531005859375
-116.07656860351562
-117.60933685302734
-117.46339416503906
-108.34737396240234
-115.11274719238281
-117.35672760009766
-118.90182495117188
-119.29405212402344
-117.19856262207031
-115.04286193847656
-114.90800476074219
-113.41930389404297
-120.4580078125
-114.79794311523438
-111.43914031982422
-112.9150161743164
-112.10526275634766
-113.51002502441406
-113.98667907714844
-112.11631774902344
-115.59981536865234
-106.8450698852539
-121.2763900756836
-116.56952667236328
-118.61395263671875
-109.21460723876953
-111.4036636352539
-105.52644348144531
-110.55165100097656
-112.82245635986328
-107.39080810546875
-111.69132995605469
-109.12551879882812
-115.41949462890625
-112.49688720703125
-109.19127655029297
-113.75184631347656
-117.0184555053711
-109.66096496582031
-107.03192138671875
-106.57307434082031
-111.90425109863281
-111.77125549316406
-112.82173156738281
-111.25804138183594
-105.21713256835938
-120.74518585205078
-107.33060455322266
-111.9927749633789
-112.77867889404297
-110.00743103027344
-113.87921905517578
-107.80792236328125
-109.21623992919922
-120.90396118164062
-107.03294372558594
-112.90795135498047
-112.52980041503906
-111.6655502319336
-122.03274536132812
-113.13978576660156
-116.06925964355469
-110.35134887695312
-107.2786865234375
-107.21977233886719
-119.51139068603516
-109.3156967163086
-107.84285736083984
-114.50614929199219
-114.79145050048828
-105.14016723632812
-113.56883239746094
-120.6154556274414
-106.97483825683594
-109.52759552001953
-110.86670684814453
-108.76604461669922
-108.50328826904297
-116.62117004394531
-108.52544403076172
-118.13340759277344
-107.74420928955078
-110.40767669677734
-106.6413345336914
-113.41110229492188
-111.82318878173828
-110.25605010986328
-115.44593048095703
-110.93379211425781
-111.2831802368164
-111.39964294433594
-115.09449005126953
-100.6921615600586
-112.51676940917969
-108.776123046875
-113.97600555419922
-109.60810089111328
-105.77288818359375
-115.81500244140625
-109.47530364990234
-116.99542999267578
-110.4327163696289
-111.97563171386719
-120.92391204833984
-112.80838012695312
-118.4918441772461
-115.98599243164062
-119.64301300048828
-107.5266342163086
-114.64387512207031
-109.3428726196289
-118.67440795898438
-102.11343383789062
-111.93672180175781
-118.28185272216797
-119.89064025878906
-117.75904083251953
-106.99571990966797
-105.73004150390625
-114.36067199707031
-110.32661437988281
-111.44510650634766
-112.57915496826172
-110.16454315185547
-110.68474578857422
-110.50979614257812
-123.49868774414062
-106.22173309326172
-109.23938751220703
-101.01666259765625
-111.91886138916016
-113.6333236694336
-103.23738098144531
-117.14232635498047
-109.76351928710938
-111.31326293945312
-103.60702514648438
-113.35396575927734
-114.90094757080078
-109.36170196533203
-109.70284271240234
-110.25288391113281
-115.22227478027344
-109.25346374511719
-112.49520111083984
-105.64688873291016
-112.55247497558594
-105.08037567138672
-108.29853057861328
-110.33773040771484
-111.1085205078125
-110.6671371459961
-106.1636734008789
-112.36637115478516
-111.99431610107422
-115.48723602294922
-108.70555877685547
-112.60557556152344
-116.27899932861328
-112.62278747558594
-117.12002563476562
-118.10807800292969
-107.93571472167969
-107.03429412841797
-107.41918182373047
-107.94091033935547
-109.29597473144531
-117.48772430419922
-108.8395767211914
-112.64295959472656
-107.37725067138672
-113.2756576538086
-111.81736755371094
-106.52542114257812
-113.24375915527344
-110.8121109008789
-119.3758316040039
-107.45906066894531
-109.03369903564453
-111.2510757446289
-112.7899169921875
-111.64717864990234
-116.02490234375
-119.1047592163086
-110.06834411621094
-110.9390869140625
-113.98455810546875
-110.0897216796875
-111.20718383789062
-115.3284912109375
-113.71621704101562
-104.43891906738281
-115.5205307006836
-117.55469512939453
-106.6581802368164
-112.31571197509766
-109.3318099975586
-116.94766235351562
-115.03996276855469
-115.04170227050781
-106.72834014892578
-109.33819580078125
-111.29429626464844
-114.18527221679688
-113.53068542480469
-113.74093627929688
-114.64981079101562
-115.84339904785156
-110.43567657470703
-114.62552642822266
-112.7984848022461
-110.49826049804688
-113.29309844970703
-119.18463897705078
-119.77982330322266
-116.59941101074219
-108.87259674072266
-111.34013366699219
-118.78451538085938
-110.47196960449219
-108.06421661376953
-108.90773010253906
-115.5694580078125
-102.09607696533203
-116.53015899658203
-106.34854125976562
-123.5781021118164
-116.09002685546875
-112.1695556640625
-114.1493911743164
-114.92585754394531
-113.1715316772461
-111.637939453125
-112.6799545288086
-114.27798461914062
-109.37521362304688
-104.45459747314453
-107.16870880126953
-104.96524047851562
-114.05891418457031
-110.39395904541016
-110.9912338256836
-113.90454864501953
-109.15895080566406
-112.26161193847656
-107.76827239990234
-105.74748229980469
-118.23516082763672
-118.44745635986328
-110.56192779541016
-109.4842529296875
-114.31484985351562
-114.26842498779297
-108.0495834350586
-109.97803497314453
-111.60105895996094
-108.29415130615234
-111.95989227294922
-111.35685729980469
-108.75103759765625
-114.00328063964844
-112.51761627197266
-121.18075561523438
-114.57635498046875
-113.47966003417969
-109.39836883544922
-112.50618743896484
-108.5885009765625
-108.2285385131836
-111.95561981201172
-109.27847290039062
-108.54266357421875
-110.18965911865234
-106.33553314208984
-111.32361602783203
-116.40830993652344
-110.70130157470703
-110.17565155029297
-117.4325180053711
-113.76229858398438
-113.02647399902344
-116.80541229248047
-110.63706970214844
-106.70508575439453
-114.07164001464844
-115.74919891357422
-112.2921142578125
-105.15680694580078
-118.04299926757812
-113.3739013671875
-119.21949005126953
-119.33154296875
-111.48348999023438
-110.76113891601562
-105.62421417236328
-110.12564849853516
-109.00159454345703
-108.9222412109375
-110.95355987548828
-113.60138702392578
-122.33283233642578
-112.6347427368164
-121.12541961669922
-116.76443481445312
-114.56681060791016
-107.13434600830078
-113.56513214111328
-108.23139953613281
-109.63534545898438
-117.86407470703125
-107.18630981445312
-116.47196960449219
-109.71166229248047
-105.55848693847656
-110.48033905029297
-116.67452239990234
-111.08590698242188
-111.03166961669922
-115.8604965209961
-115.24300384521484
-114.27526092529297
-111.30410766601562
-108.00814056396484
-114.57666778564453
-106.06945037841797
-107.17124938964844
-117.78441619873047
-114.50000762939453
-116.07300567626953
-115.17970275878906
-113.6664047241211
-109.05801391601562
-112.98152923583984
-114.676025390625
-109.30017852783203
-107.32659912109375
-108.4439697265625
-113.013671875
-111.2885971069336
-109.07666778564453
-115.33399963378906
-104.65737915039062
-110.63816833496094
-112.03092193603516
-112.38652038574219
-113.8487777709961
-108.08039093017578
-111.86962890625
-112.19506072998047
-108.41740417480469
-110.50641632080078
-119.56737518310547
-115.55325317382812
-112.45086669921875
-113.11099243164062
-111.85362243652344
-112.94470977783203
-113.61051940917969
-112.87645721435547
-107.40882873535156
-110.13822174072266
-112.16201782226562
-107.88937377929688
-112.51773071289062
-110.8564453125
-109.72377014160156
-108.77925872802734
-110.91520690917969
-112.7688217163086
-119.59355163574219
-108.62200927734375
-111.60468292236328
-115.91131591796875
-110.60704040527344
-114.1140365600586
-108.0074234008789
-112.27964782714844
-113.53987121582031
-104.6539077758789
-108.33409118652344
-116.85291290283203
-111.09072875976562
-112.50080108642578
-115.59452819824219
-114.6702880859375
-106.67671966552734
-112.21076202392578
-110.8701400756836
-103.98439025878906
-112.30416107177734
-113.18866729736328
-108.81181335449219
-106.24742126464844
-115.72891998291016
-112.63838195800781
-112.58381652832031
-108.55550384521484
-107.900390625
-115.2299575805664
-113.18489837646484
-111.02005004882812
-108.93199920654297
-109.69905090332031
-106.26459503173828
-111.24081420898438
-114.73258972167969
-113.16890716552734
-106.99691772460938
-117.88125610351562
-109.62679290771484
-110.20567321777344
-105.43163299560547
-109.73990631103516
-104.09039306640625
-110.38573455810547
-110.60952758789062
-100.58509063720703
-112.78113555908203
-116.90850067138672
-111.9856948852539
-109.14920806884766
-119.7552490234375
-120.096435546875
-108.90458679199219
-106.66466522216797
-118.56433868408203
-113.31856536865234
-107.2923583984375
-112.10749816894531
-108.11829376220703
-111.03522491455078
-107.03559875488281
-110.51441192626953
-112.59033966064453
-112.02568054199219
-105.7303466796875
-109.94734954833984
-114.29533386230469
-104.99523162841797
-100.56065368652344
-107.33631896972656
-108.37910461425781
-111.70857238769531
-108.63627624511719
-112.65431213378906
-116.68183898925781
-111.39637756347656
-110.0224380493164
-112.16901397705078
-112.481201171875
-114.30941772460938
-111.53488159179688
-118.42595672607422
-107.9921875
-108.22866821289062
-111.73522186279297
-115.20846557617188
-111.20365142822266
-112.62560272216797
-108.2022476196289
-110.77954864501953
-113.7757797241211
-106.26986694335938
-111.04676818847656
-113.42786407470703
-108.33253479003906
-113.45980072021484
-110.63240051269531
-116.58415222167969
-109.50807189941406
-112.28376770019531
-112.81832885742188
-108.41413879394531
-114.62223052978516
-110.39088439941406
-113.4668197631836
-107.94788360595703
-106.64061737060547
-106.02210235595703
-114.82539367675781
-118.58352661132812
-111.96669006347656
-101.72928619384766
-113.16976165771484
-113.58104705810547
-116.34230041503906
-115.11262512207031
-113.66812133789062
-106.93408966064453
-114.58235168457031
-110.72821044921875
-109.78386688232422
-110.41132354736328
-110.73507690429688
-108.52998352050781
-109.31805419921875
-102.87513732910156
-112.12419128417969
-116.72428894042969
-114.23998260498047
-110.59005737304688
-114.11070251464844
-108.09016418457031
-110.27745819091797
-114.03507995605469
-109.91197967529297
-115.643798828125
-110.62902069091797
-113.57945251464844
-105.16827392578125
-107.96023559570312
-113.58615112304688
-109.56732177734375
-108.18306732177734
-114.0284652709961
-109.01249694824219
-111.99114227294922
-106.48404693603516
-109.53295135498047
-111.27046966552734
-112.83213806152344
-115.51702117919922
-117.91036224365234
-111.89448547363281
-110.39824676513672
-104.51577758789062
-116.46602630615234
-104.0267562866211
-118.55864715576172
-111.36595916748047
-115.93280029296875
-109.29735565185547
-107.90336608886719
-109.32591247558594
-109.68878173828125
-112.2889175415039
-117.19151306152344
-114.4756851196289
-112.6376953125
-108.2932357788086
-118.10333251953125
-109.78382873535156
-114.48912048339844
-117.66239929199219
-113.83833312988281
-112.12054443359375
-116.38387298583984
-111.60450744628906
-115.23898315429688
-106.52759552001953
-109.33087158203125
-114.53801727294922
-113.26173400878906
-114.42930603027344
-113.03939056396484
-113.51976776123047
-109.46604919433594
-113.24340057373047
-111.93104553222656
-108.71058654785156
-114.18219757080078
-106.78297424316406
-115.30085754394531
-110.55015563964844
-105.96122741699219
-110.95951080322266
-112.80786895751953
-110.2301254272461
-110.14735412597656
-113.13764953613281
-112.2825927734375
-113.81690216064453
-117.39720153808594
-103.71365356445312
-109.91507720947266
-104.56517791748047
-114.9336929321289
-107.19945526123047
-106.2413558959961
-111.93785095214844
-112.80244445800781
-114.71642303466797
-111.591796875
-110.19110107421875
-112.71720886230469
-112.99058532714844
-111.52054595947266
