-100.28274536132812
-111.02730560302734
-103.30559539794922
-110.57666015625
-108.99517059326172
-107.78030395507812
-103.57472229003906
-93.77493286132812
-107.49114990234375
-101.6454849243164
-108.81098937988281
-103.63200378417969
-108.3372573852539
-104.38097381591797
-103.41503143310547
-100.6445541381836
-101.75895690917969
-107.98513793945312
-106.43122863769531
-100.4308853149414
-105.14280700683594
-103.57567596435547
-106.16719818115234
-105.39378356933594
-106.05671691894531
-112.56004333496094
-100.43012237548828
-107.77986907958984
-100.37944030761719
-101.8965835571289
-106.66779327392578
-113.48738861083984
-109.63678741455078
-111.72339630126953
-108.91464233398438
-101.9109878540039
-100.32151794433594
-106.07516479492188
-106.83211517333984
-102.708984375
-99.0789566040039
-98.05516815185547
-108.32939910888672
-104.245361328125
-100.40222930908203
-109.57743835449219
-106.5763168334961
-106.04750061035156
-104.87466430664062
-103.39314270019531
-101.19418334960938
-102.904296875
-103.90917205810547
-113.43124389648438
-108.7729263305664
-104.16839599609375
-107.52205657958984
-99.74993133544922
-96.38262176513672
-111.50823974609375
-104.61217498779297
-106.4054946899414
-101.00841522216797
-103.93872833251953
-108.15547180175781
-98.81707763671875
-105.89987182617188
-106.32902526855469
-104.30644989013672
-101.3284912109375
-103.5187759399414
-104.44091033935547
-101.93024444580078
-109.31999206542969
-108.05244445800781
-108.1078109741211
-101.95016479492188
-107.44612121582031
-103.30834197998047
-107.8311767578125
-103.38964080810547
-105.52965545654297
-96.47138977050781
-102.53760528564453
-108.83626556396484
-106.81062316894531
-105.89047241210938
-98.44013214111328
-107.14778137207031
-99.0710220336914
-102.41163635253906
-105.14573669433594
-106.39559936523438
-108.03707122802734
-109.49635314941406
-103.90019989013672
-104.85730743408203
-105.46293640136719
-103.42051696777344
-108.6544418334961
-106.22532653808594
-95.05573272705078
-111.13157653808594
-106.46221160888672
-103.69367218017578
-110.9923095703125
-108.89163208007812
-98.33604431152344
-102.40182495117188
-97.82057189941406
-108.51815032958984
-95.42192840576172
-106.27107238769531
-98.45864868164062
-107.94881439208984
-101.31636810302734
-105.72750091552734
-101.58244323730469
-101.85759735107422
-98.60025024414062
-113.49398803710938
-103.65990447998047
-105.1391372680664
-102.27466583251953
-95.9203872680664
-106.91246795654297
-103.96368408203125
-98.29103088378906
-105.75823974609375
-105.22492980957031
-98.52777862548828
-106.7123031616211
-99.20299530029297
-105.30754852294922
-99.59286499023438
-99.77454376220703
-103.59373474121094
-109.39102172851562
-103.97119140625
-102.0499267578125
-105.35208892822266
-107.23381805419922
-102.91212463378906
-103.10072326660156
-106.83973693847656
-101.19915771484375
-103.26300048828125
-103.33710479736328
-108.63890838623047
-109.10871887207031
-110.7275161743164
-98.94575500488281
-106.86116790771484
-107.12179565429688
-109.73809051513672
-109.0706787109375
-111.35123443603516
-105.1631088256836
-110.15022277832031
-101.3000259399414
-103.21072387695312
-104.12206268310547
-105.70478057861328
-103.57752990722656
-100.29547119140625
-101.5421142578125
-106.21439361572266
-111.85025024414062
-109.70225524902344
-105.78187561035156
-105.25204467773438
-94.14749908447266
-109.05233764648438
-102.50141143798828
-101.43733978271484
-103.48173522949219
-101.99633026123047
-103.09416198730469
-107.16458129882812
-101.11080169677734
-104.59964752197266
-109.7422866821289
-105.08773040771484
-103.87611389160156
-102.06060791015625
-106.65711212158203
-101.5510482788086
-105.46257019042969
-107.17347717285156
-106.20618438720703
-108.52320861816406
-98.42189025878906
-101.10128021240234
-105.24577331542969
-101.10230255126953
-103.92234802246094
-101.64117431640625
-107.58655548095703
-100.49349212646484
-103.09779357910156
-102.53209686279297
-103.50743103027344
-104.8165283203125
-99.00674438476562
-105.24189758300781
-103.16815185546875
-108.96160888671875
-99.75782775878906
-96.30857849121094
-111.20429992675781
-101.68894958496094
-104.03351593017578
-102.38412475585938
-112.67195129394531
-108.00784301757812
-104.07843780517578
-104.28404235839844
-103.58152770996094
-105.16072845458984
-101.02210235595703
-100.08134460449219
-110.44355773925781
-99.11225128173828
-109.17152404785156
-104.2904052734375
-109.41827392578125
-106.98790740966797
-106.1800537109375
-107.7230224609375
-108.5821533203125
-111.67518615722656
-111.6988754272461
-107.74220275878906
-105.27639770507812
-108.24755096435547
-98.88715362548828
-106.12223815917969
-107.92655181884766
-108.49524688720703
-104.15394592285156
-109.55551147460938
-104.39859771728516
-104.4212875366211
-106.87773132324219
-105.08502197265625
-105.08711242675781
-105.80016326904297
-108.11128234863281
-101.70536804199219
-101.36099243164062
-107.80907440185547
-106.75159454345703
-102.95378112792969
-98.70552062988281
-102.1643295288086
-101.62230682373047
-105.35269165039062
-115.76811218261719
-104.70053100585938
-109.92903137207031
-109.0647201538086
-104.208251953125
-103.97300720214844
-97.90498352050781
-98.64848327636719
-103.91127014160156
-106.5495834350586
-98.72188568115234
-99.57086181640625
-103.83595275878906
-100.83329010009766
-103.16191101074219
-103.74127197265625
-107.7133560180664
-99.14141845703125
-104.3687744140625
-107.20033264160156
-97.81816101074219
-102.7221450805664
-105.46654510498047
-98.77904510498047
-101.76258850097656
-106.18830108642578
-100.15016174316406
-97.83279418945312
-107.38887023925781
-102.53478240966797
-107.8841552734375
-108.74786376953125
-105.64361572265625
-105.88309478759766
-99.65805053710938
-103.22611236572266
-107.22063446044922
-104.04017639160156
-106.318359375
-103.42733001708984
-109.51671600341797
-103.62635803222656
-100.72331237792969
-101.34009552001953
-102.81957244873047
-108.8370590209961
-104.49361419677734
-106.985595703125
-101.01995849609375
-100.10979461669922
-109.20451354980469
-106.10324096679688
-107.58540344238281
-106.68157196044922
-103.10909271240234
-102.52105712890625
-105.15355682373047
-100.2323226928711
-103.78302001953125
-99.3802719116211
-106.11930084228516
-102.94751739501953
-103.46484375
-107.51807403564453
-109.4354019165039
-101.18511962890625
-98.9386978149414
-102.1713638305664
-109.82737731933594
-110.03865814208984
-101.54500579833984
-109.91871643066406
-107.75634765625
-106.97052001953125
-102.76968383789062
-104.26754760742188
-106.17627716064453
-111.36116790771484
-111.21745300292969
-103.81340026855469
-106.12198638916016
-99.50160217285156
-108.99533081054688
-113.12611389160156
-107.09415435791016
-110.37322998046875
-106.85704040527344
-110.90003204345703
-101.43638610839844
-101.11605072021484
-103.78614044189453
-105.3844223022461
-115.89018249511719
-106.99583435058594
-109.00093078613281
-108.74358367919922
-108.91580963134766
-99.80023193359375
-107.97471618652344
-109.09136962890625
-110.23151397705078
-110.68649291992188
-107.78538513183594
-105.74974822998047
-107.45928192138672
-104.5645751953125
-112.55994415283203
-107.26270294189453
-104.9868392944336
-104.99275207519531
-104.82674407958984
-105.93656921386719
-106.79649353027344
-104.4924545288086
-106.0761489868164
-98.96137237548828
-111.59963989257812
-107.7269515991211
-111.47444152832031
-102.87206268310547
-103.38294982910156
-98.9795913696289
-101.91902160644531
-105.34862518310547
-100.66912841796875
-103.6476058959961
-100.73563385009766
-109.0580062866211
-105.74691009521484
-103.11332702636719
-104.79840087890625
-108.70840454101562
-103.52798461914062
-101.07748413085938
-101.05253601074219
-103.38441467285156
-103.03485870361328
-106.14522552490234
-101.48429870605469
-97.68519592285156
-112.84088134765625
-101.48992919921875
-103.6767349243164
-105.71247863769531
-102.28005981445312
-105.88520812988281
-101.70731353759766
-103.25267791748047
-113.32437133789062
-99.39559173583984
-105.04447937011719
-105.0206069946289
-104.4641342163086
-112.97616577148438
-105.76605987548828
-107.67009735107422
-102.02175903320312
-100.90058898925781
-99.62321472167969
-110.24610137939453
-102.01344299316406
-101.748291015625
-107.04898071289062
-107.18070220947266
-99.02558898925781
-105.61127471923828
-111.25465393066406
-99.5950927734375
-103.17596435546875
-104.03031921386719
-102.1221694946289
-100.89259338378906
-110.0531005859375
-101.85569763183594
-110.0754165649414
-100.34131622314453
-103.80918884277344
-98.66261291503906
-105.48319244384766
-103.84510040283203
-105.00748443603516
-106.7600326538086
-102.20863342285156
-102.59486389160156
-104.06787872314453
-109.010498046875
-94.89456176757812
-103.7455062866211
-100.86312866210938
-105.28568267822266
-100.28277587890625
-99.47322845458984
-108.4300537109375
-102.58988952636719
-108.11568450927734
-101.81206512451172
-101.99224090576172
-111.33138275146484
-105.60244750976562
-110.42791748046875
-107.47611999511719
-109.18024444580078
-100.45713806152344
-105.88658905029297
-101.1982650756836
-110.28985595703125
-93.64862823486328
-104.83023834228516
-110.60123443603516
-111.87277221679688
-107.6039810180664
-100.79432678222656
-99.18074035644531
-105.31350708007812
-102.6215591430664
-103.41047668457031
-104.71971893310547
-101.37606811523438
-103.34217834472656
-103.15758514404297
-113.50018310546875
-99.138671875
-100.75900268554688
-93.74850463867188
-102.45726013183594
-106.14158630371094
-96.86181640625
-108.76246643066406
-101.51158905029297
-104.10188293457031
-99.37373352050781
-106.56412506103516
-107.99775695800781
-101.5827865600586
-101.12429809570312
-103.30656433105469
-108.43319702148438
-100.99801635742188
-107.34658813476562
-100.26702117919922
-104.07459259033203
-97.81423950195312
-102.2962417602539
-103.72731018066406
-105.244384765625
-102.91887664794922
-100.12454223632812
-106.40592956542969
-104.83908081054688
-108.69149017333984
-100.61519622802734
-104.69913482666016
-107.26201629638672
-104.3966293334961
-106.90911102294922
-111.32234191894531
-100.97978210449219
-101.470458984375
-101.65104675292969
-101.31989288330078
-101.65581512451172
-111.50384521484375
-101.2780532836914
-104.68224334716797
-100.3988037109375
-105.75814056396484
-105.7080307006836
-101.29883575439453
-106.38285064697266
-104.9025650024414
-112.30879211425781
-100.78245544433594
-101.38356018066406
-103.79115295410156
-104.71154022216797
-106.04718017578125
-108.10673522949219
-112.44880676269531
-103.05549621582031
-102.78373718261719
-107.29237365722656
-101.01548767089844
-104.1444320678711
-109.75531005859375
-104.75365447998047
-98.62388610839844
-107.73831176757812
-108.9776382446289
-100.57423400878906
-103.87078094482422
-100.29611206054688
-110.62049865722656
-107.45346069335938
-106.86406707763672
-99.5463638305664
-103.27149963378906
-102.85733795166016
-105.2979507446289
-105.30519104003906
-107.91878509521484
-108.1763916015625
-107.82760620117188
-103.12401580810547
-106.30580139160156
-103.99850463867188
-101.9756851196289
-105.52220153808594
-110.15611267089844
-111.9029312133789
-107.15860748291016
-100.9686050415039
-104.75065612792969
-110.38900756835938
-103.34403991699219
-101.17618560791016
-102.48430633544922
-107.0665054321289
-97.22419738769531
-109.2643051147461
-100.21295166015625
-115.77818298339844
-107.32620239257812
-104.37000274658203
-106.97480773925781
-110.11199188232422
-105.56930541992188
-104.2708740234375
-107.18628692626953
-108.37715911865234
-102.23828887939453
-99.6684341430664
-102.42947387695312
-99.75271606445312
-105.02928924560547
-103.03954315185547
-104.57364654541016
-107.21834564208984
-102.6621322631836
-104.54119873046875
-100.66046142578125
-101.33206176757812
-110.05842590332031
-110.21548461914062
-103.84803771972656
-103.25221252441406
-104.93329620361328
-106.08857727050781
-100.99244689941406
-100.87117767333984
-104.28178405761719
-100.49073028564453
-105.6521987915039
-101.94377136230469
-101.26036071777344
-106.73347473144531
-102.9247055053711
-113.00236511230469
-107.53868865966797
-104.05691528320312
-102.60187530517578
-106.52755737304688
-101.84681701660156
-101.2883071899414
-101.83998107910156
-99.40336608886719
-100.23271179199219
-101.56026458740234
-99.35782623291016
-105.30548858642578
-109.8415298461914
-104.92281341552734
-101.73789978027344
-110.15205383300781
-105.16845703125
-105.4780502319336
-106.96183013916016
-103.72626495361328
-99.5198974609375
-104.0202865600586
-107.41968536376953
-104.07086944580078
-96.75477600097656
-112.61611938476562
-106.1666259765625
-110.12750244140625
-111.51586151123047
-104.26488494873047
-101.42437744140625
-97.20372772216797
-101.70764923095703
-101.8764419555664
-100.85208129882812
-102.72221374511719
-103.10508728027344
-114.7573013305664
-105.05607604980469
-112.01163482666016
-108.58386993408203
-108.71785736083984
-100.64566040039062
-104.32557678222656
-100.86129760742188
-102.61308288574219
-110.45289611816406
-100.38300323486328
-108.78697967529297
-102.35297393798828
-98.56034851074219
-102.93791961669922
-108.94013977050781
-101.68804168701172
-102.89920806884766
-109.28321838378906
-106.39032745361328
-107.92937469482422
-101.99710083007812
-100.5041732788086
-109.6009292602539
-99.56684875488281
-99.85713195800781
-108.20417785644531
-108.65223693847656
-110.4815673828125
-107.88423156738281
-104.77101135253906
-103.14213562011719
-106.71044158935547
-107.67311096191406
-101.78886413574219
-101.8548812866211
-101.00559997558594
-106.09290313720703
-102.6108627319336
-98.69015502929688
-107.95207214355469
-98.7901382446289
-102.32349395751953
-105.38062286376953
-104.61515808105469
-106.06285095214844
-100.44573211669922
-104.32746124267578
-104.35297393798828
-99.30219268798828
-104.72449493408203
-111.50240325927734
-108.89383697509766
-103.6293716430664
-105.61113739013672
-104.82258605957031
-105.10581970214844
-106.8582534790039
-105.1479721069336
-101.14286041259766
-104.2348403930664
-104.02183532714844
-99.36637115478516
-107.447265625
-104.30091857910156
-103.73339080810547
-100.67620849609375
-102.528076171875
-105.80586242675781
-111.00448608398438
-103.30974578857422
-104.01753997802734
-109.08920288085938
-103.48338317871094
-107.780517578125
-100.96520233154297
-103.5971908569336
-105.60455322265625
-98.31427764892578
-103.14617919921875
-109.45376586914062
-101.99041748046875
-105.2176742553711
-107.6270751953125
-106.9150390625
-100.43021392822266
-104.13694763183594
-103.59879302978516
-97.36569213867188
-103.78184509277344
-107.58504486083984
-101.7328872680664
-100.29621887207031
-109.19693756103516
-107.25192260742188
-103.23782348632812
-101.11695861816406
-103.642578125
-108.72561645507812
-106.51358032226562
-103.62454223632812
-101.2015380859375
-103.0464859008789
-99.31996154785156
-102.46682739257812
-107.32086181640625
-104.3590316772461
-101.26980590820312
-110.6286392211914
-102.09265899658203
-103.07189178466797
-97.5851821899414
-101.52716064453125
-98.95401763916016
-102.41281127929688
-103.74120330810547
-94.95722198486328
-106.41006469726562
-109.05847930908203
-104.5516586303711
-100.30144500732422
-111.42402648925781
-112.10527038574219
-102.96458435058594
-99.37651062011719
-109.84651947021484
-107.89654541015625
-98.99398040771484
-104.90852355957031
-100.95140075683594
-104.14311218261719
-101.62503814697266
-103.7625503540039
-104.4645004272461
-104.1769027709961
-99.06076049804688
-103.09679412841797
-106.67363739013672
-97.97245788574219
-94.26358032226562
-102.47533416748047
-103.48631286621094
-104.66570281982422
-101.1283950805664
-105.00867462158203
-110.52192687988281
-104.10810089111328
-101.9618148803711
-104.54115295410156
-106.34634399414062
-105.73051452636719
-105.53700256347656
-111.5301742553711
-100.87287139892578
-101.15652465820312
-103.33123016357422
-108.34562683105469
-103.14945983886719
-107.1161117553711
-102.15238952636719
-101.43582153320312
-107.224609375
-100.08946228027344
-103.0386734008789
-106.02161407470703
-102.22840118408203
-106.41508483886719
-104.17889404296875
-109.07942199707031
-103.1091079711914
-105.9971694946289
-106.32748413085938
-101.27836608886719
-106.7394790649414
-104.4691390991211
-107.67533874511719
-101.77188110351562
-97.9547119140625
-100.46586608886719
-109.32115173339844
-110.77848052978516
-106.26282501220703
-96.29206848144531
-105.6418685913086
-106.68893432617188
-109.96145629882812
-106.67928314208984
-106.3685531616211
-101.93567657470703
-108.23841857910156
-103.700927734375
-103.84185028076172
-104.33041381835938
-104.65582275390625
-101.19210052490234
-102.50285339355469
-97.2301025390625
-105.04426574707031
-107.57273864746094
-107.35470581054688
-105.1553955078125
-106.32744598388672
-102.81814575195312
-103.72236633300781
-108.20455932617188
-103.60712432861328
-109.1826171875
-104.79785919189453
-105.68426513671875
-98.81859588623047
-101.72665405273438
-106.1366958618164
-101.82530975341797
-101.84334564208984
-108.08767700195312
-101.50554656982422
-106.66636657714844
-99.62784576416016
-105.13623046875
-105.35479736328125
-105.70648193359375
-109.0053939819336
-110.69999694824219
-103.93036651611328
-103.18843841552734
-100.19161224365234
-108.04476165771484
-98.38174438476562
-110.80697631835938
-103.61038970947266
-107.94381713867188
-101.6243667602539
-100.1166000366211
-101.67672729492188
-103.7232437133789
-105.11234283447266
-111.15315246582031
-107.93326568603516
-106.6947250366211
-100.70491027832031
-111.25508880615234
-101.52674865722656
-106.97073364257812
-109.28755187988281
-107.1184310913086
-104.78033447265625
-110.74584197998047
-103.07814025878906
-107.07969665527344
-101.3692855834961
-104.19132995605469
-107.05558013916016
-108.36753845214844
-108.39747619628906
-107.65825653076172
-107.87527465820312
-102.95519256591797
-105.55565643310547
-104.46442413330078
-103.25312805175781
-110.76068115234375
-101.50360870361328
-107.66082000732422
-104.15587615966797
-100.45116424560547
-104.53645324707031
-105.57243347167969
-103.33851623535156
-101.94925689697266
-106.0531997680664
-104.06550598144531
-108.16476440429688
-109.00344848632812
-98.43380737304688
-103.47270965576172
-97.4504623413086
-107.96752166748047
-101.4630126953125
-101.1106185913086
-104.46316528320312
-104.4515151977539
-107.80845642089844
-107.4087142944336
-102.56373596191406
-104.79866790771484
-105.7406234741211
-106.559326171875
