-101.67491149902344
-112.50909423828125
-104.86109161376953
-112.0816879272461
-110.75630950927734
-110.81429290771484
-105.27323150634766
-96.15569305419922
-109.86216735839844
-103.58612823486328
-109.91561889648438
-104.28612518310547
-110.89544677734375
-107.5171890258789
-104.97831726074219
-102.00537109375
-102.56044006347656
-110.89519500732422
-106.82744598388672
-101.05377960205078
-106.51907348632812
-105.21562194824219
-107.52687072753906
-107.07123565673828
-108.7857666015625
-114.27825927734375
-101.8242416381836
-111.4158706665039
-100.68445587158203
-104.4786148071289
-108.76348114013672
-114.97987365722656
-111.8648452758789
-112.18971252441406
-111.88029479980469
-103.50833129882812
-103.06129455566406
-106.54883575439453
-108.82206726074219
-105.057861328125
-99.90664672851562
-100.989990234375
-110.88622283935547
-105.17803192138672
-102.31255340576172
-112.49237823486328
-108.11782836914062
-107.66571807861328
-107.40214538574219
-104.43660736083984
-104.4749755859375
-105.98979187011719
-105.70954132080078
-116.12761688232422
-109.19438934326172
-106.05280303955078
-108.99053955078125
-102.96092987060547
-97.42832946777344
-113.13211059570312
-107.01164245605469
-109.4474105834961
-102.7191162109375
-104.78404235839844
-109.11433410644531
-100.59751892089844
-106.81584930419922
-106.35887908935547
-107.93561553955078
-100.89837646484375
-105.77269744873047
-103.4880142211914
-101.40547180175781
-111.79183197021484
-109.32072448730469
-107.5953369140625
-103.67716217041016
-108.87783813476562
-105.06269073486328
-108.93983459472656
-102.81802368164062
-106.16207122802734
-99.3812255859375
-105.4202880859375
-109.62345123291016
-107.07877349853516
-107.2890853881836
-99.41730499267578
-108.21883392333984
-99.54595947265625
-103.29824829101562
-106.60813903808594
-107.52660369873047
-109.08708953857422
-110.87800598144531
-105.64285278320312
-106.52973175048828
-106.55240631103516
-104.40540313720703
-109.32791900634766
-107.24938201904297
-96.68265533447266
-111.54736328125
-107.68840026855469
-104.96697998046875
-111.66876220703125
-108.791748046875
-101.01765441894531
-105.02306365966797
-98.84612274169922
-109.40496826171875
-97.47086334228516
-107.06859588623047
-100.37396240234375
-106.00017547607422
-102.65686798095703
-106.7520751953125
-102.89543151855469
-102.68951416015625
-100.6439437866211
-114.14151763916016
-105.83596801757812
-105.94873046875
-103.66256713867188
-97.90691375732422
-109.11450958251953
-105.14443969726562
-99.85553741455078
-108.10567474365234
-106.68241882324219
-99.32132720947266
-108.49658966064453
-99.91316986083984
-105.63888549804688
-100.45265197753906
-100.69481658935547
-104.65301513671875
-111.20320129394531
-105.55686950683594
-103.91014099121094
-107.4307861328125
-108.4773178100586
-105.32754516601562
-105.55779266357422
-107.75532531738281
-103.22728729248047
-107.17107391357422
-105.88580322265625
-110.88391876220703
-111.09532165527344
-112.64981842041016
-101.65886688232422
-107.91371154785156
-108.05533599853516
-112.39302062988281
-112.25559997558594
-113.78426361083984
-106.79627227783203
-111.5245361328125
-103.27471923828125
-105.54236602783203
-104.93572998046875
-106.80712890625
-103.8900146484375
-101.9496841430664
-102.78194427490234
-108.27732849121094
-113.52190399169922
-112.56983184814453
-108.89144897460938
-107.75656127929688
-96.54300689697266
-110.66899871826172
-102.43221282958984
-101.97372436523438
-103.70938110351562
-103.97716522216797
-105.23458862304688
-108.95447540283203
-101.68461608886719
-105.74348449707031
-110.8514175415039
-106.52227020263672
-104.63227844238281
-101.77880096435547
-107.62032318115234
-104.38299560546875
-106.79334259033203
-108.12800598144531
-108.52568054199219
-109.95413970947266
-100.98204040527344
-101.981689453125
-106.8901596069336
-101.896728515625
-105.44165802001953
-104.73941040039062
-108.44804382324219
-101.84922790527344
-105.47896575927734
-105.0938720703125
-104.06553649902344
-107.04104614257812
-101.38689422607422
-108.26763916015625
-105.42662048339844
-110.82312774658203
-102.31781005859375
-98.70069885253906
-112.815673828125
-103.79624938964844
-106.5448226928711
-103.23486328125
-113.66531372070312
-109.40485382080078
-106.55486297607422
-104.69111633300781
-104.12155151367188
-106.65557098388672
-103.41673278808594
-100.80215454101562
-111.75596618652344
-102.01274871826172
-111.91194915771484
-105.27023315429688
-111.37004089355469
-107.82286071777344
-108.9840316772461
-107.8599853515625
-110.2098617553711
-112.302734375
-113.58096313476562
-109.70459747314453
-107.18775939941406
-108.12398529052734
-100.9453125
-108.2470474243164
-108.856201171875
-109.50238037109375
-106.0096664428711
-110.99565124511719
-106.74907684326172
-104.62543487548828
-106.69803619384766
-107.8515396118164
-106.6257095336914
-107.01033782958984
-110.17102813720703
-103.43265533447266
-101.60382080078125
-109.02911376953125
-107.9581527709961
-103.91554260253906
-100.72649383544922
-104.4745864868164
-103.7599868774414
-108.3575439453125
-118.12962341308594
-104.78515625
-110.66796112060547
-112.79666137695312
-106.08341979980469
-104.60704803466797
-100.99829864501953
-101.59547424316406
-105.54006958007812
-109.38377380371094
-100.12916564941406
-100.29875183105469
-106.93089294433594
-102.30802917480469
-105.80162048339844
-104.75077819824219
-110.0495376586914
-100.36131286621094
-107.2112045288086
-108.53519439697266
-100.19792175292969
-104.17366790771484
-107.5929183959961
-99.58853149414062
-102.92504119873047
-107.50309753417969
-102.40515899658203
-98.66915893554688
-109.3305892944336
-104.05329895019531
-107.8078842163086
-109.71585845947266
-108.24276733398438
-107.3769760131836
-100.38862609863281
-103.77782440185547
-109.7891845703125
-105.56298828125
-107.5916976928711
-104.61146545410156
-110.51327514648438
-105.55134582519531
-100.93077850341797
-102.67173767089844
-105.29425048828125
-109.7673568725586
-107.07364654541016
-109.44549560546875
-102.30599975585938
-101.62420654296875
-110.32252502441406
-108.27424621582031
-107.7780990600586
-107.0768051147461
-102.90906524658203
-103.18244934082031
-106.8336181640625
-100.5860824584961
-104.47450256347656
-100.59761047363281
-107.8994140625
-104.75078582763672
-105.15670013427734
-107.84905242919922
-111.4432144165039
-103.09036254882812
-99.47151947021484
-103.16097259521484
-110.7861099243164
-113.47364044189453
-104.48755645751953
-110.3563461303711
-109.48660278320312
-109.44500732421875
-103.61188507080078
-105.22102355957031
-105.36000061035156
-112.92894744873047
-111.39105224609375
-104.20631408691406
-106.24754333496094
-101.7012939453125
-112.13801574707031
-112.66597747802734
-105.2938232421875
-110.26976776123047
-105.90205383300781
-112.55046081542969
-101.99807739257812
-100.80681610107422
-105.58404541015625
-106.57460021972656
-116.25723266601562
-107.28369903564453
-108.7834243774414
-109.34764862060547
-110.54804992675781
-103.38628387451172
-109.41720581054688
-108.38958740234375
-111.87986755371094
-111.3940200805664
-108.89776611328125
-107.81330108642578
-108.48111724853516
-106.36007690429688
-113.39053344726562
-106.52992248535156
-106.5309829711914
-104.80091857910156
-105.8916244506836
-107.50146484375
-106.99459075927734
-104.4635009765625
-107.8298110961914
-100.2527847290039
-110.56351470947266
-108.90237426757812
-112.53196716308594
-103.66027069091797
-103.979248046875
-99.96302032470703
-103.7097396850586
-105.64904022216797
-102.37551879882812
-104.48490142822266
-102.6366195678711
-109.84983825683594
-107.26143646240234
-103.72447204589844
-105.80430603027344
-110.45600128173828
-103.6267318725586
-101.53723907470703
-101.95313262939453
-105.61911010742188
-104.82379913330078
-107.20526123046875
-103.28866577148438
-99.01873016357422
-114.55481719970703
-102.26668548583984
-105.6243667602539
-107.11434936523438
-103.74989318847656
-107.20886993408203
-102.46463775634766
-104.65135192871094
-113.9271240234375
-99.99119567871094
-107.2535629272461
-107.04893493652344
-106.16011810302734
-114.26663208007812
-106.936767578125
-109.11967468261719
-104.59870910644531
-101.67081451416016
-99.31303405761719
-111.53496551513672
-102.93799591064453
-102.9098892211914
-106.94342803955078
-108.72221374511719
-100.54084777832031
-105.79133605957031
-112.54225158691406
-100.41521453857422
-102.81172180175781
-105.15702819824219
-103.4822998046875
-100.68071746826172
-111.25599670410156
-102.14081573486328
-111.06512451171875
-101.10041809082031
-104.91566467285156
-101.65009307861328
-107.774658203125
-104.96180725097656
-105.93132781982422
-107.88128662109375
-104.36967468261719
-104.35538482666016
-104.9333267211914
-110.27531433105469
-95.14212799072266
-106.41010284423828
-102.3976058959961
-107.65192413330078
-103.40904998779297
-101.12601470947266
-111.72123718261719
-103.00701904296875
-109.33718872070312
-103.47837829589844
-105.4085922241211
-112.40768432617188
-106.94697570800781
-111.39535522460938
-110.05455017089844
-111.40955352783203
-102.03451538085938
-107.74040222167969
-103.45508575439453
-113.8708724975586
-96.4705810546875
-104.41704559326172
-111.54411315917969
-114.507568359375
-109.24800109863281
-100.88934326171875
-100.6364974975586
-107.20040130615234
-104.450927734375
-105.93604278564453
-105.36622619628906
-103.37493133544922
-105.71800994873047
-104.53060150146484
-113.80909729003906
-100.7160415649414
-103.10021209716797
-95.19673919677734
-103.91161346435547
-107.92166137695312
-99.00520324707031
-109.8397445678711
-103.40857696533203
-104.2225112915039
-99.00818634033203
-107.8360824584961
-108.80388641357422
-103.23320770263672
-103.18610382080078
-103.63690948486328
-109.96318054199219
-104.20783996582031
-108.00647735595703
-101.63821411132812
-107.67411041259766
-99.79405975341797
-103.77870178222656
-104.82095336914062
-105.23077392578125
-103.8184814453125
-100.87841033935547
-108.3819351196289
-104.48963165283203
-109.06456756591797
-103.37937927246094
-106.72761535644531
-108.14168548583984
-105.8401870727539
-107.93807983398438
-113.07881164550781
-101.62348175048828
-102.02227783203125
-102.22574615478516
-102.11471557617188
-102.80519104003906
-111.81573486328125
-102.88141632080078
-107.10720825195312
-101.41319274902344
-106.1751708984375
-106.95042419433594
-101.03602600097656
-107.66580963134766
-105.91361236572266
-113.13025665283203
-103.17396545410156
-102.11979675292969
-104.13048553466797
-106.2935791015625
-107.2470932006836
-111.0556640625
-112.91988372802734
-102.79308319091797
-103.05632781982422
-106.95818328857422
-103.0477066040039
-103.73623657226562
-110.82575225830078
-105.84654998779297
-99.36045837402344
-108.64911651611328
-110.35818481445312
-101.82427215576172
-105.25926208496094
-102.21073150634766
-111.92989349365234
-109.02861785888672
-107.97994232177734
-101.74360656738281
-103.10022735595703
-104.42767333984375
-108.29337310791016
-106.87774658203125
-108.06137084960938
-109.9448471069336
-110.37776184082031
-104.27052307128906
-108.17076110839844
-105.4840316772461
-103.53959655761719
-106.32521057128906
-111.58314514160156
-113.25914764404297
-109.49374389648438
-101.25019836425781
-104.59884643554688
-111.90404510498047
-103.70864868164062
-102.2155532836914
-102.54814147949219
-108.22653198242188
-97.30435180664062
-110.88130950927734
-100.7431411743164
-116.50318145751953
-109.47665405273438
-105.00334930419922
-108.278564453125
-111.0330581665039
-108.01105499267578
-105.46709442138672
-106.62034606933594
-109.1599349975586
-103.38188171386719
-100.98291778564453
-101.22628784179688
-99.38310241699219
-106.216064453125
-103.81575775146484
-103.7933578491211
-106.97933959960938
-102.60562133789062
-106.99156188964844
-101.64193725585938
-100.55274963378906
-111.81514739990234
-110.80045318603516
-103.97853088378906
-105.02693176269531
-108.48258209228516
-107.58195495605469
-101.44189453125
-101.94161224365234
-106.646484375
-101.96471405029297
-106.86851501464844
-103.3486557006836
-103.35602569580078
-108.71089172363281
-106.0305404663086
-114.41056823730469
-108.71046447753906
-106.36519622802734
-104.06501770019531
-107.41405487060547
-103.64718627929688
-102.80512237548828
-105.66864013671875
-101.46578979492188
-101.71985626220703
-104.07676696777344
-99.8479232788086
-106.53954315185547
-111.27098846435547
-105.47179412841797
-104.52923583984375
-110.65354919433594
-106.65586853027344
-106.8309097290039
-110.11726379394531
-105.00652313232422
-100.54998779296875
-108.0179672241211
-109.08517456054688
-105.59395599365234
-100.4438247680664
-113.46914672851562
-108.29405975341797
-112.22019958496094
-113.70320129394531
-106.64323425292969
-103.935546875
-100.09296417236328
-103.98777770996094
-101.9818115234375
-102.84598541259766
-104.71646881103516
-105.14283752441406
-116.99395751953125
-108.18125915527344
-114.58865356445312
-111.28160858154297
-110.0133285522461
-101.67736053466797
-105.14336395263672
-101.88286590576172
-104.26542663574219
-113.98521423339844
-100.478759765625
-110.4021224975586
-104.18415832519531
-99.9777603149414
-104.54661560058594
-109.86386108398438
-104.85843658447266
-105.13951873779297
-108.2880859375
-108.14720916748047
-107.75849151611328
-104.19554901123047
-102.76654052734375
-109.20101928710938
-100.39212036132812
-100.47962951660156
-110.86854553222656
-108.98473358154297
-110.56133270263672
-109.38993072509766
-108.18114471435547
-102.87750244140625
-108.2594223022461
-108.26756286621094
-103.23058319091797
-102.56092071533203
-103.4188461303711
-107.560791015625
-105.41918182373047
-99.99150848388672
-107.92314910888672
-98.98548126220703
-105.20529174804688
-107.51661682128906
-105.91587829589844
-108.33663940429688
-103.04647064208984
-105.34638214111328
-105.72773742675781
-101.21939849853516
-105.8089370727539
-111.95964813232422
-110.17473602294922
-104.76274871826172
-105.57406616210938
-106.21446990966797
-106.37903594970703
-108.52888488769531
-106.66060638427734
-103.7447280883789
-104.30287170410156
-105.14582061767578
-101.9933853149414
-106.99150085449219
-104.24180603027344
-103.31011962890625
-102.82240295410156
-104.37373352050781
-107.2352523803711
-111.55094146728516
-102.71529388427734
-104.26105499267578
-109.78801727294922
-104.03829956054688
-108.30508422851562
-100.6549301147461
-104.24147033691406
-107.35313415527344
-99.3393325805664
-104.76307678222656
-110.12369537353516
-102.8531494140625
-105.05764770507812
-109.43603515625
-109.33778381347656
-101.34685516357422
-105.55443572998047
-104.80785369873047
-98.79331970214844
-106.35302734375
-107.39464569091797
-100.64530181884766
-102.34654998779297
-110.39153289794922
-108.87857818603516
-104.73829650878906
-102.79381561279297
-104.22611236572266
-110.49247741699219
-107.10476684570312
-105.80847930908203
-102.44390106201172
-103.18040466308594
-100.58780670166016
-104.3208999633789
-107.85517120361328
-105.76823425292969
-102.46808624267578
-110.62960052490234
-103.46231842041016
-103.33663940429688
-100.1869888305664
-103.37554931640625
-99.35504913330078
-103.41781616210938
-104.6358413696289
-94.98686218261719
-107.26663208007812
-110.6171875
-106.841064453125
-102.2784423828125
-112.56165313720703
-113.29694366455078
-102.90796661376953
-100.77921295166016
-113.16232299804688
-109.12023162841797
-101.01228332519531
-107.04342651367188
-101.6600570678711
-106.26004791259766
-102.84362030029297
-104.75202178955078
-107.51309204101562
-107.09976196289062
-100.76708984375
-106.29911041259766
-108.61418914794922
-99.29496765136719
-96.77914428710938
-101.88301086425781
-105.86788177490234
-106.71344757080078
-102.30620574951172
-108.67585754394531
-111.61138916015625
-105.11539459228516
-104.54801177978516
-104.98829650878906
-106.9571533203125
-107.55911254882812
-105.84921264648438
-112.27494812011719
-102.02581787109375
-102.71250915527344
-106.32893371582031
-111.28117370605469
-105.78829956054688
-107.76299285888672
-102.88626861572266
-105.26326751708984
-107.28134155273438
-101.99656677246094
-105.68943786621094
-107.84850311279297
-104.38036346435547
-108.03043365478516
-104.82636260986328
-111.44651794433594
-105.77107238769531
-107.38687133789062
-106.564208984375
-103.43231201171875
-110.39035034179688
-106.95185089111328
-108.42346954345703
-103.1836166381836
-100.7948989868164
-102.7757797241211
-110.48674774169922
-112.43241119384766
-107.36138153076172
-97.25430297851562
-108.62141418457031
-107.14368438720703
-109.11347961425781
-107.41326904296875
-108.30221557617188
-103.69686126708984
-107.6086196899414
-105.9410400390625
-105.0623779296875
-106.02937316894531
-105.51893615722656
-102.98188781738281
-103.2265625
-98.12773132324219
-105.9786605834961
-108.84571838378906
-108.29098510742188
-105.67852020263672
-109.1507568359375
-103.08295440673828
-104.7159423828125
-107.54496765136719
-103.80297088623047
-108.30186462402344
-105.23631286621094
-108.2985610961914
-99.97280883789062
-101.88878631591797
-108.403564453125
-102.93705749511719
-103.57022857666016
-110.17259979248047
-102.25263977050781
-107.80069732666016
-101.4599609375
-104.59004974365234
-106.18378448486328
-106.98602294921875
-110.43727111816406
-110.55226135253906
-106.47711181640625
-106.05187225341797
-103.17581939697266
-110.20381927490234
-98.81497192382812
-113.3603515625
-104.93321990966797
-109.23768615722656
-103.71136474609375
-102.52692413330078
-102.69845581054688
-103.83609008789062
-108.41759490966797
-111.41400909423828
-110.20671844482422
-106.9196548461914
-102.68773651123047
-113.05294036865234
-104.97486114501953
-108.30853271484375
-110.25714874267578
-109.30049896240234
-106.33187866210938
-111.70376586914062
-105.90149688720703
-108.53694152832031
-102.38099670410156
-105.33796691894531
-109.335205078125
-108.32723999023438
-109.0576171875
-108.75753784179688
-109.90465545654297
-103.8056869506836
-106.829345703125
-105.2457275390625
-104.39340209960938
-111.2999496459961
-102.42530059814453
-108.39795684814453
-106.57404327392578
-101.94316101074219
-106.75091552734375
-107.47528839111328
-105.93592071533203
-104.26001739501953
-108.29342651367188
-108.23089599609375
-109.01773071289062
-110.96089172363281
-99.16124725341797
-104.98957824707031
-99.2947769165039
-110.4800033569336
-103.36331176757812
-102.5394287109375
-106.37271118164062
-106.05235290527344
-109.12371063232422
-108.58248901367188
-105.38509368896484
-106.57440948486328
-105.99544525146484
-107.83839416503906
