-102.1552505493164
-113.35829162597656
-104.24640655517578
-109.71924591064453
-109.40370178222656
-109.28690338134766
-104.28877258300781
-94.50579071044922
-108.8476333618164
-101.57473754882812
-110.55944061279297
-102.80655670166016
-109.82615661621094
-105.04312133789062
-104.06230926513672
-101.95329284667969
-100.98883819580078
-107.49149322509766
-108.44206237792969
-100.59198760986328
-105.32428741455078
-104.41896057128906
-106.392578125
-106.65065002441406
-108.07652282714844
-112.90069580078125
-100.3856430053711
-110.38958740234375
-99.67998504638672
-103.05098724365234
-108.13439178466797
-113.67707824707031
-109.3569107055664
-112.5204086303711
-111.92921447753906
-101.8016586303711
-101.95597076416016
-106.13148498535156
-107.26020812988281
-103.16400909423828
-98.46951293945312
-98.7925796508789
-109.3625717163086
-104.46306610107422
-100.47966003417969
-110.10176086425781
-106.3580093383789
-106.05516052246094
-106.19273376464844
-102.86592102050781
-103.27218627929688
-103.99480438232422
-104.3292236328125
-114.13444519042969
-108.65583801269531
-105.45596313476562
-106.73555755615234
-101.69972229003906
-97.2425308227539
-111.75098419189453
-104.82154083251953
-107.64165496826172
-101.05706787109375
-102.6029281616211
-107.17573547363281
-98.71357727050781
-107.03176879882812
-106.01554107666016
-104.13227844238281
-101.37965393066406
-104.1484603881836
-104.37486267089844
-101.66268920898438
-108.7215805053711
-105.96224975585938
-107.20850372314453
-102.19744873046875
-107.9696273803711
-103.65267944335938
-107.50176239013672
-101.9645767211914
-105.83033752441406
-97.89115142822266
-103.437255859375
-108.15631103515625
-106.79149627685547
-105.45108032226562
-99.58834838867188
-106.99638366699219
-98.0449447631836
-102.73599243164062
-106.08013153076172
-106.35818481445312
-108.36260986328125
-109.34647369384766
-105.31893157958984
-105.17919158935547
-105.64788055419922
-102.71224975585938
-107.18128967285156
-105.41505432128906
-95.87926483154297
-110.80096435546875
-106.46688842773438
-102.85162353515625
-110.02156066894531
-107.91820526123047
-98.43212890625
-103.25164794921875
-97.72777557373047
-106.72895812988281
-96.08455657958984
-105.6047134399414
-98.79643249511719
-105.5494384765625
-101.79020690917969
-106.33898162841797
-102.20012664794922
-102.63189697265625
-99.10973358154297
-113.2784652709961
-103.92909240722656
-104.09580993652344
-103.35041046142578
-96.08812713623047
-106.97173309326172
-103.55413818359375
-99.14935302734375
-107.13037872314453
-105.19477844238281
-98.14479064941406
-106.71903991699219
-98.63810729980469
-104.76160430908203
-99.22150421142578
-99.63172149658203
-101.78015899658203
-109.97008514404297
-104.55797576904297
-102.71094512939453
-106.6790771484375
-105.33758544921875
-102.68580627441406
-103.47329711914062
-106.71846008300781
-102.15814971923828
-105.84791564941406
-104.29483795166016
-110.3912353515625
-110.26762390136719
-110.68463134765625
-99.6646499633789
-108.3058853149414
-107.04568481445312
-111.03135681152344
-109.18113708496094
-111.71664428710938
-105.48363494873047
-109.94913482666016
-102.00960540771484
-103.78226470947266
-104.89558410644531
-105.77894592285156
-103.86949920654297
-99.97006225585938
-102.42086029052734
-105.36111450195312
-112.69583129882812
-110.12512969970703
-105.78946685791016
-105.6458511352539
-95.35647583007812
-109.76614379882812
-101.56665802001953
-101.32429504394531
-104.26533508300781
-102.63094329833984
-103.63905334472656
-106.45409393310547
-100.6095962524414
-105.7680435180664
-109.23632049560547
-105.43388366699219
-103.31067657470703
-101.450927734375
-107.03888702392578
-102.29350280761719
-104.99925994873047
-106.60021209716797
-107.36720275878906
-108.72879028320312
-101.51031494140625
-101.18098449707031
-106.3270492553711
-101.7003402709961
-104.61128997802734
-102.62858581542969
-108.41006469726562
-100.63314056396484
-104.09954071044922
-102.75345611572266
-103.16101837158203
-106.36036682128906
-100.01969146728516
-106.040771484375
-104.87528228759766
-109.60584259033203
-100.3141098022461
-96.94667053222656
-110.49064636230469
-103.62319946289062
-105.42840576171875
-102.48724365234375
-112.07518768310547
-107.00051879882812
-104.62759399414062
-105.17234802246094
-105.26692962646484
-105.39114379882812
-102.373779296875
-100.37802124023438
-110.39861297607422
-101.80615997314453
-111.57196044921875
-104.29043579101562
-109.71295928955078
-107.47967529296875
-107.20545196533203
-107.14164733886719
-108.98956298828125
-112.17135620117188
-112.35726928710938
-108.14100646972656
-105.43223571777344
-107.68773651123047
-98.0535888671875
-106.2856674194336
-108.34807586669922
-108.58755493164062
-105.63864135742188
-110.01419067382812
-104.7046890258789
-104.76617431640625
-107.23249053955078
-105.4250717163086
-105.50244140625
-105.75357818603516
-108.37248229980469
-102.1916275024414
-101.41455078125
-107.86701965332031
-107.1029281616211
-102.6573486328125
-98.41925048828125
-102.76766204833984
-102.22681427001953
-107.6628189086914
-116.19396209716797
-103.3095932006836
-109.21434020996094
-110.77715301513672
-104.49443054199219
-104.15613555908203
-99.49678039550781
-100.01541900634766
-105.55342102050781
-107.9727783203125
-100.53888702392578
-99.03541564941406
-105.74687957763672
-101.29153442382812
-105.29005432128906
-103.74756622314453
-110.021240234375
-99.526123046875
-105.73294067382812
-108.35822296142578
-98.64411926269531
-103.28902435302734
-106.62740325927734
-97.65122985839844
-103.121337890625
-105.96028900146484
-101.2643051147461
-98.47579193115234
-107.45130920410156
-103.40733337402344
-108.36322784423828
-109.82789611816406
-105.7977294921875
-106.48624420166016
-99.3193359375
-104.14859008789062
-107.99738311767578
-104.98426818847656
-106.11042785644531
-103.80497741699219
-109.70571899414062
-104.24383544921875
-100.1740493774414
-102.15562438964844
-104.2312240600586
-108.62174987792969
-106.61088562011719
-107.76905822753906
-100.47257995605469
-100.16192626953125
-110.47532653808594
-106.81371307373047
-108.00559997558594
-105.81419372558594
-103.64177703857422
-102.98263549804688
-106.44295501708984
-100.25798797607422
-104.76968383789062
-100.6915054321289
-106.43092346191406
-103.08451843261719
-105.07132720947266
-106.55500793457031
-108.66988372802734
-100.73975372314453
-99.11556243896484
-101.89236450195312
-113.12828826904297
-110.31993865966797
-102.4256820678711
-108.41661071777344
-107.76785278320312
-108.33490753173828
-103.52177429199219
-105.1302261352539
-105.9923095703125
-111.96659088134766
-110.4090347290039
-104.50777435302734
-103.73262786865234
-100.92169952392578
-110.00430297851562
-112.80677795410156
-104.51561737060547
-108.99356842041016
-106.09878540039062
-110.88054656982422
-100.12535095214844
-100.71379852294922
-104.97723388671875
-105.81134033203125
-114.65936279296875
-105.59458923339844
-107.55108642578125
-109.26145935058594
-108.27327728271484
-101.25724792480469
-107.657958984375
-108.76514434814453
-111.39253234863281
-110.91493225097656
-108.86563873291016
-107.1292953491211
-108.49356079101562
-104.16256713867188
-110.542724609375
-106.3905258178711
-105.246337890625
-105.10466766357422
-102.49583435058594
-107.12045288085938
-106.28070831298828
-103.07332611083984
-106.77864074707031
-99.8700942993164
-110.24626922607422
-108.08893585205078
-110.88760375976562
-101.64952087402344
-103.31011199951172
-98.67807006835938
-103.75576782226562
-105.52883911132812
-100.95498657226562
-104.8388900756836
-101.96643829345703
-109.30706787109375
-105.41580963134766
-101.92884063720703
-105.17622375488281
-108.89129638671875
-102.42198944091797
-101.06846618652344
-100.55017852783203
-104.00695037841797
-103.06137084960938
-106.25113677978516
-102.48577117919922
-98.3922348022461
-112.98023986816406
-101.45423889160156
-104.93490600585938
-105.96345520019531
-102.70684051513672
-106.0965576171875
-101.24308013916016
-102.35216522216797
-113.53280639648438
-99.10887145996094
-105.84862518310547
-105.18363189697266
-104.93989562988281
-112.6956787109375
-105.65503692626953
-107.71578979492188
-103.59809112548828
-100.54827117919922
-100.36966705322266
-110.2289047241211
-102.18206024169922
-101.87067413330078
-106.2921142578125
-108.58711242675781
-98.39383697509766
-106.55221557617188
-111.07852935791016
-98.80934143066406
-101.58975982666016
-104.24940490722656
-102.70008087158203
-100.07361602783203
-109.80799865722656
-101.24930572509766
-110.77662658691406
-100.13319396972656
-104.7376480102539
-99.52511596679688
-106.19375610351562
-103.66383361816406
-104.89191436767578
-106.04084014892578
-103.21045684814453
-102.7747802734375
-104.152099609375
-108.29119873046875
-95.32549285888672
-105.29051208496094
-100.43302917480469
-105.3515853881836
-101.12175750732422
-99.65739440917969
-109.57987213134766
-102.42539978027344
-107.99531555175781
-101.46315002441406
-102.89871215820312
-110.90355682373047
-106.42351531982422
-109.93596649169922
-107.4390640258789
-110.29502868652344
-99.93024444580078
-105.99420166015625
-101.55667877197266
-110.3818588256836
-93.18490600585938
-103.82086944580078
-110.96487426757812
-111.83330535888672
-107.66041564941406
-100.61093139648438
-100.11589813232422
-106.76615905761719
-102.14393615722656
-104.00399017333984
-103.41239929199219
-101.90135955810547
-103.93955993652344
-101.77613067626953
-111.64986419677734
-98.94970703125
-101.35939025878906
-93.98578643798828
-103.05681610107422
-106.51382446289062
-95.67838287353516
-109.76274108886719
-101.27404022216797
-104.3321533203125
-98.20035552978516
-107.81710815429688
-107.45011901855469
-101.85530853271484
-101.70022583007812
-103.29180908203125
-107.71143341064453
-104.12906646728516
-106.37370300292969
-100.56450653076172
-105.98094940185547
-97.71964263916016
-102.83592987060547
-102.11588287353516
-104.68222045898438
-103.61315155029297
-98.47654724121094
-105.00717163085938
-103.68864440917969
-107.57113647460938
-100.7109146118164
-106.3649673461914
-106.40815734863281
-105.56787872314453
-106.70757293701172
-110.64559936523438
-101.94561767578125
-101.68954467773438
-101.4609375
-101.20441436767578
-101.41407775878906
-110.56674194335938
-100.64226531982422
-106.65191650390625
-100.78062438964844
-105.51931762695312
-104.77790832519531
-100.86507415771484
-107.6128158569336
-103.92147064208984
-111.79948425292969
-103.17976379394531
-102.93090057373047
-103.85152435302734
-104.58570098876953
-106.21561431884766
-109.18756103515625
-111.80195617675781
-102.283935546875
-102.6442642211914
-107.00531005859375
-101.12078857421875
-104.0026626586914
-109.44449615478516
-103.82746124267578
-98.07215118408203
-107.27165985107422
-109.05760955810547
-99.77503967285156
-103.43991088867188
-100.38568115234375
-110.4142837524414
-107.91060638427734
-108.07716369628906
-100.65611267089844
-102.45491790771484
-103.46837615966797
-105.84403991699219
-105.7471923828125
-107.78152465820312
-108.1440658569336
-108.45114135742188
-102.29780578613281
-106.40409088134766
-104.4858169555664
-102.72489166259766
-106.31269073486328
-110.45668029785156
-110.63969421386719
-107.63739776611328
-102.19403076171875
-104.25141143798828
-110.3024673461914
-104.06866455078125
-100.56730651855469
-100.79377746582031
-108.68042755126953
-96.07160949707031
-109.7191390991211
-100.87439727783203
-116.2689208984375
-107.80925750732422
-105.27596282958984
-107.07679748535156
-108.64360809326172
-106.77116394042969
-103.94794464111328
-105.86376953125
-108.2555923461914
-104.21505737304688
-99.92444610595703
-101.0997314453125
-97.94200134277344
-106.15353393554688
-103.96794128417969
-104.27488708496094
-105.98636627197266
-103.5837173461914
-107.0698013305664
-101.4227523803711
-100.84378051757812
-111.14786529541016
-110.71822357177734
-103.56901550292969
-103.31813049316406
-106.55841064453125
-107.4608154296875
-100.6951904296875
-102.04109191894531
-105.0023193359375
-102.00533294677734
-105.83972930908203
-102.56160736083984
-101.63380432128906
-107.8602066040039
-103.54576110839844
-113.89482879638672
-106.41426086425781
-105.50230407714844
-102.43780517578125
-106.01893615722656
-102.29241943359375
-102.82331085205078
-103.91436004638672
-99.95330047607422
-102.09480285644531
-104.62939453125
-100.3740005493164
-104.2182846069336
-110.3975601196289
-105.09271240234375
-104.48941040039062
-109.02981567382812
-105.41988372802734
-106.27658081054688
-108.60523223876953
-104.62334442138672
-99.81341552734375
-106.0988998413086
-109.21025085449219
-104.10538482666016
-98.87874603271484
-112.02896118164062
-107.37214660644531
-110.88519287109375
-112.12055969238281
-104.41377258300781
-101.32717895507812
-97.93646240234375
-102.8232421875
-101.50299835205078
-101.2435073852539
-102.54918670654297
-103.08100128173828
-115.69426727294922
-104.15740203857422
-112.44827270507812
-108.49513244628906
-107.97227478027344
-100.57678985595703
-106.01787567138672
-100.98257446289062
-103.31146240234375
-112.03996276855469
-100.63638305664062
-108.85598754882812
-103.12554168701172
-99.23323822021484
-104.65873718261719
-110.47579193115234
-102.11680603027344
-104.01124572753906
-108.51837921142578
-108.02459716796875
-107.04399871826172
-103.56859588623047
-100.94984436035156
-109.29180908203125
-100.45228576660156
-100.94490814208984
-110.30047607421875
-108.8602066040039
-110.09261322021484
-108.20315551757812
-106.73463439941406
-102.2342300415039
-108.04421997070312
-107.84629821777344
-102.45811462402344
-101.38784790039062
-102.07734680175781
-106.94403076171875
-104.0130386352539
-100.0047378540039
-107.76604461669922
-99.67365264892578
-103.91073608398438
-106.28910827636719
-105.15076446533203
-106.15985107421875
-101.76467895507812
-104.91680908203125
-104.0087661743164
-99.43094635009766
-104.59185791015625
-112.46399688720703
-108.54792785644531
-104.30290222167969
-105.71382904052734
-105.65010833740234
-105.79486083984375
-108.11016845703125
-105.34639739990234
-100.53055572509766
-101.9392318725586
-103.63813781738281
-100.44861602783203
-106.09265899658203
-103.55134582519531
-103.41688537597656
-101.2475814819336
-103.3365478515625
-105.81570434570312
-111.21096801757812
-102.81675720214844
-105.60273742675781
-109.84170532226562
-102.2850112915039
-106.23478698730469
-99.74281311035156
-104.47930908203125
-105.6298828125
-97.88325500488281
-103.68497467041016
-109.05130004882812
-102.32144165039062
-104.67951202392578
-108.65528869628906
-107.21832275390625
-100.4473876953125
-106.00938415527344
-103.81500244140625
-97.67996215820312
-104.80766296386719
-108.34347534179688
-100.23941802978516
-100.70817565917969
-108.53475189208984
-106.50739288330078
-104.45633697509766
-102.65120697021484
-104.26193237304688
-109.12428283691406
-106.06301879882812
-104.59617614746094
-101.99989318847656
-101.98878479003906
-99.14372253417969
-103.03353118896484
-107.3588638305664
-103.60021209716797
-102.09712982177734
-111.44429016113281
-102.621337890625
-101.63851928710938
-99.14037322998047
-103.2933349609375
-99.06275177001953
-101.44908142089844
-103.23524475097656
-95.49456787109375
-107.19160461425781
-109.87672424316406
-104.65780639648438
-100.8826904296875
-112.42295837402344
-112.2835464477539
-102.96055603027344
-100.029296875
-111.6890640258789
-108.97352600097656
-99.89432525634766
-106.83353424072266
-101.09291076660156
-104.53913879394531
-101.93465423583984
-103.94497680664062
-107.54508972167969
-105.76192474365234
-99.12889099121094
-104.7823715209961
-108.1414794921875
-99.48029327392578
-95.0742416381836
-101.53718566894531
-103.8061294555664
-106.64006042480469
-103.02212524414062
-106.6661376953125
-111.57280731201172
-104.54193878173828
-103.6653060913086
-103.78956604003906
-106.98513793945312
-106.00489044189453
-106.06904602050781
-111.48274993896484
-100.48423767089844
-103.03641510009766
-104.52565002441406
-109.38768005371094
-103.91893768310547
-105.3419189453125
-101.8115463256836
-103.45231628417969
-108.29158782958984
-100.68597412109375
-104.65241241455078
-107.04361724853516
-102.43533325195312
-106.1352767944336
-105.6018295288086
-110.17499542236328
-103.61780548095703
-104.75298309326172
-106.25435638427734
-102.99384307861328
-107.59902954101562
-104.76944732666016
-106.8587875366211
-101.08734893798828
-98.75286865234375
-100.84638214111328
-108.963623046875
-112.23494720458984
-106.18327331542969
-97.34475708007812
-106.5474624633789
-106.36030578613281
-108.57461547851562
-105.91780853271484
-107.19721221923828
-101.10922241210938
-107.17977142333984
-103.44755554199219
-104.10989379882812
-103.77852630615234
-104.86641693115234
-100.763427734375
-102.49745178222656
-97.0668716430664
-104.61986541748047
-108.35608673095703
-105.9454574584961
-105.56614685058594
-106.38338470458984
-101.86038970947266
-103.80208587646484
-107.11054229736328
-102.57591247558594
-108.91351318359375
-104.18221282958984
-106.03907012939453
-99.38268280029297
-101.29462432861328
-105.99725341796875
-102.5617904663086
-102.29864501953125
-107.83067321777344
-101.61363983154297
-106.61772918701172
-101.80159759521484
-103.60975646972656
-105.36056518554688
-106.60543060302734
-108.79056549072266
-110.46834564208984
-105.26219940185547
-103.7524185180664
-102.60238647460938
-109.19165802001953
-98.35066986083984
-110.1065444946289
-104.52313995361328
-108.4813232421875
-102.85321807861328
-101.16805267333984
-101.71288299560547
-104.70155334472656
-108.20343780517578
-110.99149322509766
-108.77184295654297
-108.2275619506836
-101.92988586425781
-111.6161880493164
-103.8658447265625
-107.57225036621094
-110.34667205810547
-107.3977279663086
-105.49593353271484
-110.8537826538086
-103.76443481445312
-107.84588623046875
-101.7444839477539
-103.60507202148438
-109.43269348144531
-107.42913055419922
-109.31813049316406
-107.90596771240234
-107.95858001708984
-102.65167236328125
-105.7601547241211
-104.86323547363281
-103.50098419189453
-109.87684631347656
-101.0862045288086
-107.69348907470703
-104.49436950683594
-100.65509796142578
-105.70263671875
-106.2790756225586
-104.3975830078125
-103.97350311279297
-107.93972778320312
-106.2571792602539
-108.69223022460938
-111.00466918945312
-98.48880004882812
-103.32957458496094
-99.3633804321289
-109.73367309570312
-102.3490219116211
-101.03950500488281
-104.89038848876953
-104.48832702636719
-107.4884262084961
-107.11643981933594
-103.64984130859375
-106.67705535888672
-106.33378601074219
-106.781494140625
