-98.66087341308594
-111.85897827148438
-103.25724792480469
-109.9460678100586
-108.09234619140625
-107.69264221191406
-103.65248107910156
-94.82569885253906
-107.89688873291016
-101.08487701416016
-106.83997344970703
-102.72509002685547
-108.9769287109375
-105.20407104492188
-104.22844696044922
-100.46208190917969
-101.47781372070312
-107.56414031982422
-106.38888549804688
-99.25468444824219
-103.59789276123047
-102.68022155761719
-105.99369049072266
-106.88330841064453
-107.12610626220703
-111.8986587524414
-99.8014144897461
-109.11085510253906
-99.36089324951172
-102.67304229736328
-108.25008392333984
-113.5660171508789
-108.65564727783203
-111.74602508544922
-110.12674713134766
-101.98567199707031
-100.96107482910156
-105.3526382446289
-108.4647216796875
-103.26930236816406
-98.61965942382812
-99.8915023803711
-109.83810424804688
-105.81786346435547
-100.5379409790039
-110.84554290771484
-107.07732391357422
-107.25382232666016
-106.65489959716797
-103.72671508789062
-101.86884307861328
-103.5368881225586
-103.39559173583984
-119.05075073242188
-109.08247375488281
-104.63783264160156
-106.41877746582031
-100.76329803466797
-97.22251892089844
-112.17693328857422
-104.10787963867188
-107.02146911621094
-102.7875747680664
-103.8455581665039
-108.1957778930664
-98.65542602539062
-107.37901306152344
-106.24478149414062
-104.57916259765625
-100.71599578857422
-104.4541244506836
-102.62348175048828
-100.76139831542969
-109.38212585449219
-106.3042984008789
-106.26680755615234
-100.02732849121094
-106.67259979248047
-103.21577453613281
-107.70592498779297
-102.27799224853516
-104.45745849609375
-97.08894348144531
-103.45974731445312
-107.748291015625
-104.51998901367188
-104.75643157958984
-98.4467544555664
-107.00847625732422
-98.4564208984375
-102.40419006347656
-105.46944427490234
-105.892333984375
-106.29913330078125
-108.16260528564453
-104.0501708984375
-105.79214477539062
-105.79375457763672
-102.57752990722656
-107.2796859741211
-105.219970703125
-94.99525451660156
-111.69013977050781
-105.3507308959961
-104.52572631835938
-109.71758270263672
-107.80802917480469
-98.56060028076172
-103.12037658691406
-98.93037414550781
-106.87518310546875
-96.10030364990234
-105.39462280273438
-98.3729248046875
-104.67671203613281
-100.51751708984375
-107.28361511230469
-101.80638885498047
-101.86357116699219
-98.8875503540039
-114.54769134521484
-103.51358032226562
-104.93768310546875
-101.76420593261719
-96.45499420166016
-108.24992370605469
-103.25091552734375
-98.51631927490234
-106.64134979248047
-105.99103546142578
-98.45831298828125
-107.65447235107422
-99.80398559570312
-104.84979248046875
-99.91258239746094
-99.55406951904297
-103.41140747070312
-108.60388946533203
-104.63748168945312
-102.62479400634766
-105.53618621826172
-107.08881378173828
-102.57486724853516
-102.00971984863281
-106.42815399169922
-102.05567169189453
-103.91231536865234
-103.29559326171875
-110.0146255493164
-108.62030029296875
-110.80902099609375
-98.56218719482422
-106.4168701171875
-105.75386810302734
-109.56107330322266
-110.03265380859375
-110.44924926757812
-105.14988708496094
-107.77460479736328
-101.45743560791016
-104.74315643310547
-102.46045684814453
-105.3527603149414
-101.75298309326172
-100.84840393066406
-100.88220977783203
-104.70850372314453
-112.10032653808594
-110.23216247558594
-105.1431655883789
-107.04811096191406
-94.73114013671875
-109.13339233398438
-102.89469146728516
-102.368408203125
-102.18651580810547
-102.86486053466797
-103.04188537597656
-106.45977020263672
-101.66009521484375
-104.16517639160156
-109.12379455566406
-104.14690399169922
-104.3726577758789
-101.52250671386719
-106.57875061035156
-101.88440704345703
-105.30722045898438
-106.21867370605469
-106.68258666992188
-109.49018859863281
-99.0927734375
-99.5110855102539
-104.83135223388672
-100.55374908447266
-105.13663482666016
-103.22093200683594
-107.87599182128906
-99.73905944824219
-103.41255187988281
-103.57811737060547
-103.92852783203125
-105.70109558105469
-97.63511657714844
-105.81574249267578
-103.70325469970703
-109.71968841552734
-99.22907257080078
-96.77154541015625
-110.5527114868164
-101.48986053466797
-105.24309539794922
-101.7027359008789
-110.76539611816406
-106.38194274902344
-104.00181579589844
-103.67697143554688
-104.2399673461914
-105.77902221679688
-102.24686431884766
-100.352294921875
-110.5855484008789
-99.29279327392578
-109.94912719726562
-104.62667846679688
-109.83955383300781
-106.35760498046875
-106.23728942871094
-108.30150604248047
-108.73941802978516
-112.1602554321289
-113.0959243774414
-107.57129669189453
-106.1492691040039
-106.6580581665039
-99.0870132446289
-105.71771240234375
-106.3888931274414
-106.6919174194336
-104.18206024169922
-108.728271484375
-104.90992736816406
-104.14460754394531
-106.19050598144531
-105.37480926513672
-105.5553970336914
-106.3655776977539
-107.10572814941406
-100.93399810791016
-101.53811645507812
-108.5562515258789
-105.70207214355469
-101.37677764892578
-98.03245544433594
-102.18663024902344
-101.5396499633789
-106.37553405761719
-114.88937377929688
-105.00223541259766
-109.04563903808594
-108.40377807617188
-105.44993591308594
-105.53111267089844
-99.07127380371094
-99.15398406982422
-103.22496795654297
-107.08958435058594
-99.55182647705078
-99.05148315429688
-104.51266479492188
-101.07866668701172
-103.02275848388672
-103.92511749267578
-108.88414001464844
-98.79361724853516
-104.49728393554688
-107.4996566772461
-97.30745697021484
-103.2068099975586
-106.01040649414062
-97.77384185791016
-102.97590637207031
-104.68952178955078
-100.37418365478516
-97.67403411865234
-106.62831115722656
-102.55506896972656
-108.22801971435547
-109.00407409667969
-105.94766235351562
-105.41273498535156
-98.12638854980469
-103.3111572265625
-108.31123352050781
-105.42383575439453
-104.7809066772461
-102.5233154296875
-108.95409393310547
-103.27790832519531
-100.59294128417969
-101.79385375976562
-103.65042877197266
-108.98469543457031
-106.37550354003906
-107.6056137084961
-100.43987274169922
-99.79931640625
-109.65117645263672
-106.55638122558594
-106.51248931884766
-107.04415130615234
-102.95708465576172
-101.91588592529297
-106.6002426147461
-100.3895263671875
-103.28639221191406
-99.96634674072266
-107.03491973876953
-104.08697509765625
-103.31058502197266
-106.62844848632812
-108.90222930908203
-100.19265747070312
-99.3209228515625
-100.93161010742188
-109.71361541748047
-111.44929504394531
-101.501220703125
-107.8298568725586
-107.28722381591797
-108.69139862060547
-103.10774230957031
-103.59870147705078
-107.1215591430664
-110.30107116699219
-110.01728820800781
-103.60981750488281
-104.09502410888672
-98.53459930419922
-109.62684631347656
-112.53147888183594
-106.03532409667969
-108.59014129638672
-104.18782043457031
-110.79428100585938
-98.48606872558594
-100.4171142578125
-103.4075927734375
-104.56378936767578
-114.58735656738281
-105.52435302734375
-106.90404510498047
-107.95513916015625
-108.97688293457031
-100.93460845947266
-106.55792999267578
-107.20521545410156
-110.25718688964844
-110.50892639160156
-107.99217224121094
-105.61243438720703
-107.39764404296875
-105.14924621582031
-110.88291931152344
-104.85931396484375
-105.06829071044922
-104.55577087402344
-103.62056732177734
-105.137451171875
-107.84320831298828
-103.9058837890625
-105.4675521850586
-98.6575927734375
-109.50757598876953
-107.4151382446289
-110.6349105834961
-101.15221405029297
-104.09876251220703
-99.58185577392578
-102.2245101928711
-104.5860366821289
-101.14183807373047
-103.3761978149414
-101.85586547851562
-109.74939727783203
-104.2861099243164
-102.28559875488281
-102.91311645507812
-109.12454986572266
-103.25943756103516
-98.9268569946289
-100.82452392578125
-103.01885223388672
-103.77410125732422
-104.45587921142578
-101.05831909179688
-97.97241973876953
-113.16883087158203
-101.0277099609375
-103.10145568847656
-105.362060546875
-101.78334045410156
-105.94989776611328
-100.66714477539062
-102.62940979003906
-113.69085693359375
-98.4813232421875
-105.35477447509766
-105.00577545166016
-103.94457244873047
-112.55877685546875
-105.34667205810547
-107.81340026855469
-101.53868865966797
-100.57487487792969
-99.17631530761719
-110.42987823486328
-101.2275161743164
-101.60978698730469
-106.13082122802734
-106.41026306152344
-97.72554016113281
-105.19300842285156
-110.71961975097656
-98.69234466552734
-100.98839569091797
-103.98533630371094
-101.92591857910156
-99.67762756347656
-109.17123413085938
-101.28956604003906
-110.24723815917969
-100.37393951416016
-103.34834289550781
-98.2584228515625
-105.6544418334961
-101.99830627441406
-104.54859924316406
-106.04122161865234
-102.52075958251953
-102.74555969238281
-103.59839630126953
-108.61871337890625
-94.76315307617188
-105.52142333984375
-99.45841979980469
-105.5438003540039
-100.03749084472656
-99.72024536132812
-108.27478790283203
-101.52091979980469
-107.18297576904297
-100.42707061767578
-101.66075897216797
-111.34601593017578
-107.56011962890625
-110.34808349609375
-108.02862548828125
-110.38489532470703
-100.62968444824219
-105.66026306152344
-101.34963989257812
-110.99729919433594
-94.00965881347656
-104.9930191040039
-110.3519058227539
-112.66724395751953
-108.80125427246094
-100.56986999511719
-98.33013153076172
-106.06771087646484
-102.0167465209961
-103.80149841308594
-104.59857177734375
-100.74205780029297
-103.08229064941406
-103.03147888183594
-112.14694213867188
-99.88887023925781
-101.1798324584961
-95.18363952636719
-103.28614807128906
-105.87792205810547
-97.20269775390625
-107.14491271972656
-100.440673828125
-103.31539916992188
-97.0276870727539
-107.3983154296875
-107.58527374267578
-101.24595642089844
-100.63597869873047
-102.57438659667969
-108.07542419433594
-102.78247833251953
-105.50821685791016
-100.027099609375
-104.70716094970703
-98.27022552490234
-103.29639434814453
-101.79438018798828
-104.66251373291016
-101.57850646972656
-99.12031555175781
-105.18402862548828
-102.93209838867188
-107.68240356445312
-99.83634185791016
-105.67765045166016
-107.00101470947266
-104.53649139404297
-105.99665069580078
-112.0191421508789
-101.49946594238281
-100.885986328125
-100.54771423339844
-100.56892395019531
-100.79130554199219
-110.25531768798828
-100.69332122802734
-104.1119155883789
-99.4924087524414
-104.78274536132812
-104.9535140991211
-98.47208404541016
-105.79434204101562
-103.63536071777344
-112.61459350585938
-100.5231704711914
-101.10166931152344
-102.90825653076172
-104.1124038696289
-106.00140380859375
-109.90459442138672
-111.16642761230469
-103.22164154052734
-101.0816879272461
-106.74748229980469
-102.06236267089844
-104.44241333007812
-108.09526062011719
-103.56826782226562
-97.80403137207031
-107.5482177734375
-107.87454223632812
-99.71598815917969
-102.82827758789062
-100.46971893310547
-110.95578002929688
-106.44579315185547
-107.88088989257812
-98.87173461914062
-101.58788299560547
-103.8543930053711
-106.0661392211914
-104.47914123535156
-107.97518920898438
-107.57273864746094
-108.67387390136719
-102.95560455322266
-105.8442611694336
-105.4806137084961
-101.6606216430664
-104.64075469970703
-107.73262023925781
-111.01102447509766
-107.4907455444336
-99.97821807861328
-102.40150451660156
-111.51000213623047
-105.06111145019531
-99.7380599975586
-101.80900573730469
-106.48081970214844
-95.36067962646484
-108.64542388916016
-98.6605224609375
-115.45707702636719
-108.81245422363281
-103.56153106689453
-106.47159576416016
-108.73200225830078
-107.0449447631836
-102.72140502929688
-106.77339172363281
-105.8351058959961
-102.63584899902344
-97.85330963134766
-100.24290466308594
-98.34807586669922
-105.15296936035156
-101.3917236328125
-103.99504089355469
-105.24105834960938
-102.58177185058594
-105.87063598632812
-100.20813751220703
-100.80606842041016
-110.53511810302734
-108.8145751953125
-103.21295928955078
-103.59709930419922
-104.96292877197266
-106.11608123779297
-100.06304168701172
-99.96065521240234
-105.22847747802734
-100.58497619628906
-105.73644256591797
-102.38760375976562
-101.54914855957031
-106.28157043457031
-104.13007354736328
-114.20780944824219
-106.77594757080078
-104.05055236816406
-103.33847045898438
-105.77567291259766
-102.00923156738281
-101.49482727050781
-103.39668273925781
-100.16097259521484
-99.46964263916016
-102.9051513671875
-99.57649993896484
-104.6824951171875
-108.77888488769531
-105.87971496582031
-103.08848571777344
-109.88951110839844
-104.74655151367188
-106.83959197998047
-109.029541015625
-103.60963439941406
-99.25841522216797
-105.06682586669922
-106.87310028076172
-104.11341857910156
-97.97634887695312
-111.30300903320312
-105.2906723022461
-110.63360595703125
-112.61479187011719
-105.60794067382812
-101.35218811035156
-97.66799926757812
-102.3385009765625
-100.98283386230469
-99.6825942993164
-102.12503051757812
-103.520263671875
-115.28717803955078
-104.86927032470703
-113.75492095947266
-109.60823822021484
-106.20835876464844
-101.30745697021484
-104.45729064941406
-100.45160675048828
-101.47889709472656
-109.99102783203125
-99.93431091308594
-108.78669738769531
-101.96746063232422
-97.78089141845703
-102.79313659667969
-110.54198455810547
-101.16984558105469
-102.6562271118164
-107.39552307128906
-107.05777740478516
-107.72687530517578
-103.23497772216797
-100.66270446777344
-107.99626159667969
-99.14619445800781
-100.6980972290039
-107.9890365600586
-106.82459259033203
-109.01065826416016
-107.94544219970703
-105.76814270019531
-101.60737609863281
-106.50508117675781
-108.64807891845703
-101.6054916381836
-100.62628173828125
-101.46331024169922
-105.87921142578125
-103.29945373535156
-99.75545501708984
-107.28291320800781
-98.88571166992188
-102.16588592529297
-105.58876037597656
-104.69984436035156
-105.53604888916016
-101.36787414550781
-105.29163360595703
-103.37017059326172
-99.3971176147461
-104.29815673828125
-110.93685913085938
-107.82099914550781
-103.2740249633789
-105.0796890258789
-105.09822845458984
-104.97459411621094
-107.59693145751953
-105.4449691772461
-101.61775970458984
-102.98681640625
-103.26370239257812
-100.04161071777344
-105.36128234863281
-104.447998046875
-103.02188110351562
-101.50001525878906
-102.83963012695312
-105.33480072021484
-110.16590881347656
-102.14893341064453
-102.7088851928711
-109.1798095703125
-102.05864715576172
-106.863037109375
-100.74608612060547
-102.77445220947266
-104.52503967285156
-98.32524108886719
-102.2376937866211
-108.73457336425781
-101.43766784667969
-103.69052124023438
-107.53942108154297
-107.654052734375
-99.39315032958984
-103.87136840820312
-103.53104400634766
-97.60502624511719
-104.00321960449219
-105.73149108886719
-100.69496154785156
-100.93529510498047
-109.05281066894531
-106.34503173828125
-103.22784423828125
-101.25907897949219
-101.90039825439453
-108.48369598388672
-104.92381286621094
-103.04812622070312
-103.18575286865234
-102.03939819335938
-99.03501892089844
-102.90804290771484
-105.84263610839844
-104.64448547363281
-100.72653198242188
-109.44656372070312
-102.7391128540039
-102.00340270996094
-98.73490142822266
-103.53155517578125
-97.59898376464844
-101.08734130859375
-103.91874694824219
-93.33944702148438
-105.66975402832031
-108.71585083007812
-104.86900329589844
-100.88042449951172
-110.47864532470703
-111.20228576660156
-101.52906799316406
-100.2920150756836
-110.18201446533203
-106.84696960449219
-99.28272247314453
-105.07844543457031
-100.29714965820312
-103.86480712890625
-102.4273910522461
-103.45133209228516
-105.47333526611328
-105.17952728271484
-99.09585571289062
-103.30540466308594
-107.06997680664062
-97.98117065429688
-94.43207550048828
-102.7843246459961
-103.62959289550781
-104.13793182373047
-101.16581726074219
-104.66886901855469
-111.3592529296875
-105.01292419433594
-101.7876968383789
-103.04566192626953
-105.89840698242188
-106.52478790283203
-105.48120880126953
-111.2220458984375
-101.08790588378906
-101.67198944091797
-104.58824157714844
-108.8895034790039
-104.31881713867188
-105.80258178710938
-103.6275634765625
-100.72598266601562
-106.78826904296875
-99.76322937011719
-103.06109619140625
-105.13402557373047
-101.4510269165039
-105.98076629638672
-104.04113006591797
-109.39216613769531
-104.3826675415039
-104.78343963623047
-106.88734436035156
-102.097412109375
-106.16522216796875
-104.39396667480469
-106.07469177246094
-100.88408660888672
-99.0032730102539
-100.38890075683594
-108.14697265625
-111.0208740234375
-106.22612762451172
-95.85946655273438
-107.26283264160156
-105.4958724975586
-109.1986312866211
-105.0328369140625
-107.04927825927734
-101.67328643798828
-107.83623504638672
-104.17878723144531
-103.97504425048828
-103.77978515625
-103.58856964111328
-100.41349792480469
-101.12919616699219
-96.38582611083984
-105.34793090820312
-108.53059387207031
-107.09086608886719
-105.4903564453125
-106.02989959716797
-102.2048568725586
-103.73716735839844
-106.84769439697266
-102.47994995117188
-108.16021728515625
-104.05854034423828
-105.15074157714844
-98.2948226928711
-99.37599182128906
-106.16522979736328
-100.1890640258789
-100.76038360595703
-107.28388214111328
-101.07757568359375
-106.00428009033203
-99.732177734375
-103.73158264160156
-104.28985595703125
-105.98907470703125
-108.33296203613281
-110.1491928100586
-104.11383819580078
-103.40650177001953
-101.37352752685547
-109.80293273925781
-97.22663116455078
-111.16752624511719
-102.62244415283203
-108.05642700195312
-101.90306854248047
-101.3083724975586
-102.53621673583984
-102.23860168457031
-106.12803649902344
-108.79320526123047
-106.97833251953125
-106.13870239257812
-101.07735443115234
-111.03153228759766
-101.61727142333984
-107.20093536376953
-109.68974304199219
-106.01663970947266
-104.86666107177734
-109.99713134765625
-102.79499053955078
-106.99422454833984
-101.66264343261719
-103.2444839477539
-108.29730987548828
-107.49544525146484
-107.49246215820312
-106.87844848632812
-107.26995849609375
-102.91789245605469
-105.77909088134766
-104.67840576171875
-101.54344940185547
-109.02970123291016
-100.69612884521484
-106.29889678955078
-102.69510650634766
-101.20550537109375
-104.92926025390625
-105.04056549072266
-103.27661895751953
-102.38301849365234
-107.88177490234375
-104.85433197021484
-108.37586212158203
-110.3145751953125
-97.9963607788086
-102.962646484375
-97.97676849365234
-107.52120208740234
-100.92741394042969
-101.47042846679688
-104.115966796875
-103.65933990478516
-105.58323669433594
-106.97883605957031
-103.41300201416016
-105.14823150634766
-104.76551055908203
-107.62425994873047
