-102.83861541748047
-115.0841293334961
-106.69591522216797
-114.38399505615234
-113.06769561767578
-110.95875549316406
-106.96170043945312
-96.88207244873047
-111.89026641845703
-105.0225830078125
-112.81755065917969
-106.51371765136719
-111.48002624511719
-110.34548950195312
-107.20330047607422
-103.81468200683594
-104.01679992675781
-113.06110382080078
-109.38459014892578
-103.2132339477539
-108.10115814208984
-107.29742431640625
-109.85418701171875
-109.24577331542969
-111.63777923583984
-115.40921020507812
-104.77727508544922
-112.25122833251953
-104.10371398925781
-106.31024169921875
-111.76972198486328
-117.02006530761719
-113.49093627929688
-115.4869613647461
-113.22354888916016
-105.81611633300781
-104.55342102050781
-108.94633483886719
-111.09476470947266
-107.04478454589844
-101.72975158691406
-102.00153350830078
-112.14269256591797
-107.87710571289062
-104.50826263427734
-113.06645965576172
-110.06027221679688
-109.08531188964844
-110.64439392089844
-107.8229751586914
-105.35966491699219
-107.8792724609375
-107.7230453491211
-118.51033782958984
-112.82669067382812
-108.84375
-110.8619384765625
-103.24579620361328
-100.09190368652344
-115.08578491210938
-108.04487609863281
-110.30250549316406
-104.75235748291016
-106.61441802978516
-110.5799560546875
-103.0341796875
-109.74928283691406
-110.63638305664062
-109.01984405517578
-102.5597915649414
-107.72457885742188
-105.51664733886719
-104.18714904785156
-114.10873413085938
-110.41118621826172
-110.2830581665039
-105.31558227539062
-111.45278930664062
-107.28015899658203
-111.21524047851562
-106.5209732055664
-108.87317657470703
-100.8408203125
-106.79661560058594
-111.30680084228516
-109.30744934082031
-109.44515991210938
-100.59142303466797
-109.98261260986328
-101.66350555419922
-106.88843536376953
-108.64008331298828
-110.08380889892578
-110.27235412597656
-112.53290557861328
-109.53053283691406
-110.09825134277344
-109.072998046875
-106.34829711914062
-110.77033233642578
-110.17982482910156
-98.81443786621094
-113.44334411621094
-109.38134002685547
-108.2819595336914
-113.7480697631836
-111.89500427246094
-103.20806121826172
-108.01100158691406
-101.25379943847656
-111.98933410644531
-98.20154571533203
-109.9788589477539
-103.34001159667969
-109.11817169189453
-103.77647399902344
-109.31764221191406
-105.76811981201172
-105.21123504638672
-103.58057403564453
-116.15594482421875
-107.26008605957031
-108.264404296875
-106.84652709960938
-99.17952728271484
-111.98065948486328
-106.71566009521484
-101.49727630615234
-109.02908325195312
-107.8872299194336
-101.86892700195312
-110.5114517211914
-101.69943237304688
-107.50977325439453
-103.08819580078125
-104.14781188964844
-105.5417709350586
-112.2195053100586
-107.34778594970703
-106.49578094482422
-109.81645202636719
-110.90756225585938
-105.98920440673828
-106.81083679199219
-110.85000610351562
-105.23209381103516
-108.02218627929688
-107.24933624267578
-113.69816589355469
-113.13622283935547
-114.32504272460938
-101.03995513916016
-111.45772552490234
-110.19351959228516
-113.7239990234375
-113.96913146972656
-115.03622436523438
-110.12931060791016
-112.673828125
-105.74793243408203
-107.46109771728516
-105.74311828613281
-108.58043670654297
-106.41618347167969
-104.53279113769531
-105.45398712158203
-109.6886215209961
-116.01685333251953
-113.77143859863281
-109.40410614013672
-109.55921936035156
-99.67506408691406
-113.469970703125
-105.12870788574219
-103.90397644042969
-106.48108673095703
-104.6360092163086
-106.97110748291016
-111.86588287353516
-104.82379913330078
-107.26173400878906
-113.10037994384766
-109.05874633789062
-106.13377380371094
-104.12081146240234
-108.96992492675781
-106.260498046875
-108.24723052978516
-111.02688598632812
-110.19832611083984
-111.39640045166016
-102.75626373291016
-104.05499267578125
-109.7258529663086
-105.67000579833984
-108.21338653564453
-105.00160217285156
-111.46096801757812
-102.41525268554688
-107.37496948242188
-106.88240814208984
-106.51464080810547
-108.9096908569336
-102.78258514404297
-109.4677505493164
-106.69483947753906
-112.01490783691406
-104.3394775390625
-100.76571655273438
-114.0096435546875
-105.11903381347656
-108.56428527832031
-104.9815444946289
-115.17696380615234
-111.04601287841797
-107.7025375366211
-108.8765869140625
-107.09971618652344
-108.66648864746094
-106.0035629272461
-102.27839660644531
-112.37211608886719
-103.74005889892578
-113.0208740234375
-108.13216400146484
-111.84320068359375
-109.16683197021484
-111.71250915527344
-110.60258483886719
-111.47290802001953
-115.29283142089844
-116.48686981201172
-110.35972595214844
-109.98102569580078
-110.06784057617188
-102.61780548095703
-111.49592590332031
-111.7681655883789
-110.78819274902344
-107.81273651123047
-113.88691711425781
-109.24242401123047
-108.35685729980469
-109.6402359008789
-107.16352844238281
-107.99636840820312
-110.47601318359375
-112.01683044433594
-106.08147430419922
-103.9029312133789
-109.78865814208984
-110.72468566894531
-105.39852905273438
-102.69330596923828
-104.09607696533203
-106.0883560180664
-110.26268005371094
-119.25920104980469
-107.92433166503906
-113.17501831054688
-113.34999084472656
-109.91146850585938
-109.73475646972656
-103.57601165771484
-103.21822357177734
-108.47503662109375
-111.42361450195312
-102.72029113769531
-104.09222412109375
-107.93110656738281
-103.64583587646484
-108.94991302490234
-108.01793670654297
-111.21004486083984
-102.73986053466797
-108.92481994628906
-111.46642303466797
-102.49114990234375
-107.09552001953125
-109.88783264160156
-101.38133239746094
-104.81880950927734
-110.57884216308594
-104.95608520507812
-102.46673583984375
-111.2679443359375
-106.11624145507812
-110.95323944091797
-112.18585205078125
-109.36674499511719
-109.97142028808594
-102.82542419433594
-105.76945495605469
-112.06228637695312
-107.17522430419922
-109.37220001220703
-106.39865112304688
-111.8360595703125
-106.63465118408203
-103.8880386352539
-106.73175048828125
-107.3810043334961
-114.53206634521484
-109.18467712402344
-109.78245544433594
-104.72954559326172
-102.24175262451172
-113.02626037597656
-111.0567626953125
-109.01026916503906
-110.0715560913086
-105.62700653076172
-105.39985656738281
-109.92814636230469
-102.94800567626953
-107.21161651611328
-103.20130920410156
-111.7689208984375
-107.04304504394531
-106.96903991699219
-111.2273941040039
-113.55440521240234
-103.7236099243164
-101.11609649658203
-104.5860595703125
-113.08778381347656
-116.23704528808594
-104.71625518798828
-112.80524444580078
-111.1413803100586
-111.13927459716797
-106.19176483154297
-109.1238784790039
-108.72479248046875
-114.56919860839844
-114.00308227539062
-108.07877349853516
-107.45187377929688
-103.81648254394531
-114.03689575195312
-115.82059478759766
-108.76087951660156
-112.95386505126953
-107.53105926513672
-113.11420440673828
-102.87281799316406
-104.11627197265625
-108.61124420166016
-108.71809387207031
-119.0689468383789
-109.43541717529297
-111.33782958984375
-112.98210144042969
-113.70895385742188
-103.76937103271484
-110.64422607421875
-112.39988708496094
-115.4648666381836
-113.07958221435547
-110.694091796875
-108.5513687133789
-110.23387908935547
-108.37716674804688
-115.55311584472656
-109.99343872070312
-107.63484191894531
-107.82014465332031
-106.02597045898438
-108.00680541992188
-110.2046127319336
-106.98335266113281
-108.18375396728516
-102.48937225341797
-115.04782104492188
-111.92583465576172
-114.91587829589844
-104.15386199951172
-107.67918395996094
-102.53311157226562
-107.9176254272461
-107.84252166748047
-104.01797485351562
-106.67779541015625
-105.7201919555664
-112.35310363769531
-109.63555908203125
-105.03984832763672
-108.83811950683594
-112.51417541503906
-106.63710021972656
-104.79393005371094
-103.74369049072266
-107.77322387695312
-105.79366302490234
-108.58580780029297
-105.8978500366211
-101.6568374633789
-116.70166015625
-103.93887329101562
-108.64884185791016
-108.02814483642578
-105.75275421142578
-108.55662536621094
-103.6407699584961
-105.4307861328125
-115.9263916015625
-100.27753448486328
-108.91687774658203
-109.41619873046875
-108.3426513671875
-117.04393768310547
-108.98116302490234
-112.333740234375
-105.91998291015625
-103.59455871582031
-102.45589447021484
-114.55623626708984
-105.61576080322266
-103.88358306884766
-110.04085540771484
-111.08857727050781
-102.21321105957031
-108.27642822265625
-113.86677551269531
-102.66728973388672
-104.82601165771484
-108.27864837646484
-105.3506088256836
-104.30439758300781
-113.12869262695312
-104.88255310058594
-113.40312957763672
-103.65021514892578
-105.8759536743164
-101.82695007324219
-108.20919799804688
-105.87199401855469
-107.07740020751953
-109.71796417236328
-105.80906677246094
-106.4572982788086
-106.73452758789062
-111.60224914550781
-97.64886474609375
-109.39472961425781
-104.98655700683594
-108.73824310302734
-105.27680969238281
-102.31632232666016
-111.20138549804688
-106.00403594970703
-112.34551239013672
-105.75415802001953
-106.4106216430664
-115.1593246459961
-108.19572448730469
-115.29369354248047
-112.39899444580078
-114.319091796875
-103.71963500976562
-109.4267578125
-105.22441864013672
-114.08705139160156
-97.46150207519531
-107.634765625
-115.196533203125
-115.786865234375
-113.40315246582031
-102.31446838378906
-101.4296875
-110.34049987792969
-105.72505950927734
-107.45349884033203
-107.3248062133789
-104.0553970336914
-106.30192565917969
-107.18142700195312
-116.34147644042969
-102.40461730957031
-106.3424301147461
-97.36979675292969
-106.67172241210938
-109.74128723144531
-99.70101928710938
-111.17011260986328
-106.23650360107422
-106.67163848876953
-101.53305053710938
-110.22322845458984
-110.95919036865234
-105.6029052734375
-104.99026489257812
-106.029296875
-111.24749755859375
-105.9080810546875
-110.26268005371094
-102.25797271728516
-107.69430541992188
-100.87735748291016
-105.44180297851562
-106.53932189941406
-108.7053451538086
-106.83682250976562
-102.11280822753906
-110.2855453491211
-107.87035369873047
-113.09161376953125
-104.27011108398438
-109.51636505126953
-111.5014419555664
-108.53762817382812
-111.63924407958984
-114.67108917236328
-103.4775390625
-103.0917739868164
-103.68507385253906
-104.33094024658203
-105.66482543945312
-112.76172637939453
-103.17125701904297
-109.04281616210938
-102.31159210205078
-109.66800689697266
-108.58402252197266
-101.99874114990234
-109.62364196777344
-108.25992584228516
-115.11148834228516
-105.07687377929688
-104.29334259033203
-106.3671875
-108.65387725830078
-108.4999008178711
-112.63550567626953
-114.8709487915039
-106.67345428466797
-105.58375549316406
-110.68917846679688
-105.06140899658203
-106.50630187988281
-112.16311645507812
-108.27075958251953
-100.7486801147461
-111.75404357910156
-111.68706512451172
-102.93778228759766
-107.37442779541016
-103.25397491455078
-113.47379302978516
-111.47743225097656
-109.78601837158203
-103.9270248413086
-105.78852844238281
-107.50447845458984
-110.22663879394531
-109.33346557617188
-109.48336029052734
-111.01014709472656
-111.45185089111328
-105.06707763671875
-110.3192138671875
-107.70462799072266
-106.53678894042969
-108.14196014404297
-113.66687774658203
-115.31243133544922
-111.46099090576172
-103.11446380615234
-107.46720123291016
-114.151611328125
-107.10980224609375
-104.38916778564453
-105.50568389892578
-110.96570587158203
-99.49861145019531
-112.86425018310547
-102.22171020507812
-119.18941497802734
-112.05415344238281
-107.35802459716797
-109.46340942382812
-112.2998275756836
-109.43765258789062
-107.38762664794922
-108.65721130371094
-110.62581634521484
-105.10095977783203
-101.54552459716797
-103.68264770507812
-101.37958526611328
-108.43828582763672
-106.04840087890625
-106.5691146850586
-109.34701538085938
-105.85494232177734
-108.38179779052734
-104.97573852539062
-102.11907196044922
-113.16043853759766
-112.20197296142578
-105.92375183105469
-106.9626235961914
-110.99756622314453
-109.79798889160156
-103.68952941894531
-104.75780487060547
-107.39549255371094
-105.76428985595703
-108.62895965576172
-106.01582336425781
-104.42227935791016
-110.70240783691406
-108.1048583984375
-115.75807189941406
-110.58966064453125
-109.27607727050781
-105.1507339477539
-109.52266693115234
-104.87909698486328
-104.4639892578125
-107.38400268554688
-104.01750183105469
-103.89521026611328
-106.05917358398438
-103.1079330444336
-107.3802719116211
-113.40984344482422
-107.14068603515625
-107.05986785888672
-112.36853790283203
-108.471923828125
-109.82977294921875
-111.5819091796875
-107.64958190917969
-102.69720458984375
-108.48580169677734
-110.54901885986328
-106.97373962402344
-100.81147766113281
-114.67082214355469
-110.02316284179688
-116.38720703125
-115.40929412841797
-107.72478485107422
-106.22702026367188
-101.9225845336914
-106.7057113647461
-104.97479248046875
-105.2550048828125
-107.49681091308594
-108.38127136230469
-118.83074188232422
-109.08419799804688
-116.89933776855469
-114.00711059570312
-111.07378387451172
-104.73052215576172
-109.44650268554688
-103.0250244140625
-106.11810302734375
-114.2386703491211
-104.27633666992188
-112.1838150024414
-105.77873992919922
-101.46583557128906
-106.55777740478516
-112.89093780517578
-107.06094360351562
-107.41383361816406
-111.53763580322266
-110.43170928955078
-109.50209045410156
-105.49930572509766
-104.31387329101562
-111.59978485107422
-101.54373168945312
-104.41221618652344
-114.64334869384766
-111.26471710205078
-112.67252349853516
-112.03790283203125
-110.3604736328125
-107.09878540039062
-111.1194839477539
-110.66963958740234
-107.06920623779297
-105.40361785888672
-105.75810241699219
-109.15519714355469
-107.68760681152344
-102.03348541259766
-110.26168823242188
-100.80428314208984
-106.5315933227539
-109.15400695800781
-108.98005676269531
-109.01773071289062
-103.56816864013672
-107.60354614257812
-107.46322631835938
-103.37769317626953
-108.96890258789062
-115.848876953125
-112.0116958618164
-107.71831512451172
-111.21627044677734
-107.49127960205078
-107.88841247558594
-110.42540740966797
-108.00153350830078
-104.80291748046875
-106.07611846923828
-107.38672637939453
-104.02008056640625
-109.5134506225586
-107.54414367675781
-106.15701293945312
-105.13835144042969
-105.19573211669922
-109.0009765625
-116.13827514648438
-105.18879699707031
-106.90492248535156
-112.30803680419922
-106.66026306152344
-110.74785614013672
-103.47484588623047
-106.4829330444336
-108.62731170654297
-101.16272735595703
-107.19137573242188
-113.63043212890625
-106.01663208007812
-107.15699005126953
-111.26375579833984
-110.85994720458984
-103.03705596923828
-106.35037231445312
-106.30180358886719
-101.07943725585938
-108.15145874023438
-109.39502716064453
-103.82096099853516
-103.68551635742188
-112.40071868896484
-109.90217590332031
-106.80504608154297
-104.8425521850586
-105.34487915039062
-111.15762329101562
-110.44158172607422
-106.9097900390625
-105.4453353881836
-105.17733764648438
-102.92695617675781
-106.99268341064453
-110.72785186767578
-107.76861572265625
-104.5006332397461
-112.85202026367188
-105.85517120361328
-105.0533218383789
-101.09120178222656
-105.66826629638672
-101.71469116210938
-106.49085998535156
-107.06363677978516
-97.33473205566406
-110.03234100341797
-112.25997924804688
-109.06011962890625
-104.95172882080078
-115.433349609375
-115.22797393798828
-104.60667419433594
-103.74113464355469
-114.51006317138672
-110.70818328857422
-102.76338958740234
-109.86766052246094
-103.3855972290039
-107.23707580566406
-104.0465316772461
-106.59478759765625
-108.39930725097656
-108.61212158203125
-102.44222259521484
-107.4425048828125
-110.260009765625
-100.24249267578125
-97.32787322998047
-104.1593017578125
-106.11397552490234
-109.37973022460938
-104.71505737304688
-108.81243133544922
-113.03273010253906
-107.01221466064453
-107.5563735961914
-108.28966522216797
-109.775390625
-109.95648956298828
-108.1151351928711
-115.33687591552734
-103.70624542236328
-104.91311645507812
-108.07472229003906
-111.93621063232422
-107.44226837158203
-110.2667007446289
-106.06975555419922
-105.5277099609375
-111.34688568115234
-103.29631042480469
-105.51498413085938
-110.26680755615234
-104.75030517578125
-110.8929443359375
-107.7833023071289
-112.79218292236328
-105.91321563720703
-108.32279205322266
-109.717041015625
-106.51993560791016
-110.34463500976562
-106.87617492675781
-110.5250015258789
-104.0425033569336
-103.27706146240234
-103.17807006835938
-111.03813171386719
-114.31193542480469
-109.0318603515625
-98.6905746459961
-110.2142333984375
-109.5339584350586
-112.20983123779297
-110.02659606933594
-109.72493743896484
-105.31471252441406
-110.76790618896484
-105.76493835449219
-106.27880096435547
-107.38461303710938
-107.58270263671875
-103.79969024658203
-104.98646545410156
-99.56304168701172
-107.09960174560547
-111.58528137207031
-108.788818359375
-108.92247772216797
-109.62847137451172
-104.4703140258789
-105.61556243896484
-109.73251342773438
-104.8194580078125
-111.74638366699219
-106.78492736816406
-109.30804443359375
-101.7992172241211
-103.26476287841797
-110.14073944091797
-104.76290130615234
-104.27973175048828
-112.69869995117188
-105.08409118652344
-109.17279815673828
-103.27568817138672
-105.22108459472656
-107.10398864746094
-109.72783660888672
-111.58584594726562
-113.31865692138672
-109.00614166259766
-106.68247985839844
-102.8420639038086
-112.25822448730469
-100.15144348144531
-114.6182861328125
-107.44652557373047
-112.1755599975586
-105.22974395751953
-102.93400573730469
-105.84473419189453
-107.07939910888672
-108.7657470703125
-113.30494689941406
-111.08450317382812
-110.71212768554688
-105.2587890625
-114.45816040039062
-106.8200454711914
-110.7554702758789
-113.04701232910156
-110.40743255615234
-109.29637908935547
-114.402587890625
-107.4638442993164
-110.65289306640625
-103.64347076416016
-106.68597412109375
-110.78411865234375
-110.3735580444336
-111.44603729248047
-110.79612731933594
-110.4376449584961
-105.95101165771484
-108.74788665771484
-107.72354125976562
-105.19837188720703
-113.66785430908203
-103.2381362915039
-110.03131866455078
-106.92154693603516
-102.81864929199219
-107.54438781738281
-108.73973083496094
-108.30732727050781
-105.62944793701172
-110.32356262207031
-107.77104187011719
-109.78213500976562
-114.78424072265625
-101.44072723388672
-107.2436752319336
-101.1112060546875
-111.80120849609375
-104.01445007324219
-103.64472198486328
-108.83877563476562
-108.75285339355469
-110.54158782958984
-109.37098693847656
-107.24161529541016
-109.21501922607422
-109.3837661743164
-109.50064086914062
