-101.5545425415039
-112.67227172851562
-103.98767852783203
-113.26512908935547
-111.37834167480469
-109.99552154541016
-105.2841567993164
-96.11968231201172
-111.15201568603516
-104.15340423583984
-111.16952514648438
-105.65369415283203
-110.7861099243164
-107.50375366210938
-105.36005401611328
-103.36326599121094
-102.99537658691406
-111.83580017089844
-107.51019287109375
-100.7374038696289
-106.80414581298828
-105.76609802246094
-108.35855102539062
-107.95079040527344
-110.32489013671875
-115.37269592285156
-102.68940734863281
-111.02143096923828
-102.50639343261719
-104.37798309326172
-109.77910614013672
-114.48961639404297
-110.2511978149414
-112.58058166503906
-111.7098617553711
-104.3931884765625
-103.87530517578125
-107.28376770019531
-108.8917007446289
-106.1593017578125
-100.48741912841797
-100.18353271484375
-111.12702941894531
-105.4688720703125
-102.79375457763672
-112.71312713623047
-107.0074462890625
-107.02037048339844
-106.54951477050781
-106.26311492919922
-104.7459945678711
-105.31410217285156
-105.56712341308594
-115.96353149414062
-110.2088851928711
-107.9970703125
-109.39730072021484
-101.29559326171875
-97.83902740478516
-113.27470397949219
-106.93943786621094
-109.62348175048828
-103.17823791503906
-105.5025863647461
-108.6424331665039
-101.8827133178711
-108.12834930419922
-107.56491088867188
-106.99445343017578
-101.41099548339844
-107.43060302734375
-104.353271484375
-102.51046752929688
-111.45854187011719
-108.65364074707031
-109.55439758300781
-103.38067626953125
-109.98828125
-106.02985382080078
-110.54830932617188
-104.1793212890625
-107.46525573730469
-98.6912612915039
-105.62981414794922
-109.63549041748047
-107.34873962402344
-107.69100189208984
-100.62651824951172
-109.53661346435547
-99.2734603881836
-105.02227783203125
-107.12225341796875
-108.19631958007812
-108.99600982666016
-110.4526596069336
-106.6958236694336
-107.77334594726562
-107.9527359008789
-105.1866455078125
-108.77420043945312
-108.5211181640625
-97.525390625
-112.24588012695312
-108.86744689941406
-106.5453872680664
-112.62446594238281
-110.91958618164062
-102.5710220336914
-105.90067291259766
-99.34757232666016
-108.90607452392578
-96.8434829711914
-107.38007354736328
-100.71870422363281
-106.34037780761719
-102.40751647949219
-107.9801254272461
-103.37091064453125
-103.96392822265625
-101.15384674072266
-114.93626403808594
-105.38994598388672
-107.58011627197266
-104.72552490234375
-98.0013198852539
-109.24591827392578
-103.9894790649414
-100.14665985107422
-107.08136749267578
-106.00303649902344
-99.63558959960938
-108.37141418457031
-100.56473541259766
-106.15731811523438
-101.86317443847656
-100.54049682617188
-103.76641845703125
-111.40277099609375
-105.48726654052734
-103.36505126953125
-107.51060485839844
-108.96956634521484
-106.54734802246094
-106.51170349121094
-109.2337417602539
-103.1101303100586
-106.32784271240234
-104.96746826171875
-110.58222198486328
-110.33609008789062
-112.76344299316406
-100.95348358154297
-109.89703369140625
-109.95486450195312
-112.57559204101562
-111.77910614013672
-114.00440216064453
-107.30804443359375
-110.95459747314453
-103.3970947265625
-105.70233154296875
-106.39082336425781
-107.41812896728516
-104.97370910644531
-102.4769287109375
-103.73286437988281
-108.11567687988281
-114.11551666259766
-112.23815155029297
-107.44023132324219
-108.0845947265625
-97.778564453125
-112.04005432128906
-105.1324462890625
-102.82361602783203
-105.45780944824219
-104.15336608886719
-104.97889709472656
-108.60490417480469
-102.56269836425781
-105.76668548583984
-110.64994812011719
-108.23226928710938
-104.88980102539062
-102.56718444824219
-107.99201965332031
-103.3350601196289
-106.20657348632812
-108.4525375366211
-108.6336669921875
-109.68695068359375
-101.20147705078125
-103.08350372314453
-107.73355102539062
-101.4140625
-106.32393646240234
-104.5551528930664
-109.59053039550781
-102.05868530273438
-105.4910659790039
-104.6482162475586
-105.49412536621094
-107.24019622802734
-100.86647033691406
-108.77826690673828
-106.47257995605469
-110.76911163330078
-102.10664367675781
-98.33480834960938
-111.21654510498047
-104.3986587524414
-105.96728515625
-103.19697570800781
-113.54328155517578
-110.29460144042969
-105.63585662841797
-106.77901458740234
-104.66999816894531
-106.73262023925781
-104.3024673461914
-101.00818634033203
-111.78646087646484
-101.00462341308594
-112.19701385498047
-104.67918395996094
-111.94050598144531
-106.96051025390625
-109.2488784790039
-109.87096405029297
-110.8144760131836
-113.3018798828125
-114.17916870117188
-109.1169204711914
-106.70597839355469
-108.91773223876953
-100.8321762084961
-108.57711029052734
-109.78822326660156
-108.85372161865234
-107.4719009399414
-112.13700866699219
-106.81214904785156
-105.17770385742188
-106.84144592285156
-107.12702941894531
-106.77291107177734
-108.4385757446289
-109.74018096923828
-103.80904388427734
-102.66726684570312
-109.44780731201172
-107.57469177246094
-104.39149475097656
-100.612060546875
-103.90848541259766
-104.25648498535156
-107.86565399169922
-118.99663543701172
-105.56120300292969
-111.3126449584961
-111.60132598876953
-106.6057357788086
-105.81694030761719
-101.02706909179688
-101.61618041992188
-106.66680145263672
-109.50299835205078
-102.37690734863281
-100.38578796386719
-107.30857849121094
-103.25529479980469
-105.30741882324219
-105.72756958007812
-110.69019317626953
-101.4801254272461
-106.9777603149414
-109.02528381347656
-99.31016540527344
-104.67359924316406
-106.46662902832031
-99.51502227783203
-104.50902557373047
-108.04080963134766
-101.91845703125
-98.873291015625
-108.7356185913086
-104.09561920166016
-109.81114196777344
-111.88060760498047
-108.48477935791016
-108.278076171875
-100.9820327758789
-105.1742172241211
-110.34638214111328
-105.13174438476562
-107.89778137207031
-103.9840087890625
-111.81632232666016
-104.26124572753906
-101.05622863769531
-102.4129409790039
-105.29607391357422
-109.52360534667969
-106.04646301269531
-108.8041000366211
-102.42608642578125
-102.24039459228516
-110.979248046875
-109.40306854248047
-108.49314880371094
-107.26374816894531
-104.11058044433594
-104.4384536743164
-107.14169311523438
-101.71671295166016
-105.15401458740234
-102.85536193847656
-109.44326782226562
-104.84395599365234
-105.64395141601562
-108.72599029541016
-110.05996704101562
-101.56758117675781
-99.4990463256836
-102.69570922851562
-111.81278991699219
-111.71260833740234
-102.80205535888672
-109.88838195800781
-109.83660888671875
-108.58290100097656
-105.3931884765625
-106.65715026855469
-106.37677001953125
-113.3451156616211
-112.11907958984375
-106.1658935546875
-105.5933837890625
-101.43959045410156
-111.35330200195312
-114.59764099121094
-106.46428680419922
-110.28376007080078
-107.58911895751953
-112.97574615478516
-102.11860656738281
-100.8451156616211
-104.95864868164062
-106.14015197753906
-117.42269134521484
-107.40908813476562
-109.84204864501953
-110.77140808105469
-109.8699951171875
-103.64439392089844
-109.01436614990234
-109.213134765625
-112.82363891601562
-113.43384552001953
-108.8016586303711
-107.86557006835938
-109.52964782714844
-105.50861358642578
-113.7469711303711
-107.55298614501953
-106.51383972167969
-106.03063201904297
-105.63134765625
-107.5025863647461
-108.30140686035156
-105.9372787475586
-108.06748962402344
-101.80201721191406
-112.03276062011719
-110.83391571044922
-112.93106079101562
-103.66221618652344
-105.72972106933594
-100.14776611328125
-104.3144302368164
-106.13712310791016
-102.28086853027344
-104.50286865234375
-103.5389175415039
-109.56145477294922
-107.3504409790039
-103.01615905761719
-106.13626861572266
-110.04069519042969
-104.15496826171875
-100.78604125976562
-101.29664611816406
-105.28555297851562
-105.47808074951172
-105.4428939819336
-103.29053497314453
-99.55262756347656
-115.0467300415039
-101.4748764038086
-105.50479125976562
-105.99435424804688
-103.9156265258789
-106.87965393066406
-102.61199951171875
-104.74906921386719
-115.29264831542969
-99.56214141845703
-107.41400146484375
-106.09697723388672
-106.30963134765625
-115.17538452148438
-107.30150604248047
-109.01006317138672
-104.16055297851562
-101.4275131225586
-99.43601989746094
-112.30770111083984
-102.86206817626953
-103.09536743164062
-107.3348388671875
-108.75272369384766
-99.29681396484375
-106.85797119140625
-114.01741790771484
-100.30233764648438
-104.05421447753906
-105.11556243896484
-103.84103393554688
-102.75579071044922
-111.86563873291016
-103.52588653564453
-111.26041412353516
-100.99564361572266
-104.69429016113281
-101.97022247314453
-107.46317291259766
-105.51884460449219
-105.24259948730469
-107.25789642333984
-103.84600830078125
-103.88463592529297
-105.13054656982422
-111.05746459960938
-96.76490783691406
-106.4728775024414
-103.33895111083984
-106.36355590820312
-101.94691467285156
-101.32817077636719
-110.20917510986328
-103.854248046875
-110.32810974121094
-103.6552734375
-103.89105987548828
-114.23328399658203
-106.27483367919922
-111.98336791992188
-109.16197204589844
-112.05744171142578
-101.97765350341797
-107.30252075195312
-102.19388580322266
-112.0699691772461
-95.96732330322266
-105.34883117675781
-111.88880920410156
-113.30878448486328
-110.07146453857422
-102.47982788085938
-101.18136596679688
-108.39798736572266
-103.70255279541016
-106.0864486694336
-105.82487487792969
-102.29981231689453
-105.99148559570312
-105.26750946044922
-114.39168548583984
-100.22483825683594
-103.20719909667969
-96.69915008544922
-104.11939239501953
-108.23196411132812
-98.606689453125
-110.36136627197266
-103.71559143066406
-105.87034606933594
-100.4566879272461
-107.94133758544922
-109.73101043701172
-102.9798583984375
-104.00225830078125
-102.94107055664062
-108.78565979003906
-105.43926239013672
-109.30145263671875
-101.36144256591797
-106.9456787109375
-99.7989273071289
-103.6927261352539
-103.86764526367188
-105.2509536743164
-104.73468017578125
-101.07759094238281
-107.30203247070312
-106.70731353759766
-110.8246078491211
-103.09534454345703
-105.85478210449219
-108.28099060058594
-106.32936096191406
-109.43010711669922
-112.55766296386719
-103.35160064697266
-101.7696533203125
-101.68058776855469
-102.03373718261719
-103.1166000366211
-112.4161605834961
-102.17169952392578
-107.09406280517578
-101.42589569091797
-107.0625228881836
-107.14492797851562
-100.67701721191406
-108.28945922851562
-105.91187286376953
-113.36996459960938
-102.30799102783203
-103.99410247802734
-105.59432983398438
-106.37857818603516
-106.35507202148438
-111.16093444824219
-114.55439758300781
-103.82740020751953
-103.88847351074219
-110.3369369506836
-103.63430786132812
-104.80227661132812
-109.88253784179688
-106.40704345703125
-99.89505004882812
-110.8839340209961
-111.79834747314453
-101.95625305175781
-105.27490997314453
-102.0010986328125
-111.66902160644531
-109.52161407470703
-110.09903717041016
-101.9246826171875
-104.30316162109375
-105.99861907958984
-109.34931182861328
-107.45760345458984
-109.3982925415039
-109.36618041992188
-111.40447235107422
-103.62647247314453
-109.04077911376953
-106.0502700805664
-103.15222930908203
-106.7015380859375
-110.84723663330078
-112.94879150390625
-109.27273559570312
-102.15691375732422
-106.62606811523438
-112.26704406738281
-104.17144012451172
-102.0069351196289
-103.52034759521484
-109.71105194091797
-97.43959045410156
-111.38304901123047
-101.37338256835938
-118.26988220214844
-110.83501434326172
-105.27853393554688
-108.67521667480469
-109.89437866210938
-107.27578735351562
-104.97293853759766
-108.21073150634766
-109.78868865966797
-103.23261260986328
-100.55573272705078
-102.21102142333984
-99.64471435546875
-107.7022933959961
-104.71510314941406
-105.83907318115234
-106.54734802246094
-104.10709381103516
-107.28532409667969
-103.25032806396484
-100.45663452148438
-113.1810302734375
-110.9520263671875
-103.4571304321289
-104.64974975585938
-107.77297973632812
-108.30625915527344
-101.49214172363281
-103.80635070800781
-105.8458251953125
-102.13146209716797
-106.57759857177734
-104.32291412353516
-103.08740234375
-108.68750762939453
-105.16262817382812
-115.7312240600586
-109.59900665283203
-107.52067565917969
-104.50753784179688
-107.19783020019531
-103.55858612060547
-102.59754180908203
-106.08038330078125
-101.69047546386719
-101.15521240234375
-104.71587371826172
-100.6300048828125
-106.33751678466797
-111.4944839477539
-107.40341186523438
-106.290283203125
-110.99618530273438
-106.03720092773438
-106.75756072998047
-110.16143035888672
-104.85616302490234
-100.73210144042969
-107.50115966796875
-109.701171875
-105.22760772705078
-100.11387634277344
-114.42247772216797
-108.8839340209961
-113.9559097290039
-113.20079803466797
-106.96067810058594
-103.67362976074219
-101.31781005859375
-104.99504089355469
-102.77641296386719
-102.77257537841797
-104.01399993896484
-105.02800750732422
-116.64200592041016
-107.54469299316406
-115.50745391845703
-110.91803741455078
-109.65026092529297
-101.52728271484375
-107.06505584716797
-102.2474136352539
-104.17729949951172
-113.2297592163086
-102.6114730834961
-110.87932586669922
-103.64636993408203
-99.68319702148438
-105.91841888427734
-113.18743896484375
-104.97384643554688
-104.64823150634766
-110.00251007080078
-109.45740509033203
-109.57520294189453
-104.6475830078125
-102.82012939453125
-109.31764221191406
-101.0687484741211
-102.36979675292969
-111.6303482055664
-109.22483825683594
-110.57139587402344
-109.56982421875
-107.62764739990234
-104.4115219116211
-108.98628234863281
-108.34349060058594
-104.46681213378906
-103.46000671386719
-102.86822509765625
-107.48756408691406
-106.09539031982422
-100.38115692138672
-108.01848602294922
-99.42943572998047
-104.54292297363281
-106.2496337890625
-106.02326965332031
-107.85346221923828
-101.98484802246094
-104.31748962402344
-104.94437408447266
-101.7579574584961
-105.24298095703125
-112.68395233154297
-110.04345703125
-105.2709732055664
-106.38033294677734
-106.17060089111328
-106.52392578125
-108.73719024658203
-105.97190856933594
-102.03977966308594
-104.2027587890625
-105.2196044921875
-101.63751220703125
-106.8281021118164
-104.78121185302734
-105.2032470703125
-102.97062683105469
-102.83244323730469
-108.00519561767578
-112.96907043457031
-103.68695831298828
-105.83369445800781
-111.59170532226562
-104.65585327148438
-108.55948638916016
-101.73808288574219
-105.19617462158203
-107.93280029296875
-99.0089111328125
-103.74430084228516
-111.79408264160156
-103.16353607177734
-106.19700622558594
-108.7202377319336
-110.14187622070312
-101.3648452758789
-105.6518783569336
-105.1496353149414
-98.96145629882812
-105.27274322509766
-107.13971710205078
-102.3274154663086
-101.85623168945312
-109.81388092041016
-108.92183685302734
-105.01428985595703
-102.2779769897461
-103.4908447265625
-111.3529052734375
-107.66888427734375
-105.43416595458984
-103.884033203125
-103.88915252685547
-100.21624755859375
-103.92462158203125
-108.9627914428711
-107.10175323486328
-103.04680633544922
-112.20013427734375
-104.27825164794922
-103.60530853271484
-101.08837890625
-104.60187530517578
-98.77735900878906
-104.14683532714844
-105.40971374511719
-95.37213134765625
-108.87504577636719
-110.22084045410156
-107.0497817993164
-103.60639953613281
-112.88581848144531
-112.476806640625
-103.76771545410156
-102.65263366699219
-112.9237289428711
-109.36725616455078
-101.69256591796875
-106.57025146484375
-103.60472869873047
-106.19723510742188
-104.24283599853516
-106.0264892578125
-107.88983154296875
-106.71024322509766
-103.1223373413086
-106.28759002685547
-110.48783111572266
-100.30162811279297
-95.9803695678711
-102.6915283203125
-104.3974609375
-107.08723449707031
-103.21913146972656
-107.52931213378906
-111.48603820800781
-105.95911407470703
-103.88113403320312
-107.38175964355469
-107.12020874023438
-107.66950225830078
-106.92923736572266
-113.98184204101562
-102.60081481933594
-102.43765258789062
-104.8724594116211
-110.6095962524414
-104.81559753417969
-108.04622650146484
-104.88850402832031
-104.98774719238281
-108.93486785888672
-101.2063980102539
-104.36743927001953
-108.86756896972656
-103.56957244873047
-108.54096984863281
-105.81928253173828
-111.70160675048828
-105.90092468261719
-108.40733337402344
-108.2428970336914
-105.24630737304688
-108.15388488769531
-105.67913818359375
-110.25192260742188
-103.92227935791016
-101.95623779296875
-101.2781982421875
-109.59445190429688
-113.1805419921875
-107.09769439697266
-97.54205322265625
-107.56674194335938
-108.45442199707031
-110.83525085449219
-108.510986328125
-108.91911315917969
-102.96334838867188
-109.13848114013672
-104.86138916015625
-104.47737121582031
-106.38288116455078
-107.35101318359375
-102.39572143554688
-104.27818298339844
-98.55193328857422
-106.2851791381836
-110.34713745117188
-107.78228759765625
-107.58658599853516
-107.14875030517578
-102.34577178955078
-104.53885650634766
-108.06640625
-104.49625396728516
-109.95953369140625
-105.24304962158203
-107.0230484008789
-100.10379028320312
-102.8880615234375
-108.68318939208984
-104.3008804321289
-104.35657501220703
-110.66609954833984
-102.20790100097656
-107.4041748046875
-102.75825500488281
-105.95043182373047
-107.39469909667969
-107.7122573852539
-110.6753158569336
-111.6744384765625
-107.17826080322266
-105.60334777832031
-101.84632110595703
-110.70343017578125
-99.1839599609375
-112.97026062011719
-104.83507537841797
-110.4239730834961
-104.08160400390625
-102.75695037841797
-104.60112762451172
-104.34917449951172
-107.52828979492188
-112.98509216308594
-109.75397491455078
-108.78356170654297
-102.85889434814453
-114.14208221435547
-105.50809478759766
-108.28809356689453
-111.45809936523438
-108.96537780761719
-107.30510711669922
-114.2983169555664
-107.26956939697266
-110.06137084960938
-102.903076171875
-105.60006713867188
-110.6249771118164
-109.49822235107422
-109.77003479003906
-109.16857147216797
-109.6882553100586
-104.21971893310547
-106.8100357055664
-107.07623291015625
-104.65129089355469
-111.29023742675781
-102.28843688964844
-109.0699691772461
-107.78711700439453
-102.37216186523438
-106.6089096069336
-107.93296813964844
-105.46601867675781
-104.21083068847656
-109.50127410888672
-107.16226959228516
-109.20590209960938
-111.87940216064453
-100.2011489868164
-105.49781799316406
-99.09848022460938
-109.73593139648438
-103.00886535644531
-101.97968292236328
-106.70800018310547
-106.94827270507812
-109.83631134033203
-109.15304565429688
-105.88021850585938
-107.39779663085938
-108.19927978515625
-109.5278549194336
