-99.04727935791016
-111.16441345214844
-103.98796844482422
-109.61880493164062
-107.5848617553711
-106.7864761352539
-102.16847229003906
-94.3624038696289
-107.15633392333984
-101.5163803100586
-107.54579162597656
-101.98173522949219
-107.43762969970703
-104.11250305175781
-102.74424743652344
-100.59928131103516
-99.68565368652344
-107.8288803100586
-105.07513427734375
-98.38722229003906
-104.3700180053711
-102.60043334960938
-103.50383758544922
-105.25188446044922
-105.97526550292969
-111.54557037353516
-99.28614044189453
-108.22260284423828
-98.03839874267578
-101.28201293945312
-106.72722625732422
-112.29158782958984
-108.62843322753906
-110.99676513671875
-109.06364440917969
-101.22840118408203
-101.71964263916016
-103.89015197753906
-106.16573333740234
-102.07042694091797
-98.5500717163086
-98.41932678222656
-107.67843627929688
-103.76628112792969
-101.19629669189453
-110.06270599365234
-105.3083267211914
-105.95894622802734
-105.8812026977539
-102.30227661132812
-101.73564147949219
-103.1071548461914
-103.22138214111328
-114.0913314819336
-108.51522064208984
-104.38594818115234
-106.90621185302734
-100.19453430175781
-97.15689849853516
-111.49315643310547
-104.77388763427734
-106.76795959472656
-100.65797424316406
-104.53282165527344
-107.44012451171875
-98.67119598388672
-105.61107635498047
-104.55657958984375
-104.02474975585938
-100.47987365722656
-103.7521743774414
-101.56244659423828
-100.42784118652344
-110.0738296508789
-106.24647521972656
-105.66117095947266
-100.87947845458984
-106.29771423339844
-103.73226928710938
-107.50163269042969
-101.37458801269531
-102.9609603881836
-97.37506866455078
-102.22608947753906
-108.07342529296875
-104.41452026367188
-104.75962829589844
-98.5311050415039
-107.03068542480469
-98.39318084716797
-101.76583862304688
-104.28450012207031
-105.52971649169922
-106.23229217529297
-109.53497314453125
-104.34459686279297
-104.04391479492188
-105.17987060546875
-103.08522033691406
-108.50843048095703
-105.54737854003906
-94.83966827392578
-109.23210144042969
-104.94535827636719
-102.60308837890625
-109.04011535644531
-108.69132995605469
-97.62706756591797
-103.31739044189453
-96.9698257446289
-107.82732391357422
-95.4087905883789
-104.07252502441406
-97.85482788085938
-103.6098403930664
-100.79395294189453
-105.48128509521484
-100.30712127685547
-101.48604583740234
-98.4044189453125
-112.61799621582031
-103.1844482421875
-105.31917572021484
-102.25160217285156
-95.3895034790039
-106.28858947753906
-102.8197021484375
-97.76560974121094
-105.77462005615234
-106.09420013427734
-97.70561981201172
-107.26909637451172
-98.80827331542969
-102.40499877929688
-98.44671630859375
-99.97692108154297
-101.85220336914062
-109.05101013183594
-103.11293029785156
-101.49801635742188
-105.03262329101562
-104.90923309326172
-104.1719970703125
-103.07292938232422
-105.67542266845703
-100.82836151123047
-103.87972259521484
-103.02339172363281
-108.01141357421875
-106.78484344482422
-109.09760284423828
-98.56729125976562
-106.43863677978516
-106.20380401611328
-108.53076171875
-109.7065658569336
-110.15025329589844
-103.9157485961914
-108.75593566894531
-99.49418640136719
-103.77515411376953
-102.36244201660156
-104.88257598876953
-101.7082748413086
-100.04804229736328
-100.61593627929688
-105.45812225341797
-112.47041320800781
-108.58929443359375
-105.70133972167969
-106.3376693725586
-94.95278930664062
-108.91024017333984
-101.51591491699219
-101.77876281738281
-104.3494873046875
-102.01927185058594
-103.16442108154297
-106.60774230957031
-99.97590637207031
-104.14982604980469
-109.38372039794922
-104.0035400390625
-102.22250366210938
-101.44837188720703
-106.46749114990234
-101.8731689453125
-104.0845718383789
-106.13402557373047
-106.80181121826172
-107.90933990478516
-98.95633697509766
-101.86112976074219
-104.57122802734375
-100.59703063964844
-103.11811065673828
-101.09329223632812
-107.05944061279297
-99.9874267578125
-103.69048309326172
-102.27293395996094
-102.96388244628906
-104.3218994140625
-98.4532241821289
-103.76373291015625
-103.23609924316406
-109.63106536865234
-98.76236724853516
-96.27285766601562
-109.8401870727539
-102.9765625
-105.55243682861328
-101.8974380493164
-110.74068450927734
-106.84071350097656
-104.41011810302734
-105.12129974365234
-102.61808776855469
-104.00189971923828
-103.07628631591797
-99.5204086303711
-109.71990203857422
-98.8462905883789
-109.93965148925781
-104.02240753173828
-109.0907974243164
-105.40232849121094
-106.55919647216797
-108.47128295898438
-106.84099578857422
-110.1371078491211
-111.9970474243164
-107.12885284423828
-104.28501892089844
-106.33438110351562
-97.87122344970703
-106.4056396484375
-106.20694732666016
-107.45281982421875
-105.4190902709961
-109.03618621826172
-105.35038757324219
-104.07327270507812
-106.91050720214844
-105.44552612304688
-104.759521484375
-105.64378356933594
-107.6160659790039
-101.19680786132812
-101.63556671142578
-106.9115982055664
-106.9776611328125
-100.97895812988281
-98.28119659423828
-102.43234252929688
-101.6353759765625
-106.80658721923828
-115.1240005493164
-103.24559783935547
-109.56592559814453
-109.74183654785156
-105.32727813720703
-104.03814697265625
-98.7672119140625
-99.87808227539062
-103.8641128540039
-106.37129211425781
-97.83525085449219
-99.40812683105469
-104.51102447509766
-98.97470092773438
-103.9690933227539
-102.39451599121094
-108.05734252929688
-98.57454681396484
-103.75419616699219
-106.80301666259766
-96.69525909423828
-102.73656463623047
-105.14056396484375
-98.01226806640625
-101.56129455566406
-104.76164245605469
-100.1593246459961
-97.20205688476562
-107.98365020751953
-103.02528381347656
-106.07415008544922
-109.59555053710938
-104.59402465820312
-105.82633972167969
-98.5425796508789
-101.45259094238281
-107.38048553466797
-104.31126403808594
-106.13053894042969
-101.62116241455078
-108.82713317871094
-103.89404296875
-100.32483673095703
-100.88709259033203
-102.08057403564453
-107.17559814453125
-105.2602767944336
-106.0535659790039
-100.85748291015625
-99.8912124633789
-110.53877258300781
-107.66075134277344
-106.07904052734375
-105.91193389892578
-103.12997436523438
-101.64983367919922
-104.32064056396484
-99.15718078613281
-102.92667388916016
-98.85718536376953
-106.90695190429688
-103.8152084350586
-104.20417022705078
-106.2948226928711
-109.35679626464844
-100.08200073242188
-97.73471069335938
-101.79423522949219
-108.29348754882812
-110.99530792236328
-100.52556610107422
-108.43222045898438
-106.8202896118164
-105.93817138671875
-102.2613525390625
-102.8502197265625
-106.07916259765625
-110.85638427734375
-109.03658294677734
-102.88032531738281
-103.6750717163086
-99.43931579589844
-109.30223083496094
-111.76984405517578
-104.94005584716797
-108.56016540527344
-104.80441284179688
-110.0328598022461
-99.55242156982422
-99.98953247070312
-102.51348876953125
-105.00239562988281
-115.19208526611328
-105.12474822998047
-107.71028900146484
-108.90553283691406
-108.1490707397461
-100.32842254638672
-107.5326919555664
-106.85848999023438
-108.79121398925781
-110.64344787597656
-108.43392181396484
-107.30472564697266
-107.78736877441406
-104.74874114990234
-110.97657775878906
-105.73367309570312
-103.90107727050781
-105.17636108398438
-103.48222351074219
-105.363037109375
-106.36882019042969
-102.81422424316406
-105.8153076171875
-99.3594741821289
-109.27645111083984
-106.67981719970703
-110.54119110107422
-101.58399200439453
-102.97975158691406
-98.50121307373047
-101.11978912353516
-104.681640625
-101.45283508300781
-101.42296600341797
-100.69207763671875
-107.55343627929688
-104.13947296142578
-101.5522232055664
-104.36333465576172
-108.32355499267578
-102.63121795654297
-98.85800170898438
-99.03453063964844
-102.94254302978516
-102.67264556884766
-105.1391372680664
-101.1858139038086
-96.82630157470703
-112.49121856689453
-101.45211029052734
-103.49657440185547
-104.2314453125
-102.26449584960938
-105.40422821044922
-100.55648803710938
-103.25855255126953
-112.94302368164062
-98.64201354980469
-105.99247741699219
-104.84268951416016
-104.87291717529297
-111.9244155883789
-105.20612335205078
-108.23435974121094
-101.65746307373047
-100.48992156982422
-99.82601165771484
-109.76860809326172
-102.91795349121094
-101.55465698242188
-105.27497863769531
-107.44800567626953
-98.92282104492188
-105.04345703125
-110.59556579589844
-98.725341796875
-101.96654510498047
-103.13851165771484
-102.4801254272461
-99.60491180419922
-108.51190185546875
-100.49517822265625
-108.97692108154297
-100.01873779296875
-104.02625274658203
-98.81764221191406
-104.2475357055664
-102.89327239990234
-103.79398345947266
-105.59236145019531
-102.1075668334961
-103.91001892089844
-103.85030364990234
-108.78291320800781
-93.73442840576172
-104.55072021484375
-100.40348815917969
-105.78443145751953
-100.80044555664062
-97.91934967041016
-107.67080688476562
-102.24783325195312
-107.05459594726562
-101.03860473632812
-101.93385314941406
-111.18122863769531
-105.4968490600586
-110.11953735351562
-106.56344604492188
-109.73081970214844
-100.3651123046875
-105.14414978027344
-100.72527313232422
-110.20018005371094
-93.94258117675781
-103.20668029785156
-108.72708892822266
-111.34071350097656
-107.34516906738281
-100.19043731689453
-98.06846618652344
-106.4207992553711
-102.89094543457031
-102.67432403564453
-103.02928161621094
-100.6175765991211
-102.94987487792969
-102.31806945800781
-110.6129150390625
-98.2899398803711
-100.96833038330078
-93.45767211914062
-101.61251068115234
-105.34357452392578
-96.62861633300781
-108.09463500976562
-100.77767181396484
-102.15522766113281
-97.12556457519531
-106.58477783203125
-107.40821838378906
-101.39530944824219
-101.69144439697266
-101.39521789550781
-106.54508972167969
-101.859130859375
-106.52265930175781
-99.13506317138672
-104.41268920898438
-97.57147979736328
-101.97543334960938
-101.96834564208984
-103.16815948486328
-102.20162200927734
-98.42864227294922
-103.8809814453125
-102.98836517333984
-108.4510498046875
-99.77383422851562
-104.74789428710938
-106.71595001220703
-104.67705535888672
-106.53797912597656
-110.73896026611328
-100.79244995117188
-101.07972717285156
-99.38423156738281
-99.69013977050781
-100.68819427490234
-110.00971984863281
-100.30458068847656
-105.32491302490234
-98.51531982421875
-105.02696228027344
-105.52983093261719
-99.03453826904297
-105.61853790283203
-104.88453674316406
-112.06956481933594
-101.06314849853516
-99.91229248046875
-103.16973876953125
-107.2687759399414
-105.55045318603516
-108.68385314941406
-110.49684143066406
-101.87703704833984
-101.80889129638672
-106.12737274169922
-101.6009292602539
-102.10259246826172
-108.41165924072266
-102.7965087890625
-98.58524322509766
-107.65352630615234
-107.60051727294922
-98.32173156738281
-103.20558166503906
-99.84385681152344
-109.27959442138672
-106.64251708984375
-106.7972412109375
-99.669921875
-101.53631591796875
-102.00933837890625
-104.83389282226562
-104.65789794921875
-106.88981628417969
-107.55870819091797
-108.11235046386719
-102.37642669677734
-106.44976043701172
-103.20592498779297
-102.56622314453125
-104.05968475341797
-108.62065124511719
-110.7451400756836
-107.0818099975586
-100.92313385009766
-102.75041961669922
-110.0322036743164
-103.48592376708984
-99.9820327758789
-100.9013900756836
-106.5205078125
-96.03536987304688
-108.7018051147461
-99.6588363647461
-115.39571380615234
-107.38153076171875
-102.71435546875
-107.02702331542969
-108.69417572021484
-106.80487823486328
-102.3866195678711
-104.02300262451172
-106.76410675048828
-101.3740463256836
-97.87060546875
-99.43983459472656
-98.39878845214844
-105.0210952758789
-102.86021423339844
-103.66120910644531
-105.92485809326172
-103.13748168945312
-106.84487915039062
-101.29997253417969
-99.64826202392578
-109.19488525390625
-109.2732162475586
-102.18693542480469
-102.5765609741211
-105.14724731445312
-105.57997131347656
-99.83443450927734
-100.588623046875
-104.09132385253906
-100.3996353149414
-106.00890350341797
-101.56366729736328
-100.86878967285156
-107.12208557128906
-103.67901611328125
-112.47439575195312
-106.07733154296875
-103.53264617919922
-102.39254760742188
-106.29190826416016
-103.4147720336914
-102.62222290039062
-103.1942367553711
-99.93975830078125
-100.71143341064453
-104.53715515136719
-99.35016632080078
-103.8218765258789
-110.33902740478516
-105.43193054199219
-101.7298812866211
-108.90638732910156
-103.77922821044922
-104.51185607910156
-107.06373596191406
-103.51828002929688
-99.04473114013672
-103.09945678710938
-107.91708374023438
-103.42955017089844
-97.6497573852539
-111.28575897216797
-105.80057525634766
-109.85118865966797
-111.84245300292969
-105.6104965209961
-101.78716278076172
-98.48308563232422
-103.2917251586914
-100.58654022216797
-99.22917175292969
-101.95304870605469
-103.1841812133789
-114.2984390258789
-103.62715148925781
-112.78657531738281
-110.60841369628906
-107.67159271240234
-100.48799896240234
-105.36656951904297
-101.14268493652344
-104.06395721435547
-110.32270812988281
-101.0989990234375
-108.36138916015625
-103.0483627319336
-98.25611877441406
-103.35606384277344
-110.6961669921875
-101.46029663085938
-102.7192611694336
-106.67186737060547
-106.81375885009766
-105.39179992675781
-102.51321411132812
-100.30741119384766
-107.98609924316406
-99.22090148925781
-100.73127746582031
-108.46278381347656
-106.9884262084961
-108.55221557617188
-108.19448852539062
-106.35845184326172
-101.2800521850586
-105.4016342163086
-106.2950210571289
-102.01622772216797
-102.15811920166016
-100.69937896728516
-105.30438995361328
-103.01329803466797
-99.56641387939453
-107.67054748535156
-97.42011260986328
-101.73773193359375
-105.29969787597656
-105.37152099609375
-105.59423828125
-99.83525085449219
-105.12051391601562
-103.83179473876953
-98.86309051513672
-102.93925476074219
-110.83123016357422
-107.55870819091797
-102.55882263183594
-103.67466735839844
-104.80604553222656
-104.23799133300781
-105.35095977783203
-103.72515106201172
-101.00569152832031
-102.77176666259766
-103.03102111816406
-99.68107604980469
-104.71131134033203
-103.02516174316406
-102.90591430664062
-101.5160140991211
-101.68850708007812
-106.12582397460938
-110.4976806640625
-101.67515563964844
-103.93576049804688
-107.40149688720703
-102.59012603759766
-106.14691162109375
-98.92488861083984
-103.3523178100586
-104.75596618652344
-97.52413177490234
-101.7979965209961
-107.8021240234375
-102.04823303222656
-104.72747039794922
-107.32844543457031
-106.86456298828125
-98.97313690185547
-102.90509033203125
-103.17900848388672
-97.95716857910156
-102.48431396484375
-105.66374206542969
-99.68310546875
-99.5988540649414
-108.79399871826172
-106.6491470336914
-103.17587280273438
-101.23820495605469
-105.03569030761719
-108.70674133300781
-105.22714233398438
-103.38766479492188
-100.64775848388672
-100.92852783203125
-100.07687377929688
-103.0093994140625
-106.60639953613281
-104.92655181884766
-101.89932250976562
-110.65130615234375
-102.45121002197266
-102.70803833007812
-98.90692138671875
-102.45247650146484
-98.31035614013672
-102.39505004882812
-103.76912689208984
-95.16641998291016
-106.650146484375
-108.3347396850586
-104.755859375
-100.40995788574219
-111.12245178222656
-110.43936157226562
-101.29428100585938
-99.71574401855469
-109.6686019897461
-107.83233642578125
-99.5326919555664
-103.95130157470703
-101.44952392578125
-104.57589721679688
-101.68862915039062
-102.8749771118164
-105.43029022216797
-104.81198120117188
-98.04042053222656
-103.656005859375
-106.4255142211914
-97.70185852050781
-93.38750457763672
-101.93644714355469
-103.58380126953125
-104.85987854003906
-102.25175476074219
-104.53265380859375
-110.39663696289062
-102.76496124267578
-101.7126693725586
-103.22705841064453
-104.40643310546875
-107.6143798828125
-104.3185043334961
-111.86515808105469
-100.45536804199219
-101.90080261230469
-102.81135559082031
-107.52859497070312
-103.76962280273438
-105.92594146728516
-101.91974639892578
-102.84454345703125
-106.00601196289062
-99.48055267333984
-103.658203125
-105.8287582397461
-101.72933197021484
-105.8022232055664
-101.99137878417969
-108.77964782714844
-103.0703125
-104.03710174560547
-105.13981628417969
-101.41099548339844
-106.94351196289062
-103.18949890136719
-106.18944549560547
-102.18824768066406
-98.67499542236328
-99.67147827148438
-108.07737731933594
-110.84062957763672
-104.4111557006836
-96.47785186767578
-104.39563751220703
-104.87583923339844
-108.0219497680664
-106.0755615234375
-105.03878021240234
-101.57530212402344
-107.14005279541016
-103.75625610351562
-102.16665649414062
-104.07282257080078
-104.26432800292969
-99.96586608886719
-102.33672332763672
-96.32347869873047
-104.70938110351562
-107.58647918701172
-106.20721435546875
-103.93778228759766
-105.28923034667969
-100.82384490966797
-103.00846862792969
-106.74624633789062
-102.58773040771484
-107.76238250732422
-103.79962158203125
-105.67076110839844
-97.78269958496094
-100.59425354003906
-104.41494750976562
-100.7043228149414
-100.14178466796875
-108.93621063232422
-101.21341705322266
-105.82212829589844
-100.62869262695312
-103.28514862060547
-104.72103118896484
-105.69288635253906
-107.95646667480469
-109.51185607910156
-103.9072265625
-104.02914428710938
-100.4421157836914
-108.35242462158203
-96.93449401855469
-111.63387298583984
-102.02394104003906
-107.87551879882812
-100.48810577392578
-99.81018829345703
-100.8913345336914
-101.93556213378906
-103.85376739501953
-108.98534393310547
-107.1604995727539
-105.76275634765625
-100.597412109375
-109.2562484741211
-101.82148742675781
-106.66838836669922
-109.81410217285156
-106.4310073852539
-104.23735809326172
-108.6414566040039
-102.26614379882812
-106.4915542602539
-100.4880599975586
-102.18570709228516
-107.69880676269531
-107.1122817993164
-109.10755920410156
-107.62247467041016
-107.58142852783203
-102.39176177978516
-105.25331115722656
-103.817138671875
-101.95445251464844
-108.81399536132812
-100.00814819335938
-106.26116943359375
-103.33761596679688
-99.36933135986328
-104.06202697753906
-106.03166961669922
-103.7820053100586
-102.4552001953125
-107.5566635131836
-105.40298461914062
-106.45929718017578
-109.013671875
-97.68860626220703
-103.99258422851562
-98.43034362792969
-108.080810546875
-101.75686645507812
-100.73275756835938
-104.91992950439453
-103.9112777709961
-105.7259521484375
-106.7933578491211
-103.48919677734375
-104.0896987915039
-105.29456329345703
-108.76664733886719
