-102.12599182128906
-114.7164306640625
-106.98329162597656
-111.86727905273438
-113.07232666015625
-109.8121337890625
-107.5394287109375
-96.18167114257812
-111.51123046875
-103.9632797241211
-111.81055450439453
-105.8066177368164
-110.61762237548828
-107.82705688476562
-107.05028533935547
-103.41279602050781
-103.28656005859375
-112.4508056640625
-109.14087677001953
-102.53556060791016
-107.59952545166016
-106.20116424560547
-107.76689147949219
-108.98755645751953
-109.71382904052734
-114.99391174316406
-102.09153747558594
-111.38973999023438
-103.44464874267578
-105.8185043334961
-110.33538818359375
-115.99058532714844
-110.77002716064453
-114.33731842041016
-113.51939392089844
-104.89656066894531
-103.2186050415039
-107.35261535644531
-108.59883880615234
-106.57294464111328
-100.39139556884766
-101.570068359375
-111.22828674316406
-106.5313720703125
-104.16844177246094
-112.8912124633789
-108.63288879394531
-108.1712646484375
-109.38677978515625
-106.64342498779297
-105.35527038574219
-105.80598449707031
-107.04878234863281
-117.80209350585938
-112.5335922241211
-108.9832992553711
-110.65227508544922
-102.95388793945312
-99.71700286865234
-114.7722396850586
-107.08190155029297
-110.86349487304688
-104.03385925292969
-106.84854888916016
-110.17561340332031
-102.59732055664062
-108.50346374511719
-109.28071594238281
-107.40275573730469
-102.42635345458984
-106.60476684570312
-105.20994567871094
-102.43643188476562
-113.8659896850586
-109.20384216308594
-110.2790298461914
-103.66928100585938
-110.17660522460938
-106.52377319335938
-110.86619567871094
-105.64185333251953
-107.82270812988281
-100.17559051513672
-107.39163970947266
-111.0105209350586
-108.97351837158203
-109.75907897949219
-102.03529357910156
-109.77734375
-101.3657455444336
-105.3790283203125
-107.05664825439453
-109.0414047241211
-110.88697814941406
-111.91654205322266
-107.63050842285156
-108.5491943359375
-108.63198852539062
-105.37776947021484
-110.9322738647461
-109.74361419677734
-97.81443786621094
-112.73351287841797
-108.93419647216797
-106.78092193603516
-113.91146087646484
-111.42413330078125
-103.13429260253906
-107.0372314453125
-101.48271179199219
-110.0149154663086
-98.70640563964844
-109.57540893554688
-102.48253631591797
-108.45030975341797
-103.97903442382812
-109.11521911621094
-105.54368591308594
-105.73907470703125
-101.78483581542969
-115.98100280761719
-106.53289031982422
-107.9821548461914
-105.66087341308594
-99.43782806396484
-110.3963623046875
-106.07806396484375
-101.03788757324219
-108.80750274658203
-108.15593719482422
-102.60806274414062
-110.17230987548828
-101.38008117675781
-106.84552764892578
-102.76329803466797
-102.50794219970703
-104.98526763916016
-113.46623992919922
-106.40367126464844
-104.86450958251953
-108.43846130371094
-109.22945404052734
-106.55292510986328
-107.2708511352539
-109.21902465820312
-103.55196380615234
-107.9332504272461
-107.78600311279297
-112.44916534423828
-112.11463928222656
-113.87380981445312
-102.2991943359375
-109.93897247314453
-109.1987075805664
-113.29602813720703
-114.7133560180664
-113.47681427001953
-108.47117614746094
-112.60856628417969
-104.55439758300781
-106.52086639404297
-106.19688415527344
-109.02862548828125
-105.29170227050781
-102.70637512207031
-104.56600952148438
-109.98417663574219
-115.48883819580078
-113.99917602539062
-110.08111572265625
-109.3672866821289
-97.49658966064453
-111.63140106201172
-105.39704132080078
-102.70179748535156
-106.94912719726562
-104.6340560913086
-106.27458190917969
-110.28458404541016
-103.36457824707031
-107.67190551757812
-112.33500671386719
-107.28723907470703
-106.71797180175781
-103.600830078125
-108.31421661376953
-105.68475341796875
-107.86851501464844
-109.64723205566406
-109.0816421508789
-111.75289916992188
-103.54317474365234
-103.10945892333984
-108.3787841796875
-103.30435180664062
-107.16152954101562
-105.40184020996094
-110.56654357910156
-102.1259536743164
-106.40807342529297
-105.7032241821289
-105.57778930664062
-109.55184936523438
-101.51448059082031
-107.2507553100586
-107.1954574584961
-111.33377075195312
-103.20999908447266
-99.07302856445312
-113.66498565673828
-104.2232666015625
-107.56258392333984
-103.25860595703125
-114.8492660522461
-111.23981475830078
-107.44791412353516
-107.58406829833984
-107.69986724853516
-108.28253173828125
-104.71722412109375
-100.79067993164062
-113.02619171142578
-103.92356872558594
-113.25199890136719
-106.58751678466797
-111.78652954101562
-108.8481674194336
-110.86297607421875
-111.10985565185547
-112.45779418945312
-116.14124298095703
-115.3817367553711
-109.65863800048828
-107.65116119384766
-110.72047424316406
-101.65145111083984
-110.64710998535156
-110.83248138427734
-112.02503967285156
-108.03148651123047
-112.40247344970703
-106.76124572753906
-107.15196228027344
-108.61556243896484
-107.89068603515625
-108.54019927978516
-109.65336608886719
-111.05209350585938
-105.82389831542969
-103.17388153076172
-109.40463256835938
-109.68389892578125
-103.55934143066406
-101.1836166381836
-104.59603881835938
-103.455078125
-109.03736114501953
-117.76023864746094
-107.69519805908203
-113.18083953857422
-111.45811462402344
-107.93828582763672
-107.66424560546875
-102.03753662109375
-102.56488800048828
-107.48664855957031
-110.05751037597656
-101.81470489501953
-101.77050018310547
-107.56605529785156
-102.80735778808594
-108.51155090332031
-106.50566101074219
-111.8573989868164
-103.62277221679688
-109.01892852783203
-110.40189361572266
-101.04548645019531
-106.4535140991211
-108.78810119628906
-101.27777862548828
-104.43184661865234
-109.71001434326172
-103.55242919921875
-102.07556915283203
-110.73141479492188
-106.4655990600586
-111.54898071289062
-112.0135498046875
-108.57247161865234
-108.4609375
-101.6542739868164
-106.21116638183594
-111.12934875488281
-107.43331146240234
-109.0884780883789
-106.16643524169922
-111.86669921875
-106.85804748535156
-103.01922607421875
-105.54293823242188
-106.59039306640625
-111.63385009765625
-108.15011596679688
-108.62432098388672
-103.49909210205078
-103.00695037841797
-112.37467956542969
-109.78404998779297
-108.14812469482422
-109.0888900756836
-106.41996002197266
-104.77718353271484
-108.64264678955078
-101.6186294555664
-106.64627838134766
-103.28251647949219
-109.08220672607422
-107.13211059570312
-106.89486694335938
-109.33738708496094
-111.72996520996094
-103.63632202148438
-100.22161102294922
-105.74418640136719
-113.9719009399414
-114.96376037597656
-103.8409194946289
-111.98721313476562
-110.8826675415039
-111.11663818359375
-105.33596801757812
-107.8478012084961
-107.70619201660156
-113.6897964477539
-113.12091827392578
-106.51316833496094
-105.9813003540039
-101.59555053710938
-112.36372375488281
-114.84645080566406
-107.4227523803711
-112.17499542236328
-108.61711883544922
-113.72550201416016
-102.16089630126953
-103.04010772705078
-106.5025634765625
-108.06983184814453
-117.70071411132812
-109.3892593383789
-111.95227813720703
-111.0493392944336
-112.26805114746094
-103.90533447265625
-110.35823059082031
-110.26660919189453
-112.65269470214844
-113.68309783935547
-111.33824920654297
-107.74928283691406
-110.20794677734375
-107.67713165283203
-115.5381088256836
-108.47088623046875
-107.32350158691406
-106.74470520019531
-107.1331787109375
-109.119384765625
-108.93362426757812
-106.83428192138672
-108.31403350830078
-102.53797912597656
-113.46489715576172
-111.1146469116211
-113.34461975097656
-103.96156311035156
-106.10932922363281
-101.9388427734375
-105.97732543945312
-108.02212524414062
-102.88347625732422
-105.88858795166016
-102.8365707397461
-111.4816665649414
-108.4937515258789
-105.45362854003906
-107.92797088623047
-111.60291290283203
-104.69256591796875
-103.65524291992188
-102.04032897949219
-105.9526138305664
-106.65142822265625
-107.07707214355469
-105.12540435791016
-100.01439666748047
-116.76156616210938
-102.88681030273438
-106.57199096679688
-107.51213073730469
-104.31059265136719
-107.99588012695312
-103.84748077392578
-104.66102600097656
-114.578125
-101.6711654663086
-107.08609008789062
-107.659423828125
-107.4339828491211
-115.60659790039062
-108.81546783447266
-109.63805389404297
-104.4059829711914
-102.92816162109375
-101.71977233886719
-111.93739318847656
-104.86750793457031
-102.92213439941406
-108.2328109741211
-110.00286865234375
-100.07605743408203
-107.4573974609375
-113.91313171386719
-102.11192321777344
-104.29708099365234
-106.30482482910156
-104.12094116210938
-102.6750259399414
-112.98014831542969
-103.0164566040039
-113.4543228149414
-102.53663635253906
-105.23843383789062
-101.71424865722656
-107.34738159179688
-106.22349548339844
-107.32960510253906
-107.9576644897461
-105.00117492675781
-106.20864868164062
-106.08490753173828
-111.7266616821289
-95.88420104980469
-106.77496337890625
-104.20154571533203
-108.36773681640625
-103.18549346923828
-102.41751098632812
-111.98294830322266
-103.90133666992188
-110.9786148071289
-104.11953735351562
-106.7984619140625
-114.28193664550781
-108.8720474243164
-113.01714324951172
-109.99174499511719
-112.93968200683594
-103.23680877685547
-109.96492004394531
-104.079345703125
-112.82079315185547
-98.09310150146484
-107.66978454589844
-114.00495910644531
-114.83245086669922
-112.2182846069336
-102.2874984741211
-100.89765167236328
-109.2653579711914
-105.78275299072266
-107.07218933105469
-106.875
-104.26775360107422
-106.04141235351562
-105.62664794921875
-116.9622573852539
-102.60981750488281
-104.19496154785156
-96.92404174804688
-106.86737060546875
-109.80804443359375
-99.93659210205078
-111.42176055908203
-104.63030242919922
-106.5481948852539
-100.5642318725586
-109.82815551757812
-109.8343505859375
-104.03305053710938
-104.86062622070312
-104.71642303466797
-110.8350830078125
-105.80144500732422
-108.6389389038086
-102.21499633789062
-106.9755859375
-100.30148315429688
-104.80110168457031
-105.61723327636719
-105.84022521972656
-104.01128387451172
-100.68478393554688
-108.66028594970703
-105.80824279785156
-110.74652099609375
-103.78531646728516
-107.04154205322266
-110.977294921875
-107.58997344970703
-110.42758178710938
-113.64298248291016
-102.62415313720703
-102.64746856689453
-102.64942932128906
-103.47470092773438
-104.41172790527344
-112.35391998291016
-103.18505096435547
-110.06275939941406
-102.66162872314453
-107.70169067382812
-107.87017059326172
-101.31279754638672
-108.38314056396484
-106.57157135009766
-114.1100845336914
-104.5160903930664
-104.5398941040039
-106.3168716430664
-107.11463928222656
-107.80101776123047
-112.55547332763672
-115.09515380859375
-104.40025329589844
-104.37950897216797
-109.76226806640625
-104.03624725341797
-105.24730682373047
-111.41483306884766
-108.22785186767578
-101.36959838867188
-110.96992492675781
-111.4467544555664
-103.44281005859375
-107.36968231201172
-102.96488189697266
-113.73709106445312
-110.29119873046875
-110.77615356445312
-103.09246826171875
-105.36770629882812
-106.24993896484375
-109.55400085449219
-108.73388671875
-110.30509948730469
-110.22148132324219
-111.475341796875
-104.36158752441406
-109.41732025146484
-107.41089630126953
-105.62408447265625
-107.9152603149414
-112.78515625
-116.02423095703125
-110.74681091308594
-103.01885986328125
-106.6727523803711
-113.57752990722656
-105.28215789794922
-103.519287109375
-103.51083374023438
-110.08810424804688
-97.78516387939453
-112.08094787597656
-102.30632019042969
-118.12332916259766
-111.4261474609375
-106.47675323486328
-108.63307189941406
-110.73575592041016
-108.62380981445312
-106.58795928955078
-108.93787384033203
-110.07328033447266
-104.25311279296875
-101.15089416503906
-102.24259185791016
-101.55595397949219
-108.689453125
-106.00466918945312
-106.54742431640625
-108.25544738769531
-105.30648040771484
-109.71630859375
-103.3634262084961
-102.83318328857422
-113.43090057373047
-112.38143920898438
-105.93492126464844
-105.0085678100586
-109.06208038330078
-108.8321304321289
-103.65668487548828
-104.57173156738281
-107.06920623779297
-104.16685485839844
-108.18706512451172
-105.50875854492188
-105.02234649658203
-110.05125427246094
-106.25103759765625
-116.31007385253906
-110.7940902709961
-107.62865447998047
-105.46751403808594
-109.96564483642578
-104.81085205078125
-103.6114501953125
-107.41737365722656
-103.13433074951172
-103.10235595703125
-105.55995178222656
-102.44524383544922
-107.89725494384766
-113.45464324951172
-106.87480163574219
-106.34849548339844
-112.32672119140625
-108.19795989990234
-108.04499053955078
-110.94839477539062
-106.17310333251953
-102.61943054199219
-108.3251953125
-109.47119903564453
-106.55221557617188
-101.304443359375
-115.30156707763672
-109.02318572998047
-114.86480712890625
-114.64430236816406
-107.6670913696289
-104.8139419555664
-101.34849548339844
-104.96047973632812
-104.1562728881836
-103.03172302246094
-105.46711730957031
-107.0608901977539
-119.2552261352539
-107.50186157226562
-115.66143035888672
-112.41718292236328
-110.5234375
-102.07139587402344
-107.52337646484375
-102.615234375
-105.20889282226562
-112.60216522216797
-101.50655364990234
-111.57662200927734
-104.83126068115234
-100.2776107788086
-105.09217071533203
-112.02857971191406
-106.11042785644531
-106.39047241210938
-111.20172882080078
-110.50653076171875
-108.91071319580078
-104.42598724365234
-102.5562515258789
-109.71390533447266
-101.10871124267578
-102.9564437866211
-112.58695983886719
-110.88990783691406
-112.4885025024414
-111.45133209228516
-108.31468963623047
-105.16651153564453
-109.12421417236328
-110.8880615234375
-105.11609649658203
-104.3155517578125
-104.9113998413086
-109.11129760742188
-107.48912811279297
-103.00460052490234
-110.24715423583984
-101.42929077148438
-105.48147583007812
-107.2415771484375
-108.11567687988281
-108.41096496582031
-103.84278106689453
-107.59276580810547
-106.81389617919922
-103.48876953125
-107.44364166259766
-114.62920379638672
-111.32426452636719
-106.93569946289062
-108.27567291259766
-106.80621337890625
-108.11060333251953
-110.22498321533203
-107.14339447021484
-103.84203338623047
-105.49375915527344
-107.1613540649414
-101.61271667480469
-107.91622161865234
-106.19075775146484
-105.57194519042969
-103.7895278930664
-105.62023162841797
-107.81424713134766
-113.65301513671875
-103.92573547363281
-107.64828491210938
-111.8353042602539
-105.37511444091797
-109.59378814697266
-104.50262451171875
-105.95203399658203
-108.62165069580078
-100.60746765136719
-106.09104919433594
-113.37482452392578
-104.9962387084961
-107.18183898925781
-110.46406555175781
-110.34929656982422
-101.79291534423828
-107.18843078613281
-105.37957763671875
-99.23780822753906
-106.68179321289062
-109.43950653076172
-103.015625
-103.56800079345703
-112.00261688232422
-109.6495361328125
-106.43768310546875
-103.70655822753906
-103.96566772460938
-112.19082641601562
-109.15692901611328
-106.69658660888672
-104.72073364257812
-104.2161865234375
-101.64905548095703
-106.10039520263672
-109.08332824707031
-107.11809539794922
-104.84777069091797
-113.79045104980469
-105.08967590332031
-104.05010223388672
-101.05838012695312
-104.20905303955078
-100.1458740234375
-105.2162094116211
-105.87757873535156
-97.42235565185547
-109.00909423828125
-110.80563354492188
-107.52046203613281
-103.93167114257812
-114.00182342529297
-114.852294921875
-103.98693084716797
-102.47358703613281
-113.53944396972656
-110.0479507446289
-102.2987289428711
-109.11921691894531
-103.53164672851562
-106.62947845458984
-103.47698974609375
-106.5164794921875
-107.8740234375
-108.21250915527344
-101.8604965209961
-105.96483612060547
-109.08711242675781
-100.92127990722656
-95.51192474365234
-103.80982208251953
-105.67562866210938
-108.17433166503906
-104.89734649658203
-108.54042053222656
-113.98338317871094
-106.14514923095703
-105.61675262451172
-106.2979736328125
-107.81669616699219
-108.45491027832031
-106.64653015136719
-113.07064819335938
-103.73063659667969
-103.7619857788086
-107.76297760009766
-111.86185455322266
-106.20062255859375
-107.34468841552734
-105.0447769165039
-105.10652160644531
-109.79183197021484
-102.31195831298828
-104.90531158447266
-108.64977264404297
-104.65316009521484
-109.36880493164062
-106.36468505859375
-112.50933837890625
-106.32221221923828
-107.56640625
-108.24614715576172
-107.71966552734375
-110.63232421875
-107.43177795410156
-110.0632553100586
-103.58119201660156
-101.48490905761719
-102.78617095947266
-112.4679183959961
-116.3138427734375
-107.89379119873047
-98.27459716796875
-109.4052505493164
-110.81742095947266
-111.72203063964844
-109.47925567626953
-108.48619842529297
-103.73455810546875
-109.47271728515625
-105.4324722290039
-106.8485336303711
-107.1846923828125
-108.31165313720703
-103.39614868164062
-104.73858642578125
-99.47084045410156
-107.19146728515625
-111.07355499267578
-109.06417083740234
-107.5049057006836
-109.28014373779297
-104.73088073730469
-105.72123718261719
-110.06865692138672
-103.45992279052734
-111.21102905273438
-105.9583511352539
-109.75782012939453
-101.82878112792969
-102.54643249511719
-110.0009765625
-104.75906372070312
-105.12227630615234
-111.57199096679688
-104.15814208984375
-109.73074340820312
-102.95339965820312
-105.55591583251953
-106.95242309570312
-109.48821258544922
-111.4214859008789
-113.13984680175781
-107.92864990234375
-106.37631225585938
-103.03407287597656
-113.06584167480469
-100.37713623046875
-113.78754425048828
-107.14568328857422
-110.33560943603516
-103.22364807128906
-102.17198181152344
-104.36456298828125
-105.1881332397461
-108.27566528320312
-112.47460174560547
-111.02169036865234
-107.26780700683594
-104.77942657470703
-113.57266998291016
-106.98051452636719
-109.64547729492188
-111.85602569580078
-109.73986053466797
-107.75060272216797
-111.65125274658203
-107.35517120361328
-110.25279998779297
-103.94007873535156
-106.2111587524414
-111.13208770751953
-108.98343658447266
-111.09761047363281
-110.4530029296875
-110.48672485351562
-105.08206176757812
-107.177490234375
-106.31005859375
-106.94326782226562
-111.08140563964844
-102.79167175292969
-109.38504028320312
-107.0907974243164
-102.17816162109375
-106.85638427734375
-108.31170654296875
-106.48643493652344
-105.891357421875
-109.68486785888672
-107.73863220214844
-109.8275146484375
-113.46137237548828
-100.51451873779297
-106.25371551513672
-101.1730728149414
-111.49967193603516
-104.26282501220703
-103.22465515136719
-108.69709014892578
-107.07476043701172
-109.97927856445312
-109.82005310058594
-106.02485656738281
-108.37966918945312
-107.97816467285156
-109.24147033691406
