-116.80877685546875
-130.60951232910156
-118.16722106933594
-124.9373779296875
-126.01954650878906
-124.19561004638672
-121.76036071777344
-110.3448486328125
-125.6260757446289
-115.65257263183594
-124.0143051147461
-120.64834594726562
-126.78040313720703
-121.8727035522461
-119.09585571289062
-115.57190704345703
-117.34573364257812
-123.9745101928711
-122.06891632080078
-112.62295532226562
-121.89787292480469
-119.42151641845703
-120.51191711425781
-121.21017456054688
-124.24016571044922
-129.48622131347656
-116.07769012451172
-126.3980712890625
-117.31764221191406
-117.62953186035156
-125.32981872558594
-130.39230346679688
-127.49625396728516
-126.67247772216797
-125.8458480834961
-119.59931182861328
-115.87796020507812
-118.31443786621094
-122.59574890136719
-119.17791748046875
-111.21501922607422
-113.85163116455078
-127.52823638916016
-119.44075775146484
-117.00486755371094
-128.2896728515625
-121.9684066772461
-120.55897521972656
-121.44703674316406
-119.44491577148438
-115.34697723388672
-118.8470230102539
-120.45079040527344
-130.74058532714844
-124.8914794921875
-122.74810791015625
-122.22368621826172
-112.91985321044922
-110.86961364746094
-129.92222595214844
-120.03960418701172
-124.01106262207031
-117.57618713378906
-120.47535705566406
-125.08832550048828
-116.04646301269531
-119.66119384765625
-122.31893157958984
-120.31279754638672
-114.5007095336914
-118.7947769165039
-116.28755187988281
-115.4119644165039
-125.51898956298828
-121.50887298583984
-121.61463165283203
-116.40216827392578
-125.48267364501953
-116.21194458007812
-124.10316467285156
-114.96480560302734
-120.22748565673828
-111.63374328613281
-118.72105407714844
-123.81443786621094
-121.41598510742188
-122.59815979003906
-110.52323150634766
-121.3193130493164
-113.0550308227539
-118.07738494873047
-120.35745239257812
-121.21046447753906
-121.82305145263672
-126.77859497070312
-117.80624389648438
-121.2826919555664
-121.55522918701172
-116.9977035522461
-120.50495910644531
-121.24542236328125
-107.43589782714844
-124.1363754272461
-122.85429382324219
-118.14861297607422
-125.44158935546875
-123.26029968261719
-113.00374603271484
-120.79046630859375
-110.91207885742188
-121.63961791992188
-107.3642578125
-122.05943298339844
-114.57162475585938
-118.91227722167969
-115.72993469238281
-120.84087371826172
-116.06808471679688
-115.63468933105469
-113.05241394042969
-128.31585693359375
-118.77115631103516
-121.05599975585938
-117.9088363647461
-111.6682357788086
-123.9393081665039
-116.6670150756836
-113.07280731201172
-118.01316833496094
-118.04600524902344
-112.5526123046875
-123.21297454833984
-111.01293182373047
-118.64207458496094
-114.70418548583984
-115.10108184814453
-116.107666015625
-124.3399887084961
-119.17985534667969
-116.1166763305664
-121.23281860351562
-121.447998046875
-116.97271728515625
-119.05229949951172
-119.95977783203125
-116.66742706298828
-118.5459213256836
-119.81968688964844
-121.87396240234375
-122.74777221679688
-127.65888214111328
-112.9545669555664
-123.8648681640625
-120.01644897460938
-123.98491668701172
-125.42862701416016
-127.34310913085938
-121.15742492675781
-123.4791259765625
-115.38652801513672
-117.12944030761719
-115.82565307617188
-118.28974151611328
-116.13909149169922
-114.62004852294922
-116.6173324584961
-121.2581558227539
-126.54639434814453
-124.38994598388672
-119.5669937133789
-119.96833038330078
-109.17278289794922
-125.99678802490234
-117.45832824707031
-115.12322235107422
-119.40196228027344
-115.4597396850586
-116.71246337890625
-122.97503662109375
-114.04664611816406
-119.0086669921875
-122.6143569946289
-119.84114837646484
-116.11846923828125
-113.54175567626953
-119.65128326416016
-115.97972106933594
-119.08917236328125
-120.16574096679688
-121.37726593017578
-122.1224365234375
-113.1988754272461
-112.89274597167969
-119.61829376220703
-114.42476654052734
-119.23324584960938
-116.53948974609375
-123.42491912841797
-113.17135620117188
-118.91830444335938
-117.51820373535156
-117.07418823242188
-119.97991180419922
-111.54585266113281
-120.438232421875
-118.5547866821289
-123.24093627929688
-114.96138000488281
-111.6894302368164
-125.85138702392578
-116.0796890258789
-118.75494384765625
-116.59761047363281
-126.36576843261719
-120.95667266845703
-118.67768096923828
-120.32283782958984
-118.04070281982422
-119.54402160644531
-115.35270690917969
-111.35504913330078
-123.65506744384766
-114.2558822631836
-127.66687774658203
-119.25370025634766
-123.0926513671875
-120.93638610839844
-122.20631408691406
-121.55009460449219
-121.38294219970703
-126.52079772949219
-127.47168731689453
-120.73686218261719
-119.01180267333984
-120.39945220947266
-114.03571319580078
-123.59739685058594
-122.66218566894531
-124.17864227294922
-118.22320556640625
-123.80010223388672
-117.98174285888672
-119.3813705444336
-119.42784118652344
-117.63678741455078
-117.52129364013672
-123.01036071777344
-120.45769500732422
-115.88893127441406
-116.03225708007812
-121.37882995605469
-120.69340515136719
-117.88630676269531
-111.76301574707031
-115.87103271484375
-116.44884490966797
-119.05635833740234
-133.05758666992188
-118.13467407226562
-122.57451629638672
-124.41110229492188
-119.97906494140625
-119.55498504638672
-114.44546508789062
-115.66657257080078
-117.56340026855469
-121.55062103271484
-112.17237091064453
-111.46781921386719
-120.52299499511719
-115.078125
-118.19319152832031
-118.90547943115234
-122.39400482177734
-113.33806610107422
-120.96968841552734
-121.99898529052734
-111.12799835205078
-117.85740661621094
-120.19602966308594
-113.06547546386719
-116.71830749511719
-120.2248764038086
-115.11422729492188
-111.98214721679688
-119.71764373779297
-116.03361511230469
-121.90213012695312
-121.24024200439453
-120.26175689697266
-121.15945434570312
-112.4316635131836
-117.2430648803711
-122.4093246459961
-118.12269592285156
-117.96473693847656
-116.22880554199219
-120.8067626953125
-117.62369537353516
-114.14773559570312
-115.55138397216797
-117.95753479003906
-123.85977172851562
-118.78273010253906
-122.86406707763672
-112.75361633300781
-113.43667602539062
-123.6847152709961
-121.48133850097656
-119.86204528808594
-121.27884674072266
-115.92384338378906
-117.37504577636719
-119.35596466064453
-113.23600006103516
-117.0307388305664
-114.41692352294922
-123.0829849243164
-116.17811584472656
-117.72554016113281
-119.73833465576172
-125.85720825195312
-113.35084533691406
-109.73011016845703
-115.07179260253906
-124.9654312133789
-126.04205322265625
-112.73953247070312
-124.15164947509766
-122.26170349121094
-120.98590850830078
-114.7791976928711
-118.05461120605469
-118.82756042480469
-126.50162506103516
-124.59766387939453
-117.220703125
-116.3140869140625
-114.8216552734375
-123.75386047363281
-126.0998764038086
-118.05611419677734
-122.08223724365234
-117.8299331665039
-124.48593139648438
-113.04945373535156
-115.50695037841797
-118.4320297241211
-119.1413345336914
-127.91214752197266
-121.07205963134766
-120.59184265136719
-121.48770904541016
-122.64633178710938
-113.26639556884766
-120.9346694946289
-120.1723861694336
-124.55152130126953
-124.9568099975586
-123.279296875
-120.09349822998047
-119.43405151367188
-118.20875549316406
-124.44877624511719
-120.99938201904297
-118.3338394165039
-118.2457046508789
-117.34481811523438
-119.23416900634766
-120.15464782714844
-117.88481140136719
-118.62284851074219
-111.82848358154297
-126.84661865234375
-122.49807739257812
-123.08992767333984
-112.99052429199219
-116.0215835571289
-109.91751098632812
-116.21873474121094
-118.99583435058594
-113.1286849975586
-117.33243560791016
-113.16696166992188
-120.44396209716797
-117.28136444091797
-113.33949279785156
-119.11314392089844
-122.68738555908203
-114.65432739257812
-114.08130645751953
-112.17835998535156
-116.92337799072266
-115.6891098022461
-117.880859375
-114.27114868164062
-109.45507049560547
-126.3575439453125
-113.30233764648438
-118.60939025878906
-119.3704833984375
-113.92221069335938
-119.1854248046875
-113.08186340332031
-114.5712890625
-127.02350616455078
-113.60071563720703
-118.0438232421875
-118.89009857177734
-118.60574340820312
-126.8301773071289
-119.45684814453125
-123.5106430053711
-114.42842102050781
-112.21436309814453
-112.15404510498047
-126.55046844482422
-114.33870697021484
-113.35205841064453
-118.19123077392578
-121.5303955078125
-111.70783233642578
-119.25414276123047
-123.82811737060547
-112.48637390136719
-114.43722534179688
-117.05091857910156
-114.75445556640625
-113.52149200439453
-122.5700912475586
-112.03843688964844
-124.21058654785156
-113.6998291015625
-115.35161590576172
-111.07623291015625
-119.28413391113281
-115.15797424316406
-114.95073699951172
-120.05058288574219
-114.99604034423828
-117.06295776367188
-117.10672760009766
-120.56787109375
-104.54762268066406
-118.09110260009766
-114.95585632324219
-116.6087646484375
-111.86766815185547
-111.0243911743164
-119.49565124511719
-115.41165161132812
-122.1004638671875
-113.58358001708984
-115.45127868652344
-125.3876724243164
-117.89177703857422
-124.35572052001953
-120.63147735595703
-124.09208679199219
-111.78742218017578
-118.16727447509766
-115.42545318603516
-122.36642456054688
-107.00241088867188
-117.63384246826172
-122.926513671875
-123.39308166503906
-121.8349838256836
-111.2607421875
-109.033447265625
-117.78718566894531
-115.90424346923828
-115.07359313964844
-116.29185485839844
-113.22382354736328
-114.041015625
-113.9610824584961
-126.24876403808594
-110.8363037109375
-114.2510757446289
-104.42080688476562
-116.81819152832031
-119.22596740722656
-107.87004089355469
-121.94287872314453
-112.55463409423828
-115.62124633789062
-109.2730484008789
-118.99030303955078
-119.44459533691406
-115.38597106933594
-114.9421615600586
-115.11749267578125
-121.48526000976562
-114.49413299560547
-117.48933410644531
-110.86357116699219
-115.95963287353516
-110.52617645263672
-114.16537475585938
-114.05580139160156
-116.58512115478516
-114.8236083984375
-110.38634490966797
-117.3518295288086
-116.99199676513672
-120.20751953125
-114.44935607910156
-118.80658721923828
-120.10456848144531
-117.35115814208984
-121.4106216430664
-123.35411834716797
-112.60235595703125
-111.09925842285156
-112.23963928222656
-112.57218170166016
-113.48629760742188
-122.585205078125
-114.04788970947266
-117.22544860839844
-110.75337219238281
-118.68968963623047
-116.327880859375
-111.6500015258789
-117.09276580810547
-115.9829330444336
-124.18208312988281
-113.81084442138672
-112.874267578125
-115.49620056152344
-116.73506164550781
-116.59239959716797
-124.5571060180664
-124.16276550292969
-115.0506591796875
-113.99549865722656
-117.2446517944336
-114.32022857666016
-114.93952941894531
-120.67691040039062
-114.47037506103516
-108.6670913696289
-119.83808898925781
-121.5238037109375
-110.1783218383789
-115.36060333251953
-112.42082214355469
-121.6481704711914
-119.63554382324219
-119.40087127685547
-111.72855377197266
-114.37489318847656
-114.76988983154297
-117.90818786621094
-117.40741729736328
-116.31698608398438
-118.0694580078125
-118.37235260009766
-114.35822296142578
-119.77174377441406
-118.02621459960938
-115.63884735107422
-116.56306457519531
-124.18912506103516
-122.2987060546875
-121.4571762084961
-110.86577606201172
-115.90381622314453
-123.28650665283203
-115.11949920654297
-114.08450317382812
-113.8923110961914
-120.35204315185547
-107.2115249633789
-121.60347747802734
-111.55213928222656
-128.99363708496094
-120.73641967773438
-116.78971862792969
-118.4703598022461
-120.07064056396484
-118.97087860107422
-115.65299224853516
-116.42533874511719
-118.70843505859375
-113.3382797241211
-107.49803924560547
-112.79135131835938
-108.91961669921875
-118.75923156738281
-115.70655059814453
-115.46467590332031
-118.50616455078125
-113.32666778564453
-118.5469970703125
-111.08740997314453
-109.62065124511719
-122.4127197265625
-122.05847930908203
-113.8168716430664
-114.84199523925781
-118.72966766357422
-118.91861724853516
-112.43112182617188
-113.58924102783203
-115.18832397460938
-112.82977294921875
-116.60533142089844
-115.49014282226562
-111.80579376220703
-118.08515167236328
-116.00091552734375
-124.61006927490234
-119.5220718383789
-118.45362854003906
-113.07768249511719
-116.37860107421875
-113.27066802978516
-112.13829040527344
-114.85044860839844
-113.36003112792969
-111.3446273803711
-112.8386459350586
-109.8450698852539
-115.92049407958984
-120.4898452758789
-115.70626068115234
-115.53218841552734
-121.23946380615234
-116.81867218017578
-116.50690460205078
-122.21614074707031
-114.29676055908203
-110.20438385009766
-117.6212387084961
-119.76487731933594
-115.75394439697266
-108.96049499511719
-120.6592025756836
-118.2758560180664
-123.26139068603516
-121.87388610839844
-115.79261016845703
-114.78858947753906
-109.41719818115234
-112.96558380126953
-112.4996109008789
-111.13621520996094
-112.63591003417969
-116.44580078125
-125.6338882446289
-114.86726379394531
-123.96418762207031
-120.60879516601562
-117.31236267089844
-111.27201080322266
-117.96965026855469
-111.2265396118164
-113.02568054199219
-121.70459747314453
-110.63414001464844
-119.96754455566406
-113.8539810180664
-106.73124694824219
-115.67121887207031
-120.78373718261719
-114.97571563720703
-113.78019714355469
-118.6744384765625
-119.02650451660156
-117.19839477539062
-114.1467056274414
-111.18519592285156
-117.52572631835938
-108.94967651367188
-112.06788635253906
-121.92431640625
-117.74485778808594
-118.98632049560547
-118.81501770019531
-117.59893035888672
-113.81427001953125
-117.17022705078125
-118.70294952392578
-113.68858337402344
-111.41984558105469
-112.17259216308594
-116.0240478515625
-114.18347930908203
-112.34719848632812
-120.52314758300781
-107.01145935058594
-113.68545532226562
-116.86038970947266
-116.25641632080078
-118.08535766601562
-113.72237396240234
-115.6036605834961
-114.97642517089844
-111.97099304199219
-114.68195343017578
-122.52552032470703
-117.97572326660156
-115.09524536132812
-118.2608642578125
-115.31672668457031
-114.69119262695312
-117.3573989868164
-116.6582260131836
-110.69747924804688
-115.4607162475586
-117.42741394042969
-110.68095397949219
-115.94830322265625
-115.23007202148438
-114.66072845458984
-112.51481628417969
-114.95362854003906
-116.3299331665039
-124.8355712890625
-111.30938720703125
-116.16385650634766
-120.39280700683594
-112.86476135253906
-116.99083709716797
-111.56331634521484
-114.08596801757812
-116.80742645263672
-108.18205261230469
-111.6553955078125
-121.71742248535156
-113.71161651611328
-114.04615020751953
-117.95487213134766
-119.12822723388672
-109.61627197265625
-113.83851623535156
-113.51187896728516
-107.96916961669922
-116.61022186279297
-115.1120834350586
-111.91284942626953
-110.54519653320312
-120.10254669189453
-116.65924835205078
-115.0441665649414
-111.14022827148438
-110.75141143798828
-117.75502014160156
-116.52489471435547
-112.78379821777344
-112.23283386230469
-112.96178436279297
-108.63993072509766
-113.54131317138672
-117.97783660888672
-117.70527648925781
-110.95147705078125
-122.23504638671875
-112.1077651977539
-114.59490966796875
-108.80799865722656
-112.98136138916016
-107.58035278320312
-114.2650375366211
-113.8790512084961
-104.48784637451172
-116.04562377929688
-119.17167663574219
-116.01416015625
-111.73182678222656
-122.90782165527344
-126.08467864990234
-111.13512420654297
-108.95195007324219
-122.69619750976562
-115.68412780761719
-110.7094955444336
-115.0082778930664
-111.83588409423828
-115.13182067871094
-111.45983123779297
-113.67361450195312
-116.74044799804688
-114.36135864257812
-109.42691802978516
-114.02957916259766
-118.31072235107422
-108.80999755859375
-103.34249877929688
-110.90667724609375
-111.97196197509766
-114.48023986816406
-112.17118835449219
-116.00324249267578
-120.1633529663086
-113.5202865600586
-114.41670227050781
-115.73970794677734
-115.5540542602539
-117.29269409179688
-114.78294372558594
-121.27201843261719
-109.94252014160156
-112.23188781738281
-115.098876953125
-119.70442199707031
-116.10832977294922
-115.47919464111328
-112.1937255859375
-111.70773315429688
-117.69815826416016
-110.29460144042969
-114.46707916259766
-116.60547637939453
-111.80146789550781
-115.9306640625
-113.6597671508789
-120.2764663696289
-113.51390075683594
-114.7240982055664
-114.46247100830078
-114.00493621826172
-117.73592376708984
-114.29585266113281
-116.49755859375
-110.24214172363281
-110.01570892333984
-109.45471954345703
-119.2596435546875
-121.56121826171875
-116.0806655883789
-106.07929229736328
-117.59056854248047
-117.97305297851562
-118.04932403564453
-116.284423828125
-116.8260726928711
-109.4714126586914
-118.00240325927734
-112.25367736816406
-112.24551391601562
-114.80958557128906
-113.84429931640625
-111.7066421508789
-112.86796569824219
-106.392822265625
-114.00381469726562
-118.72453308105469
-116.21147918701172
-114.31643676757812
-118.3112564086914
-113.32003021240234
-112.87454223632812
-116.4926986694336
-113.20613098144531
-118.78050231933594
-113.1263427734375
-116.3596420288086
-107.84751892089844
-111.43323516845703
-117.5650405883789
-113.75595092773438
-111.84992980957031
-116.46348571777344
-112.32295989990234
-116.78923034667969
-109.95672607421875
-112.08848571777344
-115.65320587158203
-116.5625228881836
-119.84420013427734
-120.947998046875
-114.90859985351562
-112.74433898925781
-109.09931945800781
-119.56790161132812
-106.9646987915039
-121.61152648925781
-114.7086410522461
-120.12005615234375
-111.53800964355469
-109.69751739501953
-112.95248413085938
-112.73587799072266
-115.22647094726562
-119.78868103027344
-117.61380004882812
-115.03290557861328
-112.24235534667969
-122.01634979248047
-113.08305358886719
-117.67240142822266
-119.51676940917969
-116.52252960205078
-115.22630310058594
-119.18168640136719
-113.32783508300781
-118.37149047851562
-110.47115325927734
-112.43043518066406
-115.94401550292969
-117.40967559814453
-118.70577239990234
-116.1259765625
-117.10698699951172
-112.22406768798828
-116.42293548583984
-115.0069808959961
-112.46662139892578
-117.87779998779297
-110.15751647949219
-118.58528137207031
-113.20050048828125
-108.55270385742188
-113.1861343383789
-116.81781768798828
-113.57749938964844
-113.73834991455078
-117.98798370361328
-115.4548568725586
-117.0047836303711
-121.6412353515625
-107.5830307006836
-113.8304214477539
-106.80851745605469
-117.32594299316406
-110.02892303466797
-110.0405502319336
-117.10667419433594
-117.32319641113281
-117.3102035522461
-115.81768798828125
-113.0189437866211
-115.37838745117188
-117.66590118408203
-117.92586517333984
