-104.30751037597656
-117.06160736083984
-108.29965209960938
-113.7188491821289
-114.28311157226562
-112.68359375
-109.54594421386719
-97.96918487548828
-113.0787582397461
-105.71461486816406
-114.7181167602539
-107.59844207763672
-113.49971008300781
-110.93744659423828
-109.16905212402344
-106.07274627685547
-105.67118072509766
-114.33395385742188
-111.18817901611328
-103.48873138427734
-110.63870239257812
-110.06377410888672
-109.44052124023438
-110.25160217285156
-112.34253692626953
-117.05513000488281
-105.7174072265625
-114.49247741699219
-105.15956115722656
-107.0673599243164
-113.5064468383789
-119.20230865478516
-115.48657989501953
-116.15689086914062
-115.27851104736328
-108.8203353881836
-107.18265533447266
-110.14338684082031
-111.57810974121094
-109.21927642822266
-102.82820129394531
-103.38019561767578
-114.35809326171875
-108.34999084472656
-106.0579833984375
-115.2211685180664
-110.64447021484375
-108.66600799560547
-111.1335220336914
-107.47046661376953
-106.3812026977539
-108.61988830566406
-108.77896118164062
-118.55416107177734
-113.3043441772461
-109.76528930664062
-112.18871307373047
-104.32743072509766
-100.0347671508789
-116.02438354492188
-108.77841186523438
-111.08246612548828
-105.83489227294922
-109.11601257324219
-112.22830200195312
-104.8985366821289
-109.9193344116211
-109.8064193725586
-110.464599609375
-105.07472229003906
-108.402587890625
-106.38179779052734
-104.44783020019531
-115.28807830810547
-111.87059020996094
-111.70659637451172
-106.91189575195312
-113.00218200683594
-107.05486297607422
-110.80894470214844
-107.08883666992188
-109.12709045410156
-101.68595123291016
-108.26138305664062
-112.95130157470703
-109.57243347167969
-111.20335388183594
-102.46368408203125
-111.39718627929688
-101.77974700927734
-107.31900787353516
-109.62712097167969
-110.18904113769531
-111.94486999511719
-113.72932434082031
-108.5155258178711
-109.9038314819336
-111.7953872680664
-107.25191497802734
-111.73995971679688
-111.11485290527344
-98.87994384765625
-114.21991729736328
-109.50518035888672
-109.28742980957031
-116.22078704833984
-113.0085220336914
-102.8854751586914
-108.8344497680664
-101.98981475830078
-111.10657501220703
-99.72718048095703
-110.42207336425781
-104.62980651855469
-110.29280090332031
-106.15679931640625
-111.4234619140625
-107.92574310302734
-107.0564193725586
-104.02484130859375
-117.7294921875
-107.6064682006836
-109.82975006103516
-107.71866607666016
-100.89642333984375
-113.35847473144531
-106.81165313720703
-103.60163879394531
-110.89118194580078
-109.49369049072266
-102.01185607910156
-110.78524017333984
-102.82466888427734
-108.8237533569336
-104.30525207519531
-106.28148651123047
-107.88160705566406
-112.95613861083984
-108.89596557617188
-106.30851745605469
-110.50010681152344
-112.7768783569336
-109.28203582763672
-108.02267456054688
-112.0305404663086
-106.93973541259766
-109.80894470214844
-109.0060043334961
-114.61457061767578
-114.56449127197266
-117.19982147216797
-103.7479476928711
-113.11845397949219
-111.15567779541016
-114.56220245361328
-115.33380126953125
-116.16393280029297
-110.97512817382812
-113.46435546875
-107.67645263671875
-108.8343734741211
-107.96454620361328
-110.72250366210938
-106.9268569946289
-105.86363220214844
-108.00110626220703
-111.99000549316406
-116.58963012695312
-114.95842742919922
-111.8713607788086
-111.01139068603516
-99.90209197998047
-113.90267181396484
-107.32124328613281
-105.94181823730469
-107.31074523925781
-106.85460662841797
-109.14076232910156
-112.961181640625
-107.18378448486328
-109.52916717529297
-114.73809051513672
-110.8191146850586
-108.23670196533203
-105.6357421875
-111.43907928466797
-107.74292755126953
-109.5711898803711
-110.97551727294922
-111.84214782714844
-113.62390899658203
-104.20196533203125
-105.2719497680664
-109.80841827392578
-104.82884979248047
-109.6332778930664
-106.50645446777344
-112.26214599609375
-103.24856567382812
-107.7726821899414
-108.2966079711914
-106.5434799194336
-111.07865905761719
-104.83629608154297
-109.94427490234375
-109.3305435180664
-112.06859588623047
-104.7918930053711
-101.06793212890625
-114.67977142333984
-106.90198516845703
-108.91861724853516
-105.23271179199219
-116.52079010009766
-113.34851837158203
-110.58206939697266
-110.0746078491211
-107.89105224609375
-108.68876647949219
-107.25961303710938
-104.2789077758789
-114.20926666259766
-105.39651489257812
-115.29714965820312
-109.48949432373047
-113.57351684570312
-109.4415512084961
-112.0536880493164
-112.3922119140625
-113.32831573486328
-115.62215423583984
-116.9067153930664
-111.16925811767578
-110.67768096923828
-112.01050567626953
-103.828857421875
-112.04820251464844
-110.99894714355469
-111.72771453857422
-108.67880249023438
-114.96343994140625
-109.61965942382812
-109.36344146728516
-110.82418823242188
-109.8044204711914
-109.24028778076172
-111.20088958740234
-113.04210662841797
-106.47492218017578
-105.07644653320312
-111.16007995605469
-111.44158172607422
-106.88085174560547
-101.65324401855469
-106.76085662841797
-106.57955932617188
-112.8785400390625
-120.76323699951172
-108.77645874023438
-114.52095031738281
-115.81746673583984
-109.44042205810547
-110.21382904052734
-103.73910522460938
-103.71178436279297
-109.01228332519531
-112.16474151611328
-104.26329803466797
-104.49828338623047
-109.6550521850586
-105.01840209960938
-109.21478271484375
-108.85624694824219
-112.93456268310547
-103.68299865722656
-108.49691009521484
-111.67094421386719
-102.79605102539062
-107.6490478515625
-110.08738708496094
-103.38973236083984
-106.52412414550781
-111.18973541259766
-105.00415802001953
-101.92937469482422
-111.84584045410156
-106.88638305664062
-111.91287994384766
-112.80427551269531
-109.12538146972656
-111.87313079833984
-103.91743469238281
-107.15785217285156
-114.24240112304688
-109.14481353759766
-110.11888122558594
-107.22579956054688
-112.78660583496094
-108.71568298339844
-105.13993835449219
-106.26139068603516
-108.25672912597656
-114.07249450683594
-110.39502716064453
-111.13706970214844
-105.250244140625
-105.38671875
-114.30717468261719
-111.59585571289062
-109.78838348388672
-110.693603515625
-107.91532897949219
-107.60284423828125
-109.78482818603516
-105.65901947021484
-108.30089569091797
-104.0645523071289
-112.21124267578125
-107.46565246582031
-109.1875991821289
-110.18450927734375
-115.86894226074219
-104.7748794555664
-102.3371353149414
-106.54378509521484
-114.60555267333984
-115.69911193847656
-105.33543395996094
-113.36219024658203
-112.37206268310547
-112.70174407958984
-105.74150848388672
-107.95311737060547
-109.1023178100586
-116.8967514038086
-116.09857940673828
-108.61643981933594
-107.80729675292969
-104.72733306884766
-113.712890625
-117.70667266845703
-109.71878051757812
-113.6434555053711
-110.06056213378906
-115.3438949584961
-104.6393814086914
-104.07418823242188
-109.73834991455078
-109.15603637695312
-120.20783233642578
-109.9924545288086
-113.05587005615234
-113.2644271850586
-113.4858169555664
-105.79119110107422
-110.32696533203125
-111.99891662597656
-115.13329315185547
-115.54999542236328
-112.10420227050781
-110.16508483886719
-112.1553955078125
-109.3412857055664
-116.10874938964844
-111.07171630859375
-107.9555892944336
-109.65274047851562
-110.26908111572266
-110.83135986328125
-109.89925384521484
-108.99156188964844
-112.2657241821289
-104.73685455322266
-116.34663391113281
-113.44937133789062
-115.6626968383789
-105.44856262207031
-108.74229431152344
-103.37824249267578
-107.81587219238281
-110.07929229736328
-104.81993865966797
-107.71846771240234
-104.67281341552734
-111.9513931274414
-109.68561553955078
-106.23641204833984
-108.7335433959961
-112.87615203857422
-106.33087158203125
-105.22254180908203
-103.28839111328125
-107.84069061279297
-107.14686584472656
-108.77690887451172
-106.71539306640625
-102.00516510009766
-118.11932373046875
-104.71102142333984
-108.39899444580078
-109.70446014404297
-107.60204315185547
-109.9838638305664
-104.88975524902344
-106.37916564941406
-116.98796081542969
-103.45048522949219
-109.44154357910156
-109.363525390625
-108.01104736328125
-119.16496276855469
-111.19476318359375
-112.77513885498047
-106.31324768066406
-103.39805603027344
-103.43953704833984
-115.38862609863281
-106.76304626464844
-104.57990264892578
-110.5728759765625
-110.83956909179688
-102.14252471923828
-109.90056610107422
-115.44129943847656
-103.79334259033203
-106.2498779296875
-108.37342834472656
-105.885986328125
-104.98656463623047
-113.54187774658203
-105.28678131103516
-116.15340423583984
-103.87548828125
-107.2610092163086
-104.40826416015625
-111.07510375976562
-108.03666687011719
-107.94027709960938
-110.74800109863281
-107.66143798828125
-108.12312316894531
-107.75078582763672
-112.34465789794922
-99.10348510742188
-111.17784118652344
-106.87541961669922
-109.56824493408203
-105.40213012695312
-105.0172348022461
-113.52721405029297
-106.54366302490234
-114.1323013305664
-107.78633880615234
-107.47710418701172
-116.61756896972656
-110.1346435546875
-115.57492065429688
-113.04769897460938
-114.51286315917969
-104.64990234375
-112.41136169433594
-106.5990982055664
-116.81070709228516
-99.50375366210938
-108.52375030517578
-116.38697052001953
-117.1622543334961
-113.92835998535156
-104.0245361328125
-103.45223999023438
-111.37126922607422
-107.13593292236328
-108.11088562011719
-108.19551086425781
-106.72502899169922
-108.1788558959961
-106.25586700439453
-117.00582885742188
-104.35004425048828
-104.8226547241211
-97.97270965576172
-108.57999420166016
-111.30509185791016
-101.0881576538086
-113.21895599365234
-106.1061019897461
-108.45271301269531
-102.54898071289062
-110.48233032226562
-110.7822036743164
-105.4559097290039
-105.81317138671875
-106.41197204589844
-111.72770690917969
-107.01302337646484
-110.42244720458984
-104.73977661132812
-109.2201156616211
-102.16200256347656
-105.69943237304688
-108.400390625
-108.75926208496094
-106.81723022460938
-102.58792877197266
-110.16755676269531
-107.98910522460938
-112.97781372070312
-105.58045196533203
-109.26378631591797
-113.33788299560547
-110.76091003417969
-111.69654083251953
-115.83036041259766
-104.43901824951172
-104.11799621582031
-103.8531723022461
-104.00239562988281
-105.63372039794922
-114.7399673461914
-106.08699035644531
-109.7739486694336
-103.71440124511719
-109.52342987060547
-109.32461547851562
-103.03821563720703
-110.41183471679688
-108.83521270751953
-116.88681030273438
-105.72917175292969
-105.10196685791016
-107.52476501464844
-109.4451904296875
-108.72480010986328
-114.10943603515625
-116.19842529296875
-106.98379516601562
-107.40204620361328
-110.44798278808594
-104.8429183959961
-106.85343933105469
-113.07633209228516
-108.06864166259766
-100.74853515625
-111.51606750488281
-113.36561584472656
-103.53467559814453
-107.47404479980469
-104.44036865234375
-114.57427215576172
-111.82283020019531
-112.11817932128906
-103.30934143066406
-106.1419906616211
-108.01898956298828
-112.2935562133789
-109.51839447021484
-110.72767639160156
-111.833740234375
-112.95225524902344
-106.21520233154297
-109.62926483154297
-108.41030883789062
-106.69048309326172
-108.8916244506836
-114.5154800415039
-115.71900177001953
-112.47288513183594
-103.89726257324219
-108.61395263671875
-115.46723175048828
-107.2372817993164
-105.2364273071289
-105.47164154052734
-112.19757080078125
-99.84008026123047
-114.02228546142578
-103.18623352050781
-120.0912857055664
-113.37078094482422
-108.67521667480469
-110.96078491210938
-112.39185333251953
-110.1058578491211
-108.19284057617188
-109.0790023803711
-110.41329956054688
-106.66094970703125
-102.10772705078125
-103.83119201660156
-102.14092254638672
-109.29302215576172
-106.74353790283203
-107.76969909667969
-109.81944274902344
-106.922119140625
-110.7533950805664
-105.28339385986328
-104.51277923583984
-115.61100769042969
-114.47688293457031
-107.41797637939453
-107.28109741210938
-111.05457305908203
-110.514892578125
-104.66857147216797
-105.06815338134766
-109.068603515625
-106.52992248535156
-108.54977416992188
-107.2500228881836
-105.42984771728516
-112.08164978027344
-108.31719970703125
-118.23875427246094
-112.04500579833984
-110.87532043457031
-106.8138427734375
-109.9481430053711
-106.13845825195312
-105.33485412597656
-107.70946502685547
-104.09010314941406
-104.723388671875
-106.41759490966797
-103.84153747558594
-108.24520874023438
-114.17151641845703
-107.81896209716797
-107.42861938476562
-112.50833129882812
-109.9778823852539
-108.70780944824219
-111.46014404296875
-107.1361312866211
-103.1417236328125
-108.7856674194336
-112.06246185302734
-108.15780639648438
-102.71310424804688
-116.02672576904297
-109.96916961669922
-115.86897277832031
-115.43138122558594
-109.61490631103516
-107.10994720458984
-103.34480285644531
-107.80030822753906
-106.04363250732422
-105.52452850341797
-107.4466552734375
-108.14159393310547
-121.22364044189453
-108.33499145507812
-118.54208374023438
-114.9232406616211
-111.5113296508789
-104.1815414428711
-110.3346176147461
-106.23301696777344
-106.5797348022461
-116.30824279785156
-103.7047348022461
-113.79391479492188
-107.88148498535156
-103.50117492675781
-107.72453308105469
-114.31150817871094
-108.15807342529297
-108.34864807128906
-111.98670959472656
-111.46630859375
-110.43544006347656
-105.80108642578125
-105.87254333496094
-111.64230346679688
-101.82111358642578
-105.87026977539062
-113.88321685791016
-112.36677551269531
-113.52140045166016
-111.26697540283203
-109.34964752197266
-107.08821868896484
-110.30199432373047
-110.79621887207031
-107.00575256347656
-105.831787109375
-105.78999328613281
-109.5816879272461
-107.98297882080078
-104.51406860351562
-111.0846939086914
-101.5356674194336
-107.4817886352539
-110.13528442382812
-108.60208129882812
-110.30428314208984
-103.89463806152344
-108.37348937988281
-108.31462097167969
-104.04803466796875
-107.16852569580078
-115.75375366210938
-112.15470886230469
-108.84669494628906
-109.3604736328125
-108.92264556884766
-108.68820190429688
-110.02531433105469
-109.05413055419922
-104.61779022216797
-106.556884765625
-108.48387145996094
-104.55702209472656
-109.10095977783203
-107.29462432861328
-106.09523010253906
-106.25900268554688
-107.61188507080078
-110.21728515625
-117.38856506347656
-106.1915054321289
-108.46170043945312
-113.380126953125
-106.2305908203125
-112.19563293457031
-104.19560241699219
-108.02042388916016
-110.51988983154297
-101.27125549316406
-106.49385070800781
-115.43509674072266
-106.17561340332031
-108.63723754882812
-112.49329376220703
-112.16436767578125
-103.7951889038086
-108.18783569335938
-107.37776947021484
-100.19603729248047
-108.75604248046875
-110.74207305908203
-105.01710510253906
-104.11661529541016
-113.2476577758789
-110.98405456542969
-108.93909454345703
-105.09906768798828
-105.49152374267578
-112.41979217529297
-111.25015258789062
-107.88009643554688
-105.67672729492188
-106.30769348144531
-103.28782653808594
-108.73531341552734
-111.45490264892578
-107.49796295166016
-104.30290985107422
-115.4606704711914
-107.12923431396484
-107.11448669433594
-102.59811401367188
-106.04788208007812
-101.6008071899414
-107.21720123291016
-107.69888305664062
-98.63534545898438
-110.9609375
-113.15837097167969
-107.84452056884766
-105.05884552001953
-115.97016143798828
-116.79235076904297
-105.67752075195312
-104.39539337158203
-115.58645629882812
-110.4122314453125
-103.98066711425781
-109.4366226196289
-104.9098892211914
-108.25232696533203
-104.76866149902344
-109.76151275634766
-110.74401092529297
-109.42823028564453
-103.99101257324219
-108.42604064941406
-113.13692474365234
-102.17664337158203
-97.15130615234375
-105.1685791015625
-107.6437759399414
-110.65013122558594
-105.07665252685547
-109.56242370605469
-114.69280242919922
-107.71578979492188
-107.08576202392578
-109.65414428710938
-111.3081283569336
-110.92298889160156
-108.80432891845703
-115.18669891357422
-105.28527069091797
-105.84679412841797
-108.73966217041016
-112.79759979248047
-107.77283477783203
-109.24309539794922
-105.51923370361328
-106.45259094238281
-112.30564880371094
-102.85298919677734
-107.36050415039062
-110.5716552734375
-105.62417602539062
-110.99210357666016
-107.168212890625
-113.96247100830078
-108.58560943603516
-108.65174102783203
-109.92105865478516
-107.74253845214844
-112.1442642211914
-108.17726135253906
-110.3678970336914
-104.54218292236328
-103.9020767211914
-103.579345703125
-113.05905151367188
-114.41718292236328
-109.42057800292969
-98.37239837646484
-111.234130859375
-110.63107299804688
-113.90127563476562
-109.92198944091797
-110.1090087890625
-104.6826171875
-112.36595916748047
-107.59977722167969
-106.9991455078125
-109.8321304321289
-109.34883117675781
-104.99397277832031
-105.8160171508789
-100.65345001220703
-108.56451416015625
-113.99129486083984
-109.7068099975586
-109.16889953613281
-112.38788604736328
-105.62744140625
-107.90481567382812
-110.04975891113281
-106.3839340209961
-112.7405014038086
-108.978271484375
-110.59120178222656
-101.89896392822266
-105.45902252197266
-111.46228790283203
-106.14629364013672
-105.21448516845703
-112.96810150146484
-106.0029525756836
-110.60879516601562
-104.20185852050781
-106.37699127197266
-108.08047485351562
-110.33079528808594
-114.17280578613281
-115.4613037109375
-109.29740905761719
-107.93711853027344
-104.14781188964844
-113.87340545654297
-101.7167739868164
-115.80414581298828
-107.95915222167969
-113.11320495605469
-105.65203094482422
-104.66354370117188
-105.46683502197266
-107.1876220703125
-108.9350814819336
-114.68634033203125
-112.22924041748047
-110.17294311523438
-105.74320983886719
-116.36524963378906
-107.33867645263672
-111.47750091552734
-113.62561798095703
-110.11627197265625
-110.07263946533203
-114.28941345214844
-108.91888427734375
-111.03802490234375
-104.58195495605469
-107.27754974365234
-110.92512512207031
-110.4757080078125
-112.93087768554688
-111.15390014648438
-110.52030944824219
-106.21150970458984
-110.98042297363281
-108.58854675292969
-106.39322662353516
-113.27571105957031
-103.94549560546875
-110.70094299316406
-108.71041870117188
-103.97332763671875
-108.2533950805664
-109.73454284667969
-108.00103759765625
-107.4817123413086
-111.83307647705078
-110.73536682128906
-111.88555908203125
-114.61510467529297
-101.87479400634766
-107.42713165283203
-102.3036117553711
-112.30663299560547
-105.5318832397461
-104.86156463623047
-110.29051971435547
-109.27336120605469
-112.075439453125
-110.47566986083984
-107.73322296142578
-109.32118225097656
-109.47753143310547
-110.91258239746094
