-105.37236022949219
-119.50643920898438
-108.25475311279297
-116.37458801269531
-115.77104187011719
-113.6917495727539
-109.44602966308594
-101.06912231445312
-114.88780975341797
-108.06758880615234
-115.87933349609375
-108.44489288330078
-115.27721405029297
-111.5534439086914
-109.15392303466797
-106.49230194091797
-107.57138061523438
-115.73751831054688
-112.37138366699219
-104.20242309570312
-111.43639373779297
-110.28131866455078
-111.58544921875
-112.44482421875
-114.78690338134766
-118.11376190185547
-107.16719055175781
-116.77913665771484
-107.26258087158203
-108.57118225097656
-113.56571197509766
-119.57091522216797
-115.41060638427734
-117.58518981933594
-116.5531234741211
-107.7968978881836
-108.50731658935547
-111.9940185546875
-112.9648666381836
-110.7947006225586
-104.39073944091797
-104.71102142333984
-115.57711029052734
-110.55535888671875
-107.45035552978516
-116.70597839355469
-111.71704864501953
-111.88749694824219
-111.35668182373047
-110.13041687011719
-108.56145477294922
-109.59070587158203
-111.81407928466797
-119.1368179321289
-115.26406860351562
-110.75493621826172
-114.38878631591797
-105.39659118652344
-102.44134521484375
-118.43291473388672
-110.58744049072266
-114.42621612548828
-108.93627166748047
-109.7695541381836
-114.8311767578125
-106.20062255859375
-111.53993225097656
-112.26303100585938
-112.47631072998047
-106.0690689086914
-109.95677185058594
-107.7376480102539
-105.49105072021484
-117.47132873535156
-113.00414276123047
-113.31205749511719
-108.22128295898438
-114.50394439697266
-110.06783294677734
-113.99052429199219
-107.37079620361328
-110.79590606689453
-103.01087188720703
-109.98831176757812
-114.18267059326172
-112.95772552490234
-112.2461166381836
-103.76563262939453
-113.97970581054688
-104.25022888183594
-108.30480194091797
-111.21049499511719
-112.50796508789062
-113.2278823852539
-117.08817291259766
-110.13514709472656
-112.36320495605469
-112.53044128417969
-108.8991470336914
-112.90766143798828
-111.45269012451172
-99.77509307861328
-116.45301818847656
-112.32945251464844
-107.86162567138672
-117.07466888427734
-114.91161346435547
-105.41808319091797
-109.79196166992188
-103.67381286621094
-114.10054016113281
-101.26001739501953
-113.07183837890625
-106.06480407714844
-111.36475372314453
-107.48456573486328
-112.37574005126953
-108.13117980957031
-107.2114028930664
-106.57536315917969
-119.09249114990234
-110.35609436035156
-111.89393615722656
-109.30775451660156
-102.85438537597656
-115.36012268066406
-109.33500671386719
-105.35873413085938
-112.17386627197266
-110.16256713867188
-103.69715118408203
-113.70368957519531
-104.73370361328125
-110.69493103027344
-105.05474090576172
-106.74632263183594
-108.72437286376953
-115.38501739501953
-110.23590850830078
-108.33174896240234
-111.72366333007812
-113.44408416748047
-110.43037414550781
-108.84292602539062
-112.74607849121094
-108.2049331665039
-112.15843963623047
-110.76651000976562
-114.4516830444336
-114.74041748046875
-117.18516540527344
-103.71521759033203
-115.00972747802734
-112.31465148925781
-115.46766662597656
-117.57098388671875
-117.4050521850586
-111.5337142944336
-115.91671752929688
-109.42335510253906
-110.36980438232422
-108.37763977050781
-111.08404541015625
-107.79437255859375
-107.34793853759766
-108.55406188964844
-113.2174072265625
-117.12456512451172
-117.01544189453125
-112.12554168701172
-111.98346710205078
-100.96414184570312
-115.36315155029297
-108.22712707519531
-106.07279205322266
-108.62297821044922
-106.9853286743164
-110.07010650634766
-113.3900375366211
-107.08831787109375
-110.59432983398438
-114.62134552001953
-110.45411682128906
-108.6935043334961
-105.51294708251953
-112.64231872558594
-108.57086944580078
-110.92012786865234
-112.72325134277344
-112.43072509765625
-113.48704528808594
-104.61943817138672
-106.31517791748047
-111.58039855957031
-106.72188568115234
-111.14530181884766
-108.51315307617188
-114.25537872314453
-105.99905395507812
-110.29165649414062
-108.3494644165039
-109.88246154785156
-113.53166961669922
-105.22752380371094
-112.02088165283203
-111.58470916748047
-113.87975311279297
-105.89553833007812
-102.4132308959961
-117.24243927001953
-107.6757583618164
-111.80427551269531
-107.7658462524414
-117.99175262451172
-113.72440338134766
-111.86862182617188
-112.19377136230469
-108.5977783203125
-110.21046447753906
-108.48490142822266
-106.00409698486328
-115.32295227050781
-107.36226654052734
-118.3763198852539
-110.19657135009766
-114.84564208984375
-111.65629577636719
-113.58560180664062
-115.63353729248047
-113.9636001586914
-118.0359878540039
-119.64293670654297
-112.40569305419922
-111.32083892822266
-113.61575317382812
-106.80445861816406
-113.83377075195312
-113.44951629638672
-114.46782684326172
-111.49813079833984
-116.2454833984375
-110.90239715576172
-109.2510757446289
-110.81315612792969
-112.1314468383789
-110.39749145507812
-112.55496215820312
-114.58097839355469
-108.11444091796875
-106.94405364990234
-112.26598358154297
-112.98627471923828
-108.2623062133789
-104.36666107177734
-107.73860168457031
-109.3024673461914
-112.29633331298828
-121.27413177490234
-108.45733642578125
-115.08294677734375
-116.595458984375
-111.54108428955078
-110.79801940917969
-105.5089340209961
-106.39379119873047
-110.19520568847656
-114.0802230834961
-104.52952575683594
-104.83187103271484
-110.61172485351562
-106.10855102539062
-112.0257568359375
-110.94718170166016
-113.0267333984375
-106.4091796875
-112.12151336669922
-113.71220397949219
-104.88932037353516
-109.32568359375
-113.36747741699219
-105.08407592773438
-108.09176635742188
-112.6070556640625
-107.21376037597656
-103.77568054199219
-113.21127319335938
-107.48225402832031
-113.81809997558594
-115.75785064697266
-111.43582916259766
-113.01302337646484
-104.92547607421875
-108.78506469726562
-114.31981658935547
-109.49871826171875
-110.8821792602539
-109.25147247314453
-115.14913177490234
-110.12516021728516
-106.50383758544922
-107.60572052001953
-110.39498901367188
-116.62855529785156
-112.17393493652344
-114.13362884521484
-106.23322296142578
-106.19479370117188
-116.07301330566406
-113.13114929199219
-110.78621673583984
-111.46649169921875
-107.42450714111328
-108.62837219238281
-112.11161804199219
-105.5390853881836
-110.11460876464844
-106.38556671142578
-113.51166534423828
-109.46534729003906
-109.27754974365234
-113.50712585449219
-115.16122436523438
-105.41272735595703
-103.29658508300781
-107.40087890625
-115.66295623779297
-117.74287414550781
-107.66120147705078
-116.03833770751953
-114.79926300048828
-113.05733489990234
-107.93632507324219
-110.81694030761719
-110.32894897460938
-118.56465148925781
-116.39138793945312
-110.06147766113281
-109.25865173339844
-106.85443115234375
-115.40473937988281
-119.1283187866211
-111.6827621459961
-116.1624984741211
-111.51280975341797
-116.85867309570312
-105.7830581665039
-106.96739959716797
-110.24887084960938
-110.93609619140625
-120.8829345703125
-113.06282806396484
-114.44461059570312
-115.29449462890625
-115.70804595947266
-107.01677703857422
-113.0166015625
-112.41947174072266
-117.26447296142578
-117.7842788696289
-114.19473266601562
-111.6537857055664
-112.06659698486328
-111.80104064941406
-118.40604400634766
-111.95782470703125
-109.54917907714844
-110.69059753417969
-109.15243530273438
-111.88829040527344
-113.76860809326172
-109.76410675048828
-111.71717834472656
-104.367431640625
-118.06033325195312
-114.0675048828125
-117.2919921875
-106.57662200927734
-109.53271484375
-104.10994720458984
-109.3605728149414
-110.36060333251953
-105.15235137939453
-109.07929992675781
-106.66034698486328
-113.28337860107422
-110.8855972290039
-107.49667358398438
-111.03160858154297
-115.45590209960938
-108.48355102539062
-106.0415267944336
-104.3503189086914
-110.35986328125
-109.30126953125
-110.24031066894531
-107.00066375732422
-102.98895263671875
-119.67880249023438
-106.25129699707031
-109.32498931884766
-110.25849914550781
-107.6082992553711
-112.69010925292969
-106.69053649902344
-106.54690551757812
-117.99921417236328
-104.5038070678711
-110.46176147460938
-110.44795227050781
-110.02484893798828
-119.42130279541016
-110.73273468017578
-112.68182373046875
-107.53067016601562
-105.24007415771484
-104.73857116699219
-117.38238525390625
-108.13418579101562
-105.72027587890625
-112.00670623779297
-112.82376098632812
-103.68311309814453
-110.95013427734375
-116.80931091308594
-104.9841079711914
-108.0158462524414
-110.6674575805664
-107.29725646972656
-106.42520904541016
-115.75761413574219
-106.94140625
-115.92453002929688
-105.8198471069336
-108.61521911621094
-105.50511169433594
-110.9087905883789
-109.45401763916016
-109.1961441040039
-112.7010726928711
-106.88130950927734
-108.17476654052734
-109.93890380859375
-113.3256607055664
-99.42224884033203
-111.8970947265625
-107.20237731933594
-109.69763946533203
-105.6773681640625
-105.21757507324219
-114.0899429321289
-107.82623291015625
-114.1583251953125
-107.89710998535156
-109.64617919921875
-118.36695098876953
-111.6356430053711
-115.6902084350586
-113.19314575195312
-115.33815002441406
-105.3401107788086
-111.49150085449219
-106.94438171386719
-116.24300384521484
-100.13568878173828
-109.21089935302734
-115.2564468383789
-117.94297790527344
-114.14524841308594
-105.726806640625
-104.41889953613281
-112.31124114990234
-108.85322570800781
-109.36491394042969
-111.02040100097656
-107.37371063232422
-110.27715301513672
-108.29818725585938
-119.86824035644531
-105.86831665039062
-107.11754608154297
-98.31653594970703
-109.30149841308594
-112.51903533935547
-102.05387115478516
-114.44491577148438
-107.84232330322266
-109.25679016113281
-102.75395202636719
-111.66265869140625
-113.17720794677734
-107.40078735351562
-107.87417602539062
-108.65900421142578
-113.51580047607422
-107.20311737060547
-111.40666198730469
-105.76739501953125
-108.70426940917969
-103.21595001220703
-108.33494567871094
-107.98585510253906
-108.96125793457031
-107.97754669189453
-102.61737823486328
-111.04547119140625
-109.92720794677734
-112.71761322021484
-106.43643188476562
-112.08451843261719
-113.71234893798828
-111.93302154541016
-114.61892700195312
-117.5395278930664
-105.20039367675781
-105.93809509277344
-105.62908935546875
-106.65521240234375
-106.59382629394531
-114.7321548461914
-106.79650115966797
-112.4971923828125
-105.93953704833984
-112.23721313476562
-111.62490844726562
-105.53086853027344
-112.41664123535156
-109.60968780517578
-117.52506256103516
-107.04454803466797
-106.36975860595703
-108.33233642578125
-110.79559326171875
-111.31599426269531
-115.33402252197266
-117.16629028320312
-107.85169219970703
-109.01139831542969
-112.84342956542969
-107.5832748413086
-109.09351348876953
-113.52661895751953
-110.52525329589844
-103.48895263671875
-114.5317611694336
-115.43370819091797
-106.37179565429688
-109.74983215332031
-106.59892272949219
-116.31535339355469
-113.94860076904297
-114.10337829589844
-105.8752670288086
-107.69037628173828
-110.11817932128906
-113.68496704101562
-112.84760284423828
-111.92584991455078
-113.83094024658203
-114.7429428100586
-107.66297912597656
-113.43061828613281
-111.14051055908203
-109.61524200439453
-111.50045776367188
-117.35054016113281
-118.35169219970703
-113.97579193115234
-105.85033416748047
-110.11402130126953
-116.13072204589844
-108.31493377685547
-106.88261413574219
-107.64993286132812
-114.7032470703125
-100.65365600585938
-116.48306274414062
-104.6568603515625
-121.21666717529297
-114.92510986328125
-109.81993865966797
-112.44155883789062
-114.70303344726562
-111.5010757446289
-109.9690933227539
-112.16203308105469
-113.3561019897461
-107.60862731933594
-102.42877197265625
-106.43401336669922
-103.90567016601562
-111.13449096679688
-108.32508087158203
-109.126708984375
-111.73001861572266
-107.38075256347656
-111.81360626220703
-106.86055755615234
-105.05596923828125
-115.51339721679688
-116.95152282714844
-109.98233032226562
-109.18502807617188
-112.50267028808594
-113.48526000976562
-107.15943908691406
-106.46083068847656
-110.49847412109375
-106.4297866821289
-109.86100006103516
-108.8411865234375
-107.930419921875
-113.1533203125
-110.68201446533203
-118.10415649414062
-113.91400146484375
-110.8460693359375
-107.59806823730469
-110.51305389404297
-106.71269989013672
-105.46978759765625
-110.4390640258789
-106.62679290771484
-106.82447052001953
-107.7643051147461
-104.70922088623047
-109.17204284667969
-115.98369598388672
-109.56111907958984
-108.00069427490234
-114.6748275756836
-111.48231506347656
-110.44746398925781
-114.30377960205078
-109.4092025756836
-105.2783432006836
-110.49172973632812
-113.2279052734375
-109.29058837890625
-103.0782470703125
-116.28781127929688
-111.95135498046875
-116.921142578125
-117.32508087158203
-110.47946166992188
-108.29644775390625
-103.98274993896484
-108.68250274658203
-106.50049591064453
-105.78492736816406
-107.72827911376953
-110.30722045898438
-120.7537612915039
-110.2674560546875
-117.58655548095703
-114.02696990966797
-112.79861450195312
-106.61322021484375
-111.19930267333984
-106.18706512451172
-107.52916717529297
-115.91089630126953
-105.83855438232422
-114.89171600341797
-109.1171646118164
-103.94523620605469
-108.1592025756836
-112.96561431884766
-109.60397338867188
-109.92735290527344
-113.55261993408203
-111.89700317382812
-112.50426483154297
-107.26600646972656
-106.73035430908203
-112.8073501586914
-102.85800170898438
-106.30290985107422
-115.08893585205078
-113.18267059326172
-114.5888900756836
-113.05180358886719
-111.36894226074219
-108.39618682861328
-112.0624771118164
-112.74016571044922
-109.30815124511719
-106.2727279663086
-106.28570556640625
-111.31953430175781
-108.38885498046875
-105.58332061767578
-112.36074829101562
-102.82035827636719
-108.078857421875
-109.92935180664062
-109.23729705810547
-110.14959716796875
-105.62309265136719
-110.1340560913086
-109.02300262451172
-105.36356353759766
-109.50862884521484
-117.26663208007812
-113.61822509765625
-111.07402801513672
-112.37294006347656
-109.30751037597656
-109.56159210205078
-111.44599914550781
-110.36006927490234
-106.15956115722656
-108.18489837646484
-109.78598022460938
-105.24861145019531
-111.74008178710938
-109.18157196044922
-107.84329986572266
-108.15496063232422
-109.15443420410156
-111.09812927246094
-118.2233657836914
-106.22897338867188
-110.18841552734375
-114.87370300292969
-107.51714324951172
-112.02268981933594
-106.14237976074219
-109.16460418701172
-111.6712646484375
-102.54178619384766
-107.70953369140625
-116.05111694335938
-107.55828857421875
-109.31578063964844
-111.97000122070312
-112.45466613769531
-104.05449676513672
-109.38353729248047
-107.96798706054688
-102.09734344482422
-110.18328857421875
-110.27501678466797
-104.31381225585938
-105.56194305419922
-115.05863189697266
-112.41714477539062
-109.29666900634766
-105.82240295410156
-106.15718078613281
-113.09312438964844
-111.9429702758789
-109.15641021728516
-107.04393768310547
-107.05821990966797
-104.91600036621094
-109.15363311767578
-112.8711929321289
-110.87251281738281
-105.91631317138672
-115.76226043701172
-107.70155334472656
-107.99085235595703
-104.90815734863281
-108.20001220703125
-103.9597396850586
-107.8775405883789
-108.4870834350586
-99.4994125366211
-112.31781768798828
-114.8540267944336
-111.26536560058594
-106.8787612915039
-118.8661880493164
-118.54991912841797
-106.05307006835938
-104.96287536621094
-117.16720581054688
-112.69512176513672
-105.68902587890625
-110.1404037475586
-106.44095611572266
-110.17408752441406
-106.71593475341797
-109.6301498413086
-110.74036407470703
-110.61463928222656
-104.91034698486328
-108.97026824951172
-112.50370788574219
-102.65104675292969
-98.69068908691406
-104.65589904785156
-107.56449127197266
-110.70417022705078
-107.30616760253906
-111.43054962158203
-114.09634399414062
-109.83383178710938
-109.67515563964844
-109.97109985351562
-111.2161636352539
-112.23278045654297
-110.81830596923828
-116.09640502929688
-106.6962661743164
-108.18427276611328
-110.0112075805664
-114.02549743652344
-110.08997344970703
-111.07389068603516
-107.67411041259766
-106.85533142089844
-113.66626739501953
-105.86854553222656
-108.110107421875
-112.06056213378906
-107.86681365966797
-111.503662109375
-109.62834930419922
-114.37360382080078
-108.9424057006836
-112.4548568725586
-111.43220520019531
-108.23094177246094
-112.74320220947266
-109.69527435302734
-112.60355377197266
-106.19491577148438
-103.62617492675781
-105.5529556274414
-114.24090576171875
-116.98712921142578
-111.0732650756836
-100.6966781616211
-111.75028991699219
-112.12509155273438
-114.98735046386719
-112.14910888671875
-111.83971405029297
-105.48773956298828
-112.65623474121094
-108.84713745117188
-108.62191772460938
-109.29418182373047
-109.54415130615234
-105.20234680175781
-107.49472045898438
-102.14757537841797
-109.47435760498047
-113.05528259277344
-111.72086334228516
-109.42111206054688
-112.25572204589844
-107.14481353759766
-108.73635864257812
-111.80623626708984
-107.71829223632812
-113.00669860839844
-107.9885482788086
-110.62194061279297
-103.83987426757812
-107.06574249267578
-111.73490905761719
-107.16390991210938
-106.24661254882812
-113.6692886352539
-106.90198516845703
-110.11859130859375
-105.15686798095703
-106.84491729736328
-109.55909729003906
-112.42383575439453
-115.507080078125
-116.50442504882812
-110.86785125732422
-108.3014907836914
-105.09992218017578
-114.50025177001953
-102.27630615234375
-116.798828125
-109.6456527709961
-114.17816925048828
-107.82318115234375
-105.24292755126953
-107.16671752929688
-108.58334350585938
-108.64727783203125
-114.70567321777344
-114.75102996826172
-110.7914810180664
-107.11756896972656
-117.73307800292969
-108.67298126220703
-112.36348724365234
-115.14696502685547
-111.80294799804688
-110.39653015136719
-115.30580139160156
-110.1109619140625
-112.39131164550781
-105.76758575439453
-108.20015716552734
-113.25178527832031
-111.2232666015625
-113.8825912475586
-111.69512939453125
-112.96637725830078
-107.7807846069336
-111.44566345214844
-109.18641662597656
-108.0940933227539
-114.55288696289062
-105.42465209960938
-112.42549896240234
-108.21969604492188
-104.75305938720703
-110.5971908569336
-110.4763412475586
-108.10405731201172
-108.89478302001953
-113.05364227294922
-111.11580657958984
-112.48089599609375
-116.569091796875
-103.63821411132812
-109.57176971435547
-102.85816192626953
-113.06424713134766
-105.52360534667969
-105.72930908203125
-110.49723052978516
-111.35456848144531
-112.21099853515625
-111.86209869384766
-108.379150390625
-110.56686401367188
-110.9759521484375
-110.60456085205078
