-99.3341064453125
-111.1242446899414
-102.97710418701172
-108.83868408203125
-107.37764739990234
-107.00642395019531
-102.95441436767578
-93.68960571289062
-108.38552856445312
-100.70245361328125
-107.23429870605469
-101.95475006103516
-107.73353576660156
-103.90206909179688
-101.95977783203125
-100.26529693603516
-99.80681610107422
-107.63977813720703
-104.78865814208984
-98.03925323486328
-103.91616821289062
-104.3169174194336
-105.93839263916016
-104.48846435546875
-106.83367156982422
-111.44952392578125
-99.32907104492188
-109.09583282470703
-98.41280364990234
-102.69825744628906
-107.16466522216797
-113.17327117919922
-108.16348266601562
-110.23834228515625
-108.4157943725586
-101.47747039794922
-100.81708526611328
-105.0824203491211
-106.21910858154297
-101.69071960449219
-98.91143798828125
-99.50581359863281
-108.14531707763672
-104.3407974243164
-102.22430419921875
-109.87432861328125
-105.4119644165039
-106.95655059814453
-104.65522003173828
-101.40374755859375
-102.61036682128906
-103.3755874633789
-103.28533935546875
-113.56120300292969
-108.49617767333984
-104.60134887695312
-105.72679901123047
-100.58819580078125
-96.06591033935547
-109.61310577392578
-104.10074615478516
-106.38218688964844
-100.10953521728516
-101.91867065429688
-107.68128967285156
-98.56421661376953
-106.81295776367188
-104.86302947998047
-104.71202850341797
-100.59671020507812
-101.10686492919922
-101.54029846191406
-101.03064727783203
-108.6733169555664
-106.25032806396484
-105.89832305908203
-100.62503051757812
-105.40345001220703
-102.8897705078125
-106.09309387207031
-100.77894592285156
-103.98291015625
-96.7589111328125
-101.92335510253906
-108.07295227050781
-106.1474609375
-104.29029846191406
-98.29931640625
-106.64067077636719
-97.6135025024414
-101.88784790039062
-104.64637756347656
-105.71187591552734
-106.57078552246094
-108.22602081298828
-105.11810302734375
-106.04601287841797
-104.9648208618164
-103.28335571289062
-107.88258361816406
-105.25897979736328
-95.90804290771484
-109.13479614257812
-105.5699234008789
-102.88904571533203
-109.94448852539062
-108.07241821289062
-98.66956329345703
-102.83036041259766
-96.5099868774414
-107.37403869628906
-95.98604583740234
-104.75949096679688
-98.4612045288086
-104.417236328125
-101.1446533203125
-105.59657287597656
-100.87371063232422
-100.8628921508789
-98.97871398925781
-113.57180786132812
-104.5294418334961
-104.57147216796875
-103.0492935180664
-95.66891479492188
-107.30903625488281
-102.66963195800781
-96.7667236328125
-106.82125854492188
-104.2895736694336
-97.98995208740234
-106.5142822265625
-99.07730102539062
-104.26934814453125
-99.0361328125
-99.27169799804688
-102.79185485839844
-108.29993438720703
-103.91348266601562
-100.59507751464844
-105.63546752929688
-107.0806884765625
-103.14070129394531
-101.99832916259766
-105.84549713134766
-101.77350616455078
-102.88187408447266
-103.1959457397461
-108.60738372802734
-107.74164581298828
-109.6529769897461
-98.53083038330078
-106.14263153076172
-104.8433609008789
-109.48566436767578
-110.2280044555664
-110.38330841064453
-104.81988525390625
-109.31485748291016
-101.77082061767578
-103.02740478515625
-103.44999694824219
-106.42213439941406
-102.861328125
-100.45005798339844
-101.2165756225586
-104.9118423461914
-112.43389129638672
-109.77279663085938
-104.80093383789062
-104.7424545288086
-95.15287780761719
-107.08316802978516
-101.07382202148438
-100.7593994140625
-103.7303695678711
-102.17601013183594
-102.31048583984375
-104.65264892578125
-99.47559356689453
-104.303466796875
-108.79378509521484
-103.66535186767578
-101.01200866699219
-100.40505981445312
-104.2947006225586
-100.13320922851562
-104.50102233886719
-105.42486572265625
-105.1973648071289
-106.19149017333984
-99.1085205078125
-100.26776123046875
-105.18783569335938
-100.85887145996094
-103.25496673583984
-101.99591064453125
-108.20907592773438
-98.44981384277344
-101.53282165527344
-102.56341552734375
-102.93382263183594
-104.74404907226562
-98.73916625976562
-104.158935546875
-104.61595153808594
-108.14030456542969
-98.83460235595703
-95.49601745605469
-109.02041625976562
-101.36405181884766
-104.0771484375
-102.34383392333984
-110.90120697021484
-106.76542663574219
-103.88237762451172
-104.54684448242188
-103.19815826416016
-103.10768127441406
-101.1622085571289
-98.53292083740234
-110.24551391601562
-99.16649627685547
-108.29502868652344
-104.32823944091797
-107.8664321899414
-106.01934814453125
-105.5378189086914
-107.1367416381836
-108.85621643066406
-111.2405776977539
-113.23533630371094
-106.86270141601562
-104.4577865600586
-107.00680541992188
-97.79488372802734
-105.24942779541016
-108.79097747802734
-106.5718765258789
-103.87305450439453
-107.94844055175781
-105.7226333618164
-103.86197662353516
-106.30614471435547
-103.51805877685547
-105.29379272460938
-104.46076965332031
-108.54102325439453
-100.63054656982422
-100.3785171508789
-106.9143295288086
-105.04708862304688
-100.7874526977539
-97.724365234375
-101.75070190429688
-101.25233459472656
-105.9957275390625
-114.99915313720703
-103.33003997802734
-108.47669982910156
-108.49674224853516
-103.95555114746094
-103.02327728271484
-97.40613555908203
-99.67453002929688
-104.39128112792969
-106.423095703125
-97.77188873291016
-98.9188461303711
-104.141845703125
-98.66091918945312
-103.779052734375
-103.60809326171875
-108.06736755371094
-98.17559814453125
-103.94541931152344
-106.06439971923828
-98.16630554199219
-101.7741470336914
-105.55014038085938
-97.85065460205078
-101.50237274169922
-105.07323455810547
-99.85552215576172
-97.17224884033203
-106.39717864990234
-103.80770111083984
-106.37208557128906
-108.834228515625
-105.11888885498047
-106.40132141113281
-99.55797576904297
-101.62001037597656
-107.78443908691406
-103.95582580566406
-104.89910888671875
-102.20094299316406
-110.23992156982422
-102.13538360595703
-100.04102325439453
-101.03287506103516
-103.66635131835938
-107.050048828125
-105.88630676269531
-107.09737396240234
-100.34403991699219
-98.03581237792969
-109.31169128417969
-106.25042724609375
-105.12260437011719
-106.1543197631836
-101.96370697021484
-101.1296157836914
-104.28519439697266
-98.45612335205078
-102.95868682861328
-100.04639434814453
-104.90958404541016
-102.35736846923828
-101.91441345214844
-105.34820556640625
-107.6990737915039
-99.83012390136719
-96.31208801269531
-100.33322143554688
-108.37071228027344
-110.14749145507812
-100.60319519042969
-107.64238739013672
-106.64617919921875
-106.4195785522461
-101.69514465332031
-102.94337463378906
-103.96070861816406
-111.3539047241211
-108.69105529785156
-103.64088439941406
-103.58622741699219
-99.30201721191406
-109.1285629272461
-111.46488952636719
-104.48387908935547
-107.99986267089844
-104.92791748046875
-111.3037338256836
-98.77371215820312
-99.30135345458984
-104.2457275390625
-103.53919982910156
-113.68011474609375
-104.39254760742188
-108.22776794433594
-108.07746887207031
-109.20365905761719
-101.22071838378906
-107.47704315185547
-108.13616180419922
-109.5374984741211
-109.99800109863281
-107.16292572021484
-106.09326934814453
-106.68778991699219
-105.02122497558594
-110.58417510986328
-104.76353454589844
-106.07958984375
-104.62965393066406
-102.4842300415039
-105.57987213134766
-106.22181701660156
-103.8106460571289
-104.9968490600586
-98.59066009521484
-110.48517608642578
-106.22296142578125
-110.65296936035156
-99.69062042236328
-102.1393814086914
-98.89114379882812
-101.9789047241211
-105.25836944580078
-101.48675537109375
-102.05316162109375
-100.56035614013672
-107.8600845336914
-104.3694839477539
-101.98944854736328
-103.59507751464844
-107.74857330322266
-102.09089660644531
-98.80455780029297
-99.9106216430664
-102.86935424804688
-103.45389556884766
-104.17256927490234
-101.04888916015625
-96.22872924804688
-111.78050231933594
-100.1279067993164
-102.76136779785156
-103.98487854003906
-101.94667053222656
-105.03131866455078
-99.5101318359375
-102.63196563720703
-111.42489624023438
-98.26161193847656
-104.32593536376953
-103.54244995117188
-102.81587982177734
-111.28466796875
-105.8309326171875
-108.13032531738281
-103.29017639160156
-99.84764862060547
-99.93274688720703
-109.94477844238281
-102.37663269042969
-100.89137268066406
-105.16925811767578
-106.9325180053711
-98.18521881103516
-105.30911254882812
-110.87259674072266
-98.16438293457031
-100.10967254638672
-103.98638153076172
-101.39327239990234
-99.55924987792969
-108.70490264892578
-101.38497161865234
-108.54476165771484
-99.22511291503906
-104.93634033203125
-97.37954711914062
-104.60108184814453
-102.56719970703125
-103.66057586669922
-104.11832427978516
-101.5784912109375
-101.60914611816406
-102.4675064086914
-106.73090362548828
-95.29698944091797
-105.08397674560547
-100.75076293945312
-106.9910659790039
-101.05248260498047
-98.9359130859375
-107.92009735107422
-101.21907043457031
-107.46109008789062
-101.8420639038086
-102.66932678222656
-109.63027954101562
-104.38208770751953
-109.07584381103516
-107.15123748779297
-110.82988739013672
-100.24624633789062
-106.09428405761719
-100.85603332519531
-109.7627182006836
-93.40110778808594
-102.89034271240234
-109.69759368896484
-111.12983703613281
-107.81702423095703
-101.27718353271484
-98.6163330078125
-106.14960479736328
-101.58853149414062
-102.96963500976562
-103.50826263427734
-100.86239624023438
-101.42263793945312
-100.9236831665039
-110.96722412109375
-100.07325744628906
-101.06793975830078
-94.15544128417969
-101.65545654296875
-105.22695922851562
-96.69585418701172
-108.68936157226562
-99.92460632324219
-102.88699340820312
-96.28385162353516
-106.41923522949219
-107.5183334350586
-101.59391784667969
-100.2664566040039
-103.51139068603516
-107.29113006591797
-101.93637084960938
-106.37737274169922
-99.6362075805664
-104.30183410644531
-97.5404281616211
-102.10391998291016
-100.54045104980469
-102.71168518066406
-101.68037414550781
-98.65597534179688
-104.30123901367188
-102.3463134765625
-106.43768310546875
-100.00505828857422
-106.63020324707031
-107.03011322021484
-104.10602569580078
-106.72540283203125
-111.86000061035156
-100.83253479003906
-101.71052551269531
-99.85455322265625
-100.73722076416016
-101.2454605102539
-110.05738830566406
-100.19043731689453
-104.32276916503906
-98.86802673339844
-105.4426498413086
-105.36305236816406
-99.61898803710938
-105.9478530883789
-103.78987884521484
-110.85517120361328
-101.045166015625
-101.35633850097656
-101.08625793457031
-104.29564666748047
-104.87110137939453
-109.30601501464844
-111.27462768554688
-104.21826934814453
-100.75896453857422
-105.29351043701172
-100.46393585205078
-101.65635681152344
-107.45832061767578
-103.21137237548828
-97.9981460571289
-107.58307647705078
-107.9059066772461
-98.7952651977539
-102.68297576904297
-100.28998565673828
-108.4522933959961
-106.72001647949219
-106.98096466064453
-98.6055908203125
-102.46505737304688
-103.59619903564453
-105.7497329711914
-104.78528594970703
-105.5890121459961
-107.0965805053711
-108.88257598876953
-101.41824340820312
-105.7964859008789
-102.86280822753906
-101.58489227294922
-105.3443603515625
-109.68185424804688
-111.47423553466797
-107.04765319824219
-100.1837158203125
-104.7154541015625
-109.93988037109375
-102.34503936767578
-100.83245086669922
-101.3836898803711
-106.34430694580078
-95.8630599975586
-108.72931671142578
-100.19925689697266
-115.54341888427734
-107.78742980957031
-104.67044830322266
-106.44390869140625
-108.36302947998047
-104.88189697265625
-103.10661315917969
-104.18733215332031
-107.46449279785156
-101.4836654663086
-97.54061126708984
-99.78565216064453
-97.75331115722656
-104.609619140625
-100.73870849609375
-102.71980285644531
-106.25164031982422
-102.08460998535156
-105.25794219970703
-99.7770767211914
-98.43222045898438
-111.29621887207031
-109.54815673828125
-103.30878448486328
-101.70087432861328
-105.14575958251953
-106.41270446777344
-100.84644317626953
-99.5383071899414
-104.33773040771484
-101.62196350097656
-104.01000213623047
-101.57479095458984
-100.95622253417969
-107.0932846069336
-102.00000762939453
-112.39247131347656
-106.85225677490234
-103.95646667480469
-102.56700897216797
-105.26309967041016
-103.08985137939453
-100.77835083007812
-103.35627746582031
-98.62013244628906
-99.73139953613281
-102.91403198242188
-98.75929260253906
-103.9859619140625
-108.9056396484375
-104.69639587402344
-102.34324645996094
-108.517333984375
-104.93231964111328
-106.05864715576172
-107.21517944335938
-103.5656509399414
-99.47332763671875
-104.3089828491211
-108.82756042480469
-104.12053680419922
-96.97494506835938
-111.67266845703125
-105.13873291015625
-108.72189331054688
-111.73749542236328
-103.67300415039062
-100.16293334960938
-97.84323120117188
-102.11058044433594
-101.67695617675781
-99.35302734375
-102.69884490966797
-103.51927185058594
-113.51679229736328
-106.01201629638672
-111.2256088256836
-108.72863006591797
-106.6139144897461
-99.55533599853516
-104.19403839111328
-100.70841979980469
-101.2447509765625
-110.5374984741211
-99.28091430664062
-108.52690124511719
-102.79859924316406
-96.71785736083984
-102.0111083984375
-109.72154998779297
-102.16941833496094
-101.79373931884766
-106.92108154296875
-106.15149688720703
-107.6905746459961
-102.44983673095703
-100.70523071289062
-107.59627532958984
-98.25393676757812
-100.95216369628906
-108.7925796508789
-106.30268096923828
-108.0771255493164
-108.39348602294922
-104.87419891357422
-101.36253356933594
-105.64189910888672
-105.81489562988281
-102.12523651123047
-101.65492248535156
-101.00299072265625
-104.79216003417969
-102.61653137207031
-98.8424301147461
-107.15611267089844
-96.38847351074219
-101.04523468017578
-103.7171630859375
-105.60979461669922
-104.06358337402344
-100.9226303100586
-104.45323944091797
-102.58423614501953
-99.43810272216797
-101.99758911132812
-110.93396759033203
-108.33856201171875
-102.5159683227539
-103.71502685546875
-104.04578399658203
-104.0342788696289
-107.09727478027344
-103.84017181396484
-99.9476089477539
-101.14725494384766
-103.08140563964844
-99.98771667480469
-104.48197174072266
-104.4107437133789
-102.04955291748047
-100.72589874267578
-101.96332550048828
-105.59002685546875
-110.66569519042969
-101.20703125
-103.57652282714844
-108.02071380615234
-101.74526977539062
-106.04058074951172
-100.2454605102539
-103.21162414550781
-105.57559967041016
-97.6719970703125
-102.7355728149414
-108.82036590576172
-102.51939392089844
-104.64964294433594
-106.69695281982422
-106.23839569091797
-99.09504699707031
-102.14739227294922
-103.64712524414062
-99.12633514404297
-102.94456481933594
-105.4626235961914
-100.36378479003906
-100.7734603881836
-107.85560607910156
-106.74458312988281
-103.11758422851562
-100.36727142333984
-102.79844665527344
-108.28927612304688
-104.51006317138672
-103.00682830810547
-101.74429321289062
-101.2057876586914
-97.78268432617188
-102.01742553710938
-105.4607162475586
-103.40068817138672
-99.7506103515625
-110.28423309326172
-101.72383117675781
-102.3152847290039
-98.23967742919922
-101.67083740234375
-97.46974182128906
-101.97772979736328
-102.94164276123047
-93.5623550415039
-104.87825012207031
-107.64332580566406
-104.82872009277344
-101.36991119384766
-111.38253784179688
-111.05659484863281
-100.0173568725586
-100.50162506103516
-109.51837921142578
-107.47611999511719
-99.16594696044922
-103.61215209960938
-100.94990539550781
-105.21094512939453
-101.02344512939453
-102.80232238769531
-104.98682403564453
-103.78530883789062
-98.10067749023438
-104.60985565185547
-106.99284362792969
-97.75015258789062
-93.22350311279297
-100.54202270507812
-101.80326843261719
-105.19235229492188
-102.26625061035156
-105.29605865478516
-110.43643951416016
-102.93013000488281
-101.14448547363281
-102.19546508789062
-104.92623901367188
-106.00846099853516
-104.01081848144531
-111.47943115234375
-99.5399398803711
-102.04491424560547
-101.3606948852539
-108.79572296142578
-104.30479431152344
-104.6914291381836
-102.52140045166016
-103.16764831542969
-107.54199981689453
-99.33548736572266
-103.75296783447266
-105.3937759399414
-101.62422180175781
-106.57426452636719
-104.67120361328125
-108.24349975585938
-103.69451141357422
-104.65191650390625
-104.8720474243164
-102.09380340576172
-107.35507202148438
-103.69682312011719
-106.29190063476562
-101.03678131103516
-97.71605682373047
-100.84622192382812
-109.85721588134766
-110.62388610839844
-105.2696533203125
-95.87767028808594
-105.88079071044922
-106.02631378173828
-107.5721664428711
-105.50679779052734
-105.68339538574219
-101.01361083984375
-106.35979461669922
-101.6947021484375
-102.46054077148438
-104.58989715576172
-103.53736877441406
-99.89142608642578
-101.0836410522461
-96.8634033203125
-104.66536712646484
-107.61642456054688
-105.1109619140625
-104.88134765625
-105.01577758789062
-102.37077331542969
-101.95641326904297
-106.60454559326172
-102.09294128417969
-107.33248901367188
-103.0711441040039
-105.40621185302734
-98.28844451904297
-100.49278259277344
-104.8941421508789
-100.30194091796875
-100.61422729492188
-107.50082397460938
-101.47856140136719
-107.35404205322266
-98.47388458251953
-102.58264923095703
-105.90866088867188
-104.86392211914062
-108.86378479003906
-108.49658203125
-103.47389221191406
-102.95381164550781
-100.64170837402344
-108.02890014648438
-97.65829467773438
-110.47730255126953
-103.00035858154297
-106.99549865722656
-101.43373107910156
-98.5560531616211
-101.24287414550781
-103.7397232055664
-104.930419921875
-109.66036987304688
-106.66096496582031
-105.25405883789062
-100.42559814453125
-109.24486541748047
-102.22901153564453
-106.8400650024414
-110.85285949707031
-107.4276351928711
-104.8483657836914
-107.43889617919922
-103.66488647460938
-106.09584045410156
-101.27493286132812
-102.66248321533203
-107.5653076171875
-106.38981628417969
-107.13615417480469
-106.21002960205078
-106.97034454345703
-101.70401763916016
-105.96509552001953
-104.59492492675781
-102.1567153930664
-108.40995025634766
-100.5037612915039
-105.97635650634766
-102.5506362915039
-99.40489959716797
-104.68498229980469
-105.38488006591797
-102.94932556152344
-102.57080078125
-107.24850463867188
-105.81401824951172
-107.6828842163086
-109.16316986083984
-97.74542999267578
-103.24075317382812
-99.09761810302734
-108.02206420898438
-101.54900360107422
-101.45538330078125
-105.04716491699219
-104.13380432128906
-106.26596069335938
-106.06672668457031
-103.8765869140625
-105.24659729003906
-104.237548828125
-106.54832458496094
