-99.48634338378906
-111.60167694091797
-103.05742645263672
-108.20930480957031
-107.50562286376953
-107.38843536376953
-102.43111419677734
-94.22832489013672
-106.88754272460938
-100.64691925048828
-108.36964416503906
-102.29157257080078
-108.88444519042969
-103.80039978027344
-102.7790298461914
-100.13676452636719
-100.51958465576172
-107.922607421875
-106.3691635131836
-98.8874282836914
-104.11873626708984
-102.88301086425781
-104.72532653808594
-105.10848999023438
-106.41870880126953
-111.76454162597656
-99.10526275634766
-108.1983413696289
-99.37599182128906
-102.00823974609375
-106.1012954711914
-112.64342498779297
-107.68035888671875
-111.24901580810547
-110.33767700195312
-102.73992156982422
-102.24263000488281
-105.33184814453125
-106.2842025756836
-102.83035278320312
-97.82726287841797
-99.35820007324219
-108.62418365478516
-105.00003814697266
-101.30070495605469
-108.79562377929688
-105.7140121459961
-106.11927032470703
-105.10137176513672
-103.01583099365234
-101.69127655029297
-103.4640884399414
-103.78888702392578
-112.89793395996094
-108.8777847290039
-104.13948822021484
-107.28895568847656
-100.5403823852539
-95.75236511230469
-110.12177276611328
-103.9793930053711
-107.52257537841797
-100.6155776977539
-103.08319854736328
-106.7365951538086
-98.3405990600586
-106.92333984375
-104.28390502929688
-103.69403076171875
-100.37594604492188
-103.66653442382812
-102.8363037109375
-101.18235778808594
-109.78092956542969
-105.79377746582031
-105.48809051513672
-100.97196197509766
-107.97357940673828
-104.25736999511719
-107.71298217773438
-103.32888793945312
-106.08958435058594
-96.47390747070312
-103.5530014038086
-107.21964263916016
-105.92076110839844
-105.52943420410156
-99.7666244506836
-107.21905517578125
-98.11289978027344
-101.8906478881836
-105.2710189819336
-105.13921356201172
-108.01485443115234
-107.90414428710938
-103.83940887451172
-105.49932861328125
-104.52021026611328
-103.35535430908203
-106.74394989013672
-106.36250305175781
-94.3919906616211
-109.14457702636719
-105.8770523071289
-103.49003601074219
-109.06714630126953
-107.60041046142578
-97.58490753173828
-103.65032958984375
-97.98225402832031
-108.90985107421875
-95.57279968261719
-105.22396850585938
-98.4646224975586
-105.1548080444336
-99.38419342041016
-106.30718231201172
-100.95225524902344
-100.61150360107422
-98.63790893554688
-112.10772705078125
-104.39550018310547
-104.84806823730469
-102.03262329101562
-94.18647003173828
-106.56673431396484
-103.40669250488281
-98.50839233398438
-104.90399932861328
-104.86852264404297
-97.5977783203125
-106.4736328125
-99.20487976074219
-103.83013916015625
-99.39948272705078
-98.25320434570312
-101.35779571533203
-108.3983383178711
-104.28202819824219
-101.82421875
-105.8949966430664
-107.014404296875
-102.06184387207031
-103.23762512207031
-106.49285888671875
-100.11528015136719
-103.59119415283203
-102.97020721435547
-108.69076538085938
-107.8333511352539
-109.41606140136719
-98.63365173339844
-108.35536193847656
-106.00529479980469
-109.97917175292969
-110.3001480102539
-111.78975677490234
-104.58882904052734
-109.02903747558594
-102.00057220458984
-103.572021484375
-102.9889144897461
-105.40862274169922
-102.77334594726562
-100.61861419677734
-101.05883026123047
-104.78533935546875
-112.50900268554688
-109.9256362915039
-105.4113998413086
-105.32421112060547
-94.68182373046875
-108.93667602539062
-103.37938690185547
-101.05030822753906
-104.3575668334961
-102.68560791015625
-103.0356674194336
-108.2199935913086
-101.29895782470703
-104.57254028320312
-108.49402618408203
-105.28272247314453
-102.24436950683594
-101.03707122802734
-106.46461486816406
-101.6291732788086
-104.71566772460938
-106.8271484375
-107.5694351196289
-108.42420196533203
-98.61994934082031
-101.55018615722656
-105.55902862548828
-101.53820037841797
-102.56230163574219
-101.81744384765625
-107.90733337402344
-101.79692077636719
-102.91960906982422
-103.63512420654297
-103.34712219238281
-106.44731903076172
-98.95891571044922
-104.26651000976562
-104.71429443359375
-108.66756439208984
-99.54530334472656
-96.6523208618164
-110.85345458984375
-103.21202087402344
-104.5594253540039
-101.46820831298828
-111.54601287841797
-107.36715698242188
-104.55145263671875
-104.61300659179688
-104.17301940917969
-105.76793670654297
-101.37454223632812
-98.88240051269531
-110.16983032226562
-100.55313873291016
-108.9175796508789
-103.35652160644531
-108.26901245117188
-106.52989196777344
-106.14753723144531
-107.12667846679688
-106.5062255859375
-109.59247589111328
-111.3290023803711
-106.92494201660156
-105.13948059082031
-106.46694946289062
-99.23963928222656
-105.14180755615234
-105.91138458251953
-106.34505462646484
-105.69225311279297
-108.62133026123047
-103.40172576904297
-103.12360382080078
-105.643310546875
-103.78105163574219
-106.00340270996094
-104.234375
-108.54634857177734
-101.2659912109375
-100.78984832763672
-107.34896087646484
-106.83427429199219
-101.86006927490234
-98.22383880615234
-102.50719451904297
-101.43131256103516
-105.76168060302734
-115.62867736816406
-102.71725463867188
-108.66471099853516
-109.80509185791016
-105.32858276367188
-104.07542419433594
-98.93138122558594
-99.63034057617188
-104.19992065429688
-106.19707489013672
-99.31478118896484
-98.01813507080078
-104.41691589355469
-99.67774200439453
-104.28871154785156
-103.1089859008789
-108.29457092285156
-98.45780181884766
-104.27628326416016
-107.38311767578125
-97.5267562866211
-102.25965118408203
-105.16593933105469
-97.9948501586914
-101.30597686767578
-105.31912994384766
-99.67790985107422
-97.52304077148438
-106.07907104492188
-102.06895446777344
-106.73528289794922
-107.54154205322266
-106.19383239746094
-105.97660064697266
-99.56041717529297
-101.4522476196289
-107.94894409179688
-103.34036254882812
-104.8559341430664
-102.24514770507812
-109.13566589355469
-102.64463806152344
-100.50392150878906
-102.09066772460938
-102.89265441894531
-107.69795227050781
-105.69671630859375
-106.26441955566406
-99.38069915771484
-99.84501647949219
-109.00310516357422
-105.55438232421875
-105.78003692626953
-105.06167602539062
-101.93580627441406
-102.85941314697266
-105.32889556884766
-100.61981964111328
-102.144775390625
-99.57523345947266
-106.0417251586914
-103.26647186279297
-102.33068084716797
-106.42786407470703
-108.27862548828125
-99.32243347167969
-97.98121643066406
-101.62638092041016
-108.17321014404297
-110.93059539794922
-100.08106994628906
-107.13675689697266
-108.19103240966797
-107.27957153320312
-102.98070526123047
-103.45182800292969
-107.08492279052734
-110.76779174804688
-109.1817855834961
-102.25439453125
-102.90013885498047
-99.09600830078125
-108.74996185302734
-110.91634368896484
-104.44609069824219
-108.67002868652344
-104.33976745605469
-110.63036346435547
-99.37346649169922
-100.63375854492188
-103.6961669921875
-104.6770248413086
-114.16077423095703
-104.58622741699219
-106.65445709228516
-108.52407836914062
-109.17487335205078
-100.22103881835938
-107.6863021850586
-106.47561645507812
-110.50826263427734
-109.83062744140625
-106.5684814453125
-105.60194396972656
-107.90290832519531
-104.95926666259766
-112.14846801757812
-104.91118621826172
-104.72769927978516
-104.3263931274414
-103.2182388305664
-104.51628112792969
-107.64848327636719
-103.52290344238281
-105.8008041381836
-98.25752258300781
-109.50682067871094
-106.7952880859375
-110.19794464111328
-101.69198608398438
-102.80218505859375
-99.1293716430664
-101.8204574584961
-104.46205139160156
-99.26815032958984
-101.92881774902344
-100.64851379394531
-108.92577362060547
-105.69860076904297
-102.58309173583984
-103.73020935058594
-108.24984741210938
-102.90279388427734
-100.3795166015625
-100.97632598876953
-103.26326751708984
-102.75648498535156
-104.95636749267578
-102.23079681396484
-96.69795227050781
-111.65113830566406
-100.90370178222656
-103.24142456054688
-104.16401672363281
-102.16168975830078
-105.00261688232422
-100.81498718261719
-102.99541473388672
-111.913330078125
-98.42752075195312
-104.41865539550781
-104.7391586303711
-103.5757064819336
-111.74300384521484
-105.40901184082031
-105.83012390136719
-101.33319091796875
-102.14005279541016
-98.55570220947266
-107.9208755493164
-101.19468688964844
-101.9097671508789
-106.04010772705078
-107.79612731933594
-98.42019653320312
-105.9685287475586
-110.60604095458984
-98.3743667602539
-101.3895034790039
-104.13884735107422
-101.61378479003906
-100.16462707519531
-109.758056640625
-101.9676513671875
-109.27800750732422
-99.81130981445312
-104.01618957519531
-98.02085876464844
-104.88285064697266
-103.04055786132812
-103.8208236694336
-105.3519515991211
-102.84922790527344
-102.1570816040039
-102.1817398071289
-108.53726959228516
-94.51976013183594
-104.82513427734375
-101.44169616699219
-104.66990661621094
-101.76255798339844
-99.95843505859375
-108.20094299316406
-102.17342376708984
-108.55783081054688
-100.61502838134766
-102.5794448852539
-109.9937744140625
-105.35916137695312
-110.11373138427734
-106.2876968383789
-109.22422790527344
-100.8451156616211
-104.9291763305664
-100.39140319824219
-110.55885314941406
-93.8790054321289
-103.48499298095703
-109.5576171875
-111.99048614501953
-108.61779022216797
-100.41486358642578
-99.72112274169922
-106.3377914428711
-102.89610290527344
-104.63487243652344
-104.3438491821289
-102.07476043701172
-102.9331283569336
-102.99369049072266
-110.56539916992188
-99.45281219482422
-101.61920928955078
-94.3499755859375
-102.6591796875
-104.97268676757812
-96.46996307373047
-108.61052703857422
-101.0498275756836
-103.8005142211914
-97.4775161743164
-106.81867980957031
-108.32775115966797
-101.59085083007812
-101.991455078125
-102.62763977050781
-107.82152557373047
-102.22307586669922
-107.68173217773438
-100.55508422851562
-104.69198608398438
-98.17050170898438
-103.45111846923828
-102.91059112548828
-104.41254425048828
-103.31351470947266
-99.53804779052734
-105.83247375488281
-104.10791778564453
-107.26642608642578
-100.5041732788086
-105.5885238647461
-105.55563354492188
-104.06238555908203
-107.92835235595703
-112.14490509033203
-101.92704772949219
-101.3665771484375
-102.24801635742188
-101.04920196533203
-102.79792785644531
-109.86528015136719
-100.1521224975586
-105.75914001464844
-100.70723724365234
-104.1779556274414
-104.62091827392578
-99.98094940185547
-107.36027526855469
-103.94918823242188
-111.29484558105469
-101.33103942871094
-101.58369445800781
-102.98763275146484
-103.59892272949219
-104.4934310913086
-108.9115982055664
-111.0166244506836
-102.58301544189453
-100.34786224365234
-106.66059112548828
-101.45722961425781
-102.70883178710938
-107.90841674804688
-103.15154266357422
-97.96176147460938
-107.21397399902344
-107.82460021972656
-99.34750366210938
-103.64111328125
-100.1314697265625
-109.57601928710938
-107.4366455078125
-108.94873046875
-98.4694595336914
-101.4857177734375
-102.38732147216797
-105.28507995605469
-105.36103820800781
-106.3057632446289
-107.5887680053711
-108.41877746582031
-102.43753051757812
-106.20250701904297
-103.8698959350586
-101.76856994628906
-104.70442199707031
-109.48261260986328
-112.75757598876953
-106.44938659667969
-101.33654022216797
-103.02272033691406
-108.81322479248047
-102.46453094482422
-99.64478302001953
-100.60611724853516
-107.32010650634766
-95.55963134765625
-108.68289947509766
-99.9283447265625
-115.54718780517578
-108.82349395751953
-104.68785095214844
-106.68419647216797
-108.6680908203125
-106.24523162841797
-104.25076293945312
-105.87201690673828
-106.08032989501953
-101.33731842041016
-97.79729461669922
-99.24862670898438
-96.80233764648438
-103.73712158203125
-103.0622329711914
-103.6076889038086
-106.02023315429688
-102.7247085571289
-105.89471435546875
-99.33319091796875
-98.93496704101562
-110.65203094482422
-108.78028869628906
-101.41389465332031
-101.67393493652344
-106.41026306152344
-105.64846801757812
-101.02542114257812
-100.44517517089844
-103.70883178710938
-101.0029525756836
-105.54725646972656
-100.90760803222656
-102.10868072509766
-106.73539733886719
-101.5804672241211
-113.64928436279297
-107.12092590332031
-104.75059509277344
-102.899169921875
-105.31576538085938
-102.36690521240234
-103.3172607421875
-105.35537719726562
-99.50899505615234
-100.60138702392578
-102.5672607421875
-98.79984283447266
-103.68841552734375
-109.84598541259766
-104.51979064941406
-103.46597290039062
-109.11079406738281
-105.54550170898438
-106.12714385986328
-108.38151550292969
-104.41268157958984
-99.46730041503906
-105.30582427978516
-108.44861602783203
-104.72506713867188
-98.53224182128906
-111.8828125
-106.03262329101562
-109.49750518798828
-111.91645812988281
-104.79251861572266
-101.37715148925781
-97.98930358886719
-101.74147033691406
-102.05706787109375
-99.68396759033203
-101.91960906982422
-102.21451568603516
-113.69914245605469
-105.22325134277344
-112.34314727783203
-110.60643005371094
-108.29718780517578
-99.83476257324219
-105.05393981933594
-101.22474670410156
-102.40066528320312
-110.6484375
-100.13811492919922
-108.73649597167969
-103.1837158203125
-97.59327697753906
-101.8628158569336
-109.54814910888672
-100.85942077636719
-103.24724578857422
-107.40015411376953
-106.01499938964844
-108.07605743408203
-102.72618103027344
-100.27468872070312
-107.68414306640625
-98.60447692871094
-99.8340072631836
-107.77892303466797
-106.25697326660156
-108.96723937988281
-108.19013214111328
-105.90367889404297
-101.74279022216797
-105.69522857666016
-105.16506958007812
-101.27277374267578
-100.30018615722656
-100.8913803100586
-105.08885192871094
-103.1677017211914
-99.18891143798828
-105.87462615966797
-96.57359313964844
-101.1732406616211
-104.23808288574219
-103.1708984375
-106.04342651367188
-100.19379425048828
-105.04468536376953
-102.99032592773438
-98.97539520263672
-103.61544036865234
-110.67633819580078
-107.22184753417969
-103.1173095703125
-104.23955535888672
-103.93587493896484
-105.15270233154297
-108.00040435791016
-104.64340209960938
-100.99535369873047
-103.25682067871094
-104.2718276977539
-100.99273681640625
-104.52098846435547
-103.97624969482422
-102.9544677734375
-100.1722640991211
-101.69192504882812
-105.8835678100586
-110.34075927734375
-101.86286163330078
-104.13919830322266
-108.04989624023438
-102.91932678222656
-105.18161010742188
-99.64448547363281
-103.54432678222656
-105.26668548583984
-97.17237091064453
-102.0536880493164
-109.02316284179688
-103.10698699951172
-104.47848510742188
-107.46316528320312
-108.17424011230469
-99.71996307373047
-104.43070983886719
-103.75405883789062
-97.82286071777344
-102.9930419921875
-105.2825927734375
-99.962646484375
-100.70307159423828
-109.39480590820312
-106.67721557617188
-103.9920425415039
-101.1235580444336
-102.8893051147461
-109.44375610351562
-105.45490264892578
-104.6197738647461
-100.80219268798828
-102.04448699951172
-98.66033935546875
-102.9146728515625
-106.49432373046875
-104.29203796386719
-100.25900268554688
-108.8751220703125
-101.96852111816406
-101.23772430419922
-97.7684555053711
-101.81021118164062
-97.77665710449219
-100.4935531616211
-102.58140563964844
-93.9173583984375
-105.74645233154297
-107.45014953613281
-104.37421417236328
-101.60108947753906
-111.72203826904297
-111.39024353027344
-102.24374389648438
-99.83782958984375
-110.43362426757812
-107.54745483398438
-100.15782928466797
-104.59027862548828
-101.60527801513672
-105.30580139160156
-101.98650360107422
-103.63729858398438
-105.55552673339844
-104.33103942871094
-99.67168426513672
-104.29019927978516
-107.0687484741211
-97.45406341552734
-93.66828918457031
-102.06159210205078
-102.51365661621094
-105.34911346435547
-101.49443054199219
-103.54216766357422
-109.83448028564453
-104.10398864746094
-102.86067962646484
-102.41725158691406
-105.78572845458984
-105.58135223388672
-104.93633270263672
-111.44637298583984
-99.7718505859375
-102.32000732421875
-103.39945983886719
-107.01225280761719
-103.12639617919922
-106.46869659423828
-101.68721771240234
-102.09455871582031
-106.30376434326172
-100.07157135009766
-103.52200317382812
-105.32083892822266
-101.7179946899414
-108.56692504882812
-104.33885955810547
-108.7431640625
-103.13212585449219
-104.89775085449219
-105.57842254638672
-100.80612182617188
-107.01859283447266
-105.78395080566406
-105.28582763671875
-100.91443634033203
-99.05435180664062
-100.77702331542969
-106.79205322265625
-110.47085571289062
-105.13829803466797
-96.16350555419922
-106.41553497314453
-106.95819091796875
-108.69767761230469
-105.62301635742188
-106.98063659667969
-100.629638671875
-106.73858642578125
-103.62262725830078
-103.52527618408203
-103.46189880371094
-102.58344268798828
-100.6246566772461
-101.43510437011719
-97.35403442382812
-104.31867218017578
-107.76469421386719
-105.6004638671875
-104.74652862548828
-105.78236389160156
-101.86935424804688
-101.78672790527344
-107.08477020263672
-103.57982635498047
-108.30603790283203
-102.40043640136719
-105.78501892089844
-99.31429290771484
-100.50867462158203
-104.70735168457031
-101.01069641113281
-101.39036560058594
-108.32499694824219
-100.88651275634766
-105.42755126953125
-98.6661148071289
-103.93328857421875
-106.0473861694336
-104.91841888427734
-107.89855194091797
-109.22534942626953
-104.99261474609375
-102.67692565917969
-100.44148254394531
-109.39839172363281
-97.06157684326172
-110.86508178710938
-102.7144546508789
-107.24446105957031
-101.83868408203125
-100.49517059326172
-102.21004486083984
-102.87333679199219
-104.86686706542969
-109.2618179321289
-106.48841857910156
-105.19985961914062
-101.03377532958984
-108.91046905517578
-102.23748779296875
-106.94479370117188
-110.56702423095703
-107.24375915527344
-104.70148468017578
-108.83527374267578
-103.70930480957031
-106.48887634277344
-101.34095001220703
-103.57036590576172
-107.37353515625
-106.86308288574219
-108.75624084472656
-107.13688659667969
-107.77704620361328
-102.65652465820312
-106.8071060180664
-105.44489288330078
-101.66558074951172
-109.08674621582031
-101.4756851196289
-107.91364288330078
-103.6130142211914
-99.00617980957031
-104.31209564208984
-104.71106719970703
-105.43690490722656
-104.5125503540039
-106.19084930419922
-105.7456283569336
-106.54875183105469
-109.47500610351562
-98.05430603027344
-103.53034973144531
-97.04335021972656
-108.50135040283203
-100.81404113769531
-100.59737396240234
-105.22620391845703
-104.56778717041016
-106.31596374511719
-107.31681823730469
-103.22062683105469
-106.71908569335938
-103.91712188720703
-104.92552947998047
