-101.68376159667969
-113.78958129882812
-104.7038345336914
-111.73279571533203
-111.24795532226562
-110.06916809082031
-105.66450500488281
-96.1089859008789
-110.19100952148438
-104.48833465576172
-112.15752410888672
-104.46688842773438
-110.93472290039062
-106.96683502197266
-105.87688446044922
-102.48103332519531
-103.45932006835938
-111.57315063476562
-109.25251007080078
-101.30813598632812
-106.95942687988281
-106.48434448242188
-107.99874877929688
-108.2148666381836
-109.98041534423828
-115.08241271972656
-102.74931335449219
-111.68280029296875
-101.96206665039062
-104.91046905517578
-109.42193603515625
-115.98995971679688
-112.12403869628906
-112.4581527709961
-112.02664184570312
-103.54716491699219
-104.67156982421875
-107.60974884033203
-109.03914642333984
-106.74291229248047
-101.397216796875
-100.970947265625
-112.19914245605469
-107.100830078125
-104.6620864868164
-111.9301528930664
-108.84463500976562
-108.6340103149414
-109.64784240722656
-106.69690704345703
-104.7081069946289
-105.7345962524414
-107.23432922363281
-116.25335693359375
-111.04862213134766
-106.65797424316406
-109.57460021972656
-103.28369140625
-97.81513977050781
-113.52903747558594
-106.82398223876953
-109.8306884765625
-104.96067810058594
-106.91594696044922
-110.67430114746094
-101.82122802734375
-107.32901000976562
-109.20782470703125
-106.75515747070312
-100.73631286621094
-106.6233901977539
-105.35428619384766
-103.152099609375
-111.62728881835938
-109.07173919677734
-109.53738403320312
-103.99888610839844
-110.5533218383789
-105.87152099609375
-109.96051788330078
-104.04949951171875
-107.3507308959961
-99.12340545654297
-105.85404968261719
-109.37340545654297
-108.522216796875
-108.12742614746094
-101.33212280273438
-108.54202270507812
-100.98596954345703
-105.09606170654297
-108.672119140625
-108.22673797607422
-108.9823226928711
-111.1567153930664
-107.7265396118164
-108.12828826904297
-107.87955474853516
-104.98834228515625
-109.67123413085938
-108.44963836669922
-97.54426574707031
-113.00471496582031
-107.90308380126953
-105.2828598022461
-112.68170928955078
-110.97339630126953
-101.24593353271484
-106.28639221191406
-99.22412872314453
-110.87122344970703
-96.67437744140625
-108.66097259521484
-101.8548355102539
-106.69009399414062
-102.36038970947266
-107.95391082763672
-103.33831787109375
-104.7927474975586
-101.79661560058594
-115.72211456298828
-106.32402038574219
-107.72704315185547
-107.02345275878906
-99.11466979980469
-109.59999084472656
-105.17654418945312
-102.64561462402344
-107.98712921142578
-107.30049133300781
-99.63092041015625
-108.50472259521484
-100.05995178222656
-106.84712219238281
-102.0701904296875
-101.81637573242188
-104.49085235595703
-111.74579620361328
-105.88232421875
-104.21236419677734
-108.1143569946289
-109.01869201660156
-105.13065338134766
-105.83809661865234
-108.10575103759766
-104.40808868408203
-106.68461608886719
-107.46514129638672
-110.8069839477539
-112.42731475830078
-111.30968475341797
-102.28134155273438
-109.95564270019531
-107.86854553222656
-111.4652328491211
-113.42219543457031
-112.43619537353516
-107.73668670654297
-111.27113342285156
-104.6034164428711
-106.99624633789062
-105.88521575927734
-107.45372009277344
-105.52195739746094
-103.66832733154297
-104.98583221435547
-109.29386901855469
-114.76744079589844
-114.02484130859375
-108.02354431152344
-107.60010528564453
-97.69498443603516
-111.5351791381836
-104.98612213134766
-103.37850952148438
-105.53410339355469
-104.26054382324219
-106.17191314697266
-109.39769744873047
-102.9387435913086
-106.9362564086914
-112.09647369384766
-107.1207504272461
-105.34403991699219
-102.76235961914062
-107.65422821044922
-106.34918975830078
-106.578857421875
-109.16249084472656
-107.38046264648438
-111.13040161132812
-101.4930648803711
-102.48019409179688
-108.35104370117188
-102.82061004638672
-107.4056167602539
-104.47158813476562
-111.29672241210938
-101.7816390991211
-107.460693359375
-105.10873413085938
-105.56573486328125
-108.43062591552734
-100.94874572753906
-108.21454620361328
-105.90233612060547
-111.18805694580078
-102.59373474121094
-97.99259185791016
-111.79006958007812
-104.67484283447266
-107.08076477050781
-103.63582611083984
-113.89469909667969
-110.13199615478516
-108.04129791259766
-107.8935317993164
-106.86492156982422
-108.12007904052734
-104.4493408203125
-101.43941497802734
-112.0136947631836
-102.73055267333984
-112.59903717041016
-105.71337127685547
-111.01771545410156
-107.451171875
-108.79977416992188
-109.68476867675781
-110.48971557617188
-114.63996124267578
-114.334716796875
-109.7587890625
-108.23046112060547
-110.28265380859375
-101.40260314941406
-108.95707702636719
-109.77191162109375
-110.3023910522461
-107.77577209472656
-112.03495025634766
-107.21443939208984
-107.42974853515625
-108.6791000366211
-106.93313598632812
-106.85899353027344
-109.22063446044922
-111.75550079345703
-105.35563659667969
-103.62600708007812
-108.7741470336914
-109.082763671875
-105.1821517944336
-100.87296295166016
-103.37715148925781
-104.98997497558594
-108.93938446044922
-118.15562438964844
-106.64054107666016
-112.3812484741211
-111.9049301147461
-107.5554428100586
-106.7006607055664
-101.77586364746094
-102.1562271118164
-109.15100860595703
-109.82796478271484
-102.83708190917969
-101.00836944580078
-106.97505187988281
-102.9971923828125
-108.28662109375
-106.25020599365234
-110.98236083984375
-102.45427703857422
-107.2071762084961
-110.47463989257812
-100.52619171142578
-106.34232330322266
-107.93193054199219
-100.42729187011719
-103.74542999267578
-108.38501739501953
-102.88538360595703
-100.30912780761719
-109.45136260986328
-104.2889404296875
-110.05642700195312
-110.15679168701172
-109.53665161132812
-108.2179946899414
-100.83073425292969
-104.27574157714844
-109.76273345947266
-106.36750030517578
-107.7353515625
-104.94534301757812
-111.57084655761719
-105.98847198486328
-102.24777221679688
-103.22388458251953
-106.92709350585938
-110.4888687133789
-107.20375061035156
-108.51393127441406
-103.00978088378906
-103.19034576416016
-111.54953002929688
-109.27720642089844
-108.27857208251953
-107.97579193115234
-104.58515167236328
-105.32781982421875
-108.94358825683594
-102.52239990234375
-105.83537292480469
-101.25497436523438
-110.4603042602539
-105.88707733154297
-105.82213592529297
-108.47881317138672
-110.97270202636719
-103.44703674316406
-100.54090118408203
-104.56706237792969
-112.8896484375
-114.73406219482422
-104.5947494506836
-112.99909210205078
-110.90191650390625
-109.37834167480469
-104.32975769042969
-106.54015350341797
-107.36547088623047
-114.40447998046875
-113.5503921508789
-105.70510864257812
-106.96310424804688
-102.6019058227539
-111.69830322265625
-114.479736328125
-106.77889251708984
-111.57650756835938
-108.31244659423828
-112.87738037109375
-100.996826171875
-102.03206634521484
-105.55972290039062
-107.13496398925781
-116.98324584960938
-107.44281005859375
-109.48353576660156
-109.77162170410156
-111.48292541503906
-104.13175964355469
-109.41903686523438
-110.13461303710938
-113.14419555664062
-113.25443267822266
-109.95704650878906
-108.28636169433594
-110.71355438232422
-106.42693328857422
-114.34530639648438
-107.80525970458984
-107.50019836425781
-106.81941223144531
-105.55464935302734
-107.9398422241211
-109.59779357910156
-106.35832214355469
-109.82762145996094
-102.41541290283203
-113.61763000488281
-109.20877075195312
-113.11357879638672
-104.03411865234375
-105.2770767211914
-101.64598846435547
-105.83354949951172
-106.76611328125
-101.40400695800781
-105.88666534423828
-102.66499328613281
-111.07054901123047
-107.40758514404297
-103.14083099365234
-106.4763412475586
-111.08493041992188
-105.2080078125
-101.88560485839844
-101.42925262451172
-105.96054077148438
-105.57058715820312
-107.12078857421875
-104.68606567382812
-99.58409881591797
-115.3973388671875
-102.01763916015625
-106.85970306396484
-106.93484497070312
-104.1630859375
-106.9322738647461
-104.2901611328125
-104.45755767822266
-113.80915832519531
-100.84486389160156
-107.71073150634766
-107.1744384765625
-107.25292205810547
-114.3745346069336
-108.45208740234375
-111.23429107666016
-105.45106506347656
-102.03330993652344
-100.67540740966797
-113.70621490478516
-103.78668975830078
-103.1911392211914
-108.15386199951172
-109.46879577636719
-101.34419250488281
-107.82593536376953
-113.09330749511719
-101.84453582763672
-103.18827056884766
-106.57307434082031
-104.04190826416016
-102.78707885742188
-110.99806213378906
-103.36654663085938
-113.05479431152344
-101.87977600097656
-105.51191711425781
-100.4471664428711
-107.8610610961914
-105.57819366455078
-105.7843017578125
-107.837646484375
-105.59809112548828
-104.94641876220703
-104.97469329833984
-111.19749450683594
-98.17676544189453
-106.40367126464844
-103.4715805053711
-107.8825454711914
-103.98109436035156
-101.18885803222656
-111.52205657958984
-104.16101837158203
-110.69957733154297
-104.34112548828125
-105.8858413696289
-114.84938049316406
-108.48915100097656
-111.97014617919922
-110.00018310546875
-112.99276733398438
-103.38451385498047
-108.24598693847656
-103.9635009765625
-114.3582534790039
-95.598876953125
-106.1650619506836
-112.14918518066406
-115.7717514038086
-110.0789566040039
-102.14391326904297
-100.87026977539062
-109.45052337646484
-106.12086486816406
-106.9076919555664
-105.52883911132812
-103.79045104980469
-105.9256591796875
-105.52983856201172
-115.54646301269531
-101.64784240722656
-103.20853424072266
-96.09239196777344
-103.82441711425781
-107.67837524414062
-98.65545654296875
-111.01820373535156
-104.75801849365234
-106.07070922851562
-99.30853271484375
-109.48735809326172
-110.0257797241211
-105.02271270751953
-103.22762298583984
-105.30241394042969
-109.86656951904297
-104.95672607421875
-108.37725830078125
-102.37785339355469
-105.91627502441406
-99.40635681152344
-103.95770263671875
-104.4456787109375
-107.82672882080078
-104.5845718383789
-100.47900390625
-107.718994140625
-105.42888641357422
-109.80142974853516
-102.54051208496094
-107.42691040039062
-109.74977111816406
-107.29905700683594
-110.18035125732422
-113.4666748046875
-101.7145004272461
-101.9434585571289
-100.95175170898438
-102.48422241210938
-102.76890563964844
-113.18193817138672
-102.80284881591797
-108.8416976928711
-100.71641540527344
-106.9394302368164
-107.26092529296875
-101.05516815185547
-109.2280502319336
-106.63179779052734
-114.53838348388672
-103.83063507080078
-103.28182983398438
-105.24496459960938
-107.1415786743164
-107.491455078125
-111.58817291259766
-114.78934478759766
-104.42923736572266
-104.34890747070312
-107.89630126953125
-103.5819091796875
-105.1755142211914
-111.37808227539062
-107.58965301513672
-100.18978118896484
-110.16243743896484
-110.3167724609375
-102.03005981445312
-105.18621826171875
-101.53015899658203
-112.76061248779297
-109.72026824951172
-109.31017303466797
-101.33429718017578
-104.22887420654297
-105.23174285888672
-108.90434265136719
-106.6770248413086
-109.54314422607422
-108.9806137084961
-111.06317901611328
-103.45398712158203
-109.3725357055664
-107.57759094238281
-105.57709503173828
-106.68395233154297
-112.07465362548828
-113.0704345703125
-109.66974639892578
-102.9465103149414
-106.65155029296875
-112.4018783569336
-104.51263427734375
-102.88021850585938
-103.60325622558594
-110.21527099609375
-97.7942123413086
-111.50051879882812
-101.91651916503906
-117.82238006591797
-109.62664031982422
-105.89405059814453
-109.09465789794922
-111.98629760742188
-107.3058853149414
-105.59542083740234
-108.19509887695312
-109.40629577636719
-104.10911560058594
-101.39041900634766
-102.43853759765625
-100.55382537841797
-108.62139892578125
-104.62693786621094
-106.65247344970703
-107.72650146484375
-104.69377136230469
-108.55695343017578
-102.4556655883789
-100.55699920654297
-112.46158599853516
-112.49974060058594
-104.73335266113281
-105.88896942138672
-109.51631927490234
-108.41712188720703
-103.02367401123047
-103.08946228027344
-106.70801544189453
-102.85591125488281
-106.95331573486328
-103.67326354980469
-104.21607208251953
-109.7823486328125
-106.23650360107422
-114.90394592285156
-108.24506378173828
-107.22249603271484
-104.98979187011719
-108.43352508544922
-103.83999633789062
-103.20396423339844
-107.478759765625
-103.66700744628906
-103.13834381103516
-105.65320587158203
-101.13024139404297
-108.20639038085938
-112.63947296142578
-106.59859466552734
-105.06448364257812
-112.30717468261719
-107.94537353515625
-106.97774505615234
-109.7302474975586
-106.19817352294922
-102.2507095336914
-106.84029388427734
-109.27227783203125
-105.92524719238281
-100.14534759521484
-114.54590606689453
-108.98092651367188
-113.98969268798828
-114.47463989257812
-107.99740600585938
-104.9258804321289
-99.32832336425781
-104.77984619140625
-104.7501220703125
-103.08551788330078
-105.03172302246094
-106.20625305175781
-117.6761245727539
-107.50366973876953
-114.06076049804688
-111.33478546142578
-110.24082946777344
-102.85083770751953
-106.94355010986328
-102.5391845703125
-104.0643310546875
-113.02747344970703
-103.06660461425781
-111.4586181640625
-105.24224853515625
-100.41870880126953
-106.07007598876953
-111.85863494873047
-104.77127838134766
-104.37144470214844
-109.4923324584961
-110.09769439697266
-107.7001953125
-105.23394012451172
-102.85784912109375
-109.99186706542969
-100.99180603027344
-103.45281219482422
-110.95748901367188
-108.78329467773438
-111.86842346191406
-110.14273834228516
-108.48626708984375
-105.26707458496094
-109.60060119628906
-107.9713363647461
-104.60906982421875
-103.35136413574219
-102.65953826904297
-107.15150451660156
-105.8199462890625
-102.08212280273438
-109.73847198486328
-98.48966217041016
-103.95089721679688
-107.31871795654297
-106.89456176757812
-106.74081420898438
-102.86124420166016
-105.8538589477539
-105.17493438720703
-102.39559936523438
-105.45935821533203
-112.01551818847656
-109.91349792480469
-106.51364135742188
-107.71409606933594
-106.72901916503906
-107.38652038574219
-108.88491821289062
-106.46866607666016
-103.13225555419922
-104.2000503540039
-106.2266616821289
-102.2292251586914
-107.12103271484375
-106.12999725341797
-104.38804626464844
-104.60430145263672
-105.03083038330078
-108.14037322998047
-113.36167907714844
-104.23828887939453
-106.07698822021484
-110.80734252929688
-104.3321762084961
-108.77499389648438
-102.6046142578125
-105.17901611328125
-108.84774017333984
-100.7861099243164
-105.06306457519531
-112.4726791381836
-105.0020523071289
-106.67112731933594
-109.4918212890625
-110.75373840332031
-102.43589782714844
-107.51260375976562
-106.12386322021484
-99.56803131103516
-106.44661712646484
-110.05703735351562
-103.27538299560547
-102.8467025756836
-110.9332504272461
-109.99099731445312
-105.68482971191406
-103.4301986694336
-106.2548599243164
-111.55644226074219
-108.69699096679688
-107.29368591308594
-104.37213134765625
-104.0292739868164
-101.90231323242188
-106.34305572509766
-109.00486755371094
-106.880859375
-104.32469940185547
-113.16219329833984
-104.67084503173828
-104.4111557006836
-102.65721130371094
-104.35610961914062
-99.32756042480469
-104.11862182617188
-105.31858825683594
-96.3085708618164
-109.90431213378906
-110.25800323486328
-107.86006927490234
-103.5267562866211
-113.98387908935547
-112.72149658203125
-102.23954010009766
-102.55510711669922
-113.42173767089844
-109.66827392578125
-99.9881591796875
-106.66299438476562
-102.02616119384766
-106.72777557373047
-103.55223083496094
-105.96232604980469
-107.89555358886719
-107.73947143554688
-102.54052734375
-105.3407974243164
-110.4300765991211
-100.2938461303711
-96.15006256103516
-103.30841827392578
-105.19165802001953
-108.18787384033203
-104.44554138183594
-108.37138366699219
-112.51765441894531
-106.8858871459961
-105.47103118896484
-107.4773178100586
-108.80514526367188
-109.54130554199219
-108.26410675048828
-112.82137298583984
-102.82149505615234
-104.76798248291016
-106.39483642578125
-110.64241027832031
-106.36302947998047
-109.26594543457031
-104.8021011352539
-105.12300109863281
-109.70201110839844
-102.61195373535156
-105.8714828491211
-108.81183624267578
-105.35971069335938
-108.88809204101562
-106.72640228271484
-114.06645965576172
-105.6534423828125
-108.70436096191406
-108.195556640625
-105.04582214355469
-109.67926025390625
-106.58023071289062
-109.27908325195312
-103.61444091796875
-101.48280334472656
-102.27632141113281
-109.79219818115234
-113.97005462646484
-108.24343872070312
-97.40934753417969
-107.66763305664062
-108.72444915771484
-110.84147644042969
-108.84964752197266
-108.46251678466797
-103.28260803222656
-109.88701629638672
-106.36849212646484
-104.91326904296875
-106.0540542602539
-107.11640167236328
-102.7977066040039
-104.77149200439453
-98.74909973144531
-107.23728942871094
-110.12979125976562
-108.78331756591797
-108.0918960571289
-108.59161376953125
-104.4948959350586
-106.1661605834961
-109.76150512695312
-104.4011459350586
-110.23187255859375
-106.29844665527344
-107.46146392822266
-100.0802230834961
-102.94200897216797
-107.92730712890625
-104.4189453125
-103.15057373046875
-111.01197814941406
-102.29535675048828
-108.5960922241211
-102.80757141113281
-105.2906265258789
-106.7845687866211
-107.95146179199219
-111.83366394042969
-112.18025207519531
-107.27888488769531
-105.37913513183594
-102.71070098876953
-112.1444091796875
-99.3008804321289
-112.97109985351562
-104.34182739257812
-110.52806854248047
-104.28520202636719
-101.52333068847656
-103.58305358886719
-105.28738403320312
-107.18004608154297
-111.84436798095703
-110.47003936767578
-107.77120971679688
-104.09050750732422
-115.9002456665039
-104.99578857421875
-109.19456481933594
-110.81172943115234
-108.40196990966797
-107.1080093383789
-112.53734588623047
-106.80998992919922
-110.29301452636719
-103.66099548339844
-105.74468231201172
-109.68700408935547
-109.48834991455078
-110.76874542236328
-108.57405090332031
-109.97576141357422
-104.16897583007812
-110.1724624633789
-106.8088607788086
-104.32415008544922
-111.27332305908203
-102.88430786132812
-109.2037582397461
-107.08795166015625
-102.40422058105469
-106.7828369140625
-107.52287292480469
-105.75760650634766
-105.33935546875
-109.36116790771484
-106.88420104980469
-109.57659149169922
-112.54544830322266
-100.58477020263672
-106.78509521484375
-100.56464385986328
-111.20974731445312
-104.77520751953125
-103.04530334472656
-107.6458511352539
-107.48332977294922
-108.75371551513672
-109.46732330322266
-106.12135314941406
-107.23876190185547
-107.26293182373047
-109.57390594482422
