-100.99359130859375
-112.17648315429688
-104.13447570800781
-111.04518127441406
-110.35604858398438
-108.89276123046875
-104.28140258789062
-94.4378662109375
-108.77981567382812
-101.95650482177734
-110.93755340576172
-102.83180236816406
-109.02339172363281
-105.84835052490234
-103.46195983886719
-100.8931655883789
-102.16693115234375
-110.34929656982422
-107.54146575927734
-101.19009399414062
-104.20448303222656
-103.54676818847656
-106.14373016357422
-106.12060546875
-107.51741027832031
-113.16802215576172
-101.82553100585938
-109.9198226928711
-100.4937744140625
-103.3375015258789
-108.27543640136719
-114.59465789794922
-109.813232421875
-110.78888702392578
-111.20045471191406
-103.51982879638672
-101.62784576416016
-105.59095764160156
-108.0562515258789
-104.17152404785156
-99.7346420288086
-99.5168228149414
-109.56055450439453
-104.51959228515625
-102.54359436035156
-111.78600311279297
-107.86539459228516
-106.13723754882812
-107.13877868652344
-103.29090881347656
-103.06363677978516
-104.72956085205078
-105.50494384765625
-114.38389587402344
-109.358642578125
-105.76724243164062
-107.34309387207031
-101.0190658569336
-96.0408706665039
-111.7869644165039
-105.99755096435547
-109.27442169189453
-102.60169219970703
-104.54950714111328
-109.1321792602539
-100.1514663696289
-107.82453155517578
-106.61408233642578
-105.3973388671875
-101.46102142333984
-105.79598236083984
-104.55216979980469
-103.7646713256836
-110.1895751953125
-108.11083984375
-107.10841369628906
-101.97763061523438
-107.93778228759766
-104.22402954101562
-109.39479064941406
-103.70155334472656
-105.60082244873047
-98.2715835571289
-104.73238372802734
-107.72374725341797
-105.92324829101562
-106.76638793945312
-99.1346664428711
-107.80109405517578
-98.58715057373047
-103.254150390625
-105.671875
-106.6846694946289
-107.346923828125
-110.66082000732422
-106.62715911865234
-105.43973541259766
-105.90082550048828
-104.13910675048828
-108.81124877929688
-107.99922180175781
-96.24929809570312
-109.65789794921875
-107.0125732421875
-104.19202423095703
-111.70126342773438
-108.80253601074219
-100.5224609375
-105.67301940917969
-98.40729522705078
-107.6465072631836
-97.35367584228516
-106.25992584228516
-101.52947235107422
-105.23149871826172
-101.54591369628906
-105.87560272216797
-102.14603424072266
-102.38286590576172
-99.78125
-114.82474517822266
-104.76179504394531
-106.1163330078125
-103.10388946533203
-96.9811019897461
-107.7919921875
-104.1231918334961
-98.45059967041016
-105.90576934814453
-105.3195571899414
-98.3904800415039
-106.98555755615234
-99.17716217041016
-104.65750885009766
-99.10055541992188
-100.12440490722656
-102.4986801147461
-108.96051788330078
-105.16381072998047
-102.40615844726562
-107.24761962890625
-106.6715316772461
-103.38874816894531
-103.94071197509766
-107.3256607055664
-102.5218505859375
-104.61756134033203
-103.98631286621094
-111.10223388671875
-110.68035888671875
-110.96388244628906
-99.50089263916016
-107.7748794555664
-107.25326538085938
-111.17269897460938
-110.82264709472656
-110.76625061035156
-106.35018157958984
-110.12069702148438
-102.31321716308594
-104.59879302978516
-104.16548919677734
-106.25609588623047
-103.27458953857422
-102.0804214477539
-102.64409637451172
-106.52499389648438
-113.47667694091797
-110.61289978027344
-106.95453643798828
-107.68388366699219
-97.0516128540039
-109.46985626220703
-103.50801086425781
-103.01776885986328
-104.21955871582031
-103.35895538330078
-104.74964141845703
-108.60710144042969
-101.08312225341797
-104.50371551513672
-111.16804504394531
-106.42549896240234
-104.43753051757812
-101.39173126220703
-107.51710510253906
-103.08343505859375
-107.03163146972656
-107.10743713378906
-106.53129577636719
-109.3340072631836
-100.38130950927734
-102.42110443115234
-106.01493072509766
-101.10009765625
-104.6738510131836
-104.04191589355469
-109.51936340332031
-100.75857543945312
-104.59939575195312
-104.51367950439453
-104.94476318359375
-107.14944458007812
-100.61914825439453
-106.95548248291016
-104.361572265625
-110.0265884399414
-101.38677978515625
-98.30360412597656
-111.33658599853516
-102.96410369873047
-105.71283721923828
-102.53289794921875
-113.29940032958984
-108.93834686279297
-107.17630767822266
-105.69945526123047
-105.87326049804688
-106.36907958984375
-102.00899505615234
-101.2074966430664
-110.25115966796875
-100.87033081054688
-109.88911437988281
-104.60313415527344
-109.67826080322266
-108.37982940673828
-107.30583953857422
-109.88751983642578
-109.30558776855469
-113.65155792236328
-113.7153549194336
-108.53592681884766
-105.40596771240234
-107.14106750488281
-100.25235748291016
-107.56501007080078
-108.70401000976562
-109.76515197753906
-107.15386962890625
-110.4659423828125
-106.24795532226562
-105.3681640625
-107.19182586669922
-107.04621887207031
-105.93810272216797
-107.58242797851562
-108.65786743164062
-102.79924011230469
-102.8427734375
-108.32836151123047
-107.35504150390625
-102.7333755493164
-100.2491455078125
-102.50934600830078
-102.6291732788086
-107.67005157470703
-116.86054229736328
-104.16070556640625
-110.73115539550781
-109.92109680175781
-106.10567474365234
-105.20416259765625
-100.43146514892578
-100.075439453125
-105.69741821289062
-108.31224060058594
-100.73502349853516
-99.9725341796875
-106.24262237548828
-101.29383087158203
-105.71084594726562
-105.56359100341797
-109.71712493896484
-100.03427124023438
-105.8520278930664
-109.12466430664062
-99.45024871826172
-103.4167251586914
-107.67767333984375
-99.23303985595703
-102.19609069824219
-107.21916198730469
-100.74002075195312
-98.34571838378906
-107.2828598022461
-102.81369018554688
-107.57926940917969
-109.59912872314453
-107.94563293457031
-107.66227722167969
-100.73368835449219
-103.73746490478516
-109.21126556396484
-105.00273895263672
-106.90581512451172
-102.6685791015625
-110.92884826660156
-103.86184692382812
-101.55828857421875
-103.38984680175781
-105.37889862060547
-108.8616943359375
-106.3441162109375
-107.80022430419922
-101.67376708984375
-100.73645782470703
-110.81218719482422
-108.34688568115234
-107.7514877319336
-106.57017517089844
-102.97718811035156
-103.42595672607422
-106.48768615722656
-101.10126495361328
-105.57841491699219
-100.80802154541016
-107.79537963867188
-104.35102844238281
-105.1456069946289
-107.2011947631836
-109.7817611694336
-101.13615417480469
-98.97213745117188
-102.80626678466797
-111.5750503540039
-111.8479232788086
-101.41413879394531
-109.76371765136719
-109.44522094726562
-107.99220275878906
-103.9795913696289
-105.17729949951172
-107.03913879394531
-113.1288070678711
-111.4700698852539
-104.1261215209961
-105.2294692993164
-99.40802001953125
-110.82728576660156
-112.44143676757812
-107.20703887939453
-109.99983215332031
-104.72594451904297
-111.00232696533203
-100.29733276367188
-101.62740325927734
-104.30017852783203
-106.46429443359375
-115.7197265625
-107.37139129638672
-108.0594482421875
-109.9148941040039
-111.3356704711914
-102.29716491699219
-108.2770767211914
-107.94648742675781
-111.37611389160156
-110.9144058227539
-107.97431945800781
-107.58451080322266
-108.35992431640625
-106.76324462890625
-112.53948974609375
-107.02200317382812
-105.08366394042969
-105.24166107177734
-104.20828247070312
-106.7018814086914
-106.90817260742188
-103.66699981689453
-105.92664337158203
-101.11929321289062
-110.56503295898438
-107.91476440429688
-111.96318054199219
-102.25824737548828
-105.71331024169922
-99.56485748291016
-103.3237533569336
-105.604736328125
-101.21234893798828
-105.25959777832031
-101.54379272460938
-109.87770080566406
-104.90196228027344
-103.68238067626953
-105.89136505126953
-109.19548797607422
-103.68489837646484
-100.85395050048828
-99.69499206542969
-103.98909759521484
-103.64461517333984
-104.5055923461914
-102.68792724609375
-98.34707641601562
-113.49348449707031
-102.39761352539062
-105.45857238769531
-105.34165954589844
-103.20967102050781
-105.97525787353516
-101.78009796142578
-103.76875305175781
-114.37613677978516
-98.79871368408203
-106.34613037109375
-105.99205780029297
-104.72908020019531
-113.15795135498047
-106.03176879882812
-109.71401977539062
-102.82422637939453
-101.45613098144531
-99.83394622802734
-110.31489562988281
-102.80552673339844
-101.79549407958984
-107.50887298583984
-109.14839935302734
-98.39945983886719
-106.5023422241211
-111.60214233398438
-100.22492980957031
-102.5973892211914
-104.46119689941406
-102.07955932617188
-101.06615447998047
-110.35633087158203
-102.25949096679688
-111.3111801147461
-100.07823181152344
-103.99546813964844
-100.57791137695312
-106.5047607421875
-105.0623779296875
-105.3775634765625
-106.91714477539062
-103.75955200195312
-104.60774230957031
-104.4798355102539
-108.68775939941406
-95.77104949951172
-105.61592864990234
-103.25508117675781
-106.49337768554688
-101.54605865478516
-100.58007049560547
-108.96666717529297
-102.78338623046875
-109.05946350097656
-102.22260284423828
-102.61663055419922
-112.43401336669922
-106.7312240600586
-110.42707824707031
-108.37557220458984
-111.04126739501953
-101.88632202148438
-106.66012573242188
-101.2025375366211
-111.1926498413086
-95.46308898925781
-103.7192611694336
-110.78109741210938
-114.15185546875
-108.60145568847656
-100.95062255859375
-99.76258850097656
-106.32156372070312
-103.77682495117188
-104.87922668457031
-105.0588150024414
-102.13861846923828
-103.88848114013672
-102.98778533935547
-112.70521545410156
-99.94718170166016
-101.66300201416016
-95.65099334716797
-103.95123291015625
-106.82144927978516
-97.79306030273438
-108.01634216308594
-102.16578674316406
-103.63955688476562
-98.71336364746094
-107.1402587890625
-108.75365447998047
-102.90564727783203
-101.79718780517578
-103.10021209716797
-109.07152557373047
-103.68385314941406
-107.50078582763672
-101.76872253417969
-104.75711822509766
-98.82039642333984
-103.68402862548828
-103.43988800048828
-105.32610321044922
-103.30050659179688
-99.72872161865234
-105.77652740478516
-104.32441711425781
-109.07554626464844
-101.41960906982422
-105.67659759521484
-108.07707214355469
-105.9539794921875
-107.69380187988281
-111.95919799804688
-101.83842468261719
-101.8747787475586
-99.8875503540039
-101.2117919921875
-102.14299774169922
-111.5689468383789
-102.05062103271484
-106.68992614746094
-100.34831237792969
-105.71060943603516
-106.79753875732422
-101.16902160644531
-106.86474609375
-106.47079467773438
-115.09239196777344
-103.24689483642578
-102.76890563964844
-103.7750244140625
-106.31767272949219
-106.1509017944336
-109.43067932128906
-112.75923156738281
-103.7145004272461
-102.74908447265625
-107.04898071289062
-102.39994049072266
-103.99838256835938
-109.06314849853516
-104.39936065673828
-98.86212921142578
-107.63902282714844
-109.0992431640625
-100.35664367675781
-103.86217498779297
-100.85501098632812
-110.02550506591797
-107.87995147705078
-108.941162109375
-100.95569610595703
-102.0539779663086
-104.04737091064453
-108.40213775634766
-105.72615814208984
-107.76788330078125
-109.31910705566406
-109.74738311767578
-101.49205780029297
-109.1224365234375
-105.47247314453125
-103.88320922851562
-105.21427917480469
-110.57331085205078
-112.15955352783203
-108.66050720214844
-101.37015533447266
-104.64281463623047
-110.88667297363281
-104.02799224853516
-102.30355834960938
-103.72726440429688
-107.25054168701172
-97.39588165283203
-111.5628662109375
-102.82674407958984
-115.97166442871094
-109.96920776367188
-105.1022720336914
-108.13622283935547
-111.11974334716797
-107.69132232666016
-106.2070083618164
-105.59529113769531
-108.00735473632812
-103.52960205078125
-99.66677856445312
-100.87109375
-99.39472961425781
-106.32636260986328
-103.97512817382812
-103.64863586425781
-106.43841552734375
-103.3759994506836
-105.76388549804688
-101.5624771118164
-101.1778335571289
-111.26043701171875
-110.29243469238281
-104.20818328857422
-103.5408706665039
-105.79167938232422
-108.35005950927734
-102.05560302734375
-102.14053344726562
-105.92094421386719
-102.62284088134766
-106.25386810302734
-104.06563568115234
-102.16136169433594
-109.11863708496094
-104.68231201171875
-114.55703735351562
-107.24768829345703
-106.11644744873047
-103.99664306640625
-106.4659423828125
-103.5841064453125
-102.68902587890625
-106.23339080810547
-101.64566802978516
-100.83887481689453
-104.2286376953125
-99.77879333496094
-106.05492401123047
-110.88553619384766
-106.0050048828125
-102.7754898071289
-110.1681900024414
-107.03523254394531
-106.96221160888672
-108.78318786621094
-105.18383026123047
-100.15625762939453
-106.65264129638672
-107.98229217529297
-106.10909271240234
-98.45112609863281
-113.34928894042969
-108.75759887695312
-111.53596496582031
-114.05680084228516
-105.08023834228516
-102.76971435546875
-99.39769744873047
-102.73382568359375
-102.27601623535156
-101.58625793457031
-103.47438049316406
-105.57695007324219
-116.15280151367188
-105.6046371459961
-112.91155242919922
-111.11787414550781
-110.14851379394531
-102.3358383178711
-106.05323028564453
-101.64989471435547
-103.30191802978516
-111.25044250488281
-101.38661193847656
-108.9167709350586
-102.91088104248047
-99.78715515136719
-102.77500915527344
-110.87525177001953
-104.02849578857422
-104.09239196777344
-107.61254119873047
-107.2716064453125
-107.69159698486328
-104.01557159423828
-101.65308380126953
-108.8161849975586
-100.56975555419922
-101.30650329589844
-108.50729370117188
-109.48798370361328
-111.10042572021484
-108.16378784179688
-106.67096710205078
-102.90983581542969
-108.18575286865234
-107.56100463867188
-103.87680053710938
-103.451904296875
-101.92879486083984
-107.71031951904297
-104.03541564941406
-100.33340454101562
-107.91190338134766
-98.47676086425781
-103.7243423461914
-105.7525863647461
-105.9901351928711
-105.93567657470703
-102.02313995361328
-105.72764587402344
-104.46569061279297
-101.26693725585938
-104.7154769897461
-112.07353210449219
-109.69314575195312
-104.38202667236328
-105.86483001708984
-106.54009246826172
-106.29011535644531
-107.91332244873047
-106.17288208007812
-101.38771057128906
-103.14066314697266
-105.7037353515625
-100.87486267089844
-106.30082702636719
-105.7817153930664
-104.40839385986328
-102.3480453491211
-104.0859603881836
-106.07462310791016
-111.40752410888672
-103.63938903808594
-104.87850952148438
-110.94316864013672
-103.32461547851562
-107.07235717773438
-100.94473266601562
-104.32330322265625
-106.25544738769531
-98.96605682373047
-103.75819396972656
-110.49261474609375
-103.45469665527344
-105.1521987915039
-108.0346450805664
-109.07767486572266
-100.31336975097656
-105.55524444580078
-104.16217041015625
-98.89302062988281
-105.06534576416016
-107.63351440429688
-102.87016296386719
-101.80809783935547
-109.88179016113281
-108.01814270019531
-105.44775390625
-102.08341979980469
-104.59059143066406
-110.40930938720703
-108.13042449951172
-104.41182708740234
-104.07215118408203
-103.53111267089844
-99.90047454833984
-104.05847930908203
-107.30874633789062
-106.26587677001953
-102.16678619384766
-112.10075378417969
-103.65846252441406
-102.59042358398438
-99.8451156616211
-103.3370132446289
-98.60071563720703
-102.54259490966797
-105.08367919921875
-94.59849548339844
-107.46884155273438
-109.41297149658203
-105.84616088867188
-101.30721282958984
-112.28411102294922
-113.10685729980469
-101.99800109863281
-101.39120483398438
-111.08903503417969
-109.53678131103516
-100.63448333740234
-107.26348114013672
-101.32235717773438
-105.064208984375
-102.8114013671875
-104.46068572998047
-106.04649353027344
-106.70136260986328
-100.08039855957031
-104.21501922607422
-108.10433197021484
-99.08524322509766
-95.47235870361328
-102.32992553710938
-101.90962219238281
-105.18846893310547
-100.76200103759766
-106.25859832763672
-112.2057876586914
-105.19243621826172
-103.42346954345703
-105.04342651367188
-107.42240905761719
-106.75517272949219
-105.37001037597656
-111.82760620117188
-101.98536682128906
-102.48023223876953
-105.81311798095703
-111.0813217163086
-106.23135375976562
-107.77249145507812
-102.87649536132812
-103.52396392822266
-107.88583374023438
-102.56543731689453
-103.92731475830078
-106.295654296875
-102.54034423828125
-107.05217742919922
-105.41104888916016
-110.44824981689453
-103.12483978271484
-105.837890625
-106.43413543701172
-103.46837615966797
-107.58574676513672
-104.28451538085938
-108.17723846435547
-101.7057113647461
-100.3992919921875
-99.84514617919922
-107.91535949707031
-112.57377624511719
-105.50691223144531
-95.91024017333984
-106.05956268310547
-107.05529022216797
-110.59053039550781
-107.52458953857422
-108.40461730957031
-101.64551544189453
-108.22019958496094
-104.35176086425781
-104.9990005493164
-105.81463623046875
-105.06147003173828
-101.29752349853516
-101.62958526611328
-96.70792388916016
-106.47505187988281
-108.5643539428711
-106.55579376220703
-106.2215347290039
-107.28926849365234
-103.0570297241211
-103.6624984741211
-107.93453216552734
-103.84576416015625
-109.4534683227539
-104.8715591430664
-106.24039459228516
-99.18174743652344
-102.01898193359375
-107.30364227294922
-101.90432739257812
-101.71688842773438
-109.4119644165039
-101.98886108398438
-106.66140747070312
-101.0584716796875
-104.70081329345703
-105.9550552368164
-106.54192352294922
-109.14584350585938
-111.62385559082031
-106.28585052490234
-104.56155395507812
-102.17552185058594
-111.07963562011719
-98.81333923339844
-111.81678009033203
-103.55921936035156
-109.99041748046875
-103.493896484375
-102.01898193359375
-102.845947265625
-103.15036010742188
-106.6006851196289
-110.54450988769531
-108.31047058105469
-105.76678466796875
-102.56002044677734
-112.41666412353516
-103.79524993896484
-107.52816772460938
-110.49539184570312
-108.85105895996094
-105.84557342529297
-112.04009246826172
-104.92283630371094
-109.80744171142578
-102.18018341064453
-103.86383819580078
-108.02735137939453
-108.36259460449219
-109.30470275878906
-107.17403411865234
-107.75711059570312
-103.3470687866211
-108.01888275146484
-105.5628662109375
-102.77208709716797
-109.6925048828125
-101.76244354248047
-107.64734649658203
-104.20793914794922
-101.27579498291016
-105.71881103515625
-104.98342895507812
-104.99268341064453
-103.51507568359375
-107.64413452148438
-105.14692687988281
-109.38150787353516
-109.56053924560547
-99.23926544189453
-103.89228820800781
-98.01445770263672
-109.44252014160156
-102.2191390991211
-101.18494415283203
-106.84666442871094
-104.913330078125
-107.54813385009766
-107.68472290039062
-103.89701843261719
-107.04625701904297
-106.54918670654297
-108.56112670898438
