-556.4613647460938
-463.4874267578125
-341.3530578613281
-295.87139892578125
-264.5321960449219
-250.94921875
-234.47108459472656
-225.28208923339844
-230.08657836914062
-219.18467712402344
-220.38717651367188
-218.55029296875
-219.1781463623047
-228.11126708984375
-212.76101684570312
-207.32354736328125
-206.19100952148438
-213.7962188720703
-209.93197631835938
-206.28485107421875
-214.7707061767578
-204.49998474121094
-207.5077362060547
-215.97850036621094
-222.96388244628906
-212.63314819335938
-199.9679412841797
-215.57591247558594
-207.7438507080078
-206.0704345703125
-212.60397338867188
-203.57289123535156
-217.52395629882812
-204.44454956054688
-205.1925506591797
-201.3934326171875
-201.58697509765625
-199.098388671875
-194.13027954101562
-203.6643829345703
-192.07705688476562
-191.46054077148438
-200.72415161132812
-198.25624084472656
-192.073974609375
-203.87391662597656
-200.62759399414062
-197.24951171875
-195.21519470214844
-195.088134765625
-189.75892639160156
-194.24607849121094
-198.27259826660156
-208.0917510986328
-204.60650634765625
-198.12112426757812
-201.12228393554688
-189.2547607421875
-178.6444549560547
-202.77630615234375
-192.2506561279297
-194.41220092773438
-184.38119506835938
-191.51116943359375
-193.5647735595703
-178.5983428955078
-195.10850524902344
-194.8091583251953
-190.28659057617188
-184.70132446289062
-183.33689880371094
-184.90170288085938
-183.77513122558594
-201.12701416015625
-187.58322143554688
-187.40997314453125
-182.00485229492188
-191.18606567382812
-176.6430206298828
-192.94247436523438
-182.26588439941406
-191.0729217529297
-170.97178649902344
-189.57333374023438
-184.86778259277344
-182.81219482421875
-188.45440673828125
-171.96263122558594
-185.06642150878906
-173.5906524658203
-180.5113525390625
-177.8112335205078
-179.5487823486328
-183.14096069335938
-181.50823974609375
-170.80697631835938
-175.49708557128906
-185.51283264160156
-172.98507690429688
-178.04832458496094
-178.7825927734375
-159.93556213378906
-179.6949920654297
-176.19552612304688
-171.1130828857422
-179.6168670654297
-176.9376678466797
-165.81260681152344
-169.89947509765625
-160.94921875
-171.90748596191406
-161.37393188476562
-170.82557678222656
-161.7307891845703
-169.30560302734375
-165.51116943359375
-170.95909118652344
-169.9973602294922
-165.88148498535156
-165.16485595703125
-174.77569580078125
-165.3392333984375
-165.55035400390625
-163.7734375
-155.10012817382812
-169.2538299560547
-157.93115234375
-161.13426208496094
-166.56382751464844
-165.647216796875
-150.18055725097656
-166.39529418945312
-153.098876953125
-164.20455932617188
-155.6180877685547
-162.7501220703125
-157.36029052734375
-166.760498046875
-166.24905395507812
-160.97325134277344
-165.37513732910156
-165.71435546875
-162.18313598632812
-160.00709533691406
-163.0176239013672
-160.03240966796875
-159.87290954589844
-160.2697296142578
-165.42294311523438
-162.7990264892578
-169.634521484375
-156.442626953125
-163.308837890625
-160.32369995117188
-165.77195739746094
-167.53781127929688
-168.32623291015625
-163.16928100585938
-165.72265625
-151.29075622558594
-157.28746032714844
-156.9271240234375
-160.0384521484375
-153.16709899902344
-150.27435302734375
-155.1353759765625
-164.2666473388672
-167.45005798339844
-163.57432556152344
-152.84959411621094
-157.60357666015625
-143.3866729736328
-158.99197387695312
-158.4979248046875
-147.94012451171875
-155.6831512451172
-151.6296844482422
-150.97695922851562
-158.1237030029297
-149.0618133544922
-154.4868927001953
-158.33009338378906
-156.1055450439453
-153.53065490722656
-147.32826232910156
-159.6680450439453
-149.28443908691406
-157.54710388183594
-155.17398071289062
-152.41441345214844
-161.82757568359375
-147.39752197265625
-148.1269989013672
-154.04299926757812
-145.4264373779297
-156.1141357421875
-151.34169006347656
-157.62069702148438
-148.00184631347656
-153.69717407226562
-146.6397705078125
-152.97711181640625
-153.0269317626953
-148.05213928222656
-152.40773010253906
-148.92202758789062
-159.1490936279297
-150.2400665283203
-143.22857666015625
-156.87684631347656
-150.7969512939453
-150.33547973632812
-148.99180603027344
-158.82711791992188
-153.95018005371094
-151.0092010498047
-151.01084899902344
-148.24606323242188
-151.0693817138672
-151.10731506347656
-139.4134063720703
-157.1463165283203
-145.3118133544922
-159.24542236328125
-151.7649688720703
-153.72340393066406
-152.54010009765625
-151.86843872070312
-153.4029541015625
-151.86856079101562
-158.760498046875
-159.21177673339844
-152.81552124023438
-151.25225830078125
-149.70074462890625
-143.09519958496094
-155.1350860595703
-151.8905792236328
-155.3639373779297
-145.92027282714844
-151.7709503173828
-147.43948364257812
-149.6711883544922
-148.97238159179688
-147.6703643798828
-145.0150909423828
-149.20193481445312
-148.36932373046875
-144.07957458496094
-143.32791137695312
-148.98138427734375
-148.37615966796875
-147.02101135253906
-139.44296264648438
-143.75355529785156
-145.8516845703125
-146.29078674316406
-159.72088623046875
-146.76715087890625
-152.95350646972656
-154.57289123535156
-148.32533264160156
-152.256591796875
-141.85577392578125
-141.69895935058594
-147.02777099609375
-150.6932373046875
-140.59519958496094
-137.9805908203125
-148.30052185058594
-142.2528533935547
-148.42344665527344
-146.354248046875
-149.3719940185547
-141.28326416015625
-145.95176696777344
-145.833251953125
-136.50819396972656
-144.6442108154297
-151.4516143798828
-141.65968322753906
-146.1064453125
-146.2421112060547
-141.35546875
-138.5312957763672
-144.44398498535156
-141.70069885253906
-146.95909118652344
-146.91908264160156
-145.88645935058594
-146.69517517089844
-138.25421142578125
-143.8948211669922
-146.56370544433594
-145.14932250976562
-143.51754760742188
-142.84005737304688
-146.14486694335938
-146.2113037109375
-141.4261016845703
-143.2411346435547
-139.98007202148438
-150.66123962402344
-144.39991760253906
-147.53903198242188
-138.04519653320312
-138.18223571777344
-148.9178009033203
-145.31488037109375
-145.29180908203125
-146.39352416992188
-138.9669647216797
-142.3507537841797
-144.95225524902344
-136.66177368164062
-141.66224670410156
-138.81927490234375
-147.0308380126953
-141.3533172607422
-143.11866760253906
-144.29067993164062
-152.01553344726562
-138.89935302734375
-131.5664520263672
-138.3014678955078
-147.6672821044922
-149.5299530029297
-137.2497100830078
-146.72207641601562
-144.8280487060547
-145.37777709960938
-140.18402099609375
-141.19667053222656
-141.87179565429688
-147.82965087890625
-149.6684112548828
-141.6284942626953
-139.7006378173828
-138.39129638671875
-145.62472534179688
-147.99105834960938
-141.94393920898438
-143.90821838378906
-139.61215209960938
-148.30535888671875
-136.72740173339844
-138.77342224121094
-135.7598419189453
-141.59619140625
-148.7117919921875
-143.12278747558594
-143.8306121826172
-143.64471435546875
-141.87594604492188
-135.70753479003906
-143.46133422851562
-138.5587158203125
-145.3325958251953
-146.9356231689453
-142.28482055664062
-142.7528076171875
-142.1153106689453
-140.31394958496094
-146.0149688720703
-142.4227294921875
-137.23280334472656
-140.8101806640625
-137.03199768066406
-140.36077880859375
-141.00228881835938
-137.2420196533203
-143.80801391601562
-131.34654235839844
-148.79034423828125
-139.7417449951172
-143.63063049316406
-133.63014221191406
-135.42355346679688
-130.7012176513672
-138.84117126464844
-139.9495849609375
-133.93519592285156
-137.8468475341797
-132.77096557617188
-138.9180450439453
-140.46408081054688
-135.0615997314453
-138.7299346923828
-146.06463623046875
-133.9381103515625
-132.31593322753906
-130.80654907226562
-141.66383361816406
-138.36495971679688
-136.66319274902344
-133.415771484375
-131.01011657714844
-143.17295837402344
-130.97711181640625
-137.15676879882812
-138.93336486816406
-131.08358764648438
-138.5100555419922
-128.94554138183594
-131.4875030517578
-146.42930603027344
-133.59835815429688
-133.51673889160156
-137.66482543945312
-137.4706573486328
-145.66156005859375
-138.29901123046875
-139.25083923339844
-132.84605407714844
-127.69888305664062
-132.32330322265625
-146.31887817382812
-131.7021942138672
-130.5095672607422
-137.9322967529297
-140.1205596923828
-129.56787109375
-135.46563720703125
-139.1083526611328
-130.5965118408203
-133.4243927001953
-132.85919189453125
-131.0945587158203
-130.5318145751953
-141.0220489501953
-129.1385955810547
-140.97894287109375
-130.97711181640625
-133.85638427734375
-127.1639633178711
-138.46287536621094
-134.83334350585938
-133.4539794921875
-137.6688232421875
-133.47384643554688
-135.2458038330078
-133.8998565673828
-139.4114227294922
-120.86731719970703
-134.53147888183594
-135.52532958984375
-136.910400390625
-131.4895782470703
-129.48336791992188
-138.4226837158203
-129.57298278808594
-141.58290100097656
-133.45504760742188
-131.7032470703125
-141.65052795410156
-136.764892578125
-139.30088806152344
-138.0992431640625
-141.50689697265625
-128.5583953857422
-134.78736877441406
-131.84149169921875
-141.7410430908203
-122.43597412109375
-135.0441131591797
-138.8695526123047
-141.9260711669922
-135.92337036132812
-124.73651123046875
-125.17479705810547
-134.02101135253906
-130.91024780273438
-132.14828491210938
-131.79969787597656
-129.01173400878906
-128.53851318359375
-130.41629028320312
-140.3911590576172
-125.56452178955078
-128.02821350097656
-119.2442398071289
-131.6615753173828
-134.32907104492188
-121.85655975341797
-139.90101623535156
-127.80296325683594
-131.44715881347656
-126.74168395996094
-133.3570098876953
-136.07838439941406
-129.29393005371094
-128.74102783203125
-131.5126953125
-137.53659057617188
-128.47975158691406
-132.796630859375
-124.39784240722656
-130.26727294921875
-124.19541931152344
-128.94143676757812
-129.99424743652344
-131.75498962402344
-127.35476684570312
-121.46817779541016
-133.03500366210938
-129.5448760986328
-132.4324951171875
-128.04635620117188
-135.36720275878906
-135.17977905273438
-132.1609344482422
-135.7281951904297
-136.2190704345703
-127.78829956054688
-125.88721466064453
-127.59867858886719
-126.94571685791016
-127.41845703125
-136.29769897460938
-126.38460540771484
-131.24606323242188
-125.42203521728516
-132.2967987060547
-131.62115478515625
-125.54371643066406
-129.917724609375
-128.9546661376953
-137.26556396484375
-127.5494155883789
-125.3477554321289
-128.588623046875
-129.8445281982422
-131.2689971923828
-139.53414916992188
-139.0703887939453
-127.17073822021484
-129.11077880859375
-130.57107543945312
-128.8926239013672
-129.8304443359375
-135.76058959960938
-128.1970672607422
-119.96772766113281
-136.5994415283203
-135.1674041748047
-125.12446594238281
-130.04449462890625
-125.30026245117188
-135.86117553710938
-134.26284790039062
-134.42799377441406
-124.23113250732422
-128.53616333007812
-128.25802612304688
-131.86782836914062
-130.19796752929688
-131.2528533935547
-130.46742248535156
-132.97691345214844
-128.6456298828125
-133.8573760986328
-129.09584045410156
-126.7530746459961
-130.45883178710938
-138.29112243652344
-135.1864776611328
-133.6180419921875
-123.22760772705078
-127.68543243408203
-134.6631317138672
-127.22035217285156
-124.736083984375
-126.37936401367188
-133.94329833984375
-119.34373474121094
-132.1734161376953
-122.4698486328125
-142.55067443847656
-131.1016387939453
-128.988525390625
-132.0718231201172
-131.14678955078125
-130.0784149169922
-127.2907485961914
-129.46780395507812
-129.71615600585938
-126.48226928710938
-118.80982208251953
-123.92108917236328
-120.41635131835938
-130.05520629882812
-129.2899932861328
-126.33753967285156
-132.73785400390625
-124.67805480957031
-129.93087768554688
-123.79452514648438
-119.9896011352539
-134.83460998535156
-132.09359741210938
-125.28504943847656
-126.07269287109375
-130.47421264648438
-131.45008850097656
-121.80194854736328
-124.01284790039062
-127.12676239013672
-121.9584732055664
-128.2582244873047
-126.61949157714844
-123.12928771972656
-128.08547973632812
-126.82585906982422
-134.04933166503906
-131.50535583496094
-127.92633056640625
-124.63101196289062
-127.92717742919922
-122.43013000488281
-124.83518981933594
-122.92515563964844
-123.98660278320312
-122.0390625
-122.03691101074219
-119.92164611816406
-125.4804916381836
-132.94674682617188
-125.69183349609375
-125.87613677978516
-131.56558227539062
-128.19476318359375
-127.649169921875
-132.95237731933594
-126.69520568847656
-119.35942077636719
-125.93919372558594
-129.73658752441406
-124.78445434570312
-118.21897888183594
-131.2099151611328
-128.30087280273438
-132.28848266601562
-133.99461364746094
-125.13912963867188
-126.4151611328125
-118.4880599975586
-122.1935806274414
-120.486572265625
-121.46922302246094
-123.3960952758789
-126.56561279296875
-136.48873901367188
-126.69133758544922
-134.76828002929688
-131.36553955078125
-126.29179382324219
-120.88629913330078
-127.33284759521484
-120.68904876708984
-121.3673095703125
-133.0948028564453
-121.11878967285156
-131.79000854492188
-123.9208755493164
-119.49352264404297
-123.50863647460938
-130.7485809326172
-125.43397521972656
-123.15287780761719
-126.98273468017578
-128.271240234375
-127.05516815185547
-123.66368865966797
-121.8558120727539
-126.93881225585938
-118.10110473632812
-120.4986572265625
-132.1012725830078
-128.60311889648438
-128.428955078125
-126.9857406616211
-128.1431121826172
-122.63471221923828
-125.18080139160156
-128.6632080078125
-121.63967895507812
-122.58985137939453
-121.26811981201172
-124.493408203125
-124.53349304199219
-119.92610168457031
-128.07989501953125
-113.67417907714844
-121.6170883178711
-126.05995178222656
-125.47024536132812
-124.44981384277344
-120.22572326660156
-123.94735717773438
-124.49169921875
-121.41349792480469
-124.7905502319336
-134.082275390625
-125.86717224121094
-125.16517639160156
-127.9830322265625
-121.98945617675781
-123.86236572265625
-126.17131805419922
-124.63597106933594
-119.25736999511719
-124.80240631103516
-125.3440933227539
-118.91636657714844
-124.91270446777344
-123.93555450439453
-121.28001403808594
-120.66384887695312
-122.73981475830078
-122.03559112548828
-135.55845642089844
-118.70257568359375
-124.22586059570312
-130.2093505859375
-123.60769653320312
-125.37826538085938
-120.61029815673828
-123.15740203857422
-126.77162170410156
-117.32646179199219
-120.21534729003906
-130.64633178710938
-123.9620361328125
-123.61576843261719
-126.9381332397461
-128.7449188232422
-116.9715805053711
-122.964111328125
-125.04318237304688
-115.74165344238281
-125.21678161621094
-124.07022094726562
-121.18780517578125
-118.990478515625
-126.40313720703125
-125.84139251708984
-125.7912368774414
-117.349853515625
-119.17495727539062
-126.7405776977539
-125.76563262939453
-120.64593505859375
-120.65608215332031
-120.8508071899414
-117.17525482177734
-121.9543228149414
-126.930419921875
-126.72834777832031
-117.96595001220703
-130.73248291015625
-120.5
-122.02682495117188
-116.43453216552734
-122.3600082397461
-115.9290542602539
-121.10724639892578
-120.4195327758789
-112.93299102783203
-122.40204620361328
-125.9329605102539
-122.40352630615234
-119.22950744628906
-131.4853973388672
-132.56170654296875
-119.01618957519531
-115.22179412841797
-129.5111083984375
-123.8258056640625
-118.68079376220703
-122.25032806396484
-119.5850830078125
-124.12049865722656
-119.69938659667969
-122.09265899658203
-123.55069732666016
-121.4521484375
-116.31880187988281
-122.70874786376953
-126.41461181640625
-115.18193817138672
-110.67479705810547
-118.68172454833984
-118.90451049804688
-121.34345245361328
-119.9646224975586
-123.88711547851562
-130.70431518554688
-124.15666961669922
-123.34120178222656
-123.68463897705078
-122.9327163696289
-126.58827209472656
-123.3342056274414
-130.17298889160156
-117.18719482421875
-121.7314224243164
-124.5899887084961
-127.58427429199219
-124.370361328125
-123.44579315185547
-120.30561065673828
-120.0996322631836
-126.63053894042969
-118.31940460205078
-121.59204864501953
-123.85543060302734
-118.91494750976562
-124.65087890625
-121.35344696044922
-129.80523681640625
-120.84989929199219
-123.05928039550781
-122.81421661376953
-120.5767593383789
-124.19786834716797
-120.99999237060547
-123.22018432617188
-118.14221954345703
-116.8142318725586
-116.57441711425781
-126.92739868164062
-130.84774780273438
-122.64765930175781
-113.13129425048828
-124.07138061523438
-125.3220443725586
-127.33385467529297
-122.29898071289062
-123.6070327758789
-116.1337890625
-126.802978515625
-119.68096160888672
-121.82457733154297
-123.81305694580078
-120.59587097167969
-119.66101837158203
-119.98104095458984
-114.53791809082031
-122.92122650146484
-125.60591125488281
-125.19004821777344
-120.44377136230469
-127.02290344238281
-120.16246032714844
-120.5141372680664
-125.56027221679688
-121.27359771728516
-125.3685302734375
-119.12128448486328
-124.12185668945312
-116.0383071899414
-120.08645629882812
-123.43888854980469
-119.89806365966797
-119.16458129882812
-121.49055480957031
-121.57240295410156
-122.2614974975586
-117.133544921875
-119.69143676757812
-121.60592651367188
-124.36161041259766
-128.51605224609375
-127.8580322265625
-121.38064575195312
-120.52063751220703
-114.45574951171875
-127.47882843017578
-114.12628173828125
-129.56881713867188
-121.2051773071289
-127.05133056640625
-119.8033447265625
-116.79991149902344
-120.3355712890625
-120.042724609375
-122.1937484741211
-127.04952239990234
-123.8204574584961
-120.93599700927734
-117.90380096435547
-128.00302124023438
-120.2008056640625
-124.42271423339844
-125.74160766601562
-122.43572998046875
-121.32234191894531
-127.091064453125
-119.04301452636719
-126.42660522460938
-117.40937042236328
-120.77684783935547
-123.13124084472656
-124.72467803955078
-123.68217468261719
-123.63148498535156
-121.39315032958984
-119.20980834960938
-122.1343994140625
-121.92088317871094
-121.35633087158203
-126.2364730834961
-117.05989837646484
-127.24343872070312
-120.30039978027344
-117.38896942138672
-122.4073486328125
-121.01087188720703
-120.92317962646484
-120.71546173095703
-125.63427734375
-121.7693099975586
-123.88018035888672
-129.12278747558594
-112.92406463623047
-119.9102783203125
-112.76789855957031
-125.14745330810547
-117.2999496459961
-116.80406951904297
-125.0404052734375
-123.05999755859375
-123.02661895751953
-122.66758728027344
-120.02667999267578
-121.505859375
-123.0369873046875
-122.6253662109375
