-100.03123474121094
-112.13792419433594
-105.10750579833984
-112.7887954711914
-110.0585708618164
-108.88953399658203
-104.91641235351562
-96.08447265625
-109.56275939941406
-102.84843444824219
-111.58292388916016
-104.7567138671875
-109.99737548828125
-106.01922607421875
-105.1999282836914
-103.48722076416016
-102.58952331542969
-109.25626373291016
-107.50391387939453
-101.22100067138672
-105.02204895019531
-105.35873413085938
-107.08221435546875
-108.93082427978516
-109.99593353271484
-113.67373657226562
-101.3626480102539
-109.16046142578125
-101.11894989013672
-104.28268432617188
-108.63758087158203
-114.69176483154297
-110.84417724609375
-112.41619110107422
-111.49600982666016
-103.29901885986328
-102.6695327758789
-106.99766540527344
-107.22832489013672
-104.82456970214844
-99.72938537597656
-99.6878433227539
-110.40121459960938
-106.20105743408203
-102.2845230102539
-111.79264831542969
-107.86923217773438
-107.48662567138672
-107.20651245117188
-103.56500244140625
-103.82875061035156
-104.18924713134766
-105.56918334960938
-115.90514373779297
-109.5103988647461
-104.23112487792969
-108.29185485839844
-101.65478515625
-97.46161651611328
-112.13833618164062
-105.32342529296875
-109.13518524169922
-102.54863739013672
-104.75165557861328
-109.59320831298828
-100.2081298828125
-107.45101928710938
-107.30862426757812
-105.79270935058594
-102.27714538574219
-104.59513092041016
-103.65217590332031
-102.78520965576172
-110.850341796875
-107.76502227783203
-108.31131744384766
-103.46728515625
-109.23075103759766
-104.2110366821289
-108.95281982421875
-104.04170989990234
-107.95671081542969
-98.35027313232422
-103.88953399658203
-109.34447479248047
-107.1269302368164
-107.9122085571289
-99.11145782470703
-107.43077850341797
-100.07454681396484
-102.85456848144531
-106.02498626708984
-107.05459594726562
-109.08919525146484
-110.93965148925781
-106.33820343017578
-107.28070831298828
-108.79206085205078
-104.8590087890625
-108.85862731933594
-107.72251892089844
-96.12356567382812
-111.31695556640625
-107.40986633300781
-104.18477630615234
-111.9107666015625
-109.74634552001953
-100.95316314697266
-105.535888671875
-98.81591796875
-107.47662353515625
-96.74510955810547
-107.456298828125
-101.43473815917969
-106.0054931640625
-103.27076721191406
-107.05036163330078
-102.68458557128906
-103.7623291015625
-100.18472290039062
-114.33019256591797
-105.3329849243164
-107.3055419921875
-104.49668884277344
-98.08910369873047
-108.29579162597656
-104.81330871582031
-99.78936004638672
-106.72853088378906
-106.9416275024414
-99.80813598632812
-108.70476531982422
-100.29421997070312
-105.30876922607422
-99.91757202148438
-101.00684356689453
-102.91584777832031
-111.2932357788086
-105.76094818115234
-102.93817138671875
-107.16438293457031
-107.90117645263672
-104.68451690673828
-104.15164947509766
-106.72452545166016
-103.15800476074219
-106.33131408691406
-104.20653533935547
-109.77359008789062
-109.48678588867188
-111.3836669921875
-99.72233581542969
-109.79267120361328
-107.02144622802734
-111.62642669677734
-112.16736602783203
-113.08365631103516
-106.21134185791016
-109.28740692138672
-102.63157653808594
-103.76691436767578
-105.21639251708984
-107.0450439453125
-104.05768585205078
-101.66444396972656
-103.04377746582031
-107.0528793334961
-114.1996841430664
-111.44026184082031
-106.87147521972656
-106.72188568115234
-96.31952667236328
-110.8900375366211
-104.50631713867188
-102.72784423828125
-104.83525848388672
-103.24788665771484
-105.01050567626953
-108.62704467773438
-101.3169174194336
-105.37200927734375
-110.70577239990234
-107.96231842041016
-104.0469970703125
-102.99345397949219
-107.5676498413086
-102.7043228149414
-105.8047866821289
-107.94786834716797
-106.2422866821289
-110.45480346679688
-99.60728454589844
-102.71591186523438
-106.76094818115234
-102.69072723388672
-105.08023834228516
-102.85076904296875
-108.60774230957031
-101.30122375488281
-105.41557312011719
-104.64247131347656
-105.17882537841797
-109.27765655517578
-100.3877182006836
-108.24344635009766
-104.18930053710938
-109.90396881103516
-101.00422668457031
-96.42160034179688
-111.34161376953125
-103.40673828125
-106.04429626464844
-102.55950927734375
-113.79631805419922
-110.06048583984375
-106.54093933105469
-104.92166900634766
-105.51533508300781
-105.09622192382812
-104.25907897949219
-100.31392669677734
-111.13064575195312
-101.65364074707031
-110.37779235839844
-106.7123031616211
-109.40266418457031
-106.03675842285156
-108.16248321533203
-107.93392944335938
-109.09200286865234
-113.18284606933594
-112.68070220947266
-107.8683090209961
-105.84451293945312
-107.75852966308594
-99.56925964355469
-107.46273040771484
-109.12883758544922
-109.36650085449219
-105.87007141113281
-111.19151306152344
-106.64434051513672
-105.47114562988281
-106.41786193847656
-105.9774398803711
-106.36238098144531
-105.86900329589844
-109.14080810546875
-102.7844467163086
-102.42147064208984
-108.06649017333984
-107.40866088867188
-102.0818099975586
-99.89496612548828
-103.8919906616211
-104.79485321044922
-107.17015838623047
-116.95792388916016
-104.95295715332031
-110.15798950195312
-111.03717041015625
-106.49835205078125
-105.94319152832031
-99.9007797241211
-100.69656372070312
-106.73548126220703
-109.50688171386719
-101.54430389404297
-99.50006866455078
-105.79369354248047
-101.3517837524414
-105.84009552001953
-105.03762817382812
-109.83850860595703
-100.21441650390625
-106.56946563720703
-108.8984603881836
-99.2477035522461
-104.69703674316406
-108.30937957763672
-99.87076568603516
-103.91126251220703
-107.15067291259766
-102.48626708984375
-98.57331085205078
-109.46174621582031
-104.45027160644531
-108.19337463378906
-109.55482482910156
-107.53373718261719
-107.3868637084961
-100.66143035888672
-104.73719024658203
-109.782470703125
-105.2567367553711
-108.08354949951172
-104.77314758300781
-110.82498168945312
-104.54701232910156
-100.8984146118164
-102.89556884765625
-104.03170013427734
-109.68553924560547
-106.6324462890625
-108.25926971435547
-102.56419372558594
-100.45093536376953
-111.08068084716797
-108.24508666992188
-108.24034118652344
-107.71773529052734
-104.00770568847656
-104.24142456054688
-107.0804443359375
-101.42359924316406
-104.29450988769531
-101.34536743164062
-108.02490997314453
-104.33755493164062
-104.9902114868164
-108.45901489257812
-110.73138427734375
-101.21591186523438
-98.38272857666016
-104.23758697509766
-112.09819030761719
-112.30824279785156
-103.0321044921875
-110.67025756835938
-108.16387176513672
-109.17236328125
-103.67538452148438
-106.14635467529297
-105.70724487304688
-111.669677734375
-112.1005859375
-105.66558837890625
-105.311279296875
-100.71971893310547
-110.97333526611328
-114.56146240234375
-106.580810546875
-110.16951751708984
-105.59554290771484
-112.1396255493164
-100.76827239990234
-102.31713104248047
-105.75627136230469
-106.11274719238281
-116.17040252685547
-105.86103820800781
-108.05518341064453
-109.38148498535156
-110.32136535644531
-103.10247039794922
-107.96096801757812
-109.09727478027344
-111.7076416015625
-110.92556762695312
-110.07098388671875
-107.04953002929688
-108.07283782958984
-105.48517608642578
-112.27973175048828
-106.11519622802734
-106.5557861328125
-105.44930267333984
-104.96660614013672
-106.97013092041016
-108.81197357177734
-104.5279541015625
-106.66984558105469
-101.040283203125
-110.54042053222656
-108.85952758789062
-112.25743865966797
-103.18955993652344
-104.37828826904297
-99.20643615722656
-104.30219268798828
-105.05367279052734
-101.43064880371094
-103.71703338623047
-101.9266357421875
-110.31595611572266
-105.92526245117188
-103.3580322265625
-106.01435089111328
-110.0138168334961
-104.21461486816406
-101.01840209960938
-101.84378051757812
-105.31354522705078
-104.8603515625
-105.38455963134766
-102.78410339355469
-100.02505493164062
-115.18461608886719
-101.90443420410156
-105.7449722290039
-105.02173614501953
-103.20532989501953
-106.04847717285156
-101.3187255859375
-105.19450378417969
-113.70111083984375
-100.15625762939453
-106.64208984375
-106.67266845703125
-105.8933334350586
-115.7379379272461
-107.22848510742188
-111.07723999023438
-103.83304595947266
-102.12877655029297
-99.59756469726562
-111.23016357421875
-102.65062713623047
-102.55895233154297
-106.81007385253906
-108.31219482421875
-100.00572204589844
-107.72407531738281
-114.57817840576172
-100.61515808105469
-103.13990783691406
-105.01992797851562
-102.27729034423828
-101.99285125732422
-111.37199401855469
-102.37742614746094
-110.04106140136719
-100.95953369140625
-103.904541015625
-100.58168029785156
-106.14373779296875
-104.61566925048828
-104.35244750976562
-106.91233825683594
-104.02178955078125
-104.23772430419922
-104.79267120361328
-110.36091613769531
-96.41011810302734
-105.15071105957031
-101.63760375976562
-106.25566864013672
-100.97958374023438
-100.23682403564453
-108.28609466552734
-103.3525619506836
-108.26048278808594
-103.06976318359375
-102.26718139648438
-111.84194946289062
-106.38545227050781
-111.09200286865234
-109.5685043334961
-109.97093200683594
-101.37228393554688
-107.13436889648438
-103.29734802246094
-111.79241180419922
-95.40139770507812
-104.87918090820312
-112.2381820678711
-113.07421112060547
-110.27240753173828
-100.9410400390625
-100.48548126220703
-107.76472473144531
-104.05735778808594
-105.775390625
-104.11297607421875
-103.58380126953125
-104.41050720214844
-104.73839569091797
-114.21283721923828
-101.27899932861328
-101.85346984863281
-96.29244995117188
-105.19747161865234
-106.73031616210938
-97.90010070800781
-109.64622497558594
-104.2784194946289
-105.49050903320312
-98.88085174560547
-107.34928894042969
-108.89669036865234
-102.8129653930664
-102.79856872558594
-104.50701904296875
-109.01983642578125
-103.32324981689453
-108.26853942871094
-101.19668579101562
-105.90567016601562
-99.45760345458984
-103.52538299560547
-103.46849060058594
-106.44820404052734
-105.0509262084961
-101.03370666503906
-107.06555938720703
-104.71756744384766
-109.62884521484375
-102.57967376708984
-106.87088775634766
-108.30789947509766
-105.98908233642578
-110.06859588623047
-112.71574401855469
-103.12446594238281
-102.37902069091797
-101.42057037353516
-101.2962417602539
-101.57408142089844
-111.26139068603516
-102.54466247558594
-107.55226135253906
-102.22355651855469
-106.28743743896484
-105.78955078125
-100.6093521118164
-107.56098937988281
-104.29439544677734
-111.94080352783203
-102.88744354248047
-101.83629608154297
-104.42913818359375
-105.33177185058594
-106.1761245727539
-109.80949401855469
-113.1090316772461
-103.89287567138672
-103.37144470214844
-107.663330078125
-102.40155792236328
-104.58287811279297
-110.20882415771484
-105.47222137451172
-100.08250427246094
-108.34379577636719
-109.13204956054688
-100.74238586425781
-104.07733917236328
-101.30492401123047
-112.06316375732422
-109.01193237304688
-108.60462188720703
-100.03575897216797
-103.70793151855469
-103.61505889892578
-107.92900848388672
-106.07954406738281
-107.63501739501953
-107.18241882324219
-109.63590240478516
-102.95584106445312
-106.86561584472656
-105.0645523071289
-103.41039276123047
-105.77883911132812
-111.28036499023438
-113.78433227539062
-108.66163635253906
-102.50786590576172
-104.75508880615234
-112.68086242675781
-104.15869140625
-100.79461669921875
-103.2806167602539
-107.04953002929688
-96.39430236816406
-110.4338150024414
-101.47238159179688
-115.59967803955078
-109.92151641845703
-105.63481140136719
-107.7746810913086
-109.59135437011719
-105.94645690917969
-106.04786682128906
-106.44802856445312
-108.76282501220703
-102.8386001586914
-100.96353912353516
-100.6692123413086
-98.68375396728516
-106.90080261230469
-104.01583099365234
-104.3618392944336
-106.70854949951172
-104.48563385009766
-107.20108795166016
-101.90540313720703
-101.82757568359375
-112.40206909179688
-110.42843627929688
-102.63553619384766
-105.12543487548828
-107.43946075439453
-109.11247253417969
-100.8627700805664
-101.92840576171875
-106.54002380371094
-102.60287475585938
-105.9347152709961
-102.8566665649414
-102.11808013916016
-109.13381958007812
-105.25186920166016
-113.10730743408203
-108.29949188232422
-105.8427505493164
-103.25191497802734
-106.77091217041016
-102.7925033569336
-102.68721771240234
-105.42695617675781
-101.17761993408203
-101.2601089477539
-103.98792266845703
-100.17414093017578
-106.05366516113281
-110.8443603515625
-104.70042419433594
-103.80650329589844
-110.17745208740234
-106.27384185791016
-106.97444152832031
-108.43851470947266
-104.91576385498047
-100.17110443115234
-107.35662078857422
-109.8439712524414
-105.31398010253906
-99.02963256835938
-113.54228973388672
-107.50103759765625
-111.92767333984375
-112.41152954101562
-105.2299575805664
-103.04830932617188
-98.33333587646484
-104.15704345703125
-102.70173645019531
-101.65737915039062
-103.68611907958984
-104.48492431640625
-117.10279846191406
-106.38372802734375
-113.96819305419922
-110.18089294433594
-109.85039520263672
-103.18449401855469
-106.24012756347656
-101.70556640625
-102.78155517578125
-112.509765625
-101.80496978759766
-110.4993667602539
-103.67074584960938
-99.02587127685547
-104.5053939819336
-110.98367309570312
-103.4039077758789
-104.56173706054688
-108.09606170654297
-108.18170166015625
-107.83578491210938
-103.18515014648438
-102.28819274902344
-108.20075988769531
-101.06397247314453
-101.96713256835938
-110.84542846679688
-108.7958984375
-110.56480407714844
-110.13241577148438
-107.45343017578125
-103.84700775146484
-107.55536651611328
-107.33763122558594
-103.11404418945312
-102.64701843261719
-102.18121337890625
-107.73905181884766
-104.79092407226562
-100.61727142333984
-108.10306549072266
-100.49490356445312
-104.27428436279297
-105.00447845458984
-107.34976959228516
-106.18611907958984
-102.39362335205078
-105.47454071044922
-104.46554565429688
-102.14729309082031
-105.03276824951172
-112.79771423339844
-109.25020599365234
-105.65995788574219
-107.03406524658203
-106.85868072509766
-105.31369018554688
-108.40078735351562
-105.95055389404297
-102.06249237060547
-103.51211547851562
-105.15157318115234
-102.31900787353516
-107.43621063232422
-106.32046508789062
-103.89500427246094
-102.5257797241211
-102.537353515625
-106.24527740478516
-111.54564666748047
-103.0169906616211
-105.44259643554688
-109.8617172241211
-103.3435287475586
-107.7255859375
-102.29473876953125
-106.17301940917969
-107.00169372558594
-98.64543914794922
-104.5323486328125
-110.51988220214844
-104.01152038574219
-105.02299499511719
-107.70172882080078
-109.41878509521484
-100.06599426269531
-105.32109069824219
-104.35969543457031
-98.54032135009766
-104.39354705810547
-107.77560424804688
-102.13981628417969
-100.93010711669922
-111.47297668457031
-108.45368194580078
-104.99112701416016
-104.0702896118164
-105.59895324707031
-109.32989501953125
-107.26871490478516
-104.27521514892578
-102.64354705810547
-103.44374084472656
-101.38153839111328
-104.59920501708984
-106.6476058959961
-105.64904022216797
-102.69799041748047
-111.67193603515625
-104.16964721679688
-104.30863189697266
-99.53607177734375
-104.49620056152344
-98.42520904541016
-102.1592788696289
-105.21662902832031
-95.71231079101562
-108.04226684570312
-109.6189193725586
-105.87909698486328
-101.44658660888672
-113.0456771850586
-112.77395629882812
-103.15860748291016
-100.47599029541016
-112.32211303710938
-108.31422424316406
-101.04766845703125
-106.65287780761719
-102.00456237792969
-105.17109680175781
-103.69312286376953
-105.09387969970703
-107.10530090332031
-107.51862335205078
-99.66879272460938
-104.96434783935547
-108.19227600097656
-99.54256439208984
-95.03968048095703
-102.20912170410156
-104.51496887207031
-106.42927551269531
-101.5645751953125
-107.33746337890625
-111.58287811279297
-105.00765228271484
-104.10188293457031
-104.9521484375
-107.04176330566406
-108.03761291503906
-106.60729217529297
-112.05783081054688
-102.18546295166016
-104.80204772949219
-106.48294067382812
-110.56420135498047
-105.07176208496094
-107.35971069335938
-104.11614227294922
-104.36918640136719
-107.56023406982422
-100.91156768798828
-103.88218688964844
-106.78899383544922
-102.65461730957031
-107.7110595703125
-104.93706512451172
-109.7193374633789
-104.82820892333984
-106.93758392333984
-106.98759460449219
-103.70063781738281
-107.7176284790039
-106.43626403808594
-108.32731628417969
-102.33586883544922
-99.60075378417969
-101.28993225097656
-109.2513198852539
-111.98603820800781
-106.3902816772461
-97.44963836669922
-107.9019546508789
-108.33584594726562
-109.52313232421875
-107.73968505859375
-107.7989501953125
-102.164794921875
-109.70462036132812
-104.8241958618164
-103.83353424072266
-105.12374877929688
-106.15744018554688
-101.79413604736328
-102.83192443847656
-97.76783752441406
-105.30179595947266
-108.63906860351562
-107.47086334228516
-105.39322662353516
-108.11595153808594
-102.76393127441406
-103.92501831054688
-108.35661315917969
-104.46673583984375
-108.96390533447266
-104.74371337890625
-107.13682556152344
-99.55321502685547
-101.66761779785156
-106.72149658203125
-102.6168212890625
-102.80475616455078
-108.96179962158203
-102.27999877929688
-107.9917221069336
-101.835693359375
-104.22041320800781
-105.80545043945312
-106.53302001953125
-109.85916137695312
-111.51679992675781
-106.09635162353516
-104.85413360595703
-101.5921630859375
-110.2109375
-98.70091247558594
-111.93647003173828
-105.72042846679688
-110.06922149658203
-102.79592895507812
-100.78992462158203
-102.85403442382812
-104.5946044921875
-106.43550109863281
-111.7237319946289
-109.07344818115234
-107.24784851074219
-101.9056625366211
-112.3160171508789
-103.02935791015625
-108.70536041259766
-110.64773559570312
-109.74993133544922
-106.37252807617188
-110.9816665649414
-104.65928649902344
-108.5607681274414
-103.42208862304688
-105.06961822509766
-109.58506774902344
-109.42030334472656
-109.06177520751953
-107.74177551269531
-108.55167388916016
-103.46016693115234
-107.16685485839844
-105.99839782714844
-103.93964385986328
-109.49101257324219
-101.65176391601562
-108.84320068359375
-105.22000122070312
-102.80905151367188
-105.88790893554688
-107.65228271484375
-105.45528411865234
-104.17342376708984
-106.69035339355469
-106.50232696533203
-108.75588989257812
-110.97601318359375
-98.05638122558594
-104.67028045654297
-99.44096374511719
-109.0123291015625
-102.3252944946289
-101.56106567382812
-107.31944274902344
-105.85116577148438
-107.74472045898438
-108.50273895263672
-104.60275268554688
-107.3448486328125
-106.15232849121094
-105.248046875
