-101.33779907226562
-111.97795867919922
-104.33284759521484
-110.72496032714844
-109.4646987915039
-107.93196105957031
-104.82905578613281
-94.73451232910156
-108.74214935302734
-102.7589111328125
-110.90751647949219
-102.78042602539062
-109.35652160644531
-105.88471221923828
-104.16403198242188
-100.96817016601562
-101.0809326171875
-109.39102935791016
-105.95133972167969
-100.47166442871094
-105.30081176757812
-103.6305923461914
-106.90633392333984
-105.92400360107422
-108.71981811523438
-113.17804718017578
-101.07270812988281
-111.15010833740234
-101.19024658203125
-103.49739074707031
-108.94597625732422
-113.28108215332031
-110.45085906982422
-112.17545318603516
-111.60198974609375
-101.9280776977539
-102.20343017578125
-108.0893783569336
-108.27808380126953
-104.46650695800781
-99.29174041748047
-99.96917724609375
-109.36853790283203
-105.95181274414062
-101.3415298461914
-110.8552017211914
-108.30498504638672
-107.29328155517578
-106.8118667602539
-103.92959594726562
-102.40919494628906
-104.1309814453125
-104.97482299804688
-113.9836654663086
-108.75929260253906
-105.43330383300781
-106.64563751220703
-101.19727325439453
-96.8296890258789
-112.67464447021484
-104.44032287597656
-107.63866424560547
-101.66393280029297
-103.80738067626953
-108.24126434326172
-100.17445373535156
-106.83060455322266
-106.2603530883789
-105.35940551757812
-99.84325408935547
-105.27884674072266
-103.1375961303711
-101.5904312133789
-110.09485626220703
-106.39790344238281
-108.64656066894531
-102.0783920288086
-107.45712280273438
-104.64850616455078
-107.87043762207031
-102.5234375
-105.20974731445312
-97.9697036743164
-102.87496948242188
-109.37181854248047
-105.95384979248047
-106.76871490478516
-99.07327270507812
-105.94169616699219
-97.22784423828125
-101.98084259033203
-105.93561553955078
-106.50615692138672
-108.29357147216797
-109.81155395507812
-104.93345642089844
-105.44121551513672
-105.85149383544922
-103.97240447998047
-108.06515502929688
-107.19943237304688
-96.14342498779297
-110.54344177246094
-107.26513671875
-104.85185241699219
-112.62681579589844
-108.70953369140625
-99.22895050048828
-105.82613372802734
-99.32830047607422
-108.19676208496094
-96.21934509277344
-106.25230407714844
-99.49642944335938
-105.02997589111328
-101.31832885742188
-107.3898696899414
-102.63872528076172
-102.99506378173828
-100.1981430053711
-113.83506774902344
-105.23200225830078
-105.03402709960938
-103.30500030517578
-95.95634460449219
-108.62332153320312
-103.2724838256836
-99.25020599365234
-106.6499252319336
-105.04488372802734
-98.60465240478516
-107.16172790527344
-100.0375747680664
-105.40833282470703
-102.21780395507812
-99.60353088378906
-102.91801452636719
-109.53067016601562
-105.05777740478516
-103.47062683105469
-106.66946411132812
-107.69268798828125
-103.14794921875
-103.24139404296875
-107.43098449707031
-102.29363250732422
-105.23467254638672
-104.1772689819336
-109.43513488769531
-108.59542846679688
-111.73631286621094
-99.02326202392578
-107.7840347290039
-106.86100006103516
-110.27287292480469
-109.9818115234375
-111.51815032958984
-105.90979766845703
-109.7818603515625
-101.54972839355469
-104.29096221923828
-103.87291717529297
-106.5362548828125
-102.37537384033203
-100.39736938476562
-101.1702651977539
-106.44039154052734
-113.5091552734375
-110.04850006103516
-106.53166198730469
-105.76883697509766
-94.90454864501953
-110.99209594726562
-102.40484619140625
-103.02665710449219
-103.80873107910156
-102.85450744628906
-104.12004089355469
-108.04961395263672
-101.49464416503906
-104.34473419189453
-110.43699645996094
-104.55480194091797
-104.03707122802734
-102.01254272460938
-107.5334243774414
-102.92841339111328
-104.99186706542969
-107.97872161865234
-107.09353637695312
-108.45471954345703
-100.34258270263672
-99.89961242675781
-106.29884338378906
-101.00508880615234
-104.52299499511719
-102.81021881103516
-109.61619567871094
-100.64873504638672
-103.71804809570312
-103.7344970703125
-105.19597625732422
-107.62405395507812
-99.78689575195312
-105.45396423339844
-104.343017578125
-110.13301086425781
-100.9942855834961
-97.54081726074219
-110.54359436035156
-103.28539276123047
-105.56517028808594
-102.42218017578125
-113.37825775146484
-108.10540771484375
-105.38381958007812
-105.19589233398438
-104.3657455444336
-107.19916534423828
-103.25176239013672
-99.76078033447266
-111.25493621826172
-100.86470794677734
-110.69999694824219
-105.0772705078125
-109.56785583496094
-105.79410552978516
-107.69572448730469
-108.14260864257812
-108.60936737060547
-113.06248474121094
-112.2138900756836
-108.15615844726562
-107.11083984375
-108.18506622314453
-99.37588500976562
-108.4571304321289
-109.94302368164062
-108.42515563964844
-105.25615692138672
-110.57781219482422
-105.38119506835938
-105.33214569091797
-106.89417266845703
-105.86628723144531
-105.84194946289062
-106.02330780029297
-109.89170837402344
-102.14260864257812
-102.4801254272461
-108.98441314697266
-107.09014129638672
-103.36329650878906
-99.22660064697266
-102.38924407958984
-103.33714294433594
-107.47927856445312
-115.3238525390625
-103.66931915283203
-109.06813049316406
-109.41606903076172
-104.84484100341797
-104.14168548583984
-99.55541229248047
-100.26722717285156
-105.24922180175781
-108.15694427490234
-100.36905670166016
-99.94608306884766
-105.12747192382812
-101.16283416748047
-104.57066345214844
-104.4736328125
-109.30198669433594
-99.96499633789062
-106.45610809326172
-108.00203704833984
-99.14971923828125
-102.86106872558594
-106.63655853271484
-100.2519302368164
-102.59941864013672
-106.5614013671875
-100.86482238769531
-98.771484375
-107.66246032714844
-104.42150115966797
-107.74160766601562
-109.80979919433594
-106.7338638305664
-107.36465454101562
-101.24787139892578
-102.53094482421875
-108.1386947631836
-105.59358978271484
-106.60323333740234
-101.86273193359375
-108.9219970703125
-102.80885314941406
-101.10026550292969
-101.89574432373047
-103.80636596679688
-109.14608764648438
-106.19956970214844
-107.67501831054688
-101.31771850585938
-101.44296264648438
-111.46195220947266
-107.28726196289062
-107.0219497680664
-106.64461517333984
-103.34561920166016
-102.50926971435547
-105.56474304199219
-99.77967071533203
-104.0750961303711
-100.28375244140625
-107.26942443847656
-103.92679595947266
-104.7738037109375
-106.91914367675781
-109.30789947509766
-101.48172760009766
-99.36669158935547
-103.89533996582031
-111.55191802978516
-112.80976867675781
-102.10163116455078
-109.17581176757812
-108.9197998046875
-109.86380767822266
-102.44219207763672
-104.07315063476562
-106.61946105957031
-112.485107421875
-111.41815185546875
-105.26953887939453
-104.6421127319336
-99.9172592163086
-111.31440734863281
-113.79368591308594
-105.87330627441406
-109.3330307006836
-104.95551300048828
-111.47238159179688
-100.07951354980469
-99.94395446777344
-104.82270050048828
-105.87010192871094
-115.53658294677734
-105.89056396484375
-107.87142181396484
-110.08414459228516
-109.1905288696289
-100.52433776855469
-107.67070770263672
-108.33393859863281
-110.43170928955078
-110.6406021118164
-108.32357025146484
-107.0342788696289
-109.21672821044922
-105.46260833740234
-113.49089813232422
-106.14513397216797
-105.07625579833984
-105.7859115600586
-104.85736083984375
-106.10431671142578
-107.41722106933594
-103.89546203613281
-105.59966278076172
-100.67046356201172
-111.6459732055664
-108.36815643310547
-110.88667297363281
-102.5250244140625
-104.10336303710938
-98.88914489746094
-102.96817016601562
-105.79531860351562
-101.27945709228516
-102.9765625
-101.58167266845703
-109.06147766113281
-105.54933166503906
-102.5971450805664
-104.87201690673828
-109.13048553466797
-104.98258209228516
-100.76410675048828
-101.14403533935547
-103.34971618652344
-103.26500701904297
-106.16293334960938
-103.52112579345703
-98.1326904296875
-114.27289581298828
-101.9803466796875
-104.23896026611328
-105.35093688964844
-104.189453125
-106.18150329589844
-102.48889923095703
-103.66043090820312
-113.55022430419922
-98.67089080810547
-105.55448150634766
-105.66311645507812
-105.32561492919922
-114.4239501953125
-105.32771301269531
-108.14627075195312
-102.94160461425781
-101.10907745361328
-99.2351303100586
-110.01194763183594
-101.9249038696289
-102.19709777832031
-107.49868774414062
-108.07365417480469
-100.22923278808594
-106.65646362304688
-112.15274047851562
-99.68975830078125
-103.79856872558594
-104.54631042480469
-103.07945251464844
-100.07846069335938
-110.19862365722656
-102.70051574707031
-110.46756744384766
-100.03108215332031
-103.2602310180664
-100.43766784667969
-105.89948272705078
-104.14637756347656
-104.25960540771484
-107.95486450195312
-102.4742202758789
-103.45085906982422
-105.15312194824219
-109.88536834716797
-95.56595611572266
-104.7276840209961
-101.92599487304688
-105.97612762451172
-101.92964172363281
-101.4624252319336
-108.2653579711914
-102.41629028320312
-108.16427612304688
-102.36547088623047
-102.25637817382812
-111.41602325439453
-106.51329803466797
-110.22683715820312
-107.10658264160156
-110.54689025878906
-100.12614440917969
-106.92210388183594
-101.05003356933594
-110.8674087524414
-94.849853515625
-104.45938873291016
-111.16184997558594
-113.82929992675781
-109.40203857421875
-100.96211242675781
-100.46171569824219
-107.7949447631836
-103.8445816040039
-104.54598999023438
-104.56002807617188
-101.74957275390625
-104.46292114257812
-103.45710754394531
-113.87706756591797
-100.01092529296875
-101.48602294921875
-95.22711181640625
-103.58719635009766
-106.70518493652344
-96.30474090576172
-108.49288177490234
-103.67369842529297
-104.79217529296875
-97.80099487304688
-107.20344543457031
-109.6660385131836
-102.1159896850586
-102.46949005126953
-102.730224609375
-107.46521759033203
-104.94927215576172
-107.6378173828125
-101.38067626953125
-104.6801986694336
-99.2895736694336
-102.60336303710938
-103.40479278564453
-104.00782775878906
-102.92184448242188
-100.41593170166016
-105.7228775024414
-105.03770446777344
-109.6455078125
-102.83462524414062
-106.46636199951172
-107.99824523925781
-105.99685668945312
-107.5141830444336
-111.90621185302734
-102.89604187011719
-101.13302612304688
-100.88455963134766
-102.29388427734375
-102.21308898925781
-110.18167114257812
-100.88546752929688
-106.06721496582031
-101.35751342773438
-106.11756896972656
-105.15161895751953
-100.17435455322266
-107.03033447265625
-105.78955078125
-114.40544891357422
-102.14366149902344
-102.30726623535156
-103.69487762451172
-103.9023666381836
-105.57969665527344
-110.27558898925781
-112.2692642211914
-103.36213684082031
-101.3465576171875
-105.87918853759766
-102.65548706054688
-104.48489379882812
-108.73856353759766
-105.0669937133789
-99.00159454345703
-109.18779754638672
-109.07796478271484
-101.01585388183594
-104.50566864013672
-100.80330657958984
-110.49674224853516
-108.06549835205078
-108.07623291015625
-100.60075378417969
-103.72473907470703
-104.61736297607422
-106.36247253417969
-105.87615203857422
-108.5960464477539
-107.17741394042969
-109.38578796386719
-102.7521743774414
-107.89923858642578
-104.70667266845703
-103.72803497314453
-105.55890655517578
-110.65133666992188
-112.63349151611328
-108.07396697998047
-102.0919418334961
-104.34693145751953
-111.86901092529297
-104.3997802734375
-102.43970489501953
-102.00340270996094
-107.55623626708984
-96.59056091308594
-110.842529296875
-99.46968841552734
-116.35372161865234
-109.35758972167969
-106.30175018310547
-108.25032806396484
-110.89266967773438
-106.65254211425781
-103.86133575439453
-105.80342864990234
-107.83749389648438
-101.8964614868164
-99.09127044677734
-101.91436004638672
-99.15177917480469
-106.17210388183594
-103.31198120117188
-103.70765686035156
-106.5478286743164
-103.53620147705078
-107.24089050292969
-102.01871490478516
-99.55370330810547
-110.10493469238281
-110.05363464355469
-103.31008911132812
-103.21894073486328
-105.94829559326172
-107.02920532226562
-100.65756225585938
-102.0476303100586
-106.23351287841797
-101.89281463623047
-105.71719360351562
-103.80926513671875
-102.41633605957031
-107.77880096435547
-103.04776763916016
-113.27754211425781
-107.89884948730469
-106.40272521972656
-103.26174926757812
-106.6745376586914
-103.10892486572266
-102.0904769897461
-104.28428649902344
-99.89189147949219
-101.96354675292969
-104.0391845703125
-99.12113189697266
-104.87278747558594
-110.6654281616211
-105.2135009765625
-103.4134292602539
-109.9929428100586
-105.28060150146484
-107.1318588256836
-108.7652587890625
-104.0870590209961
-100.19815826416016
-106.17951202392578
-109.20294189453125
-104.576904296875
-98.15022277832031
-111.51268005371094
-106.31204223632812
-110.78428649902344
-112.64668273925781
-105.3121337890625
-101.83871459960938
-98.8221664428711
-102.05509185791016
-102.36568450927734
-100.72245788574219
-103.40668487548828
-103.56458282470703
-115.38643646240234
-106.05309295654297
-113.31099700927734
-109.99321746826172
-107.80979919433594
-101.17523956298828
-105.61615753173828
-101.49662017822266
-104.62908172607422
-112.00939178466797
-101.15228271484375
-109.47465515136719
-103.82803344726562
-99.52127075195312
-103.87136840820312
-111.06794738769531
-102.80931854248047
-105.02363586425781
-108.97157287597656
-108.99340057373047
-105.70246124267578
-103.05142211914062
-102.39247131347656
-108.71294403076172
-100.85592651367188
-101.29396057128906
-110.80634307861328
-107.23988342285156
-109.32504272460938
-108.56836700439453
-106.81900787353516
-104.16007232666016
-108.16041564941406
-108.36319732666016
-102.44509887695312
-102.01392364501953
-102.2415542602539
-106.80830383300781
-104.3995590209961
-99.47438049316406
-108.21223449707031
-99.45740509033203
-102.99592590332031
-107.64149475097656
-106.45816040039062
-106.56111145019531
-101.19572448730469
-104.98908233642578
-105.64395904541016
-100.16455841064453
-104.43811798095703
-111.21939086914062
-110.02215576171875
-103.6529541015625
-106.61647033691406
-105.58170318603516
-106.07276916503906
-108.49649047851562
-105.77272033691406
-101.73287200927734
-102.9637222290039
-104.28092193603516
-100.8034439086914
-106.3800277709961
-103.9782943725586
-102.74662780761719
-101.37007141113281
-102.62540435791016
-106.12388610839844
-110.7823486328125
-102.34124755859375
-104.72132110595703
-109.67376708984375
-102.32308197021484
-107.06593322753906
-101.65833282470703
-104.6037368774414
-106.38206481933594
-98.13751220703125
-102.35604095458984
-110.17093658447266
-102.91938781738281
-104.70063018798828
-108.2042465209961
-108.34022521972656
-100.36539459228516
-104.30917358398438
-104.76988220214844
-98.9283447265625
-103.89414978027344
-106.96033477783203
-101.68327331542969
-101.697509765625
-110.03491973876953
-107.90867614746094
-103.02719116210938
-101.98055267333984
-103.36595916748047
-110.87596893310547
-107.29116821289062
-105.19766998291016
-102.29725646972656
-103.28350067138672
-98.5343246459961
-104.2491226196289
-107.18527221679688
-105.47148132324219
-102.98164367675781
-110.0007095336914
-103.5953369140625
-101.73040008544922
-99.1005859375
-103.53873443603516
-98.43700408935547
-102.67548370361328
-104.53852081298828
-95.57039642333984
-106.94474792480469
-107.92912292480469
-106.26932525634766
-100.67813873291016
-112.04647827148438
-111.52958679199219
-102.29461669921875
-101.6089096069336
-111.1871109008789
-107.44140625
-99.60254669189453
-105.48253631591797
-101.66252136230469
-104.69963836669922
-100.93183898925781
-105.20174407958984
-106.22160339355469
-106.03205108642578
-99.26551055908203
-104.94447326660156
-108.32210540771484
-98.44461822509766
-94.1172866821289
-101.10775756835938
-103.44701385498047
-105.64708709716797
-101.65464782714844
-105.46903228759766
-111.58192443847656
-104.6095962524414
-103.88021850585938
-105.8852767944336
-106.35746002197266
-106.76133728027344
-105.60040283203125
-113.04460144042969
-101.08773803710938
-102.70868682861328
-103.23127746582031
-110.46723937988281
-104.22281646728516
-106.53264617919922
-102.41172790527344
-102.21736907958984
-107.40728759765625
-100.7251968383789
-103.19377899169922
-106.04466247558594
-101.89836120605469
-106.38492584228516
-105.39625549316406
-109.6221694946289
-103.81954193115234
-105.88948059082031
-106.793212890625
-103.35760498046875
-108.12063598632812
-105.65120697021484
-108.43354797363281
-101.56208038330078
-99.43449401855469
-101.53246307373047
-108.9837875366211
-110.84864807128906
-106.47760009765625
-97.4798812866211
-106.04121398925781
-106.29875946044922
-108.83727264404297
-107.29566955566406
-107.15730285644531
-102.06855010986328
-107.65669250488281
-103.9814682006836
-104.3367691040039
-103.81320190429688
-105.38904571533203
-102.21055603027344
-102.64021301269531
-97.02767944335938
-106.4186782836914
-109.20133972167969
-108.2237777709961
-107.0492172241211
-107.88536071777344
-103.1517105102539
-103.85066986083984
-108.60440826416016
-102.46684265136719
-108.77186584472656
-104.86012268066406
-107.843505859375
-99.86686706542969
-101.8238296508789
-106.21467590332031
-102.75384521484375
-102.88648986816406
-108.48199462890625
-102.4012680053711
-108.17584991455078
-100.22783660888672
-103.20758819580078
-105.61921691894531
-106.49072265625
-110.12123107910156
-111.0118179321289
-105.02091217041016
-104.2496109008789
-100.81976318359375
-109.06643676757812
-97.14271545410156
-110.47701263427734
-103.55113983154297
-108.4942855834961
-103.12740325927734
-101.60551452636719
-102.2943115234375
-104.26274108886719
-106.16413116455078
-110.63600158691406
-108.90354919433594
-106.15918731689453
-101.5852279663086
-112.02874755859375
-103.68990325927734
-106.8509521484375
-110.91856384277344
-108.3211898803711
-105.21817779541016
-111.37431335449219
-104.15568542480469
-108.61875915527344
-102.33604431152344
-104.1865234375
-108.00578308105469
-108.02603149414062
-109.68824768066406
-109.54082489013672
-107.79432678222656
-103.41029357910156
-106.34931182861328
-104.69739532470703
-102.0276870727539
-110.3341293334961
-101.24383544921875
-107.31290435791016
-103.77131652832031
-101.33529663085938
-105.5929183959961
-105.24620056152344
-103.57144165039062
-102.31908416748047
-107.84739685058594
-106.4354019165039
-107.91880798339844
-110.91705322265625
-98.46355438232422
-105.51268768310547
-98.28255462646484
-109.02565002441406
-103.796630859375
-101.23299407958984
-106.16696166992188
-106.00582122802734
-107.83140563964844
-106.80606842041016
-104.61798095703125
-106.7347412109375
-106.03253173828125
-107.05052185058594
